   1   0.011270315989979856412640115306  -0.931062380269406581998247024559
   2  -0.125716366227406729136599655391  -0.922861834393934930532521014146
   3   0.151124260843435592883656372677  -0.919042995676963566046568225073
   4  -0.259955880248042704106509367352  -0.894372131969029608256537683104
   5   0.284526852461259276216436742170  -0.886861342232736418238454962405
   6  -0.457210980243385774606748760688  -0.811441119036522782013537387764
   7  -0.054545285926880050743042650747  -0.805530731963197657279848412156
   8   0.082578937870205073499856619098  -0.800158812678333781576087378780
   9   0.488316451968339874344631797999  -0.793111349594376974064853837735
  10  -0.188047906636519868190856527413  -0.773766592868705761580890566667
  11  -0.325277290708106583059663693894  -0.773686492374817588502007931058
  12   0.353375805260002242794808059257  -0.768152741165784905907091100090
  13   0.215981529488028756832636988591  -0.767977159234106633767974116112
  14  -0.526580101432692348590086136903  -0.693035733626147649055261777156
  15   0.014033614896974554116056865519  -0.681274629679703997105606532488
  16   0.557000513066696069829639210901  -0.674307267089635362673255627052
  17  -0.659244008850845331403130070847  -0.657933056558665848797302950933
  18  -0.120518961770049752960202146449  -0.654302155172890116087416922536
  19  -0.257748345841636467829009312930  -0.654222054679001943008534286927
  20  -0.394977729913223182697816479411  -0.654141954185113769929651651319
  21   0.422059866358358438279815472159  -0.649348658661043294515492889406
  22   0.284830482286771723411008305678  -0.649268558167155121436610253798
  23   0.147436206514798237448837235012  -0.649092976235476849297493269820
  24   0.686636724342593251740780360266  -0.629292125250614939019724941466
  25  -0.751479296403902166372899780491  -0.549881775835049241205507666571
  26  -0.470840742670120978351619108502  -0.537804616405273678668621663428
  27  -0.058327165787443669377207082461  -0.531974354648176681243883295747
  28  -0.195556549859030384246014248942  -0.531894254154288508165000660138
  29  -0.332785933930617099114821415423  -0.531814153660400335086118024529
  30   0.490743927456714633764822885061  -0.530544576156301683123894678723
  31   0.353514543385127918896015718580  -0.530464475662413510045012043114
  32   0.216285159313541204027208552099  -0.530384375168525336966129407505
  33   0.078890883541567718065037481433  -0.530208793236847064827012423527
  34  -0.610665286217932541705488080475  -0.529589696870247588270060597118
  35   0.771651045015630371234354439207  -0.521568053895795675706922942099
  36   0.625810983846680700137627319464  -0.506279363465993248479110530703
  37  -0.826977982654649551487751217011  -0.428469352839626299780337760476
  38  -0.690168913742583667825174378074  -0.417736742152110103768943735751
  39  -0.126872488760674188761006836040  -0.413090171649546896773402449454
  40  -0.264101872832260903629814002521  -0.413010071155658723694519813845
  41  -0.401331256903847618498621169002  -0.412929970661770550615637178236
  42  -0.538560627933374260765634146824  -0.412829992680731676474516606161
  43   0.422198604483484114381023131482  -0.411660393157671898653413832431
  44   0.284969220411897399512215965001  -0.411580292663783725574531196822
  45   0.147739836340310684643408798520  -0.411500192169895552495648561213
  46   0.010345560568337198681237727854  -0.411324610238217280356531577235
  47   0.710825304519717819631201398405  -0.398555292111173985166308531336
  48   0.557265660873450180753827565885  -0.387395180467363464008629684411
  49   0.848034995235377448994703258011  -0.384337925606478003007296581669
  50  -0.880960353085301609947576946915  -0.302303533572108201541184313227
  51  -0.195252676532995233300224144781  -0.294110928968404005718725583594
  52  -0.332482060604581948169031311262  -0.294030828474515832639842947985
  53  -0.469711444676168663037838477743  -0.293950727980627659560960312376
  54  -0.606940815705695305304851455564  -0.293850749999588785419839740301
  55   0.353653281510253594997223377903  -0.292776210159042114182932986138
  56   0.216423897438666880128416211422  -0.292696109665153941104050350529
  57   0.079194513367080165259609044941  -0.292616009171265768025167714920
  58  -0.058034627203983845857979580887  -0.292345367557074389301854711375
  59  -0.744151284173235726285000107978  -0.291570922884592005529790288503
  60   0.763144121976423886372038101739  -0.271690594071537887049089100821
  61   0.625949721971806376238834978787  -0.268591097962621852617031473727
  62   0.488720337900219661370027812306  -0.268510997468733679538148838118
  63   0.898094985972455430738711310104  -0.246787289562280973267580402827
  64  -0.263797999506225752684023898360  -0.175226745969774221248244737302
  65  -0.401027383577812467552831064841  -0.175146645475886048169362101693
  66  -0.538256754607339109819844042662  -0.175046667494847174028241529617
  67   0.285273093737932550458006069162  -0.173796967477899223128256120278
  68   0.148043709666345835589198902681  -0.173716866984011050049373484669
  69   0.010814325594759120720391736200  -0.173636766490122876970490849060
  70  -0.126579950177214365241779334466  -0.173461184558444604831373865082
  71  -0.675467223074879530799992695076  -0.172766840379850394138192077819
  72  -0.915818140049447359486728754933  -0.169575070322063716772881287731
  73   0.557569534199485331699617670046  -0.149611855281478961562354607867
  74   0.420340150127898616830810503565  -0.149531754787590788483471972258
  75   0.706608500881590813622949771045  -0.145314847521683065522991863460
  76   0.863153628265185829516252723461  -0.114080802191358484747857121693
  77  -0.794763168370583352155307845274  -0.104940682411404179061302979555
  78  -0.332343322479456272067823651939  -0.056342562971144436777763891009
  79  -0.470903291642477590091367074075  -0.055483206122247198756278729358
  80   0.216727770764702031074206315583  -0.054912784479269438657775273985
  81   0.079498386693115316205399149102  -0.054832683985381265578892638377
  82  -0.057730997378471398663408017379  -0.054752583491493092500010002768
  83  -0.195125273150444884625579088045  -0.054577001559814820360893018790
  84  -0.608113760110018011071515726489  -0.053203379007250418866229277560
  85  -0.930794623163565804719446018596  -0.033165337449776690292610069256
  86   0.626253595297841527184625082948  -0.030807772776737350170756397183
  87   0.489024211226254812315817916467  -0.030727672282849177091873761575
  88   0.351794827154668097447010749986  -0.030647571788961004012991125966
  89   0.763071617031530967618676861026  -0.020189901161584781065520990961
  90   0.931371921768022068811804726051   0.004991338548266540451084868956
  91  -0.808997765415435825965564518987   0.031548461903178055490551472902
  92  -0.400888645452686791451623405518   0.062541620027485347692716955283
  93   0.148182447791471511690406562004   0.063971398519360345812705572307
  94   0.010953063719884796821599395523   0.064051499013248518891588207916
  95  -0.126276320351701918047207770958   0.064131599507136691970470843525
  96  -0.263670596123675404009378841624   0.064307181438814964109587827502
  97  -0.538099113920227212431772057932   0.064821447142482127582766407081
  98  -0.676155439291235641071724050740   0.065969773015159536565114830063
  99   0.557708272324611007800825329369   0.088076410221892434299724449109
 100   0.420478888253024292932018162888   0.088156510715780607378607084718
 101   0.283249504181437578063210996407   0.088236611209668780457489720327
 102   0.694526294058300448234877107446   0.098694281837045003404959855331
 103   0.831754015596288244473285043954   0.099374509922806688041137540919
 104  -0.925564681098022095253070826736   0.103964374774625046399717466240
 105  -0.783674933885210994892523572333   0.166421233328874019954534214271
 106   0.079637124818240992306606808425   0.182855581517990130283186418599
 107  -0.057592259253345722562200358056   0.182935682011878303362069054208
 108  -0.194821643324932437431007524537   0.183015782505766476440951689817
 109  -0.370963862764342990887957343463   0.196468531624115462333434940882
 110  -0.513606807810816340309660482410   0.199847508368450996362555510347
 111  -0.650832607761010809998683104086   0.200842544440855501029097571432
 112   0.489162949351380488417025575790   0.206960593220522218770205295401
 113   0.351933565279793773548218409309   0.207040693714410391849087931010
 114   0.214704181208207058679411242828   0.207120794208298564927970566619
 115   0.906332344304995211790299991152   0.214569922833964886082286306401
 116   0.625980971085069928851077353867   0.217578464835674787875440701624
 117   0.763208692623057725089485290375   0.218258692921436472511618387212
 118  -0.900241849567797264180029880081   0.238837146200321010863700207610
 119  -0.274894866191893536521275981980   0.294461685294761625956025366703
 120   0.011091801845010472922807054846   0.301739764516619914753667264892
 121  -0.126137582226576241946000111635   0.301819865010508087832549900501
 122  -0.729783181326731024131212154379   0.313086552974356180243922627494
 123  -0.439509185737573510271757097042   0.315352714622745246803915787175
 124  -0.588681750918597020408047931591   0.323191149919258750928772051895
 125   0.420617626378149969033225822211   0.325844776219152003240686141694
 126   0.283388242306563254164418655730   0.325924876713040176319568777303
 127   0.146158858234976539295611489249   0.326004977206928349398451412911
 128   0.864966036199444122719443907361   0.345416163981629487119662377517
 129   0.588190274535486858260594151465   0.349501827145212323803760580155
 130   0.727844374682658885365222556108   0.350853094331777186297964463001
 131  -0.855375856609473191334986796910   0.368525052130749980114950672942
 132  -0.206210805093537341036268569078   0.413265767799503237347623577387
 133  -0.343440189165124055905075735559   0.413345868293391410426506212996
 134  -0.057453521128220046460992698733   0.420623947515249699224148111184
 135  -0.508054508710804029655556850621   0.434236897621375031274396633467
 136  -0.665483627313131731811139837852   0.436916178171771357552466013900
 137   0.489301687476506164518233235113   0.444648858723893614632284352377
 138   0.352072303404919449649426068632   0.444728959217781787711166987986
 139   0.214842919333332734780618902151   0.444809059711669960790049623595
 140   0.077613535261746019911811735670   0.444889160205558133868932259204
 141   0.656874335633843053745601564367   0.468305909649953935195358790839
 142   0.801837025834512690345604032779   0.473257012168449783337651201644
 143  -0.791940688650627589097391093090   0.490212725026525363879068444068
 144  -0.137526743995181145551261156176   0.532069850304244848739221788070
 145  -0.274756128066767860420068322657   0.532149950798133021818104423679
 146  -0.411985512138354575288875489138   0.532230051292021194896987059288
 147  -0.584856385105338741058648756882   0.547961925873887637898090595472
 148  -0.002459687605215079178456721773   0.556335062994553283384005936090
 149   0.557985748574862360003240648015   0.563452941228635226023882563061
 150   0.420756364503275645134433481534   0.563533041722523399102765198670
 151   0.283526980431688930265626315053   0.563613142216411572181647834278
 152   0.145610041621545097970622314335   0.564088094775133533566256514585
 153   0.720966660250856595863943020228   0.589648747073279167960663186502
 154  -0.711313446442834598344900012120   0.601258472728641644224693025640
 155  -0.488787388532889286691967395399   0.645955079544533801520681021293
 156  -0.206072066968411664935060909755   0.650954033302874633209702634363
 157  -0.351981098668682094948884335122   0.660178069317547298767741707178
 158   0.065083765829678680202382298299   0.675791298356482034900603193507
 159  -0.072064326742644328081768846348   0.680514747576035176994152221208
 160   0.489440425601631840619440894436   0.682337124227265010494363409353
 161   0.352211041530045125750633727955   0.682417224721153183573246044962
 162   0.214981657458458410881826561474   0.682497325215041356652128680571
 163   0.626498801510943687083671009180   0.689186347676528787164928328826
 164  -0.615244449870385143978218650637   0.699251626399287807847283451461
 165  -0.271153392332765534465543568733   0.771769311134675725227017800550
 166  -0.505707018794615362326849998149   0.782137443970191582474476096312
 167   0.134897276844172589460197092186   0.793935210381542878978597197903
 168  -0.137145652106998197612251505325   0.801330025407836269011467387396
 169   0.451994022912673395576472276806   0.814358627000156307556204905691
 170   0.314764638841086680707665110325   0.814438727494044480635087541299
 171  -0.000640852718613839081787773269   0.815413704355224978912388402209
 172  -0.385291640432647522540966219006   0.847955731115181204029603645712
 173  -0.229749851734452144755331769151   0.902603775610516316400417085365
 174   0.213148944469043314926925833943   0.906667578327412522444714425169
 175  -0.079415781664181559269019686662   0.927860281152664756144025176217
 176   0.077610814906256886384940968488   0.928146072301094622378505629476
