   1  -0.613352474257790306333597245575  -0.755403271612514140448891553576
   2  -0.654232273098271736325157046597  -0.720288479206568679073322227314
   3  -0.751689970456238234371305629851  -0.617897684699127856023335239406
   4  -0.784745057305453676586306317544  -0.575335167946218421886758041898
   5  -0.815393113461541039653876594444  -0.531007938698224730044790222338
   6  -0.871579752579000000000000000000  -0.432349947986000000000000000000
   7  -0.846298932804000000000000000000  -0.480090329544000000000000000000
   8  -0.756157900449352790159385823724  -0.522240544856019630887986664788
   9  -0.699041451844198267664913511282  -0.629401600854444406729605258755
  10  -0.693105360144747518580574669290  -0.682964362305723072385562365852
  11  -0.729219433183347080604912810320  -0.568915223004981845064043490979
  12  -0.675328978623451830164324793729  -0.568755516152476634597735901196
  13  -0.809969704776418499622418984883  -0.431374700192837616316638912395
  14  -0.792336109568647010518649296538  -0.482298789963783255536375572079
  15  -0.729350983360833131620033744622  -0.475490188759406798505790560284
  16  -0.647190173075113189025976457030  -0.614716523770496264099868159828
  17  -0.702267445889457539718797807133  -0.522080838003514420421679075005
  18  -0.640465138572621241811940424812  -0.668185959057313767573241625983
  19  -0.648242133767135737588946574187  -0.522166789676206279799464441172
  20  -0.620103328218797096450598237487  -0.568127797294225909301596699804
  21  -0.560720698957995867124391086808  -0.766983549145579566968981633229
  22  -0.599585339732139811820380623789  -0.703300751463259228948810952245
  23  -0.540935078095000000000000000000  -0.711853099825000000000000000000
  24  -0.675180601033141447143419587590  -0.475492111527244065623407614981
  25  -0.621289910409674875437286916251  -0.475500053610348695086188213925
  26  -0.756143859727333622600954092038  -0.428731784435047189751889700971
  27  -0.564388984554814360073886998597  -0.662491154783281763383069045971
  28  -0.916396524667524912326408481261  -0.327189196059902835387865680533
  29  -0.593306598285000000000000000000  -0.615592375068000000000000000000
  30  -0.894718130696024650115292221362  -0.382511211659023773732348645532
  31  -0.593151104861336234298938579552  -0.521461061228368324588320472557
  32  -0.863694606684325399636713957915  -0.338445946916299352472527540423
  33  -0.702253092352000000000000000000  -0.428894576037000000000000000000
  34  -0.944029687174324217668582135523  -0.235888342600033310570238432857
  35  -0.838509719586000000000000000000  -0.288931873019000000000000000000
  36  -0.962022771636217114579331962268   0.010656148034404737589026711163
  37  -0.594337687052214013285627258316  -0.428833317544491110372911986677
  38  -0.539274170329324815189992552744  -0.614810417526292752940434124939
  39  -0.931282106601957472996062591349  -0.135192154532994956627147337817
  40  -0.566212637595330524744465566149  -0.568135739377330538764377298749
  41  -0.533718581124247950504014102859  -0.813621433225405322187852611441
  42  -0.510601066585158177925086833352  -0.665817786629520460677889512362
  43  -0.648228377675680584991759929655  -0.428825375461386480910131387734
  44  -0.507698121679363444307917763486  -0.757349604071918172707377965038
  45  -0.539260414237869662592805908214  -0.521469003311472954051101071500
  46  -0.841044729998488919992456802305  -0.387345739196709634406526008776
  47  -0.239902920848213936767235486016  -0.943017470150759577684534004566
  48  -0.566198881503875372147278921618  -0.474794325162510739875044245309
  49  -0.485417040787000000000000000000  -0.616713630158000000000000000000
  50  -0.463985299170811777321864698042  -0.855308717712157674959147078513
  51  -0.186098983386048124246523922284  -0.946074087974142503892533287099
  52  -0.512321946971863953038332894810  -0.568143681460435168227157897692
  53  -0.480745898321902582156258105553  -0.710682868006060587994101737788
  54  -0.480681163418632370041826185537  -0.804069526501042544540529740942
  55  -0.135145943555480161588151807981  -0.963623855236856463743975894047
  56  -0.785345614438184770927517022047  -0.383438693121270044579326743687
  57  -0.456819182238590517814021012653  -0.662394993167552239126959156380
  58  -0.458431256348397381332200223472  -0.568151623543539797689938496635
  59  -0.081590759184682626604588519617  -0.969627922688239346803709339969
  60  -0.453807431055896872601785092148  -0.757357546155022802170158563981
  61  -0.377588342367469947474407894199  -0.521492829560786842439442868331
  62  -0.512308190880408800441146250279  -0.474802267245615369337824844252
  63  -0.027740182977000000000000000000  -0.972653534829000000000000000000
  64  -0.431479032990936519180540565537  -0.521484887477682212976662269387
  65  -0.426855207698436010450125434215  -0.710690810089165217456882336732
  66  -0.485369723614403090886673236876  -0.521476945394577583513881670443
  67  -0.376343910664739780229117525447  -0.897329717186839575435825835213
  68  -0.906201969064789216634353158485  -0.274271546499348824059770724155
  69  -0.404540565724930809626067552134  -0.568159565626644427152719095579
  70  -0.402928491615123946107888341314  -0.662402935250656868589739755323
  71  -0.326088976393221649059359803985  -0.916788601541197209438289788291
  72  -0.404526809633475657028880907603  -0.474818151411824628263386042139
  73  -0.901590911794000000000000000000  -0.202674535914000000000000000000
  74  -0.893604419615023436009415276513  -0.007171963702305600403876211701
  75  -0.274382744431977361014802644325  -0.901600705856775631946512045380
  76  -0.458417500256942228735013578941  -0.474810209328719998800605443196
  77  -0.863753427797291326019427517934  -0.241070222079795912405326968100
  78  -0.836735862241033799461320636202  -0.006494399588406285192307847337
  79  -0.210353843432421119865229484042  -0.897950202396586207854080628087
  80  -0.809886693454625147512971299138  -0.335460134997252793632456537464
  81  -0.809872937363169994915784654607  -0.242118720782432994743123484025
  82  -0.842824160300558239266734995000  -0.191409650586899620279988515673
  83  -0.156463152808954548159096812703  -0.897958144479690837316861227034
  84  -0.729057535565152866252365614397  -0.382142755229319637271293962599
  85  -0.782934470097164285361311641204  -0.288793398931395208919180310216
  86  -0.955641082219877672408189833368  -0.183263423559269280178305398260
  87  -0.106443059153015541233746811877  -0.918012990018910585298609439066
  88  -0.675166844941686294546232943058  -0.382150697312424266734074561542
  89  -0.809859181271714842318598010077  -0.148777306567613195853790430586
  90  -0.729043779473697713655178969866  -0.288801341014499838381960909160
  91  -0.052887874782218006250183523513  -0.924017057470293468358342884987
  92  -0.399916740432430300895652420810  -0.757365488238127431632939162924
  93  -0.782920714005709132764124996673  -0.195451984716575410029847256777
  94  -0.880313098410508639446679255083  -0.152695491441450258874250366905
  95   0.000922462403197128642328998024  -0.926958861498912827393871931115
  96  -0.431492789082391671777727210068  -0.614826301692502011865995322826
  97  -0.972135794820791602036041357327  -0.042277143578899746237336054809
  98  -0.782906957914253980166938352142  -0.102110570501755611140514203338
  99  -0.426790472795165798335693514198  -0.804077468584147174003310339885
 100  -0.410094608547345205615732026703  -0.855316659795262304421927677456
 101  -0.836797648537720551873071023480  -0.102102628418650981677733604394
 102  -0.968304352426057434689170381470  -0.096031461062490825880448354308
 103  -0.890639268092512985067018509659  -0.099803367087730770709624983856
 104  -0.919618927597841659848882554093  -0.054367853071643252693533546184
 105  -0.917557120212035559291095052709   0.041103027059586493249028180339
 106  -0.702105312207692004100705956462  -0.335476019163462052558017735351
 107  -0.345999999858365324815169396878  -0.852793735375211536972187621206
 108  -0.810782099091912788301358671931  -0.054882234856152581520085593970
 109  -0.970960792805719047575576642679   0.063800464536966017682334006456
 110  -0.864624760109694761227551232080  -0.052607477718393118419967649374
 111  -0.292149115276952310080573722665  -0.850722786619156489447833414249
 112  -0.377602098458925100071594538730  -0.614834243775606641328775921770
 113  -0.431465276899481366583353921006  -0.428143473262862414087329215948
 114  -0.372964517074969438743992762877  -0.710698752172269846919662935675
 115  -0.238259450261000000000000000000  -0.851055766661000000000000000000
 116  -0.377574586276014794877221249668  -0.428151415345967043550109814891
 117  -0.648214621584225432394573285124  -0.335483961246566682020798334294
 118  -0.755996002831158575806838627800  -0.335468077080357423095237136408
 119  -0.184367734030019166668308379986  -0.850738670785365748373394612135
 120  -0.675139332758775989351859653996  -0.195467868882784668955408454664
 121  -0.621276154318219722840100271720  -0.382158639395528896196855160486
 122  -0.567385463694753151133967600382  -0.382166581478633525659635759429
 123  -0.130477043406552594962175708647  -0.850746612868470377836175211081
 124  -0.372938467124371034369642410282  -0.806119057226249322796130795015
 125  -0.346026049808963729189519749472  -0.757373430321232061095719761867
 126  -0.265196891919491447928914064730  -0.804056050553298904734557187002
 127  -0.080456949750613588036825707821  -0.870801458407690125817923423113
 128  -0.319087582542958019635046736068  -0.804048108470194275271776588058
 129  -0.292135359185497157483387078134  -0.757381372404336690558500360811
 130  -0.265183135828036295331727420200  -0.710714636338479105845224133562
 131  -0.026901765379816053053262419457  -0.876805525859073008877656869034
 132  -0.238244668562030585777254406796  -0.757389314487441320021280959754
 133  -0.675111820575865684157486364935  -0.008785040453145071176742347785
 134  -0.621262398226764570242913627189  -0.288817225180709097307522107046
 135  -0.349037800991657374401755669976  -0.662410877333761498052520354266
 136  -0.319073826451502867037860091539  -0.710706694255374476382443534618
 137  -0.540433240337292288982307942447  -0.335499845412775940946359532181
 138  -0.729002511199332255863619036273  -0.008777098370040441713961748842
 139  -0.350649875101464237919934880795  -0.568167507709749056615499694522
 140  -0.323711407835458528365461867392  -0.614842185858711270791556520713
 141  -0.782893201822798827569751707611  -0.008769156286935812251181149899
 142  -0.350636119010009085322748236265  -0.474826093494929257726166641083
 143  -0.755982246739703423209651983269  -0.242126662865537624205904082968
 144  -0.295147110368190802695622998638  -0.662418819416866127515300953209
 145  -0.594323930960758860688440613785  -0.335491903329671311483578933238
 146  -0.675153088850231141949046298527  -0.288809283097604467844741508103
 147  -0.323697651744003375768275222861  -0.521500771643891471902223467274
 148  -0.242868493854531094507669538119  -0.568183391875958315541060892408
 149  -0.648200865492770279797386640593  -0.242142547031746883131465280855
 150  -0.729030023382242561057992325335  -0.195459926799680039492627855720
 151  -0.702091556116236851503519311931  -0.242134604948642253668684681912
 152  -0.296759184477997666213802209457  -0.568175449792853686078280293465
 153  -0.648187109401315127200199996062  -0.148801132816927084242132227416
 154  -0.755968490648248270612465338738  -0.148785248650717825316571029529
 155  -0.211306201296024876222781393392  -0.804063992636403534197337785945
 156  -0.567357951511842845939594311320  -0.195483753048993927880969652551
 157  -0.702077800024781698906332667400  -0.148793190733822454779351628473
 158  -0.539246658146414509995619263683  -0.428127589096653155161768018061
 159  -0.211292445204569723625594748862  -0.710722578421583735308004732505
 160  -0.513467260888376274233461639982  -0.195491695132098557343750251494
 161  -0.621248642135309417645726982658  -0.195475810965889298418189053607
 162  -0.405672123549987978224009652774  -0.102166165083488017379978395942
 163  -0.157415510672558304516648722052  -0.804071934719508163660118384888
 164  -0.459562814173454549930142324112  -0.102158223000383387917197796998
 165  -0.809783638883572937309660978268   0.040172336477451299520968379911
 166  -0.621234886043854265048540338127  -0.102134396751069499528856000168
 167  -0.103524820049091732810516050714  -0.804079876802612793122898983833
 168  -0.269820717211991956659329196054  -0.614850127941815900254337119657
 169  -0.863674329507039509015793649606   0.040180278560555928983748978854
 170  -0.755954734556793118015278694208  -0.055443834435898026427237976090
 171  -0.053504726393152725885166049887  -0.824134722341832541104647195865
 172  -0.184353977938564014071121735457  -0.757397256570545949484061558697
 173  -0.675125576667320836754673009466  -0.102126454667964870066075401225
 174  -0.836722106149578646864133991671   0.086847014626413513697025206102
 175   0.000050457977644809098397238477  -0.830138789793215424164380641786
 176  -0.241256419744724230989490327300  -0.662426761499970756978081552153
 177  -0.896253262490643310628213941457   0.090604059827979798546454072380
 178  -0.782831415526112075158001320333   0.086839072543308884234244607159
 179  -0.108148645341592241540931182039  -0.614873954191129788642678916486
 180  -0.269806961120536804062142551523  -0.521508713726996101365004066217
 181  -0.965939583359989177794581016121   0.117456722836003093249387621557
 182  -0.729016267290787408460805680804  -0.102118512584860240603294802281
 183  -0.323683895652548223171088578330  -0.428159357429071673012890413835
 184  -0.215930026588525384953196524715  -0.614858070024920529717117718600
 185  -0.512294434788953647843959605748  -0.381460853030795570448491790813
 186  -0.378719900192527116072349994840  -0.055499429017630432666702168694
 187  -0.215916270497070232356009880185  -0.521516655810100730827784665161
 188  -0.594282662686393402896880680193  -0.055467660685211914815579772920
 189  -0.162039335965058813247063853377  -0.614866012108025159179898317543
 190  -0.755940978465337965418092049677   0.037897579778921772462095077349
 191  -0.458403744165487076137826934410  -0.381468795113900199911272389757
 192  -0.296745428386542513616615564926  -0.474834035578033887188947240026
 193  -0.269793205029081651464955906992  -0.428167299512176302475671012778
 194  -0.133475038497791087577224984623  -0.662442645666180015903642750040
 195  -0.242854737763075941910482893588  -0.474841977661138516651727838969
 196  -0.215902514405615079758823235654  -0.428175241595280931938451611721
 197  -0.188977803231064522801536866781  -0.568191333959062945003841491352
 198  -0.187365729121257659283357655961  -0.662434703583075386440862151096
 199  -0.648173353309859974603013351531  -0.055459718602107285352799173977
 200  -0.485355967522947938289486592345  -0.428135531179757784624548617004
 201  -0.296731672295087361019428920396  -0.381492621363214088299614186587
 202  -0.485342211431492785692299947814  -0.334794116964937985735215563565
 203  -0.728988755107877103266432391742   0.084564315844779357175371304597
 204  -0.567371707603297998536780955851  -0.288825167263813726770302705990
 205  -0.188964047139609370204350222250  -0.474849919744243146114508437913
 206  -0.135087112607597951095404195443  -0.568199276042167574466622090295
 207  -0.702064043933326546309146022869  -0.055451776519002655890018575033
 208  -0.594296418777848555494067324724  -0.148809074900031713704912826359
 209  -0.130463287315097442364989064119  -0.757405198653650578946842157639
 210  -0.162025579873603660649877208846  -0.521524597893205360290565264104
 211  -0.404513053542020504431694263072  -0.381476737197004829374052988700
 212  -0.567344195420387693342407666789  -0.102142338834174128991636599112
 213  -0.108121133158681936346557892977  -0.428191125761490190864012809608
 214  -0.540419484245837136385121297916  -0.242158431197956142057026478742
 215  -0.513481016979831426830648284512  -0.288833109346918356233083304933
 216  -0.594310174869303708091253969254  -0.242150489114851512594245879799
 217  -0.076572596691630870658856392781  -0.757413140736755208409622756584
 218  -0.540405728154381983787934653385  -0.148817016983136343167693425303
 219  -0.513453504796921121636274995451  -0.102150280917278758454417198055
 220  -0.621221129952399112451353693596  -0.008792982536249700639522946729
 221  -0.026552503035691863733506391955  -0.777467986275974956391370968616
 222  -0.377547074093104489682847960607  -0.241468586916327445771443708013
 223  -0.702050287841871393711959378338   0.037889637695817142999314478406
 224  -0.486515037530915412081801982047  -0.148824959066240972630474024246
 225  -0.567330439328932540745221022258  -0.008800924619354330102303545672
 226  -0.157401754581103151919462077524  -0.710730520504688364770785331448
 227  -0.486528793622370564678988626578  -0.242166373281060771519807077685
 228  -0.350622362918553932725561591734  -0.381484679280109458836833587643
 229  -0.675098064484410531560299720404   0.084556373761674727712590705654
 230  -0.377560830184559642280034605137  -0.334810001131147244660776761452
 231  -0.648159597218404822005826707000   0.037881695612712513536533879462
 232  -0.540378215971471678593561364323   0.037865811446503254610972681576
 233  -0.242840981671620789313296249057  -0.381500563446318717762394785530
 234  -0.135073356516142798498217550912  -0.474857861827347775577289036856
 235  -0.702036531750416241114772733807   0.131231051910636941888647531845
 236  -0.350608606827098780128374947203  -0.288143265065289659947500534204
 237  -0.188950291048154217607163577719  -0.381508505529423347225175384473
 238  -0.621207373860943959854167049065   0.084548431678570098249810106710
 239  -0.755879192168651213006341662398   0.133505808609166468947520834406
 240  -0.431437764716571061388980631945  -0.241460644833222816308663109069
 241  -0.459576570264909702527328968643  -0.195499637215203186806530850437
 242  -0.162011823782148508052690564315  -0.428183183678385561401232210665
 243  -0.648145841126949669408640062469   0.131223109827532312425866932902
 244  -0.431451520808026213986167276476  -0.334802059048042615197996162509
 245  -0.432610590815993687778482666178  -0.055491486934525803203921569750
 246  -0.135059600424687645901030906381  -0.381516447612527976687955983417
 247  -0.863660573415584356418607005075   0.133521692775375727873082032293
 248  -0.594268906594938250299694035662   0.037873753529607884073753280519
 249  -0.269779448937626498867769262461  -0.334825885297356503586337959339
 250  -0.594255150503483097702507391131   0.131215167744427682963086333958
 251  -0.917124678355854720930620413623   0.140288973018326356190331476143
 252  -0.809769882792117784712474333736   0.133513750692271098410301433350
 253  -0.108107377067226783749371248446  -0.334849711546670391974679756169
 254  -0.161998067690693355455503919784  -0.334841769463565762511899157226
 255  -0.215888758314159927161636591123  -0.334833827380461133049118558282
 256  -0.404499297450565351834507618541  -0.288135322982185030484719935261
 257  -0.103511063957636580213329406186  -0.710738462587792994233565930391
 258  -0.458389988074031923540640289879  -0.288127380899080401021939336317
 259  -0.432624346907448840375669310709  -0.148832901149345602093254623190
 260  -0.323670139561093070573901933799  -0.334817943214251874123557360395
 261  -0.081196421984131379389271524105  -0.568207218125272203929402689238
 262  -0.486501281439460259484615337516  -0.055483544851421173741140970807
 263  -0.540391972062926831190748008854  -0.055475602768316544278360371864
 264  -0.405658367458532825626823008243  -0.008824750868668218490645342502
 265  -0.049620373334170008507196734847  -0.710746404670897623696346529335
 266  -0.377533318001649337085661316076  -0.148127172701507646882110654574
 267  -0.323656383469637917976715289268  -0.241476528999432075234224306956
 268  -0.459549058081999397332955679581  -0.008816808785563589027864743559
 269  -0.000325995820293640337105905770  -0.334865595712879650900240954056
 270  -0.054216686443760212043238577108  -0.334857653629775021437460355112
 271  -0.296717916203632208422242275865  -0.288151207148394289410281133148
 272  -0.567316683237477388148034377727   0.084540489595465468787029507767
 273   0.000399720321768998418153265979  -0.730801250210117371678094741367
 274  -0.540364459880016525996374719793   0.131207225661323053500305735015
 275  -0.513439748705465969039088350920  -0.008808866702458959565084144616
 276  -0.350594850735643627531188302672  -0.194801850850469861058167480765
 277  -0.269765692846171346270582617930  -0.241484471082536704697004905900
 278  -0.242827225580165636716109604526  -0.288159149231498918873061732091
 279  -0.188936534956699065009976933188  -0.288167091314603548335842331034
 280  -0.404485541359110199237320974010  -0.194793908767365231595386881822
 281  -0.323642627378182765379528644737  -0.148135114784612276344891253517
 282  -0.242799713397255331521736315464  -0.101476320801859321094395625213
 283  -0.405630855275622520432449719181   0.177858077560971379288020764376
 284  -0.296690404020721903227868986803  -0.101468378718754691631615026269
 285  -0.350581094644188474934001658141  -0.101460436635650062168834427326
 286  -0.108134889250137088943744537508  -0.521532539976309989753345863047
 287  -0.135032088241777340706657617319  -0.194833619182888378909289876538
 288  -0.242813469488710484118922959995  -0.194817735016679119983728678652
 289  -0.296704160112177055825055631334  -0.194809792933574490520948079708
 290  -0.351767676835066253920690336905  -0.008832692951772847953425941446
 291  -0.188922778865243912412790288657  -0.194825677099783749446509277595
 292  -0.486487525348005106887428692985   0.037857869363398625148192082632
 293  -0.432596834724538535181296021647   0.037849927280293995685411483689
 294  -0.513425992614010816441901706389   0.084532547512360839324248908823
 295  -0.459535301990544244735769035051   0.084524605429256209861468309880
 296  -0.378706144101071963475163350309   0.037841985197189366222630884745
 297  -0.161970555507783050261130630723  -0.148158941033926164733233050347
 298  -0.486473769256549954290242048454   0.131199283578218424037525136071
 299  -0.956881995350647371704946294795   0.176669769385729357002694756073
 300  -0.567302927146022235550847733196   0.177881903810285267676362561206
 301  -0.079584347874324515871092313284  -0.662450587749284645366423348982
 302  -0.297863230120144529617371021036   0.084500779179942321473126513050
 303  -0.432583078633083382584109377116   0.131191341495113794574744537128
 304  -0.675084308392955378963113075873   0.177897787976494526601923759093
 305  -0.513412236522555663844715061858   0.177873961727180638213581962263
 306  -0.351753920743611101323503692374   0.084508721263046950935907111993
 307  -0.405644611367077673029636363712   0.084516663346151580398687710937
 308  -0.270911006762683667465711363101   0.131167515245799906186402740298
 309  -0.025693657250857944164959641946  -0.662458529832389274829203947927
 310  -0.054257954718125669834798510701  -0.614881896274234418105459515430
 311  -0.621193617769488807256980404534   0.177889845893389897139143160150
 312  -0.324801697386150239171844034439   0.131175457328904535649183339241
 313  -0.000367264094659098128665839362  -0.614889838357339047568240114374
 314  -0.027305731360664807683138852766  -0.568215160208376833392183288182
 315  -0.378692388009616810877976705778   0.131183399412009165111963938185
 316  -0.836708350058123494266947347140   0.180188428841233312586358259541
 317   0.026584959262801764022993818572  -0.568223102291481462854963887126
 318  -0.215861246131249621967263302061  -0.148150998950821535270452451404
 319  -0.905496642989171423805214931675   0.192910217705829086827138469624
 320  -0.081182665892676226792084879573  -0.474865803910452405040069635799
 321  -0.081168909801221074194898235042  -0.381524389695632606150736582360
 322  -0.269751936754716193673395973399  -0.148143056867716905807671852460
 323  -0.782817659434656922560814675802   0.180180486758128683123577660598
 324  -0.728926968811190350854682004464   0.180172544675024053660797061654
 325  -0.323628871286727612782342000206  -0.054793700569792477455558200078
 326  -0.296676647929266750630682342272  -0.008126964503934892742281972830
 327   0.026632443572296954565040179750  -0.675349835879330373708096616089
 328  -0.081155153709765921597711590512  -0.288182975480812807261403528921
 329  -0.054244198626670517237611866170  -0.521540482059414619216126461991
 330  -0.054202930352305059446051932577  -0.241516239414955222548127301673
 331  -0.027291975269209655085952208235  -0.474873745993557034502850234743
 332  -0.000353508003203945531479194832  -0.521548424142519248678907060934
 333  -0.324815453477605391769030678970   0.037834043114084736759850285802
 334  -0.108093620975771631152184603915  -0.241508297331850593085346702730
 335  -0.351740164652155948726317047843   0.177850135477866749825240165432
 336  -0.000339751911748792934292550300  -0.428207009927699449789574007495
 337  -0.135045844333232493303844261850  -0.288175033397708177798622929978
 338  -0.161984311599238202858317275254  -0.241500355248745963622566103786
 339  -0.215875002222704774564449946592  -0.241492413165641334159785504843
 340  -0.054230442535215364640425221639  -0.428199067844594820326793408551
 341  -0.269738180663261041076209328868  -0.054801642652897106918338799021
 342  -0.188909022773788759815603644126  -0.101484262884963950557176224156
 343  -0.027278219177754502488765563704  -0.381532331778737235613517181303
 344  -0.027264463086299349891578919173  -0.288190917563917436724184127864
 345   0.592485357129293801027540123482  -0.241611544412210776101494488994
 346   0.484703975882360657615274780806  -0.241595660246001517175933291107
 347  -0.215847490039794469370076657530  -0.054809584736001736381119397964
 348   0.376922594635427514203009438129  -0.241579776079792258250372093221
 349   0.269141213388494370790744095453  -0.241563891913582999324810895334
 350  -0.243958783405222805314051705166   0.177834251311657490899678967546
 351  -0.297849474028689377020184376505   0.177842193394762120362459566489
 352   0.053578450894628083966213410100  -0.241532123581164481473688499560
 353   0.430813285258894085909142109468  -0.241587718162896887713152692164
 354  -0.269724424571805888479022684337   0.038539771561922691970994254418
 355  -0.054189174260849906848865288046  -0.148174825200135423658794248234
 356   0.161359832141561227378478752776  -0.241548007747373740399249697447
 357  -0.242785957305800178924549670933  -0.008134906587039522205062571773
 358  -0.108079864884316478554997959384  -0.148166883117030794196013649291
 359  -0.161956799416327897663943986192  -0.054817526819106365843899996908
 360   0.215250522765027799084611424114  -0.241555949830478369862030296390
 361  -0.486460013165094801693055403923   0.224540697793038222926858189511
 362   0.107469141518094655672346081438  -0.241540065664269110936469098503
 363   0.323031904011960942496876766791  -0.241571833996687628787591494277
 364   0.538594666505827229321407452144  -0.241603602329106146638713890051
 365  -0.540350703788561373399188075262   0.224548639876142852389638788454
 366  -0.215833733948339316772890012999   0.038531829478818062508213655475
 367  -0.081141397618310769000524945981  -0.194841561265993008372070475482
 368  -0.000312239728838487739919261239  -0.241524181498059852010907900616
 369  -0.594241394412027945105320746600   0.224556581959247481852419387397
 370  -0.459521545899089092138582390520   0.177866019644076008750801363319
 371   0.029568757382676206866450991663  -0.972605289430346231827097574866
 372   0.026982661179155134245040807672  -0.877627215193135733123359175129
 373  -0.648132085035494516811453417938   0.224564524042352111315199986341
 374  -0.432569322541628229986922732585   0.224532755709933593464077590567
 375   0.027337261349237046911756093301  -0.777784045586420734647728919784
 376   0.132776574755186594933225805185  -0.755791287347808717679724926219
 377  -0.701974745453729488703022346529   0.226839280740881638374073288902
 378  -0.378678631918161658280790061247   0.224524813626828964001296991624
 379  -0.188895266682333607218416999595  -0.008142848670144151667843170717
 380   0.053570910838302664119513193153  -0.722024514028292587884153442280
 381  -0.755865436077196060409155017868   0.226847222823986267836853887846
 382  -0.324787941294695086574657389909   0.224516871543724334538516392681
 383  -0.242772201214345026327363026402   0.085206507627780276684270481666
 384   0.054722262010149735151402917585  -0.923830257784375929052298499884
 385  -0.809756126700662632115287689206   0.226855164907090897299634486789
 386  -0.270897250671228514868524718570   0.224508929460619705075735793737
 387   0.083368556989628813375524911224  -0.969476685715809333485524143635
 388   0.080526746304509260189727845840  -0.871524957656805186968297343936
 389  -0.863646817324129203821420360544   0.226863106990195526762415085733
 390  -0.217006560047761943162392047232   0.224500987377515075612955194794
 391  -0.161943043324872745066757341660   0.038523887395713433045433056531
 392   0.106800159115634837266203008037  -0.815742553518899843784678793054
 393  -0.945633733538656654563686837391   0.229373499852934268328077150059
 394  -0.188881510590878454621230355064   0.085198565544675647221489882722
 395   0.108266347135503861096089955752  -0.917728000248045382897236668691
 396   0.053676023028226354663070983533  -0.824799747561061890206812716607
 397   0.133650882391917742792859870344  -0.862467763614643140546163420383
 398   0.080461397436645529514888117805  -0.768726851544258688225594996231
 399   0.026612471445712069217367107634  -0.381540273861841865076297780247
 400   0.078947620890838019983377867130  -0.662414271682880403162226546077
 401   0.080475649886268335729126489911  -0.568231044374586092317744486069
 402  -0.027250706994844197294392274642  -0.194849503349097637834851074425
 403   0.026598715354256916620180463103  -0.474881688076661663965630833686
 404   0.080503162069178640923499778972  -0.381548215944946494539078379190
 405   0.053564694803172931369026765569  -0.334873537795984280363021552999
 406   0.105886088156843729537850880533  -0.709088949831842617338283372268
 407   0.132838311514304591689510538468  -0.662422213765985032625007145020
 408   0.107414117152274045283599503314  -0.614905722523548306493801312261
 409  -0.903570336452313839595718215937   0.263061438711040721146814336924
 410   0.053523426528807473577466831976  -0.614897780440443677031020713317
 411   0.053537182620262626174653476507  -0.521556366225623878141687659877
 412   0.107427873243729197880786147845  -0.521564308308728507604468258821
 413  -0.190054336690301081010732389297   0.271167723443372660326231422041
 414   0.107455385426639503075159436907  -0.334881479879088909825802151943
 415   0.080516918160633793520686423503  -0.288206801730126695649745325751
 416   0.134366340509734907435259161249  -0.568238986457690721780525085013
 417  -0.297835717937234224422997731974   0.271183607609581919251792619928
 418   0.134380096601190060032445805780  -0.474897572242870922891192031573
 419   0.026626227537167221814553752165  -0.288198859647022066186964726808
 420   0.136912642114982939320211949391  -0.963374428179478787330462312441
 421  -0.243945027313767652716865060636   0.271175665526477289789012020985
 422   0.080530674252088946117873068034  -0.194865387515306896760412272312
 423   0.159115336434175902684540695417  -0.802806989322449873238808723042
 424   0.159776778780310301243983551872  -0.709096891914947246801063971212
 425  -0.405617099184167367835263074651   0.271199491775791178177353817815
 426   0.161304807775740616989732174652  -0.614913664606652935956581911204
 427  -0.027236950903389044697205630111  -0.101508089134277838945518020986
 428   0.026639983628622374411740396696  -0.194857445432202267297631673369
 429  -0.459507789807633939541395745989   0.271207433858895807640134416758
 430   0.080489405977723488326313134441  -0.474889630159766293428411432630
 431   0.107441629335184350477972792376  -0.428222894093908708715135205382
 432   0.053550938711717778771840121038  -0.428214952010804079252354606438
 433  -0.513398480431100511247528417327   0.271215375942000437102915015702
 434   0.134393852692645212629632450311  -0.381556158028051124001858978134
 435   0.161318563867195769586918819183  -0.521572250391833137067248857765
 436   0.213667469403776872950116223210  -0.709104833998051876263844570155
 437  -0.567289171054567082953661088665   0.271223318025105066565695614645
 438   0.215236766673572646487424779583  -0.334897364045298168751363349830
 439   0.240619692761237735101775881144  -0.662438097932194291550568342907
 440   0.402291764631637450220173895159  -0.662461924181508179938910139737
 441  -0.621179861678033654659793760004   0.271231260108209696028476213589
 442   0.215195498399207188695864845991  -0.614921606689757565419362510147
 443   0.215209254490662341293051490521  -0.521580192474937766530029456708
 444   0.161332319958650922184105463714  -0.428230836177013338177915804325
 445  -0.675022522096268626551362688595   0.273506016806739223087349516150
 446   0.242161477848123203444711148456  -0.474913456409080181816753229460
 447   0.188270787224656631738578477118  -0.474905514325975552353972630517
 448   0.215223010582117493890238135053  -0.428238778260117967640696403269
 449  -0.728913212719735198257495359933   0.273513958889843852550130115094
 450   0.538580910414372076724220807613  -0.334945016543925945528046943490
 451   0.107482897609549808269532725969  -0.148198651449449312047136045064
 452   0.323018147920505789899690122260  -0.334913248211507427676924547716
 453  -0.782803903343201769963628031271   0.273521900972948482012910714037
 454   0.428435175424293319296044674029  -0.802921469965996050320756537882
 455   0.430799529167438933311955464936  -0.334929132377716686602485745603
 456   0.242188990031033508639084437518  -0.288230627979440584038087122581
 457  -0.351726408560700796129130403312   0.271191549692686548714573218872
 458   0.269127457297039218193557450922  -0.334905306128402798214143948773
 459   0.188298299407566936932951766180  -0.288222685896335954575306523638
 460   0.403847305809978071160295807002  -0.381595868443574271315761972851
 461  -0.836694593966668341669760702610   0.273529843056053111475691312980
 462   0.296079680654500080345217108856  -0.288238570062545213500867721525
 463   0.349956615186511499454163135664  -0.381587926360469641852981373908
 464   0.482325866047759891002177345367  -0.802929412049100679783537136826
 465   0.403861061901433223757482451533  -0.288254454228754472426428919412
 466   0.134407608784100365226819094842  -0.288214743813231325112525924695
 467  -0.081127641526855616403338301450  -0.101500147051173209482737422042
 468   0.161390483222912343699221980256  -0.908670806205883336475102745138
 469   0.186053814631863385830794990613  -0.849524869611013175148060035272
 470   0.053592206986083236563400054631  -0.148190709366344682584355446121
 471   0.186667265378653166639358476523  -0.755799229430913347142505525162
 472   0.190036778202391421923343973895  -0.954317234137316740908328388888
 473  -0.135018332150322188109470972788  -0.101492204968068580019956823099
 474   0.188257031133201479141391832587  -0.568246928540795351243305683956
 475  -0.215819977856884164175703368468   0.131873243693637861397546708914
 476   0.412022559487307953582246891187  -0.854252090818036072161559992862
 477   0.465913250110774525288379562526  -0.854260032901140701624340591806
 478   0.161373588233016379975665397307  -0.148206593532553941509916644007
 479  -0.216992803956306790565205402701   0.317842401592334874502288248233
 480  -0.270883494579773362271338074039   0.317850343675439503965068847176
 481   0.213006027057642474390673366756  -0.802814931405554502701589321986
 482   0.213931723816175290454334460381  -0.896686456583491230093719997889
 483  -0.161929287233417592469570697130   0.131865301610533231934766109970
 484   0.242578018795654368678456454020  -0.942332884514924634526945641640
 485   0.239944494323648183945146380159  -0.849489609554516716877646148177
 486   0.186729002137771163395643209806  -0.662430155849089662087787743964
 487  -0.920977501813749045166351724176   0.314063371939404940290898232568
 488   0.188312055499022089530138410711  -0.194881271681516155685973470199
 489   0.347656809737010292762171446780  -0.852225060377584262142359526705
 490   0.240557956002119738345491147861  -0.755807171514017976605286124106
 491  -0.378664875826706505683603416716   0.317866227841648762890630045063
 492   0.293835184947114755651279051498  -0.849497551637621346340426747120
 493  -0.000284727545928182545545972177  -0.054841353068420254232241793738
 494   0.320787408304575617802938709432  -0.802830815571763761627150519872
 495  -0.432555566450173077389736088054   0.317874169924753392353410644006
 496   0.053605963077538389160586699162  -0.054849295151524883695022392681
 497  -0.054175418169394754251678643515  -0.054833410985315624769461194795
 498   0.242147721756668050847524503925  -0.568254870623899980706086282900
 499  -0.486446257073639649095868759392   0.317882112007858021816191242950
 500   0.107496653701004960866719370500  -0.054857237234629513157802991625
 501  -0.135004576058867035512284328257  -0.008150790753248781130623769660
 502   0.328270991443395624487163462778  -0.916009561422703277733022098683
 503  -0.540336947697106220802001430731   0.317890054090962651278971841893
 504  -0.108066108792861325957811314853  -0.054825468902210995306680595851
 505  -0.188867754499423302024043710533   0.178539979759495446110822936162
 506   0.374609033094471154913831104715  -0.805558324311726677429083299457
 507  -0.324774185203239933977470745378   0.317858285758544133427849446120
 508  -0.108052352701406173360624670322   0.038515945312608803582652457588
 509   0.276639043201624027091265140461  -0.900571021345678806562915456103
 510   0.349970371277966652051349780195  -0.288246512145649842963648320468
 511  -0.594227638320572792508134102069   0.317897996174067280741752440837
 512   0.376908838543972361605822793598  -0.334921190294612057139705146660
 513   0.378479450254800921098519981212  -0.896431071625625216540005546225
 514   0.188284543316111784335765121649  -0.381564100111155753464639577077
 515  -0.867226232237976134543079470169   0.317937338633048727510789776913
 516   0.266896717681109046096806038094  -0.802822873488659132164369920929
 517   0.348334819751878400084356515160  -0.756512927866214369400686538063
 518   0.402221259871226895959994244588  -0.755836045147613300757919555994
 519  -0.755851679985740907811968373337   0.320188637038806066726186941285
 520   0.403874817992888376354669096064  -0.194913040013934673537095865972
 521   0.349984127369421804648536424726  -0.194905097930830044074315267029
 522   0.188325811590477242127325055242  -0.101539857466696356796640416760
 523  -0.701960989362274336105835701998   0.320180694955701437263406342342
 524  -0.108024840518495868166251381260   0.225198773742248401361318564466
 525   0.294448646625586310051623819199  -0.755815113597122606068066723049
 526   0.510002641118160039372259587264  -0.755851929313822559683480753881
 527  -0.809742370609207479518101044675   0.320196579121910696188967540228
 528   0.562886030079847659920430110571  -0.766222742728291448033332312583
 529   0.456111950494693467666126915926  -0.755843987230717930220700154938
 530  -0.648070298738807764399703030660   0.320172752872596807800625743398
 531  -0.134963307784501577720724394664   0.271873451891210615537375390657
 532   0.296065924563044927748030464325  -0.381579984277365012390200774964
 533   0.215278034947938104278984713176  -0.054873121400838772083364189512
 534   0.242175233939578356041897792987  -0.381572042194260382927420176021
 535  -0.108011084427040715569064736729   0.318540187957068200250651617905
 536   0.457751752524899795463615122871  -0.288262396311859101889209518355
 537   0.457765508616354948060801767402  -0.194920982097039302999876464916
 538   0.484690219790905505018088136275  -0.334937074460821316065266344546
 539   0.134421364875555517824005739373  -0.194873329598411526223192871255
 540  -0.000298483637383335142732616708  -0.148182767283240053121574847177
 541  -0.161915531141962439872384052599   0.225206715825353030824099163410
 542   0.161346076050106074781292108245  -0.334889421962193539288582750886
 543  -0.163102113332840218859072731363   0.317834459509230245039507649289
 544   0.535351210142748777432947137415  -0.812548116876617695577087144736
 545  -0.190040580598845928413545744766   0.364509137658192459215564475481
 546   0.646348539278683827171903110148  -0.428302312784387355960458157024
 547   0.648975335901140630278313467436  -0.613349048485205787169247882155
 548   0.619437580486754663179199781417  -0.194944808346353191388218261746
 549  -0.243931271222312500119678416105   0.364517079741297088678345074424
 550  -0.136149889975379356707413073428   0.364501195575087829752783876537
 551  -0.134990819967411882915097683726   0.085190623461571017758709283779
 552   0.026653739720077527008927041227  -0.101516031217382468408298619929
 553  -0.297821961845779071825811087443   0.364525021824401718141125673367
 554  -0.134977063875956730317911039195   0.178532037676390816648042337218
 555   0.781109652357154378297597795431  -0.194968634595667079776560058576
 556   0.511656199239821519766934438740  -0.194928924180143932462657063859
 557  -0.351712652469245643531943758781   0.364532963907506347603906272311
 558   0.565546889863288091473067110078  -0.194936866263248561925437662803
 559   0.900278368386000000000000000000  -0.202233492072000000000000000000
 560   0.835000342980620950003730466770  -0.194976576678771709239340657520
 561  -0.405603343092712215238076430120   0.364540905990610977066686871254
 562   0.296093436745955232942403753388  -0.194897155847725414611534668086
 563   0.600677940770487807018929233728  -0.701935479792583300627879181739
 564   0.615324773387005193516981981038  -0.753797574748867069724271985840
 565  -0.459494033716178786944209101458   0.364548848073715606529467470198
 566   0.641465820601200541663786580863  -0.666713959980596067005256998714
 567  -0.108038596609951020763438025791   0.131857359527428602471985511027
 568   0.673314515018766082288145808224  -0.288294164644277619740331914129
 569  -0.513384724339645358650341772796   0.364556790156820235992248069141
 570   0.619423824395299510582013136886  -0.288286222561172990277551315185
 571   0.565533133771832938875880465547  -0.288278280478068360814770716242
 572   0.161387344324471532572852041838  -0.054865179317734142620583590568
 573  -0.567275414963111930356474444134   0.364564732239924865455028668085
 574   0.781095896265699225700411150900  -0.288310048810486878665893112015
 575   0.511642443148366367169747794209  -0.288270338394963731351990117299
 576   0.215264278856482951681798068645  -0.148214535615658570972697242951
 577  -0.631216418066851689504266156128   0.371360185951882365556361301974
 578  -0.081113885435400463806151656919  -0.008158732836353410593404368604
 579   0.835631499796220659423445661717  -0.287939789253962926659301685597
 580   0.700266738376226944439805466159  -0.241627428578420035027055686881
 581  -0.902177951911605862054894265266   0.364568654063433315489578159262
 582  -0.054161662077939601654491998984   0.038508003229504174119871858645
 583   0.646376047752760372733672794820  -0.241619486495315405564275087937
 584   0.727205205642232653994278479562  -0.288302106727382249203112513072
 585  -0.686867596939821522646622557947   0.371914592007177425054404854903
 586  -0.081100129343945311208965012388   0.085182681378466388295928684836
 587   0.904168177134549569653545444457  -0.275550447868330667681981015236
 588   0.673328271110221234885332452755  -0.194952750429457820850998860689
 589  -0.848426682335832951431622011259   0.368442620757077102709469703607
 590  -0.081072617161035006014591723326   0.271865509808105986074594791714
 591  -0.054120393803574143862932065391   0.318532245873963570787871018962
 592   0.727218961733687806591465124093  -0.194960692512562450313779459633
 593  -0.740758287563288094352755229286   0.371922534090282054517185453846
 594  -0.081086373252490158611778367857   0.178524095593286187185261738275
 595   0.242202746122488661236271082049  -0.194889213764620785148754069142
 596   0.134435120967010670421192383904  -0.101531915383591727333859817816
 597  -0.794648978186754666058887900624   0.371930476173386683979966052790
 598  -0.054147905986484449057305354453   0.131849417444323973009204912084
 599  -0.081058861069579853417405078795   0.365206924022925784963927845153
 600   0.267558160027243444656248894548  -0.709112776081156505726625169098
 601  -0.054134149895029296460118709922   0.225190831659143771898537965523
 602   0.296120948928865538136777042449  -0.008214327418085816832868561207
 603  -0.594675195821644682062956887784   0.410970104858354017938384222334
 604   0.656112653217717928161839328173  -0.718576054936879836101649802816
 605   0.349997883460876957245723069257  -0.101563683716010245184982213590
 606   0.376950106818337819397382727191  -0.054896947650152660471705986342
 607  -0.109197666617918494555753415493   0.411167931640945414466060103785
 608  -0.027223194811933892100018985580  -0.008166674919458040056184967547
 609  -0.378651119735251353086416772185   0.411207642056468561779963098502
 610   0.350011639552332109842909713788  -0.008222269501190446295649160151
 611  -0.163088357241385066261886086832   0.411175873724050043928840702729
 612  -0.027209438720478739502832341049   0.085174739295361758833148085892
 613  -0.000270971454473029948359327646   0.038500061146399544657091259701
 614   0.403902330175798681549042385126  -0.008230211584295075758429759094
 615  -0.216979047864851637968018758170   0.411183815807154673391621301672
 616  -0.027195682629023586905645696518   0.178516153510181557722481139331
 617  -0.000257215363017877351172683115   0.131841475361219343546424313140
 618   0.188339567681932394724511699773  -0.008198443251876557907307363320
 619  -0.270869738488318209674151429508   0.411191757890259302854401900615
 620  -0.027181926537568434308459051987   0.271857567725001356611814192771
 621  -0.000243459271562724753986038584   0.225182889576039142435757366579
 622   0.430827041350349238506328753998  -0.148246303948077088823819638725
 623  -0.324760429111784781380284100847   0.411199699973363932317182499559
 624  -0.027168170446113281711272407456   0.365198981939821155501147246210
 625  -0.000229703180107572156799394053   0.318524303790858941325090420019
 626   0.080544430343544098715059712565  -0.101523973300487097871079218873
 627  -0.432541810358717924792549443523   0.411215584139573191242743697446
 628   0.026667495811532679606113685758  -0.008174617002562669518965566490
 629   0.403888574084343528951855740595  -0.101571625799114874647762812533
 630   0.457779264707810100657988411933  -0.101579567882219504110543411477
 631  -0.540628200888000000000000000000   0.411408951480000000000000000000
 632   0.242230258305398966430644371111  -0.008206385334981187370087962264
 633   0.456182455255104021926306566497  -0.662469866264612809401690738680
 634   0.134448877058465823018379028435  -0.008190501168771928444526764377
 635  -0.486432500982184496498682114862   0.411223526222677820705524296389
 636   0.080558186434999251312246357096  -0.008182559085667298981746165434
 637   0.321448848861374856990953534477  -0.709176120465806273538027266916
 638   0.429230231897643159774646908562  -0.709136602330470394114966965929
 639  -0.000215947088652419559612749522   0.411865718005678740214423473458
 640   0.348401074008170878514041223821  -0.662453982098403550476129540794
 641   0.053619719168993541757773343693   0.038492119063294915194310660758
 642   0.483120922521109731480779579900  -0.709144544413575023577747564872
 643  -0.054106637712118991265745420860   0.411873660088783369677204072401
 644   0.375339541274176588068514237224  -0.709128660247365764652186366985
 645   0.242216502213943813833457726580  -0.101547799549800986259421015703
 646   0.510073145878570593632439237835  -0.662477808347717438864471337624
 647  -0.880610612971941213765763610652   0.413955458927193055180194727257
 648   0.269086189022673760401997517329  -0.614929548772862194882143109091
 649   0.294510383384704306807908552482  -0.662446040015298921013348941850
 650   0.700947200661586310786040400726  -0.627601482392185196844350835819
 651  -0.826544205238871788330472191874   0.417690603406641968511107675634
 652   0.323059416194871247691250055853  -0.054889005567048031008925387399
 653   0.215291791039393256876171357707   0.038468292813981026805968863927
 654   0.161401100415926685170038686369   0.038476234897085656268749462871
 655  -0.658582271812405306579750690818   0.417785573917173953187684888074
 656   0.053674743534814152146519921817   0.411857775922574110751642874515
 657   0.269099945114128912999184161860  -0.521588134558042395992810055652
 658   0.430758260893073475520395531343  -0.614953375022176083270484905921
 659  -0.715195676670573248200779821947   0.419364704395808004477268090097
 660   0.269168725571404675985117384515  -0.054881063483943401546144788455
 661   0.269182481662859828582304029046   0.038460350730876397343188264984
 662   0.753503767337655864907685133867  -0.615684523964183227378571427533
 663  -0.772156641050178381155612998929   0.420902931381242694032403903435
 664   0.484648951516540047226528202682  -0.614961317105280712733265504864
 665  -0.622041049567198299138441422474   0.457395492823645605569707808433
 666   0.269113701205584065596370806391  -0.428246720343222597103477002212
 667  -0.568030599530328471171839551831   0.457813162907798765223116417743
 668   0.538539642140006618932660874020  -0.614969259188385342196046103807
 669   0.296038412380134622553657175264  -0.568262812707004610168866881843
 670   0.026722520177353289994860263882   0.365191039856716526038366647266
 671  -0.082245443260457632404093757559   0.457834667706802999179336331033
 672   0.542952381764000000000000000000  -0.713171638382000000000000000000
 673   0.107510409792460113463906015031   0.038484176980190285731530061814
 674   0.322976879646140332108130188667  -0.614937490855966824344923708034
 675  -0.297808205754323919228624442912   0.457866436039221517030458726807
 676   0.694888053607187075120916403947  -0.681150463110066624860617311754
 677   0.376867570269606903814262860005  -0.614945432939071453807704306977
 678   0.322990635737595484705316833198  -0.521596076641147025455590654595
 679  -0.190026824507390775816359100236   0.457850551873012258104897528920
 680   0.403819793627067765965922517940  -0.568278696873213869094428079729
 681   0.349929103003601194259789846602  -0.568270754790109239631647480786
 682   0.376881326361062056411449504536  -0.521604018724251654918371253538
 683  -0.243917515130857347522491771574   0.457858493956116887567678127863
 684   0.403833549718522918563109162471  -0.474937282658394070205095026290
 685   0.349942859095056346856976491132  -0.474929340575289440742314427347
 686   0.565491865497467481084320531955  -0.568302523122527757482769876559
 687  -0.027154414354658129114085762925   0.458540396154640954390480299649
 688   0.296052168471589775150843819794  -0.474921398492184811279533828403
 689   0.376936350726882666800196082660  -0.148238361864972459361039039781
 690   0.430772016984528628117582175874  -0.521611960807356284381151852482
 691  -0.351698896377790490934757114250   0.457874378122326146493239325750
 692   0.323004391829050637302503477729  -0.428254662426327226566257601155
 693   0.269154969479949523387930739984  -0.148222477698763200435477841894
 694   0.538567154322916924127034163082  -0.428286430758745744417379996929
 695  -0.405589587001257062640889785589   0.457882320205430775956019924693
 696   0.484676463699450352420901491744  -0.428278488675641114954599397986
 697   0.323045660103416095094063411322  -0.148230419781867829898258440838
 698  -0.513370968248190206053155128266   0.457898204371640034881581122580
 699  -0.459480277624723634347022456927   0.457890262288535405418800523637
 700   0.430785773075983780714768820406  -0.428270546592536485491818799042
 701   0.457710484250534337672055189278  -0.568286638956318498557208678673
 702   0.376895082452517209008636149067  -0.428262604509431856029038200099
 703   0.080613210800819861700992935220   0.365183097773611896575586048323
 704   0.511614930965456061975374505147  -0.474953166824603329130656224177
 705   0.026681251902987832203300330289   0.085166797212257129370367486949
 706   0.511628687056911214572561149678  -0.381611752609783530241323170738
 707  -0.136136133883924204110226428897   0.457842609789907628642116929976
 708   0.026695007994442984800486974820   0.178508211427076928259700540388
 709   0.565505621588922633681507176486  -0.474961108907707958593436823120
 710   0.457724240341989490269241833809  -0.474945224741498699667875625233
 711   0.026736276268808442592046908413   0.458532454071536324927699700706
 712   0.134503901424286433407125606559   0.365175155690507267112805449380
 713   0.080626966892275014298179579751   0.458524511988431695464919101762
 714   0.107565434158280723852652593155   0.411849833839469481288862275571
 715  -0.855908055649892000816991617587   0.462878775398769510316329499081
 716   0.188408348139208157710444922428   0.458508627822222436539357903875
 717   0.215346815405213867264917935832   0.411833949673260222363301077684
 718   0.296107192837410385539590397918  -0.101555741632905615722201614646
 719  -0.685610539312532427835144683774   0.464408308230944568064794002062
 720   0.188394592047753005113258277897   0.365167213607402637650024850436
 721   0.242285282671219576819390949235   0.365159271524298008187244251493
 722   0.457737996433444642866428478340  -0.381603810526678900778542571794
 723  -0.802092025548618978867234422028   0.465714529811575373653695296980
 724   0.563963836502037165338571909174  -0.662485750430822068327251936566
 725   0.053633475260448694354959988224   0.131833533278114714083643714197
 726   0.593944318793000000000000000000  -0.616140323153000000000000000000
 727  -0.742441306150777591546811198173   0.465860750175834201403060464515
 728   0.565560645954743244070253754610  -0.101595452048428763036104609363
 729  -0.649069317067325420393835415430   0.504018227137416220446816922422
 730   0.511669955331276672364121083271  -0.101587509965324133573324010420
 731  -0.216965291773396485370832113639   0.504525230021974472280954355111
 732   0.538622178688737534515780741206  -0.054920773899466548860047783172
 733  -0.055293219902996770252434099624   0.504501403772660583892612558281
 734   0.376963862909792971994569371722   0.038444466564667138417627067097
 735  -0.109183910526463341958566770963   0.504509345855765213355393157225
 736   0.484731488065270962809648069868  -0.054912831816361919397267184229
 737  -0.270855982396863057076964784977   0.504533172105079101743734954055
 738   0.592444088854928343235980189889  -0.521635787056670172769493649311
 739   0.080571942526454403909433001627   0.085158855129152499907586888005
 740   0.134462633149920975615565672966   0.085150913046047870444806289062
 741  -0.163074601149929913664699442301   0.504517287938869842818173756168
 742   0.323073172286326400288436700384   0.038452408647771767880407666041
 743   0.053647231351903846952146632755   0.225174947492934512972976767636
 744   0.107524165883915266061092659562   0.131825591195010084620863115253
 745   0.080585698617909556506619646158   0.178500269343972298796919941444
 746   0.107537921975370418658279304093   0.225167005409829883510196168693
 747   0.134476389241376128212752317496   0.178492327260867669334139342501
 748   0.080599454709364709103806290689   0.271841683558792097686252994884
 749  -0.000202190997197266962426104991   0.505207132220498539103756526897
 750   0.619382556120934052790453203293  -0.568310465205632386945550475502
 751   0.511601174874000909378187860616  -0.568294581039423128019989277616
 752  -0.540773047118179629038231484592   0.504302220065906744533701693602
 753  -0.324746673020329628783097456316   0.504541114188183731206515552998
 754   0.538553398231461771529847518551  -0.521627844973565543306713050368
 755   0.484662707607995199823714847213  -0.521619902890460913843932451425
 756   0.619396312212389205387639847824  -0.474969050990812588056217422063
 757  -0.378637363643796200489230127654   0.504549056271288360669296151941
 758   0.538608422597282381918594096675  -0.148262188114286347749380836611
 759   0.592499113220748953624726768013  -0.148270130197390977212161435555
 760   0.646334779478394914942112861228  -0.521643729139774802232274248254
 761  -0.432528054267262772195362798993   0.504556998354392990132076750885
 762   0.646389803844215525330859439351  -0.148278072280495606674942034498
 763   0.430840797441804391103515398530  -0.054904889733257289934486585285
 764   0.619451336578209815776386425948  -0.101603394131533392498885208307
 765   0.107579190249735876449839237686   0.505191248054289280178195329010
 766   0.511683711422731824961307727802  -0.008246095750504334683990956981
 767   0.457793020799265253255175056464  -0.008238153667399705221210358037
 768   0.673287002835855777151677492577  -0.474976993073916824607092318225
 769   0.026708764085898137397673619351   0.271849625641896727149033593827
 770   0.134490145332831280809938962028   0.271833741475687468223472395940
 771   0.565519377680377786278693821017  -0.381619694692888159704103769681
 772   0.484717731973815810212461425337  -0.148254246031181718286600237668
 773  -0.595179745506196316946055153895   0.504365611519358293672195223693
 774   0.161428612598836990364411975431   0.225159063326725254047415569749
 775   0.188353323773387547321698344304   0.085142970962943240982025690119
 776   0.754157428999693516145938137497  -0.241635370661524664489836285824
 777  -0.486418744890729343901495470331   0.504564940437497619594857349828
 778   0.762744722136905475578781264631  -0.524619964669612755300454235388
 779   0.673342027201676387482519097286  -0.101611336214638021961665807250
 780   0.754171185091148668743124782028  -0.148293956446704865600503232385
 781  -0.772376690649218189258432621272   0.510672348606166881024351858060
 782   0.053660987443358999549333277286   0.318516361707754311862309821075
 783   0.816889783534000000000000000000  -0.528235619242000000000000000000
 784   0.792649920954092719750562167602  -0.479788216068254648513966748961
 785  -0.712856168792736771181176060000   0.510904354010970764990586376480
 786   0.269223749937225286373863962639   0.318484593375335794011187425302
 787   0.053688499626269304743706566348   0.505199190137393909640975927954
 788   0.565574402046198396667440399141  -0.008254037833608964146771555924
 789  -0.826308362068829000363134883732   0.513857812255659037308518444100
 790   0.592457844946383495833166834420  -0.428294372841850373880160595873
 791  -0.676314946547529763739866791656   0.550514272917442417372609296839
 792   0.619410068303844357984826492355  -0.381627636775992789166884368624
 793  -0.622425374986400660292086530122   0.550861657299384490597987598111
 794   0.727867460840997701376269807122  -0.383103815483153144202198592058
 795  -0.567922193094047474812447086656   0.550854668677466272982780499552
 796   0.846540611577557120677127622380  -0.479796158166089003169123524847
 797  -0.513820823760718766886571826657   0.550968956131764329246977920850
 798   0.646362291661305220136486150290  -0.334960900710135204453608141377
 799   0.107551678066825571255465948624   0.318508419624649682399529222132
 800   0.161442368690292142961598619962   0.318500477541545052936748623189
 801  -0.082231687169002479806907113028   0.551176081921622798068669384472
 802   0.673987292816548363280531914334  -0.382038872542970443921976741176
 803   0.323114440560691858079996633977   0.318476651292231164548406826358
 804   0.215333059313758714667731291301   0.318492535458440423473968024245
 805  -0.136122377792469051513039784366   0.551184024004727427531449983415
 806   0.955118557793976929148260246297  -0.185967472958570593348628711815
 807  -0.028340996545535908100774441690   0.551168139838518168605888785529
 808   0.296162217203230995928336976042   0.271809915226373579835130599110
 809  -0.190013068415935623219172455705   0.551191966087832056994230582359
 810   0.565615670320563854459000332734   0.271770204810850432521227604393
 811  -0.243903759039402194925305127043   0.551199908170936686457011181303
 812   0.675927559258601492429973125371  -0.566682312419348202455971654907
 813  -0.297794449662868766631437798381   0.551207850254041315919791780246
 814   0.700252978618666164888590472960  -0.334982306657880416980958536517
 815   0.350052907826697567634469647381   0.271801973143268950372350000167
 816   0.702879782616062036362274209070  -0.520015576353490433956128120768
 817  -0.351685140286335338337570469719   0.551215792337145945382572379189
 818   0.457834289073630711046734990057   0.271786088977059691446788802280
 819   0.781727053027850306318266365713  -0.381273261354809012345144038573
 820   0.511724979697097282752867661396   0.271778146893955061984008203337
 821  -0.405575830909801910043703141058   0.551223734420250574845352978133
 822   0.403943598450164139340602318719   0.271794031060164320909569401223
 823   0.457848045165085863643921634588   0.365127503191879490336121855719
 824   0.538677203054558144904527319330   0.318444882959812646697284430585
 825  -0.459676625896000000000000000000   0.551353609751000000000000000000
 826   0.484786512431091573198394647992   0.318452825042917276160065029528
 827   0.403957354541619291937788963250   0.365135445274984119798902454663
 828   0.754143669544671517304632141903  -0.334976786817639646053706101086
 829   0.080640722983730166895366224282   0.551865926203251494354252155201
 830   0.296175973294686148525523620574   0.365151329441193378724463652549
 831   0.511738735788552435350054305927   0.365119561108774860873341256776
 832   0.592471601037838648430353478951  -0.334952958627030574990827542433
 833   0.026750032360263595189233552944   0.551873868286356123817032754145
 834   0.269237506028680438971050607170   0.411826007590155592900520478741
 835   0.161456124781747295558785264493   0.411841891756364851826081676628
 836   0.835617743704765506826259017186  -0.381281203468782725548634739036
 837   0.350066663918152720231656291912   0.365143387358088749261683053606
 838   0.350080420009607872828842936443   0.458484801572908548151016107045
 839   0.296189729386141301122710265105   0.458492743656013177613796705989
 840   0.895564119467000000000000000000  -0.378887280662000000000000000000
 841   0.403971110633074444534975607781   0.458476859489803918688235508102
 842   0.242299038762674729416577593766   0.458500685739117807076577304932
 843   0.134517657515741586004312251090   0.458516569905327066002138502819
 844   0.700280494467682097036992110690  -0.148286014363600236137722633441
 845  -0.742791553291177368892797483098   0.555715952441303444611877770024
 846   0.134531413607196738601498895621   0.551857984120146864891471556258
 847   0.729814941485577070592920821150  -0.567279502233987141282298721149
 848   0.786433547988984269893545577349  -0.573024986399808841396726941772
 849  -0.796593027169428210754333082976   0.558815631050250544679175005180
 850   0.215305547130848409473358002239   0.131809707028800825695301917367
 851  -0.707931089176222056095396673700   0.596812845762341530250882515100
 852   0.706619712015264519948175007074  -0.432628958413977860408738931142
 853  -0.595167822574251818158478462882   0.597350714457492469908572873970
 854   0.766149504973709993629385150511  -0.432863440609894192458742123746
 855  -0.055279463811541617655247455093   0.597842817987480382781945611720
 856   0.781123408448609530894784439962  -0.101627220380847280887227005137
 857  -0.109170154435008189361380126432   0.597850760070585012244726210664
 858   0.727232717825142959188651768624  -0.101619278297742651424446406193
 859  -0.163060845058474761067512797770   0.597858702153689641707506809607
 860   0.736244306156522749457604247540  -0.477695189211252299245229610173
 861   0.161469880873202448155971909024   0.505183305971184650715414730067
 862   0.188367079864842699918884988835   0.178484385177763039871358743558
 863  -0.001388773188075045949114783755   0.597834875904375753319165012777
 864   0.781137164540064683491971084494  -0.008285806166027481997893951698
 865   0.820040195597174394555950605289  -0.432871382707728547113898899631
 866   0.161414856507381837767225330900   0.131817649111905455158082516310
 867   0.107592946341191029047025882217   0.598532662269109079067528382449
 868   0.808048119623160087852070808835  -0.241643312744629293952616884768
 869   0.242257770488309271625017660173   0.178476443094658410408578144614
 870   0.862569967062226368977918675121  -0.334614467402925140835358511788
 871  -0.540969969736586612660787428721   0.597521404743323857696056726800
 872   0.957367493916776449422153838774  -0.020621541526573060729113207143
 873   0.888929031286329250801720649979  -0.008307747769781098680988757252
 874   0.296134705020320690733963686980   0.085127086796733982056464492232
 875  -0.324732916928874476185910811785   0.597882528403003530095848606437
 876   0.430854553533259543700702043060   0.038436524481562508954846468154
 877   0.215319303222303562070544646770   0.225151121243620624584634970806
 878   0.403916086267253834146229029657   0.085111202630524723130903294345
 879  -0.487079793642672518897686669682   0.597757030543697712212974791073
 880   0.350025395643787262440096358319   0.085119144713629352593683893288
 881   0.242244014396854119027831015642   0.085135028879838611519245091175
 882   0.808075631806070393046444097897  -0.054960484314989696173950777889
 883  -0.216951535681941332773645469108   0.597866644236794271170287408551
 884   0.188380835956297852516071633366   0.271825799392582838760691796997
 885   0.700294250559137249634178755221  -0.054944600148780437248389580002
 886   0.835014099072076102600917111301  -0.101635162463951910350007604081
 887  -0.270842226305407904479778140447   0.597874586319898900633068007494
 888   0.269196237754314981179490673577   0.131801764945696196232521318423
 889   0.484772756339636420601208003461   0.225111410828097477270731976089
 890   0.754184941182603821340311426559  -0.054952542231885066711170178946
 891  -0.378623607552341047892043483123   0.597890470486108159558629205380
 892   0.376991375092703277188942660784   0.225127294994306736196293173976
 893   0.970317534590712259015472539606  -0.072933137234353568792696636363
 894   0.915857009907873996961997181343  -0.054988477908763511820567568441
 895  -0.432514298175807619598176154462   0.597898412569212789021409804323
 896   0.323100684469236705482809989446   0.225135237077411365659073772919
 897   0.538663446963102992307340674799   0.225103468744992847807951377145
 898   0.861966322429536964752576769235  -0.054968426398094325636731376833
 899  -0.654113522988609132149401164653   0.599619297007735620982773001477
 900   0.215360571496669019862104580363   0.505175363888080021252634131123
 901   0.430882065716169848895075332123   0.225119352911202106733512575032
 902   0.964791710772871736754229611345  -0.126539777402200856725544673267
 903   0.053702255717724457340893210879   0.598540604352213708530308981393
 904   0.242271526579764424222204304704   0.271817857309478209297911198053
 905   0.188422104230663310307631566959   0.551850042037042235428690957314
 906   0.889555762041264875411205814736  -0.102025175917978200361100456857
 907  -0.760952274866337720370912884161   0.606454446613089595819631113984
 908  -0.622906128172439300313618181430   0.643554534662021368794468954771
 909   0.269209993845770133776677318108   0.225143179160515995121854371863
 910  -0.568215599216790956006818804948   0.644017450523350054621849101218
 911   0.565629426412019007056186977265   0.365111619025670231410560657833
 912  -0.514326088882373715738953914066   0.644374209919182891868457787876
 913   0.377032643367068734980502594377   0.505151537638766132864292334293
 914  -0.459917462620913299512058456941   0.644301787202372475048483681920
 915   0.323141952743602163274369923039   0.505159479721870762327072933236
 916   0.025563450169385816202544874180   0.644501611970233338032441240024
 917   0.296148461111775843331150331511   0.178468501011553780945797545671
 918  -0.028327240454080755503587797158   0.644509554053337967495221838968
 919   0.377005131184158429786129305315   0.318468709209126535085626227415
 920  -0.136108621701013898915853139836   0.644525438219547226420783036855
 921   0.323128196652147010677183278508   0.411818065507050963437739879797
 922  -0.405562074818346757446516496527   0.644565148635070373734686031572
 923   0.269251262120135591568237251701   0.505167421804975391789853532180
 924   0.215374327588124172459291224894   0.598516778102899820141967184563
 925   0.808679276438759797271786003783  -0.334606525319820511372577912845
 926  -0.189999312324480470621985811174   0.644533380302651855883563635798
 927   0.538649690871647839710154030268   0.131762054530173048918618323706
 928  -0.082217931077547327209720468497   0.644517496136442596958002437911
 929   0.592512869312204106221913412544  -0.054928715982571178322828382115
 930  -0.297780693571413614034251153850   0.644549264468861114809124833685
 931   0.646403559935670677928046083882  -0.054936658065675807785608981059
 932  -0.243890002947947042328118482512   0.644541322385756485346344234742
 933   0.727273986099508416980211702217   0.178404964346716745243552754124
 934  -0.351671384194880185740383825189   0.644557206551965744271905432629
 935   0.808061875714615240449257453366  -0.148301898529809495063283831328
 936   0.188435860322118462904818211490   0.645191456251862034318024010754
 937   0.350094176101063025426029580974   0.551826215787728347040349160485
 938   0.134545169698651891198685540152   0.645199398334966663780804609697
 939   0.242326550945585034610950882829   0.645183514168757404855243411810
 940   0.269265018211590744165423896232   0.598508836019795190679186585619
 941   0.538690959146013297501713963861   0.411786297174632445586617484024
 942   0.403984866724529597132162252312   0.551818273704623717577568561541
 943   0.781164676722974988686344373556   0.178397022263612115780772155181
 944   0.296203485477596453719896909635   0.551834157870832976503129759428
 945   0.835027855163531255198103755832  -0.008293748249132111460674550641
 946   0.080654479075185319492552868814   0.645207340418071293243585208640
 947   0.457806776890720405852361700995   0.085103260547420093668122695402
 948   0.242312794854129882013764238297   0.551842099953937605965910358371
 949   0.323086928377781552885623344915   0.131793822862591566769740719480
 950   0.350039151735242415037283002850   0.178460558928449151483016946728
 951   0.484745244156726115406834714399   0.038428582398457879492065869211
 952   0.376977619001248124591756016253   0.131785880779486937306960120537
 953   0.727246473916598111785838413155  -0.008277864082922852535113352754
 954   0.161483636964657600753158553556   0.598524720186004449604747783506
 955   0.430868309624714696297888687591   0.131777938696382307844179521593
 956   0.457820532982175558449548345526   0.178444674762239892557455748841
 957   0.861952566338081812155390124704  -0.148309840612914124526064430272
 958  -0.673954767225678250758772551357   0.660824249476198208149243591299
 959   0.403929842358708986743415674188   0.178452616845344522020236347784
 960   0.484759000248181268004021358930   0.131769996613277678381398922650
 961  -0.001375017096619893351928139224   0.691176290119195552208498066216
 962   0.323155708835057315871556567570   0.598500893936690561216405986676
 963   0.052515673526846678354204532115   0.691168348036090922745717467272
 964   0.484800268522546725795581292523   0.411794239257737075049398082967
 965  -0.055265707720086465058060810563   0.691184232202300181671278665159
 966   0.377046399458523887577689238908   0.598492951853585931753625387732
 967  -0.216937779590486180176458824578   0.691208058451614070059620461990
 968   0.565588158137653549264627043672   0.085087376381210834742561497515
 969  -0.109156398343553036764193481901   0.691192174285404811134059264103
 970   0.592526625403659258819100057075   0.038412698232248620566504671324
 971   0.296217241569051606317083554167   0.645175572085652775392462812867
 972   0.538635934780192687112967385737   0.038420640315353250029285270267
 973  -0.726210859293639985447428795325   0.647652027160446830483064259607
 974   0.430895821807625001492261976653   0.318460767126021905622845628471
 975   0.403998622815984749729348896843   0.645159687919443516466901614980
 976  -0.486855929886919009066531470345   0.690976465351334689224540508111
 977  -0.432965239263452437360398799007   0.690968523268230059761759909168
 978   0.350107932192518178023216225505   0.645167630002548145929682213924
 979  -0.270828470213952751882591495916   0.691216000534718699522401060933
 980   0.511697467514186977558494372333   0.085095318464315464205342096458
 981  -0.324719160837419323588724167254   0.691223942617823328985181659877
 982   0.592540381495114411416286701606   0.131754112447068419455837724763
 983  -0.163047088967019608470326153239   0.691200116368509440596839863046
 984   0.511711223605642130155681016864   0.178436732679135263094675149898
 985  -0.378609851460885895294856838593   0.691231884700927958447962258820
 986   0.107606702432646181644212526748   0.691874076483928877956861435888
 987   0.161497393056112753350345198087   0.691866134400824248494080836945
 988   0.565601914229108701861813688203   0.178428790596030633631894550954
 989   0.377018887275613582383315949846   0.411810123423946333974959280854
 990   0.619465092669664968373573070479  -0.008261979916713593609552154868
 991   0.619478848761120120970759715010   0.085079434298106205279780898572
 992   0.673355783293131540079705741817  -0.008269921999818223072332753811
 993   0.215388083679579325056477869425   0.691858192317719619031300238002
 994   0.727260230008053264383025057686   0.085063550131896946354219700685
 995   0.592567893678024716610659990669   0.318436940876708017234503831641
 996   0.619492604852575273567946359541   0.178420848512926004169113952011
 997   0.323169464926512468468743212101   0.691842308151510360105739040115
 998   0.862583723153681521575105319652  -0.241273053188105341946025458349
 999   0.943358263159332357836920936042  -0.238559317089169607939434844305
1000   0.592581649769479869207846635200   0.411778355091527816123836885080
1001  -0.610684511032417689634976467913   0.696041091735557844925096679845
1002   0.915837859621132579306646543564  -0.149072576970036156666233858794
1003   0.673369539384586692676892386348   0.085071492215001575817000299628
1004   0.673383295476041845274079030879   0.178412906429821374706333353067
1005  -0.556797663010053784598016151897   0.696684682572602009640177916054
1006   0.757162141422000000000000000000   0.320141685606000000000000000000
1007   0.810339106108032376666613060992   0.329818389928042885911750718132
1008   0.861980078520992117349763413767   0.038372987816725473252601676607
1009  -0.661813104134357690789096226247   0.713329359859166988032349585217
1010   0.754198697274058973937498071090   0.038388871982934732178162874493
1011  -0.518499562358457130188831100237   0.734598559787034244846446355356
1012   0.377060155549979040174875883440   0.691834366068405730642958441172
1013  -0.406013015905991575208739141072   0.737635259334087644475036136416
1014   0.646417316027125830525232728413   0.038404756149143991103724072380
1015  -0.459903706529458146914871812411   0.737643201417192273937816735359
1016   0.592554137586569564013473346137   0.225095526661888218345170778202
1017  -0.082204174986092174612533823966   0.737858910351262395847335491350
1018   0.646431072118580983122419372945   0.131746170363963789993057125819
1019   0.025577206260840968799731518711   0.737843026185053136921774293464
1020   0.619506360944030426165133004072   0.271762262727745803058447005450
1021  -0.136094865609558746318666495305   0.737866852434367025310116090294
1022   0.808089387897525545643630742428   0.038380929899830102715382275550
1023  -0.243876246856491889730931837981   0.737882736600576284235677288181
1024   0.700308006650592402231365399752   0.038396814066039361640943473437
1025  -0.189985556233025318024799166643   0.737874794517471654772896689238
1026   0.646444828210036135719606017476   0.225087584578783588882390179259
1027   0.079467896884307540505864190050   0.737835084101948507458993694520
1028   0.700321762742047554828552044283   0.131738228280859160530276526876
1029  -0.028313484362625602906401152628   0.737850968268157766384554892407
1030   0.727287742190963569577398346748   0.271746378561536544132885807564
1031  -0.351792472622000000000000000000   0.737976758700000000000000000000
1032   0.619520117035485578762319648603   0.365103676942565601947780058889
1033  -0.297766937479958461437064509320   0.737890678683680913698457887124
1034   0.781178432814430141283531018087   0.271738436478431914670105208620
1035   0.269278774303045896762610540763   0.691850250234614989568519639058
1036   0.873761070295000000000000000000  -0.428223937622000000000000000000
1037   0.134558925790107043795872184683   0.738540812549786462670137663136
1038   0.808103143988980698240817386959   0.131722344114649901604715328990
1039   0.404012378907439902326535541374   0.738501102134263315356234668420
1040   0.673397051567496997871265675410   0.271754320644641173595666406507
1041   0.296230997660506758914270198698   0.738516986300472574281795866306
1042   0.916066823380202325266762546656  -0.328111163393061545299295861069
1043   0.430909577899080154089448621185   0.411802181340841704512178681911
1044   0.835041611254986407795290400363   0.085047665965687687428658502798
1045   0.350121688283973330620402870036   0.738509044217367944819015267363
1046   0.188449616413573615502004856021   0.738532870466681833207357064193
1047   0.781150920631519836089157729025   0.085055608048792316891439101742
1048   0.430950846173445611881008554778   0.691826423985301101180177842228
1049   0.242340307037040187208137527360   0.738524928383577203744576465250
1050   0.754212453365514126534684715621   0.131730286197754531067495927933
1051   0.700349274924957860022925333345   0.318421056710498758308942633755
1052   0.840453883704000000000000000000   0.181488268164000000000000000000
1053  -0.621306948182125868235804027053   0.748874513240807450502156374642
1054   0.646458584301491288316792662007   0.318428998793603387771723232698
1055   0.511752491880007587947240950458   0.458460975323594659762674310215
1056  -0.567905747156207214734601462810   0.756121466251576628982089286168
1057  -0.491547339000996268037171442303   0.781265295852891829559722582604
1058   0.484814024614001878392767937054   0.505135653472556873938731136406
1059  -0.379196086219366917602497550772   0.784379872725723488178816828598
1060   0.538704715237468450098900608392   0.505127711389452244475950537463
1061  -0.055251951628631312460874166032   0.784525646417119980560611718598
1062   0.754226209456969279131871360152   0.225071700412574329956828981372
1063   0.052529429618301830951391176646   0.784509762250910721635050520712
1064   0.484841536796912183587141226116   0.691818481902196471717397243285
1065  -0.001361261005164740754741494693   0.784517704334015351097831119655
1066   0.834179868788752636408708912654   0.281488020244453168450113760052
1067  -0.109142642252097884167006837370   0.784533588500224610023392317542
1068   0.513901860474468943421742273701   0.737202445884053608185699942973
1069  -0.163033332875564455873139508708   0.784541530583329239486172916486
1070   0.861993834612447269946950058297   0.131714402031545272141934730046
1071   0.106420120241768402657523847984   0.784501820167806092172269921768
1072   0.864114815368674483881216860048   0.326299911213347766069424748817
1073  -0.216924023499031027579272180047   0.784549472666433868948953515429
1074   0.895056169465000000000000000000   0.088429175842000000000000000000
1075  -0.324705404745964170991537522723   0.784565356832643127874514713315
1076   0.904168859404260216244011363129   0.202396386064967882047776302935
1077  -0.270814714122497599285404851385   0.784557414749538498411734114373
1078   0.700335518833502707425738688814   0.225079642495678959419609580315
1079   0.161511149147567905947531842618   0.785207548615644047383413890385
1080   0.912959492673795223254513968799   0.149227491345673442075880859921
1081   0.215401839771034477653664513956   0.785199606532539417920633291441
1082   0.673408678217910015029817443421   0.365582814333060390243274833709
1083   0.323183221017967621065929856633   0.785183722366330158995072093554
1084   0.808116900080435850838004031490   0.225063758329469700494048382429
1085   0.269292530394501049359797185294   0.785191664449434788457852692498
1086   0.861118336054758345963181926057   0.234813342095490954274056933860
1087   0.378341087808432156947367314640   0.785884552961117173957205715893
1088   0.430923333990535306686635265716   0.505143595555661503401511735350
1089  -0.437947680817627585503500202616   0.786858438223412227358233980842
1090   0.457861801256541016241108279119   0.458468917406699289225454909158
1091   0.457875557347996168838294923650   0.551810331621519088114787962598
1092   0.430937090081990459283821910247   0.598485009770481302290844788789
1093   0.432849519533000000000000000000   0.786484001603000000000000000000
1094   0.727297119000688742014471605143   0.365090321742433511485054091800
1095   0.484827780705457030989954581585   0.598477067687376672828064189845
1096   0.950035208978990545560004292142   0.080042346364152201229867016496
1097  -0.546064221843194266767446924903   0.805387624727267490962353246028
1098   0.511766247971462740544427594989   0.551802389538414458652007363655
1099  -0.406668258915583128865851165045   0.830742425786357933972638208982
1100   0.780343919728422601078499655682   0.374589981289120773282996935703
1101  -0.352109015512636309332320627257   0.830968467891058195851261397421
1102   0.900021232591914337451701212334   0.272106387559360062614320583820
1103  -0.028299728271170450309214508097   0.831192382482977565273887945846
1104   0.457889313439451321435481568181   0.645151745836338887004121016037
1105   0.025590962352296121396918163241   0.831184440399872935811107346902
1106   0.486963393208463233867269260297   0.783877124033015822361756769164
1107   0.133372343599229264809183505918   0.831168556233663676885546149016
1108   0.538718471328923602696087252923   0.598469125604272043365283590902
1109  -0.136081109518103593721479850773   0.831208266649186824199449143733
1110   0.565643182503474159653373621796   0.458453033240490030299893711272
1111  -0.082190418894637022015347179435   0.831200324566082194736668544791
1112   0.565656938594929312250560266327   0.551794447455309829189226764711
1113  -0.192279863632410861354966246783   0.832475164976710825685733795029
1114   0.593941194945000000000000000000   0.599206421368000000000000000000
1115   0.079481652975762693103050834580   0.831176498316768306348326747960
1116   0.650595325686794637683088842026   0.414406553899401716509107658446
1117  -0.246170554255877433061098918121   0.832483107059815455148514393973
1118   0.511780004062917893141614239520   0.645143803753234257541340417094
1119   0.190972383906743188190421129283   0.833235096382498435895957160223
1120   0.619533873126940731359506293135   0.458445091157385400837113112328
1121  -0.500639074641873270947859679516   0.834383531346809346784391353490
1122   0.647703641860527740946967569797   0.603347648214296645454108761530
1123   0.350173946466297316704910582477   0.831828200482434745359792682670
1124   0.565670694686384464847746910858   0.645135861670129628078559818150
1125   0.244863074530209759896553800621   0.833227154299393806433176561280
1126   0.541918799122506580998276257246   0.808182761260510612186853641402
1127   0.404619611809890263202677232271   0.832933950143819336091989678605
1128   0.592595405860935021805033279731   0.505119769306347615013169938520
1129  -0.299281230161273956650730387844   0.841618899517112472311686372340
1130   0.972558045032376042770734137478   0.031083910369288248548459625623
1131  -0.453678328576151687953697382085   0.860820152309059548403375527871
1132   0.619407035908809269549277717162   0.649211672138981259780343574641
1133   0.297670610874474111269640754944   0.843977535883322422317339943130
1134   0.915870769143995612186811846986   0.038365042592052412461413735950
1135  -0.163144197543507517716303602741   0.877810797325965640628491588969
1136   0.917900950958830607728339543203   0.322944584518640875536398778118
1137   0.052543185709756983548577821174   0.877851176465730520524383574151
1138   0.646486096484401593511165951069   0.505111827223242985550389339577
1139  -0.055238195537176159863687521498   0.877867060631939779449944772038
1140   0.955258370062618981877728884290   0.185247960491746356775771746568
1141  -0.001347504847123953857996833700   0.877859562160856729452121849521
1142   0.681033487928922538156777071021   0.458878172694682503258690482215
1143  -0.109253678084071492379209951324   0.877946853722430472077264351201
1144   0.840274052687954224139121008386   0.374630280896937483531061706897
1145   0.160539633414259177609203055836   0.877710418713124507743419415215
1146   0.700218573577950092933556609330   0.509238266892274597111399739569
1147   0.106649615759000000000000000000   0.877980054859000000000000000000
1148   0.898614439752670195369724679455   0.373265922780311945167888691257
1149  -0.405326025275983215591211328190   0.884616399166902256712827763270
1150   0.821777949546575629337630457025   0.521072319433750895945570216097
1151  -0.351435862071589695163827520494   0.884854954725845254684351657889
1152   0.549139362046854883796630638400   0.696428372235631253235559044979
1153   0.449249303923916663503474585540   0.863139863153660333916187450656
1154   0.616847159225627042715795710271   0.752552285622943976045859626591
1155  -0.265852187546040712124042293803   0.883888341301690034807432607597
1156   0.563310533139482450689778471996   0.758719640506783099993977733097
1157  -0.213549871246242022772320366543   0.896875808669375092760477620677
1158   0.619547629218395883956692937665   0.551786505372205199726446165768
1159   0.210511330607978571814399099847   0.897885553868312170919046901553
1160   0.673280106311944383379083595927   0.555912945041236811287456565760
1161   0.262869371971232497893555571818   0.885124593733797884700264363191
1162   0.715861409861423001963054863102   0.417753697587825211352655624208
1163   0.346895268210584702432719058048   0.885619062790510725868657501287
1164   0.602875703269279688498161444704   0.700504182704482884937342801470
1165  -0.312067079842432636093586808311   0.921655845812123033221773410777
1166   0.739662851177751836627211937240   0.472518305514562742204911669060
1167  -0.028286356326109122104256799797   0.924534018558203424298219717178
1168   0.767954276920887651405156003079   0.518385525055009098134687690916
1169   0.079482905957998814089904081721   0.924525131428828955559297353763
1170   0.768908210589156861027082913641   0.427253357134512473150598468111
1171  -0.082177047013126523622206202348   0.924541517030569199588232331835
1172   0.822773541431029112195643603219   0.425600259361687783545099344260
1173   0.025598341459535992233255606981   0.925337724661554906539902590170
1174   0.701571532055080198157027661766   0.601780164581683167217232587616
1175   0.154173845077079062911576651281   0.931223812716841871869505960270
1176   0.728509999321085907711500675170   0.555105486432720953041175761425
1177  -0.157855995535671876071621751725   0.931441399769674913212589847787
1178   0.670921042377167683417800726986   0.665039297877821542587004196257
1179  -0.260563985538205070479360442787   0.937518943745399307391530866416
1180   0.757954511816081971239834652999   0.610196950548499535571531182917
1181  -0.208261669238406381127638515527   0.950506411113084365344575879496
1182   0.876571628882514768647951445230   0.422442350953710525899248348742
1183   0.256503583634052383195929167262   0.938637987737515248826350908247
1184   0.851200363243000000000000000000   0.471471288022000000000000000000
1185   0.308074857380286214728138708200   0.922997964619185625990333913949
1186   0.204145542270798457116772695290   0.951398947872029535045133446609
1187  -0.116546623733999958328594918787   0.966049814935673267962693144528
1188  -0.055072888502000000000000000000   0.971489376808000000000000000000
1189  -0.001054727474000000000000000000   0.972454412097000000000000000000
1190   0.943071755941416207732530649406   0.239689431528836990388039952895
1191   0.457903069530906474032668212713   0.738493160051158685893454069476
1192   0.797272500676298644655198272362   0.473075553140414921173697408384
1193   0.723010502097857370685108491506   0.651222829987744912757875878652
1194   0.496345265804243147539358588744   0.836944883223954210583604504661
1195   0.790573664872958932839381182574   0.567299427860086556733518326265
1196   0.964049003332153988888231489961   0.132079065772451916803876303553
1197   0.657563762860173850158393425488   0.717248393664434902592701468839
1198   0.400775369855878284720750497546   0.886687353782564725564634390748
1199   0.053244350091251397183965643550   0.971596829772721824085147911045
1200   0.113370719402747821931321955946   0.966427669524805436572966454466
