   1  -0.050078468523236027590956912972  -0.930427601557004568433598531729
   2   0.103036500332528592786587441578  -0.926067242722302907415039582733
   3  -0.185481169546974280401520073342  -0.913120190937722261199340719074
   4   0.237167968794157719767320636377  -0.901092899218564080058601606574
   5  -0.366767397875293143468005899721  -0.856562160207798501487461717238
   6   0.024017806738517473740840901610  -0.814842179324651669817821157355
   7   0.334121058492843320572977666178  -0.805097758388445105940017402780
   8   0.470555018671779249701094427876  -0.804235682400914945706295570741
   9  -0.487921600521680768317265070092  -0.793819608090166302264608430403
  10  -0.110525994777015605938432625538  -0.792194129985589607912413559266
  11  -0.246959651316633302068270559073  -0.791285268970150841450767346716
  12   0.158149275200146600721574096409  -0.789867835820912842461383181196
  13  -0.598614542108511158978050756425  -0.714057202484703862938335513591
  14  -0.333019759017230318179911824682  -0.682089433394424457109064329917
  15   0.636420172256984691841634091318  -0.680578006394897971667656440656
  16  -0.046505750383176027800530511796  -0.671710201709371775283482057411
  17   0.089930933339039057880872560341  -0.671710201709371775283482057411
  18   0.226367617061254143562275632478  -0.671710201709371775283482057411
  19   0.362804300783469229243678704614  -0.671710201709371775283482057411
  20   0.500314208720907581111727442533  -0.671084042258047714754544396483
  21  -0.182939406922793723930368445331  -0.670801340693933008821835844861
  22  -0.474191801793807182112991198563  -0.658075505853613012732148524283
  23  -0.696472915616476205919555341355  -0.618985085649685638966939752833
  24   0.728984205460727378078732257959  -0.580343938223581227385272432389
  25  -0.572050175301772229054495783493  -0.563003389018594788760752763525
  26   0.021712591477931515040171024273  -0.553552567597830708105580933627
  27   0.158149275200146600721574096409  -0.553552567597830708105580933627
  28   0.294585958922361686402977168546  -0.553552567597830708105580933627
  29   0.431022642644576772084380240683  -0.553552567597830708105580933627
  30   0.568532550582015123952428978601  -0.552926408146506647576643272699
  31  -0.387594432506116352452473053536  -0.552643706582391941643934721077
  32  -0.251157748783901266771069981399  -0.552643706582391941643934721077
  33  -0.114721065061686181089666909263  -0.552643706582391941643934721077
  34  -0.724647525289312713710870983279  -0.485489167978398557699013653734
  35   0.805307593575192415286497961701  -0.461614097332149248775726371845
  36   0.667202565263785290856219426588  -0.458696917710576714992622373467
  37  -0.460588058297501423292023697129  -0.437243083933453499366851290180
  38   0.089930933339039057880872560341  -0.435394933486289640927679809842
  39   0.226367617061254143562275632478  -0.435394933486289640927679809842
  40   0.362804300783469229243678704614  -0.435394933486289640927679809842
  41   0.499240984505684314925081776751  -0.435394933486289640927679809842
  42  -0.319376090645008809611771517468  -0.434486072470850874466033597292
  43  -0.182939406922793723930368445331  -0.434486072470850874466033597292
  44  -0.046502723200578638248965373194  -0.434486072470850874466033597292
  45  -0.600224784974608736845811425417  -0.429507471347307707492826664426
  46  -0.837389791661890594279475006087  -0.408650700800230266526991046631
  47  -0.708519854292901204649936309179  -0.339000851416330038573953609932
  48   0.595261091862898969550622110350  -0.338466569999512855866950545285
  49   0.731697775585114055232025182486  -0.338466569999512855866950545285
  50   0.868134459307329140913428254623  -0.338466569999512855866950545285
  51   0.158149275200146600721574096409  -0.317237299374748573749778686057
  52   0.294585958922361686402977168546  -0.317237299374748573749778686057
  53   0.431022642644576772084380240683  -0.317237299374748573749778686057
  54  -0.524031116228331438133876125673  -0.316328438359309807288132473507
  55  -0.387594432506116352452473053536  -0.316328438359309807288132473507
  56  -0.251157748783901266771069981399  -0.316328438359309807288132473507
  57  -0.114721065061686181089666909263  -0.316328438359309807288132473507
  58   0.021715618660528904591736162874  -0.316328438359309807288132473507
  59  -0.843049136952512710651048283354  -0.272331441427252215562343835194
  60   0.635381659381317541313287547542  -0.208062165445388352269859394497
  61   0.771818343103532626994690619679  -0.208062165445388352269859394497
  62   0.908255026825747712676093691816  -0.208062165445388352269859394497
  63   0.226367617061254143562275632478  -0.199079665263207506571877562272
  64   0.362804300783469229243678704614  -0.199079665263207506571877562272
  65   0.499240984505684314925081776751  -0.199079665263207506571877562272
  66  -0.592249458089438980974577661741  -0.198170804247768740110231349723
  67  -0.455812774367223895293174589605  -0.198170804247768740110231349723
  68  -0.319376090645008809611771517468  -0.198170804247768740110231349723
  69  -0.182939406922793723930368445331  -0.198170804247768740110231349723
  70  -0.046502723200578638248965373194  -0.198170804247768740110231349723
  71   0.089933960521636447432437698942  -0.198170804247768740110231349723
  72  -0.728685923940351759304735138506  -0.197926978021816308950604477053
  73  -0.918208358263626134017866246908  -0.158462832420982077736913201031
  74   0.703600001242425084153989083611  -0.089904531333847285091958270712
  75   0.840036684964640169835392155747  -0.089904531333847285091958270712
  76  -0.803845145251465182671553102060  -0.084058369015546171125173842890
  77   0.294585958922361686402977168546  -0.080922031151666439393976438488
  78   0.431022642644576772084380240683  -0.080922031151666439393976438488
  79   0.567459326366791857765783312820  -0.080922031151666439393976438488
  80  -0.524031116228331438133876125673  -0.080013170136227672932330225938
  81  -0.387594432506116352452473053536  -0.080013170136227672932330225938
  82  -0.251157748783901266771069981399  -0.080013170136227672932330225938
  83  -0.114721065061686181089666909263  -0.080013170136227672932330225938
  84   0.021715618660528904591736162874  -0.080013170136227672932330225938
  85   0.158152302382743990273139235011  -0.080013170136227672932330225938
  86  -0.665114873618252133575855718739  -0.077205437996596170114198374592
  87  -0.931505701400409476904240771833  -0.022675685272887122797171271171
  88   0.931715060348398806397945160701   0.011140231776916596769871968475
  89   0.771818343103532626994690619679   0.028253102777693782085942853072
  90  -0.740274094929365556942673682293   0.036663171009673967711232259570
  91   0.362804300783469229243678704614   0.037235602959874627783924685297
  92   0.499240984505684314925081776751   0.037235602959874627783924685297
  93   0.635677668227899400606484848888   0.037235602959874627783924685297
  94  -0.592249458089438980974577661741   0.038144463975313394245570897847
  95  -0.455812774367223895293174589605   0.038144463975313394245570897847
  96  -0.319376090645008809611771517468   0.038144463975313394245570897847
  97  -0.182939406922793723930368445331   0.038144463975313394245570897847
  98  -0.046502723200578638248965373194   0.038144463975313394245570897847
  99   0.089933960521636447432437698942   0.038144463975313394245570897847
 100   0.226370644243851533113840771079   0.038144463975313394245570897847
 101  -0.924831138578537386201080331325   0.113597638882108941498670813616
 102   0.863496718487291263557243624633   0.129297865888457663947773092260
 103   0.707989110600673396017628477121   0.153030084389184873618267786606
 104   0.431022642644576772084380240683   0.155393237071415694961825809082
 105   0.567459326366791857765783312820   0.155393237071415694961825809082
 106  -0.660467799950546523815279197810   0.156302098086854461423472021632
 107  -0.524031116228331438133876125673   0.156302098086854461423472021632
 108  -0.387594432506116352452473053536   0.156302098086854461423472021632
 109  -0.251157748783901266771069981399   0.156302098086854461423472021632
 110  -0.114721065061686181089666909263   0.156302098086854461423472021632
 111   0.021715618660528904591736162874   0.156302098086854461423472021632
 112   0.158152302382743990273139235011   0.156302098086854461423472021632
 113   0.294588986104959075954542307148   0.156302098086854461423472021632
 114  -0.796829455450614815543592732805   0.160826208429943578784429542243
 115  -0.896492362022490996803796379037   0.254004927667552926852455921904
 116   0.894113774881411113290411876958   0.262254868422641758542469173528
 117   0.486253424296178038271642158816   0.280151120282333055567265109462
 118   0.622690108018393123953045230953   0.280151120282333055567265109462
 119  -0.468800334576730171946614207540   0.281059981297771822028911322012
 120  -0.332363650854515086265211135403   0.281059981297771822028911322012
 121  -0.195926967132300000583808063267   0.281059981297771822028911322012
 122  -0.059490283410084914902404991130   0.281059981297771822028911322012
 123   0.076946400312130170778998081007   0.281059981297771822028911322012
 124   0.213383084034345256460401153144   0.281059981297771822028911322012
 125   0.349819767756560342141804225281   0.281059981297771822028911322012
 126   0.759114191427108702973469006587   0.282005340120314951676814039902
 127  -0.613764188072111585719897826503   0.284496252800024834902304850793
 128  -0.750125843572179877448211361498   0.289020363143113952263262371405
 129  -0.849788750144056058708415007730   0.382199082380723300331288751066
 130   0.846230901379535205738760645127   0.390013230537687288698184834413
 131   0.554471766157285581112343694884   0.398308754393874122745166233246
 132  -0.538543319703508035408551806673   0.398324147566593230691827107250
 133  -0.400581992715622629105912671472   0.399217615409312889206812445796
 134  -0.264145308993407543424509599335   0.399217615409312889206812445796
 135  -0.127708625271192457743106527198   0.399217615409312889206812445796
 136   0.008728058451022627938296544939   0.399217615409312889206812445796
 137   0.145164742173237713619699617075   0.399217615409312889206812445796
 138   0.281601425895452799301102689212   0.399217615409312889206812445796
 139   0.418038109617667884982505761349   0.399217615409312889206812445796
 140  -0.685051714111055234358293012974   0.409113183412874524895750366802
 141   0.711231317925232795421817774756   0.409763702235360481832529700787
 142  -0.784865280913073341524074093222   0.502198714914033131783015405630
 143   0.624723396025319353669123650852   0.515268906437211241842951690506
 144  -0.195926967132300000583808063267   0.517375249520853956384713569581
 145  -0.059490283410084914902404991130   0.517375249520853956384713569581
 146   0.076946400312130170778998081007   0.517375249520853956384713569581
 147   0.213383084034345256460401153144   0.517375249520853956384713569581
 148   0.349819767756560342141804225281   0.517375249520853956384713569581
 149   0.486938634897386503251614312778   0.517375249520853956384713569581
 150  -0.603300376240037707404734987571   0.518413665401583519278580632342
 151  -0.466863705159446733286827636167   0.518472398376831486869548580077
 152  -0.331383018871058394000607582330   0.535320397952981414990181363082
 153   0.761858275418118756114545895504   0.536459715748530141502044898813
 154  -0.703113943042055814570516067819   0.611430978560881018623004969635
 155   0.144564390077024638384360132721   0.635877469437910269515867707496
 156   0.281001073799239724065763204857   0.635877469437910269515867707496
 157   0.417437757521454809747166276994   0.635877469437910269515867707496
 158   0.675350353518205314361851771600   0.641964919950380901512466888532
 159  -0.248011711071982667539708494436   0.643478969187854424387005470297
 160  -0.111575027349767581858305422299   0.643478969187854424387005470297
 161  -0.480713680914383163831908101091   0.654204291595424087395898526030
 162   0.545345158229991935534714643308   0.683360787657064533877590616755
 163   0.017885632880686542457497830417   0.686547590222322950856293076439
 164  -0.606287522401771215082745813213   0.707553883901421050691617300005
 165  -0.361091266934671259797575078297   0.719820194688974335024493411633
 166   0.211270783596134190778190562222   0.754895223276526506585272313917
 167   0.347707467318349276459593634359   0.754895223276526506585272313917
 168  -0.198077257122501999700597398987   0.770449512913093883805282781555
 169  -0.488945327173172750197383094060   0.791142913541803781304950458823
 170  -0.063994379967199636424837961838   0.795683432919146184784997707151
 171   0.476138844499601430439348418031   0.800942481831653265129370146299
 172   0.084592026399796094851328259919   0.805565344060939187925697682860
 173  -0.367872171578121744953052133533   0.856088268709752153370307176231
 174   0.299227834553771933233544221830   0.882428332201728631419424664552
 175  -0.238911669287801898456648470455   0.900632151725764133662159796371
 176   0.167156706190297838853524918815   0.916665530070632849151593465965
 177  -0.104828792132499535180889033306   0.925866071731816434641874721967
 178   0.031501662010342669440127624179   0.931249002004646437997778107057
