   1  -0.018112792911394139576908449235  -0.971146983230402219525449106316
   2   0.039220246575599343102324995274  -0.970668287503391165946062554637
   3  -0.075300459543376392605932868475  -0.968537553685335010660764288505
   4   0.100683232775234824669714910208  -0.966228771432596465051135288023
   5  -0.142288770872949140305715260826  -0.960983380600144532529067276358
   6   0.191433995255728296347700774783  -0.952400627069976986265256885082
   7  -0.240880203853177855989759591266  -0.941122669739640445939209674676
   8   0.247063494616528608017675207687  -0.939510533179863459592165099891
   9   0.140948887205357740940665216911  -0.925754955292037366461282459165
  10  -0.295737376004185743075689709979  -0.925351045031222583416174419901
  11  -0.186251224545974024926966213552  -0.924577939394252892472105009691
  12   0.301868498963223907699629855444  -0.923369136066344243333024585245
  13   0.010587103610849132276995697946  -0.921290189055712283833494968994
  14   0.067643850483950143415090774636  -0.919683603045761335608864973357
  15  -0.046456922303840411866519842857  -0.919282058135498206523103504831
  16  -0.103632718691839790481824336695  -0.918986200788640008141668247050
  17  -0.367983145330242288545625137840  -0.899068160296580987604477906066
  18   0.370332685274255617683348973724  -0.898094825150951792632785708715
  19   0.208459077464087706059977643171  -0.892149972145725219453957838945
  20  -0.259315053695203465350615616262  -0.880747387630396025000658819593
  21   0.264325357753663936121226090999  -0.880374182519822856789548965466
  22  -0.420151020417945642225242222163  -0.875904259692790788968247374056
  23   0.422442791616113028651782328117  -0.874801257382385205818284220860
  24  -0.317434438159833051939568125037  -0.872556244376589276287102421909
  25  -0.135287006724593219601328325332  -0.870566824566115237693378111892
  26   0.038130107978986153516486705482  -0.870513761202987423396848014769
  27   0.152282639949729210396531486245  -0.869787330323409776201735022420
  28   0.095203379587377805682313339732  -0.869680004485924541932335620221
  29   0.320891881144543238995862394543  -0.869547491671046017883135262370
  30  -0.018935823362721478667779657339  -0.869275632594157677169907671771
  31  -0.078142868180332172104888792321  -0.867914476681757862214132557094
  32  -0.192457025400846760559110168697  -0.867836935542557133599573504210
  33   0.237128435485996691558390880513  -0.830190710125866719709154718627
  34  -0.505633111913799036113421480416  -0.829500035107042320358664575928
  35  -0.278673976797882267712882677669  -0.827051153324319578757150088903
  36  -0.391556479185253402057524786238  -0.826503797204668722172717867273
  37  -0.448635810969675412089178064162  -0.826440432611047725025991129507
  38   0.466921242917000000000000000000  -0.825419652568000000000000000000
  39   0.350292971934908234965351026060  -0.820551080980849022665502985446
  40   0.180898538265044127637606371343  -0.820379892582481089647921562275
  41   0.123819262185103697474976817855  -0.820281279508133109304851337689
  42   0.066739953396972792673915762226  -0.820203880427426809924782098225
  43   0.009661529284716938141517307694  -0.819876797548110902064999045472
  44  -0.047417793106235807545435350039  -0.819810181197470449170718412443
  45   0.407366695729478368341634521764  -0.819748874916541916976357952757
  46   0.293221144662375922381113931172  -0.819623711516865517004546278051
  47  -0.222152489265679815577859788727  -0.819090316088477177888031286948
  48  -0.106743952956738839374499033246  -0.818517802381140306367583282313
  49  -0.163823284121701288932472083149  -0.818459184047501662912481755227
  50  -0.335073980383828826906326240801  -0.818270886935780596378002855681
  51   0.534023887585929912937653819171  -0.811497247875646144037715366812
  52  -0.534117896770866843583038665171  -0.780036204745908209665276956991
  53   0.580804155654000000000000000000  -0.778645569401000000000000000000
  54  -0.420041269736983171921460628237  -0.777039970122925658230461622724
  55  -0.477120595826743219558795248917  -0.776976602249913614332603510570
  56  -0.590534759633144864108246537229  -0.771364926459092176589316892412
  57   0.493450220303386475128801148606  -0.771326643916724231939954497738
  58   0.436361097638259247815576568437  -0.770582035071982293162142270885
  59   0.378825832903736406991240128337  -0.770263918288027261699813715001
  60   0.321745364067448072539516713189  -0.770182611309853562683784564539
  61   0.264628212771676267199452995974  -0.770138717801625058193707790356
  62   0.207549333000844676118747177780  -0.769904268541774887660830563634
  63   0.150446449984464531655127054176  -0.769793198219119346101772291576
  64   0.093363332809841289203456210219  -0.769713790796025460734728066122
  65   0.036073728861905959515530966548  -0.769275916173936912279451577801
  66  -0.021065429857652076054762668288  -0.769178111976835335942726966309
  67  -0.078144761572784156218510712378  -0.769120031839015388166353347785
  68  -0.135232853573161487012592903892  -0.769056342394438686484500182010
  69  -0.192318610781340451938229446181  -0.769001425900685609511911307994
  70  -0.249399611157441619035915078317  -0.768934081870147281414889068362
  71  -0.306478937248732244045264868874  -0.768870714967957873929835453963
  72  -0.363558770935558596770262082799  -0.768807059854037532435746611132
  73   0.633302020519759068976868514884  -0.736657113528273427932116068070
  74  -0.634818353737818903401460652188  -0.735350807345597663789031389374
  75  -0.506898780890522539472513852354  -0.728134370513298181983788800348
  76  -0.448526054594050979391077812992  -0.727576139761791547537074003787
  77   0.521367706633255013175751234076  -0.721540426553179776515655689377
  78  -0.563557550252929224416536635337  -0.720968514083613273500016642161
  79   0.578443369160699025051856284047  -0.720890634738968832037825068691
  80   0.464293096716792275056651753387  -0.720803958473691331901774645196
  81   0.407213766483121926949885600559  -0.720744440206762227620615789204
  82   0.350134462180769807305547092802  -0.720663800836855683533037050864
  83   0.293055105236216233117349338218  -0.720641593974497758908941666383
  84   0.235976225465384642036643520024  -0.720407144714647588376064439662
  85   0.178896947483769206087385839687  -0.720309638581694811008661417588
  86   0.121817638450034282624186891263  -0.720232420838404306335039985129
  87   0.064739151190300356394308039817  -0.719916549838019672563511708109
  88   0.007588732046808568380150175948  -0.719812207873887434451230627157
  89  -0.049554796840410740017448443100  -0.719716920611582187403706076297
  90  -0.106634128005259995765997139101  -0.719658302167721699374314673323
  91  -0.163723061124779705430957963959  -0.719595635201615327495436618141
  92  -0.220802390363721651700781143263  -0.719535170493238149757017162558
  93  -0.277884396856032361343095255545  -0.719470251993621824107839647374
  94  -0.334963727801425075997477939560  -0.719406887885657346301554349339
  95  -0.392043555792626404239879267555  -0.719343229492903421742358992195
  96   0.675473371431404899894109549866  -0.698191146172241414761205138027
  97  -0.646994561540886388967133077961  -0.679585285328091088699014249236
  98  -0.477010672158923211848481148849  -0.678112213062312214649183448447
  99   0.616726355650000000000000000000  -0.677931222091000000000000000000
 100   0.549976058395448182030947064899  -0.671416745664598242562867930263
 101   0.492896697692332560849856350370  -0.671408741158848360039962689742
 102   0.435817384184455437937855244309  -0.671334904731738606782251147967
 103   0.378738061450958998161916694877  -0.671268582534484304008997134040
 104   0.321658747940532734724048380399  -0.671194748078016125169306664129
 105   0.264579679729172663849113643424  -0.671011842442793041545931033692
 106   0.207500403795989008355577863251  -0.670913144459159865742143671292
 107   0.150421093161998286246081211431  -0.670837118826076085740720624287
 108   0.093342605902264360016202359985  -0.670521247825691451969192347266
 109  -0.533576944525221333553775470795  -0.670476094091901288999598949683
 110   0.036214422168666709262860398753  -0.670429788457704053453991916058
 111  -0.590656275562178760149003961671  -0.670417351246202873334576301747
 112  -0.020939185121638339001549744467  -0.670328660383984093222380692751
 113  -0.078043697361321873297515108988  -0.670255460569867673947990662935
 114  -0.135124335556878214184362199168  -0.670197594974898340385251109453
 115  -0.703290724969594169963647879637  -0.670162150735148212780857070360
 116  -0.192210361770763624884935859545  -0.670133253695527124527922287639
 117  -0.249289687861399872321268979332  -0.670069886611766843851919664715
 118  -0.306369187407762119875259185973  -0.670006424911878753639942979822
 119  -0.363448513497752929649870656411  -0.669943057038721753651139192561
 120  -0.420528173357498636697282603411  -0.669879302793424088854468436855
 121   0.688705165140892924850493557688  -0.642666619001106987778617000291
 122  -0.741435957006057321631107844263  -0.627700465002797956037244600933
 123   0.743183050595538896610517571297  -0.625630965836670791641660659269
 124   0.635498099320830574734700392729  -0.622001149512899251575398709256
 125  -0.621243304118000000000000000000  -0.621991854563000000000000000000
 126   0.578418784012363368560655148931  -0.621928718407196187759838468755
 127   0.521339423309247747379564434402  -0.621920713901446305236933228234
 128   0.464260109801370624467563328341  -0.621846877474336551979221686459
 129   0.407180797345295408357053327594  -0.621772232379194267988058945719
 130   0.350101473675571712842767146468  -0.621706720888504483229209526628
 131   0.293022405464211641967832409492  -0.621523815253281399605833896191
 132   0.235943130825900605889246939437  -0.621424371235086931195458979091
 133   0.178863819202887803998342536009  -0.621349091812348841986869294665
 134   0.121785331943153877768463684563  -0.621033220811964208215341017645
 135   0.064706005830068503045993883016  -0.620969873952987868340130541440
 136   0.007626674305254309295694375659  -0.620911607076937339088683387694
 137  -0.049452656842432969993971636097  -0.620852971924094523269547018525
 138  -0.106532849829966189900010699764  -0.620794145646315251660075524501
 139  -0.163612180345640146528333086675  -0.620734898444322509377326650880
 140  -0.220695147311781609185839857419  -0.620669423728260084160738894148
 141  -0.277774478413129630853432909760  -0.620606059530023773384022997163
 142  -0.334853972264820068779991742483  -0.620542594550738965685055639541
 143  -0.391933298139934971683991516883  -0.620479033627756018966646271025
 144  -0.506091974624750315079112943140  -0.620449801885515512790960961760
 145  -0.449012623799974448473550756733  -0.620415279854133843019221774803
 146  -0.563171305661707741674341434017  -0.620391059039817097125938313823
 147  -0.680614458682366824416113093765  -0.617780470448818635573631685921
 148  -0.777021532346178517778606641725  -0.583071771205409595374201360637
 149   0.778644066676107999061633805006  -0.580903235949249591874788511187
 150   0.721166791709767723644656520930  -0.572968476083306547670910889377
 151   0.664088630379056532053099002542  -0.572598366026975009156031209883
 152   0.607009315070589325879053758743  -0.572525934921271945340470969382
 153   0.549929984025003607727092396958  -0.572467200460122397904856795537
 154   0.492850641587845390330088524629  -0.572420840023097587871508736671
 155   0.435771335458895016295130257731  -0.572341504116596262935320669537
 156   0.378691992295157021005443566759  -0.572296047051923068767468369865
 157   0.321612983922254326421947825197  -0.572095334534634767712411808028
 158   0.264533704945074701504990836704  -0.571998412948843818693797488766
 159   0.207454387605247337898551443648  -0.571927600748091549335455405644
 160   0.150375800073636560563761549971  -0.571630400908356011760474548287
 161   0.093296473960551185841291748425  -0.571567054049379671885264072083
 162   0.036216800662520323603592165751  -0.571508589383439553492180582734
 163  -0.020862530485262175810249775300  -0.571449954230541632630699874505
 164  -0.077941861947961850344257553699  -0.571391626537674919795484504244
 165  -0.135021205505774305380723436275  -0.571332371787736911625159103751
 166  -0.192100531596021306380453969647  -0.571269004353355117408951350396
 167  -0.249179937863511367718003787848  -0.571205596646517013692842226596
 168  -0.306259263953271399289642058440  -0.571142228773490498437857345592
 169  -0.363338589828386302193641832841  -0.571078667850507551719447977076
 170  -0.420417915488425778983201072691  -0.571014914076885375772023480854
 171  -0.534576592188316548492763033498  -0.570985875185284098825353299295
 172  -0.477497241363540681887200847091  -0.570951353153902429053614112338
 173  -0.591655923225273975087991524375  -0.570927132339585683160330651359
 174  -0.712969612524716074590453423423  -0.570757098577095052493999106883
 175  -0.648733159008656110594471439560  -0.570434549679827932030676530421
 176  -0.810760725029892629521737698722  -0.535165580783386795121563720047
 177  -0.753840097343389692987985643560  -0.530911685377643080865198618223
 178   0.813825912423000000000000000000  -0.530460905354000000000000000000
 179   0.756627807790336826095772754639  -0.528240746195885347904038741295
 180  -0.681052266745192365433165106826  -0.523386396076709195838713055472
 181   0.635611699902385978163822967164  -0.523130013386368874850315586013
 182   0.693016689227881170354320605617  -0.523117367430995705135736234263
 183   0.578532406805832348432329854699  -0.523041798046335138797530876426
 184   0.521453064540230421223111232463  -0.522995226866818492458063938657
 185   0.464373746998678756886551799280  -0.522924577456314327982021018630
 186   0.407294440661058632315865739701  -0.522845391822445537942598704092
 187   0.350215266217187784312569194423  -0.522699353626574766259782613048
 188   0.293136024338596310971426521317  -0.522582610687852744957144107250
 189   0.236056748877962758385272052711  -0.522483639795119257174699558390
 190   0.178977932067734531161392160606  -0.522234332970303600741557877576
 191   0.121889110254522824553098516900  -0.522165488971852543869562832148
 192   0.064807268793003006398890031160  -0.522105769479831357037314113376
 193   0.007727914620593345093886850782  -0.522047121002096584143222619738
 194  -0.049351416527092364389902516340  -0.521988485847725615604110242832
 195  -0.106430747361074962008603298747  -0.521929546105143743776716629350
 196  -0.163510073451321963008333832120  -0.521866178670761949560508875995
 197  -0.220589399548367237019240075345  -0.521802817360339525067568411514
 198  -0.277668725638127268590878345938  -0.521739449487313009812583530510
 199  -0.334748051513242171494878120338  -0.521675888564330063094174161994
 200  -0.391827377173281648284437360188  -0.521612134790707887146749665771
 201  -0.448906703048396551188437134588  -0.521548573867724940428340297256
 202  -0.563065384910129844389227811872  -0.521524353053408194535056836276
 203  -0.505986034085353977783665625465  -0.521489831022026524763317649319
 204  -0.624147816655471042501160171595  -0.518921304550781978876444933847
 205  -0.785984392673057129864003122085  -0.483743923504647534565713044193
 206  -0.721951610097645703268674158701  -0.483570605293571118313128069514
 207  -0.843182989927786228975596677445  -0.482455649342006026151396224548
 208   0.843951441516224349012470846808  -0.481119149295765324299391860881
 209   0.786804287856819276826256256047  -0.479790425937442479420810176485
 210   0.728502536503776158241429377221  -0.478409335429348077392540090435
 211   0.664278757165523722773925106611  -0.473771596574031046343020605303
 212   0.607199647239567793246454419217  -0.473602208235791952893520706859
 213   0.550120324174902254799172302067  -0.473536171669915128803096671335
 214   0.493040981909300327589953679831  -0.473489600490398482463629733566
 215   0.435960472568743616543179895322  -0.473419635091761614103880476800
 216   0.378874335226035982387253913795  -0.473266182581523688996656476955
 217   0.321779279410472193320382319180  -0.473162399962358772997835754435
 218   0.264698089186264829232336339649  -0.473057346063234225873182358267
 219   0.207608321619229758701807800076  -0.472854637988680587237968743718
 220   0.150484565574379805686197697989  -0.472765555597418169060311688454
 221   0.093397751824225504539577918917  -0.472702958199602875340274975344
 222   0.036318382751076027889184716191  -0.472644301098488387688356150380
 223  -0.020760948369277307984852758619  -0.472585639343014184476380344540
 224  -0.077840279230721754403350502243  -0.472526726201460617261139391138
 225  -0.134919605320968755403081035616  -0.472463358767078823044931637783
 226  -0.191998931418014029413987278841  -0.472399997456656398551991173303
 227  -0.249078257507774060985625549434  -0.472336629583629883297006292298
 228  -0.306157583382888963889625323834  -0.472273068660646936578596923783
 229  -0.363236909042928440679184563684  -0.472209314887024760631172427560
 230  -0.420316234886557889530320627210  -0.472145725695589206807483996346
 231  -0.477395565952602049858622039195  -0.472087011119731588982483000438
 232  -0.591554247897728754001630635187  -0.472062871393208112631929412673
 233  -0.534474897072952887396068448780  -0.472028349361826442860190225716
 234  -0.653011993589765330508124686486  -0.469298974079235825371963328295
 235  -0.754095905427313140144691637226  -0.436402843420575572013642495485
 236  -0.813251165270088551395713502663  -0.433598369419661411357652401431
 237  -0.696590516956799467268186864757  -0.432434820983072720319967142359
 238  -0.870297119230193996816215245418  -0.431645776494850412892461837576
 239   0.816264842777581099432024832583  -0.430901478453279267170969026532
 240   0.758839886625868039959881546270  -0.429693050902136164502830852353
 241   0.699785370887227951541558241332  -0.429080055267356725102068264325
 242   0.873124455242130067336624855613  -0.425897684619616676672014310136
 243   0.636004913471957962842667121479  -0.424158780365522522506246512979
 244   0.578723638225554404778395142257  -0.424133325157817366710102781806
 245   0.521641742202035152047938182178  -0.424068769765598575158195911497
 246   0.464551755085662396396251969925  -0.423993830481559963740784801436
 247   0.407456269419763832451504425087  -0.423851907339715706464857288340
 248   0.350367437068756968187020454076  -0.423740309522309821683343322017
 249   0.293276304272399074608078074231  -0.423638268340107947443706036285
 250   0.236197250446330997456042623551  -0.423450927289306679689521760413
 251   0.179067528453617629276937879130  -0.423358393005415329517818046493
 252   0.121988196929986102908932450021  -0.423300124970813028635367698047
 253   0.064908865782298526029872603948  -0.423241489818259905991317012348
 254   0.007829534679640985738786188220  -0.423182810846867541485547236152
 255  -0.049249796199569843156880076184  -0.423123914921191285390819620786
 256  -0.106329122289816844156610609557  -0.423060547486809491174611867431
 257  -0.163408448386862118167516852782  -0.422997186176387066681671402950
 258  -0.220487774476622149739155123375  -0.422933818303360551426686521946
 259  -0.277567100351737052643154897775  -0.422870257380377604708277153430
 260  -0.334646426011776529432714137625  -0.422806503606755428760852657207
 261  -0.391725751640397358572838464669  -0.422742721709938944612405739450
 262  -0.448805082904352018007450871862  -0.422684199848892828528896324586
 263  -0.505884414006989811355927005035  -0.422625520858291843553367995929
 264  -0.620043095952116515498935601026  -0.422601381131768367202814408164
 265  -0.562963745127340648893373414619  -0.422566859100386697431075221206
 266  -0.780608702956881767780332070773  -0.385854598648827148862395721306
 267  -0.663675820450865509176085740830  -0.385801396958337510973397890446
 268  -0.723648000576460909857924360389  -0.382176030085158703360668386330
 269  -0.837554457628719878800036093372  -0.381951457964286035240586260491
 270   0.839765284313105811595253348597  -0.378884339643230544643418271662
 271  -0.894548796819088922473649932595  -0.378837171111464756737561748586
 272   0.725617183967796153665244135230  -0.378180439204766649295868815632
 273   0.782695517086143340065661921877  -0.377837845014093666118007135679
 274   0.668541992869140584955683078675  -0.377222241548530157834655377970
 275   0.607375639258608208131283218360  -0.374758731417496312181748546227
 276   0.550257412756161560879355774676  -0.374658811619287427119508431938
 277   0.493175414348456277127676448729  -0.374574938702785638825919992754
 278   0.436055181346852189571710286393  -0.374433650858713389680825268375
 279   0.378955411655892341056391010923  -0.374326539601010626985843621040
 280   0.321876132534060011105172308727  -0.374229703162449643819376655461
 281   0.264797043223416667829206784380  -0.374053504932909879146719972469
 282   0.207712432147235689602639350307  -0.373987116186481038105165172146
 283   0.896630660873504732554177269156  -0.373883150312713359969530497450
 284   0.150549598133241002116141615136  -0.373880494825948511285981404460
 285   0.093460613081526166663002732317  -0.373816281588961172471885403043
 286   0.036364790964607062089201863965  -0.373748079826057929325180341408
 287  -0.020719916294894126169733819973  -0.373686080877078138967728206841
 288  -0.077799754133899547719577879201  -0.373622418123203668747974699923
 289  -0.134879896720508360117057395353  -0.373558585648371750144428646408
 290  -0.191960192377424806265348132106  -0.373494658299148835347854355636
 291  -0.249040010481890676665105445100  -0.373430813351280752454778417851
 292  -0.306119585210680557833502990795  -0.373366915863152446067029601454
 293  -0.363199110671995932004743400742  -0.373303018662606495650470219634
 294  -0.420278441936058192639592647485  -0.373244496801498293821745486512
 295  -0.477364963691720729772717550791  -0.373181669510895872285706513943
 296  -0.534481705353715425778676223538  -0.373101448026767558148846534020
 297  -0.591642733081855127031970062933  -0.373089030438370962838161811594
 298  -0.795580861590503234670946212209  -0.330773858383302700394776477823
 299  -0.676783920475079206413031032405  -0.330247538441545889380266925296
 300  -0.858195531204719075031898870500  -0.328734923278357077491175775527
 301   0.863867373372030551382451874130  -0.327143226538232963121450099738
 302  -0.738620159210082376748538501826  -0.327095289819634254893049142848
 303   0.749774509830712521988992778643  -0.326465092454489860101233728567
 304  -0.915254115264979009140754010251  -0.325645599688890899425229153101
 305   0.635640426581442481929558916858  -0.325123426757663387204092957487
 306   0.521482417589863243892043197948  -0.324910649944714215854376533023
 307   0.806832286150499585833018886890  -0.324895492572469380007918011829
 308   0.578561741726228101494869916621  -0.324845546302048670130262202672
 309   0.692718962417918831132550370373  -0.324816459149311510264352298116
 310   0.464403398843844347186092665044  -0.324712909356782711691533700371
 311   0.407324072690638217627085534582  -0.324649598659338533694035411201
 312   0.350244712523916949462372352134  -0.324638404633899842938410024963
 313   0.293165468230691043742588162890  -0.324522848315465951450899644512
 314   0.236086142133775923928144118408  -0.324459486887793632669817317948
 315   0.179006811042538526668453931454  -0.324400796808632700716016169978
 316   0.121927479920100634538223795586  -0.324342137081518081151739705275
 317   0.064848148848672438671701251210  -0.324283427739979906717707077307
 318   0.007768817976413613429266633702  -0.324224525077113983362391204220
 319  -0.049310508113213851177774875251  -0.324161157084676392588574395849
 320  -0.106389834209299849265667700972  -0.324097794910091761331541332479
 321  -0.163469160297972405910122178369  -0.324034426057517515324743015461
 322  -0.220548486172555116745066794229  -0.323970864656614348003323974819
 323  -0.277627811832330040586727030461  -0.323907110646135983644548951643
 324  -0.334707137065818790467886432836  -0.323842976114824145289951112394
 325  -0.391786468596002870319062251882  -0.323784714499452876140750005094
 326  -0.448865799787910217074351426417  -0.323726122409157769499385549630
 327  -0.563024492077670844669551756085  -0.323671064573072942830200678135
 328  -0.505945130925987621048425602133  -0.323667477902173644097914157842
 329  -0.620103625425430147361487519146  -0.323509761698938540950040454318
 330   0.919372479864288946928784250872  -0.313830201501392274087275900282
 331  -0.705260613175759228101057926471  -0.280779048923676746208694764274
 332  -0.818883274519299839374542139447  -0.278667706788271764319892121931
 333   0.721315351087185333620508531112  -0.275417066061696167464281679521
 334   0.778394710969555198396258316603  -0.275404505512433611203760666650
 335   0.607156676185422904038140460745  -0.275385422916434757695898909531
 336   0.664236027407143797754516944848  -0.275351563561425569902733638366
 337   0.550077340259598240803628919478  -0.275331639876784184662220827738
 338   0.492997982232503153893339146639  -0.275312415850468451765787342485
 339   0.435918656135254139132846011965  -0.275249054723587078603286551243
 340   0.378839329982048009573838881502  -0.275185744026142900605788262073
 341   0.836311554452325076567316906456  -0.275171767552755312856389277554
 342   0.321760003885132882026721767037  -0.275122382598477547825694253674
 343   0.264680677788217762212277722554  -0.275059021170805229044611927110
 344   0.207601351691302642397833678071  -0.274995659743132910263529600547
 345   0.150522020600065245138143491118  -0.274936969663971978309728452576
 346   0.093442689477627353007913355250  -0.274878309936857358745451987874
 347   0.036363358406199157141390810874  -0.274819600595319184311419359906
 348  -0.020715972459284515460567527699  -0.274760691367391336437727919303
 349  -0.077795298555370513548460353420  -0.274697329192806705180694855934
 350  -0.134874624644043070192914830817  -0.274633960340232459173896538916
 351  -0.191953950518625781027859446677  -0.274570398939329291852477498274
 352  -0.249033276178400704869519682909  -0.274506644928850927493702475098
 353  -0.306112601411889454750679085284  -0.274442510397539089139104635849
 354  -0.875803244786164068660746892720  -0.274405023693343852720960879675
 355  -0.363191925905714067488356326244  -0.274377720914088939665092055805
 356  -0.420271258520816798861829770593  -0.274320532078100561529825079858
 357  -0.761971185946667669621145008005  -0.274301053991292948060116420557
 358  -0.477350590076219215354951295165  -0.274262295174559306704438754296
 359  -0.534429895609073943469945393095  -0.274182531551824736515261433369
 360  -0.591509209801857758918615143802  -0.274109226504520946299314166242
 361  -0.648588409810161487733047201664  -0.273973547616879114735915624422
 362  -0.932799705209903777720201212984  -0.271329803129942719192575691948
 363   0.910821795616593667801741015607  -0.257394935211201811845683821435
 364   0.749737922880094307241443947204  -0.225917461063015346748142200436
 365   0.806817282762464172017193732694  -0.225904900513752790487621187564
 366   0.635579247978331877659075876836  -0.225885817917753936979759430446
 367   0.692658599200052771375452360940  -0.225851958562744749186594159281
 368   0.578499912052507214424564335569  -0.225832034878103363946081348653
 369   0.521420554025412127514274562731  -0.225812810851787631049647863400
 370   0.464341227928163112753781428056  -0.225749449724906257887147072157
 371   0.407261901774956983194774297594  -0.225686139027462079889648782988
 372   0.350182575678041855647657183129  -0.225622777599796727109554774589
 373   0.293103249581126735833213138646  -0.225559416172124408328472448025
 374  -0.791673284701265967236118406919  -0.225558476998271924796834279578
 375   0.236023923484211616018769094163  -0.225496054744452089547390121462
 376   0.178944592392974218759078907209  -0.225437364665291157593588973491
 377   0.121865261270536326628848771342  -0.225378704938176538029312508788
 378   0.064785930199108130762326226966  -0.225319995596638363595279880820
 379   0.007706599333624458160367888392  -0.225261086368710515721588440218
 380  -0.049372726762461539927524937329  -0.225197724194125884464555376849
 381  -0.106452052851134096571979414726  -0.225134355341551638457757059831
 382  -0.163531378725716807406924030586  -0.225070793940648471136338019188
 383  -0.220610704385491731248584266817  -0.225007039930170106777562996013
 384  -0.277690029618980481129743669193  -0.224942905398858268422965156763
 385   0.863887973077469628586572435602  -0.224910018954352627153403344894
 386  -0.334769354112805093867420910152  -0.224878115915408118948952576720
 387  -0.391848686727907825240894354502  -0.224820927079419740813685600772
 388  -0.448928018283309589714330831242  -0.224762690175239426469055928250
 389  -0.506007323816164412003977334611  -0.224682926552572248200858163562
 390  -0.563086638008948961496219298842  -0.224609621505840024410334198841
 391  -0.677245059590733024620429829737  -0.224600223709535372020846523775
 392  -0.620165838017252690310651356704  -0.224473942618198192846935657020
 393  -0.734323933141603511461408729587  -0.224364265000796531095127300687
 394  -0.848735311572152143596384680498  -0.224151859873836108449901263227
 395  -0.915132356627725641330686249678  -0.217053488991782044767242129329
 396   0.947645640788193397920548687934  -0.213782346327640412298478247501
 397   0.900711818249069358705380107929  -0.181297430070791227606197770959
 398  -0.955293334952422741571232759036  -0.176493048876422080689839900640
 399   0.721256993534524731020979904927  -0.176451410624748437635471124418
 400   0.778336652342556000277367340895  -0.176438677965097497019183835916
 401   0.607097785945269808319805357307  -0.176400543304952553965990026782
 402   0.664177145410030178615656045406  -0.176386210086093758487659118853
 403   0.550018443600078440894185310986  -0.176354069775543139773976276491
 404   0.492939082764609108334760733865  -0.176347072434489706340540676312
 405   0.435856393523878016652393830191  -0.176285647896610161429182356350
 406   0.378777067426962889105276715726  -0.176222286468944808649088347951
 407   0.321697740645023991265485716221  -0.176158924644760106955936019283
 408   0.264618409365895032626277092980  -0.176095560217466837098611257792
 409   0.207533691216008317682510458458  -0.176033752339518030783837341460
 410   0.150453258681550176420202709381  -0.175974455258858893910079455401
 411   0.093373927610121980553680165005  -0.175915745917320719476046827433
 412   0.036292214019149297287434296139  -0.175855457990972025783917322533
 413  -0.020791173918054149370972537066  -0.175789745897591225278515794338
 414  -0.077881772991922300712867711878  -0.175719857558868377370404275003
 415  -0.134963628502420614025902187720  -0.175654833669417755999330795741
 416  -0.192061450339519442319450635126  -0.175580391492641723105164603835
 417  -0.249140775547307554272023146336  -0.175516234092002899046663241770
 418  -0.306220099893923377616103199802  -0.175451315047630451583744307407
 419  -0.363299432431224740491447527853  -0.175394048611892923873614129732
 420  -0.420378761061066171747881531534  -0.175333011614453352347574774050
 421  -0.477458065124976017186052020711  -0.175252203643205934491181672881
 422  -0.534537384404734966049062034766  -0.175182972813148282183628197117
 423  -0.591616584413038694863494092628  -0.175047293925506450620229655297
 424  -0.648695944606945655218288964398  -0.175036239391518555964814148365
 425  -0.705775220129231187763458540610  -0.174937304061591546596168466336
 426  -0.762854580440630023165546574383  -0.174926873817128239426812880357
 427  -0.819933915049998588499208487080  -0.174871711327771708205422422675
 428  -0.877012473854237905371264688263  -0.174569044548150148834003588245
 429   0.841644414736717000297920441801  -0.172343132089235473801481701473
 430   0.958565490314790590970014603877  -0.157757259369519881602955874460
 431   0.878468259908316730416728114128  -0.128730543205674074254276127539
 432   0.806927006573451693937449066955  -0.127035792145538364412985092265
 433   0.692768314427593360670698036062  -0.126983795807461309173130699517
 434   0.749847675318003631111276801755  -0.126977261988166353779768336979
 435   0.578609622974024894642498618892  -0.126927585430493090735079754411
 436   0.635688984145232985433094218876  -0.126924324253673247079684650037
 437   0.464450929178250823267318927109  -0.126885182179581800113339520845
 438   0.521530288892477175817816731025  -0.126871879456332735205839206492
 439   0.407371603081335695720201812643  -0.126821820751916447333245512446
 440   0.350292276984420574990002023411  -0.126758459324244953513384867435
 441   0.293212950201324900018217548965  -0.126695097499396817975334015206
 442   0.236129445048287749818156488981  -0.126633991762039841036765233172
 443   0.179044725680052799461624256453  -0.126572213435010175697289158788
 444   0.121959503405258582542279650175  -0.126510095038003356258576854584
 445   0.064878189970500233869815314286  -0.126450038639879801333430036854
 446   0.007797627759396175259498801456  -0.126385961619502713399060354095
 447  -0.049295995143675499792340651968  -0.126314323585848972136302352509
 448  -0.106382639372402414204682521363  -0.126246529279383547645401334917
 449  -0.163482125389359000930523800242  -0.126171124469727600496262818122
 450  -0.220568715728458339325141619023  -0.126102765482153273487599193483
 451  -0.277670768304760968037119306955  -0.126024711399791715166345620333
 452  -0.334757945271887763134980206875  -0.125962914768110880204112068399
 453  -0.391845482967572993440482560518  -0.125897138773085673952274717138
 454  -0.448924879311343744902085699617  -0.125816277540085077064710098576
 455  -0.506004198591102693765095713672  -0.125747046710027424757156622811
 456  -0.563083398599406422579527771535  -0.125611367822385593193758080991
 457  -0.906967254132755385828285349953  -0.125583636104980440404711055199
 458  -0.620220020884912556484980986831  -0.125567307216612609719339164642
 459  -0.677314956429950899488554267019  -0.125459360768484457288026856271
 460  -0.734394316741349734890642300793  -0.125448930524021150118671270291
 461  -0.791473651350718300224304213489  -0.125393768034664618897280812609
 462  -0.848552210154957617096360414672  -0.125091101255043059525861978180
 463  -0.964009949993201577606494133262  -0.120083172927441654919082655999
 464   0.940956917913330995891317056564  -0.103461848326494822015295637641
 465   0.835521533067321416467130508285  -0.077635321126125253624502366375
 466   0.778442206958657856472251442467  -0.077571970282953453867777584748
 467   0.664283514812799523205500411575  -0.077519973944876398627923192000
 468   0.721362875703209793646079177268  -0.077513440125581443234560829462
 469   0.550124823357386779614010162669  -0.077463731126735615839115155351
 470   0.607204184530439147967896594389  -0.077460502391088336534477142520
 471   0.435966138735771505136853280744  -0.077421355034924554010854644762
 472   0.493045496418078351192886889012  -0.077401133171247938624512188041
 473   0.378886812638856384406653491511  -0.077357993607253060190993999750
 474   0.321807486541941256859536377046  -0.077294632179587707410899991351
 475   0.264724089326416236383368968896  -0.077233588920000324690885276160
 476   0.207640478480451206507634000550  -0.077172452260212996506938491463
 477   0.150555903245303045296680767640  -0.077110708416945022055870259676
 478   0.093470310738699886475120644209  -0.077048175189953358020459882798
 479   0.036389133151523717410753942816  -0.076983742015921805038166840890
 480  -0.020691831337148816578765137840  -0.076919432197387745468712578245
 481  -0.077800808158160186546065782564  -0.076838712015421554376884061469
 482  -0.134885900317761375528076395424  -0.076771636678830178031946585842
 483  -0.191986245749074304264534322038  -0.076695317741695129896296465924
 484  -0.249073471899735588297045145688  -0.076625843794636892018522965348
 485  -0.306171112122012124486014694240  -0.076557991402016450118959754756
 486  -0.363252383545652376078583287251  -0.076492773968166252651645456774
 487  -0.420331691867067210066866174958  -0.076415031461418611483748770789
 488  -0.477415005917022834348130925300  -0.076343488694507625380779708480
 489  -0.534494205925326563162562983162  -0.076207809806865793817381166659
 490  -0.591594729272264173496529438760  -0.076162833914781690314325040159
 491  -0.648674038516107869113900807907  -0.076085771640277487152756938436
 492  -0.705845651791103900710293015510  -0.076021941824454420975451142607
 493  -0.764999012502129186349734871338  -0.074825527209169530303862055051
 494  -0.822077571306368503221791072521  -0.074522860429547970932443220621
 495   0.892442670403229717102445240311  -0.073388250755250972045654090902
 496  -0.883896888110832178566273798872  -0.073344821961362154486332727578
 497  -0.941342816401663456139561822426  -0.067697540001114839156019866869
 498   0.969942158417703909941167429396  -0.054289607018495123114164303492
 499   0.807036741406276926223118935396  -0.028171494683204540267743858154
 500   0.749957415297613366228239869577  -0.028108143840032740511019076528
 501   0.635798723151755032961488838685  -0.028056147501955685271164683780
 502   0.692878084042165303402067604378  -0.028049613682660729877802321241
 503   0.578719392869394657723885021499  -0.027996675948167623177718634300
 504   0.521640033876614659988157107914  -0.027980572475333395573712417535
 505   0.407481348293297508711289854762  -0.027957527890264243292110029521
 506   0.464560700058411806735018230114  -0.027924597314268811899326761476
 507   0.350402022196377066276187845146  -0.027894166462595814088509123667
 508   0.293318647923751973799348157784  -0.027833136483083956602710774406
 509   0.236235170766300131014320515249  -0.027772077206716650313809604202
 510   0.179151545533318239709245582171  -0.027710883270651545955566155115
 511   0.122067254429564930556253535457  -0.027649103398167775215350616084
 512   0.064985520295166220754687364147  -0.027584348045151173031215519736
 513   0.007904342710923413747761703883  -0.027519914870182488735462988610
 514  -0.049176462452488224787258796161  -0.027455513300973426377141010065
 515  -0.106307976788895337645324636333  -0.027361559071860392735479436288
 516  -0.163401849525276272857038019172  -0.027288984393834906738699649429
 517  -0.220486864278679945764057947353  -0.027220789933029822840909500043
 518  -0.277573365589808354816210729290  -0.027159384380883562848418051339
 519  -0.334652763619350695110217153362  -0.027090968028069273555451136867
 520  -0.391732076615732299606368974517  -0.027016737242042320136531664532
 521  -0.448811396823823776261960354285  -0.026948276080409563597185838019
 522  -0.505890596832127505076392412147  -0.026812597192767732033787296198
 523  -0.563005536598184314079564650387  -0.026759275899261890937948125828
 524  -0.620084845842028009696936019534  -0.026682213624757687776380024105
 525  -0.677204685918683661464216293489  -0.026648380516368174277538038402
 526  -0.734435217023377075334450573267  -0.026618599405362076540781881637
 527  -0.851497050099642938731128977573  -0.025609183917956983348074054954
 528  -0.794426824251473723571547776123  -0.024588006172679254305596518579
 529   0.921037204840661276340914114761  -0.023987784333818949878838819765
 530   0.863957878742185226858433667421  -0.023924424312330258688895582682
 531  -0.908396923989582099891481784055  -0.021086150239383294812419409650
 532  -0.971272646304554824706724300856  -0.019094466391182701742611669506
 533   0.971456371154276457799758508885   0.002769666041515846465623461262
 534   0.778551932713305697896783201866   0.021292583092260960582715418564
 535   0.721472606315222040468236596765   0.021355672628019646974290410031
 536   0.607313914169363707201485565873   0.021407668966096702214144802779
 537   0.664393275059773977642064331566   0.021414202785391657607507165317
 538   0.550234583887003331963881748687   0.021467140519884764307590852259
 539   0.493155228822219085778281449076   0.021493743842631053813183074852
 540   0.378996557850818190580824208398   0.021506299254393002810374846562
 541   0.436075899262758306454784624511   0.021553905216942451581004442662
 542   0.321913183578188292924869643114   0.021567329233908230301860245722
 543   0.264829783105464696691303456851   0.021628344122674758895204617553
 544   0.207746313651992233547187475673   0.021689447888033589556875109014
 545   0.150662882951901270863331962814   0.021750729716540582986119928004
 546   0.093582463986142809163887221538   0.021814723746569837166492950829
 547   0.036500729854565917091695125213   0.021879479100588143271488332544
 548  -0.020580288404245090546308577507   0.021944004026132898254201669776
 549  -0.077660952068489515139445857998   0.022008487079798710480626738352
 550  -0.134811373562355074178842269762   0.022113830977194535993957816954
 551  -0.191895160916922414820707260710   0.022181525842828596091836700560
 552  -0.248974490774292820907814727144   0.022241403902211122918334464595
 553  -0.306053814412641895311403973885   0.022306942723505860555723853867
 554  -0.363133127377179051575068450177   0.022381197992090884523083213475
 555  -0.420212447614631478233189737574   0.022449634669727747766893381197
 556  -0.477291647622935207047621795437   0.022585313557369579330291923017
 557  -0.534401927504985255993394079372   0.022635936714836170845645744634
 558  -0.591510154041580597074899780668   0.022729733016291939309781446534
 559  -0.648615493244603802047251505116   0.022755177499151625098838875930
 560  -0.705709341060050095350557143440   0.022804001808654997929482342139
 561  -0.762788583072846602891441529900   0.022920679111924394700671444269
 562  -0.824337172329943239831277860958   0.024594347052319043938502928355
 563   0.835473088730525135418052636506   0.025539403080423343390869689142
 564   0.894664504197224034140882474153   0.026633694735051973339543575295
 565  -0.938326753892473468458644262485   0.027516923370548842600988787713
 566  -0.881270342492821510777832020036   0.029135379592433837489775628218
 567   0.969616828543360800310968278968   0.059819377393380876969184843825
 568   0.750062960546117734128318322825   0.070758558447578779580489153682
 569   0.692983629290669671302146057626   0.070817088604950790213705908968
 570   0.578824937044752869532560505029   0.070870026960493203376726037049
 571   0.635904298035221608475973792427   0.070875618762322800846922664255
 572   0.521745605785686186872617234418   0.070928555876616765886332391944
 573   0.350507719232638703262057310372   0.070967794950902395770960946954
 574   0.464666259338141710143741538359   0.070969683357500535356568238521
 575   0.293424318759900506108266290423   0.071028809839666652217415257158
 576   0.407586987597485341446572489043   0.071070776902296423570770795209
 577   0.236340960673493482211072779321   0.071089849142114936225361393475
 578   0.179257661109361743546722061956   0.071151055064397489334415360936
 579   0.122178071752581508494003209201   0.071214568876048561693349373468
 580   0.065097673545537176068666213210   0.071278550892312238658205891282
 581   0.008016098739397412797624843824   0.071343397996903530261152990930
 582  -0.049064778020205944276548889310   0.071408004406881627339147337096
 583  -0.106145083808608560190076662991   0.071472693546293600596565614914
 584  -0.163305328439886656759103620143   0.071584713607218087264844983492
 585  -0.220395988967819177517542334114   0.071651147039024481803741262408
 586  -0.277475338079155612795287744540   0.071716700593838078635533336246
 587  -0.334557678910332886253604609115   0.071792707048859341613296395574
 588  -0.792256332324119973307885666340   0.071805290559828630216875488711
 589  -0.391636999147785312911725896513   0.071861143726496204857106563296
 590  -0.448716199156089041726157954376   0.071996822614138036420505105116
 591  -0.505795545471998474615174853273   0.072038132382575676462923175495
 592  -0.562874865687527031272941193696   0.072106587343280979961341800045
 593  -0.620040801444156389425215266249   0.072167124140201252185000346568
 594  -0.677120148385970235933592355068   0.072207559824174797305859256471
 595  -0.734199390398766743474476741527   0.072324237127444194077048358600
 596  -0.968484571155118742320771504788   0.075978862459914497504371397887
 597  -0.849156556249937629959002780000   0.076323918619350681828443129891
 598   0.861094829819972202204385596228   0.076545087723351448640243211107
 599  -0.911436392155029747891636844320   0.077865328786985963862418280523
 600   0.917734527567417817269587069185   0.083616022698762850278733118625
 601   0.804904986916003545349571464885   0.086582768569832636692361379911
 602   0.964429881231317885625069490924   0.116662574523121766505237108067
 603   0.721573983521565364962227783686   0.120219974424509922819904652619
 604   0.664494652266117302136055518487   0.120278504581881933453121407906
 605   0.550335960020200500366469965889   0.120331442937424346616141535986
 606   0.607415321010669239309883253287   0.120337034739253944086338163192
 607   0.493256640761209931108356605993   0.120400690888443939139134010403
 608   0.322018854414341630418575207475   0.120429275556655469113015775712
 609   0.436177327016822323751609603245   0.120474344253988895233228527562
 610   0.264935496327929291628035612894   0.120490314859106829547572033080
 611   0.207852311858319685280984369535   0.120551454160898836751046503284
 612   0.379098044409118473476775866112   0.120569103624865164574133842643
 613   0.150772870666084922586452331903   0.120614882209516357515361886583
 614   0.093693236428529764252610758980   0.120678422003007545195280474524
 615   0.036613042429897906738120197662   0.120742469788900149821935740100
 616  -0.020468390876563440932615467979   0.120807398377652259346098658250
 617  -0.077548838481249943673847303886   0.120872251919606229837582622259
 618  -0.134628377230545708042227576277   0.120937382751708852276117250380
 619  -0.191803152826227845338953614229   0.121052596448212878816358055352
 620  -0.248903682007603785399420879727   0.121130402657915889624420119421
 621  -0.305982994971737815291041896763   0.121204658236379643816624812444
 622  -0.763667139650040113890920877967   0.121208848575348429593252403042
 623  -0.363062315209190241949163184161   0.121273094914016507060434980166
 624  -0.420141515217493970763595242023   0.121408773801658338623833521986
 625  -0.477220861533403403652612140921   0.121450083570095978666251592365
 626  -0.534300181748931960310378481343   0.121518538530801282164670216915
 627  -0.591405513090102823623256679277   0.121543978467190292836560700080
 628  -0.648550578202332981416099451828   0.121622467917489281295096448274
 629  -0.705706540165618249428485996564   0.121783421996787339457690018306
 630  -0.879113041698688886060092145720   0.124910567628180734860188614518
 631  -0.820567363575857770542037991627   0.125727476634870481204820044223
 632  -0.962350517431542372552907922641   0.132727667445259968595148440144
 633   0.890532720170049606289408621015   0.133796847290084346381640421084
 634   0.833495341146899239009653190945   0.135985654389391769298560123562
 635   0.776416009891451176183480925746   0.136044184546763779931776878848
 636   0.937115994281100784166690954125   0.166782481366802671818915980185
 637  -0.917602952745154583729994923348   0.168163651091633221639123601803
 638   0.693085006497012995796137244547   0.169681390401441066059320151557
 639   0.636005674440845540395958772583   0.169739921022204035854553706835
 640   0.578926348105430851514923271100   0.169803067231332249962546262386
 641   0.521846988174371405755151694250   0.169815404809130543261011125752
 642   0.293530031982370415938344529945   0.169890780576095646443172551634
 643   0.464767697162430064123026483444   0.169904958830852403129263052989
 644   0.236446847512755494697947203107   0.169951919877890730073257142889
 645   0.407688389025287457279250459753   0.169982836515846094788200295700
 646   0.179367521415840367150830488001   0.170015281305556082853710915736
 647   0.350609100105003906755727346056   0.170073713924973426765802529543
 648   0.122288080226274885380513287849   0.170078709355724932992729969704
 649   0.065208568988965879446338691809   0.170142361926010432272205255614
 650   0.008128552813937053007879885859   0.170206470169648878906881407421
 651  -0.048952413857829710013460717202   0.170271667473143675135510387171
 652  -0.106032203183536772577012821279   0.170336900079529624434676497301
 653  -0.163116209387204131603743871813   0.170399458136416987187150650595
 654  -0.220286068654119957415302378619   0.170517503082004326012608390409
 655  -0.277391666821759924433789288385   0.170606980418325443087139755388
 656  -0.735174289416891619844930133004   0.170668033444691574973894062748
 657  -0.334470987059212351091910575783   0.170675417095962306330949923110
 658  -0.391550187067516079906342633645   0.170811095983604137894348464930
 659  -0.448653010480747020552298616735   0.170865985550953635620036202626
 660  -0.505751468840087070674553366797   0.170945499529803084850275440472
 661  -0.562830829151507752660693966925   0.170955929654710595039889116950
 662  -0.619910176099754530551788173254   0.170996356256884953922884492222
 663  -0.676989418736576680302298734749   0.171112727882621306125986875402
 664  -0.861608519568031748312544953087   0.179239613150128077635069844524
 665  -0.804543329552064448212277412273   0.180511450714456986753339869917
 666   0.865270300588038629510467635520   0.184981450826801522614620989519
 667   0.805006364122346869843562651806   0.185447070366322912537975622499
 668   0.747927032866898807017390386606   0.185505600523694923171192377786
 669  -0.946876190433546970885537976286   0.217164988191628520135051147032
 670   0.664596029472460611626568152186   0.219142806378372200656974242158
 671   0.607516706458332607373494942982   0.219208886612400871435221142477
 672   0.550437372528813348633024633804   0.219264748145889106299182103073
 673   0.493358039558413879651283696965   0.219321581259126490823409794216
 674   0.265041383167196619008256120158   0.219352385594879546968857661443
 675   0.436278743972628946782218008113   0.219408170976095641328712159671
 676   0.207962057505338183410002705238   0.219416137739950777685919894063
 677   0.379199426642139542933072676778   0.219478990703461088000079319357
 678   0.150882730976042599333030389840   0.219479108451757556387063032883
 679   0.093803405083517080432566452864   0.219542653737640896969465523350
 680   0.322120198158116649826907334100   0.219602108603060376084712181970
 681   0.036724079373005025716098380006   0.219606362306759161357150922935
 682  -0.020355409295541842596727563130   0.219670774318138248957152593465
 683  -0.077435804627757538752368908134   0.219736300622456349400999779830
 684  -0.134519801250975661668792782962   0.219799110287895204423131393178
 685  -0.191599125215096243680092636202   0.219864364770208434383400985653
 686  -0.248761425691730810635104622341   0.219986761454543914488898991752
 687  -0.706457167987850050718742871189   0.219997339330525541642190919844
 688  -0.305883417298031003118301414576   0.220079914234361376645780574512
 689  -0.362962617306334731932733472438   0.220215593122003208209179116332
 690  -0.763536109934408608923362725528   0.220216128292518670367583196068
 691  -0.420054089087164811125290630637   0.220263912404944157482112668479
 692  -0.477133409333797222586857411436   0.220332341425625350280613146176
 693  -0.534284080674434280401280013794   0.220384025245530149824433671191
 694  -0.591411454936751066068988757675   0.220452158488997927515024092264
 695  -0.649366676976970949296821652569   0.221063079433242306774889946028
 696   0.945460312069559282015595884939   0.223248629128038405012960061586
 697  -0.834177368200244258743976795268   0.229295436157906330131801109791
 698  -0.891252691694384754127449345465   0.229974354700668356446684164112
 699   0.833593474219082613637856199966   0.234851833483512346273974008814
 700   0.776514142963634550811683934767   0.234910363640884356907190764100
 701   0.719434822032905308657955822756   0.234978219630352948071172529532
 702   0.890536944276923986385040748142   0.238788164277566012870659197608
 703   0.636114895725518813113071419936   0.268608739128471082714807121754
 704   0.579035459473889752864427855116   0.268676783573644000194234200457
 705   0.521956171196419748126584902873   0.268768063834201361319368715393
 706   0.236560116725772003980562860624   0.268818241942880560488659046431
 707   0.464876850147866470664660027685   0.268835820639578373097284710205
 708   0.179480794689820648246665240169   0.268885162249784901547979509480
 709   0.407797543958392278036762097845   0.268915112989431585230610911250
 710   0.122401464753307989638781886606   0.268944964925675085620636589263
 711  -0.793170148582588419455062108523   0.269000113735968013746044435942
 712   0.350718246621856493071221665608   0.269000540829337348406723201347
 713   0.065322138860150366415297242494   0.269008510211194475535081820487
 714   0.293638926576125958616678728974   0.269069137225434222967594345229
 715   0.008242813149638394587204796449   0.269072218780312787647926781635
 716  -0.048836511664857686936957071035   0.269136725134604351918489254953
 717  -0.105915834605428003791741146564   0.269202868876373901417837443253
 718  -0.162995158288586514888595026684   0.269268368660434792899421994521
 719  -0.220074482252707096899894879925   0.269333623142748022859691586996
 720  -0.277241829249141439471376633325   0.269453114620666077270214943776
 721  -0.334344152384749046035364771094   0.269602200090699303493410047734
 722  -0.391466519325983463151681469430   0.269668409543343227796943319881
 723  -0.448558810514207487774537393347   0.269744341836942367250436564326
 724  -0.505664060008239155150390039359   0.269769730661318796422169347360
 725  -0.562788828872647081113711222788   0.269836353931902202324703206362
 726  -0.619870720077541204602005508789   0.269930676150652862917669291522
 727  -0.678834426228244319713265789009   0.269947690881146542291093990470
 728  -0.735913368174802877917885643348   0.270166479843139671016486266693
 729  -0.932403530873471414288337946043   0.272627879065511485667854138861
 730   0.930317672581422923614237630145   0.279721611944628327293054500932
 731  -0.872899336357885460116652217850   0.284022553840331511430955818569
 732   0.748033247508948659014002981358   0.284376433592395004778342129446
 733   0.690953688285963510144459090506   0.284444152380451830129005409128
 734   0.806048407693756411596486343075   0.284845060949478634204359222261
 735   0.872502780331555895341163900910   0.292943703358440073807274375017
 736   0.607634105658760332309736089400   0.318074869758647965096498429703
 737   0.550554822149211701969507464637   0.318169084327913624681918231881
 738   0.493475507037712338312539984543   0.318241670488113120899970582684
 739  -0.822622519998601132740973920154   0.318254090144271323793234243990
 740   0.208079686678462716081719675734   0.318284579857353412572973319845
 741   0.436396196479156590457652938602   0.318317752735966612622119194128
 742   0.151000417272113181509004272333   0.318386982913275447392694881634
 743   0.379316895882965333902285039913   0.318400974116227842767827117373
 744   0.093921061195265256495840349788   0.318411318091433312421385437157
 745   0.036841735302739737579025231510   0.318474863377316638316397772511
 746   0.322237592729222957891581353388   0.318482422453643459580767146416
 747  -0.020237590407772234249067214535   0.318538571946434950429242733660
 748   0.265158307162292506498216527669   0.318575382215353450968731586626
 749  -0.077316915222268315773229082019   0.318603078300726514699805206978
 750  -0.134396238162838632628013157548   0.318669222042496064199153395277
 751  -0.191475561845997143724867037668   0.318734721826556955680737946545
 752  -0.248554885810117725736166890909   0.318799976308870185641007539020
 753  -0.649338469328814575018449645229   0.318815287598557098433873335964
 754  -0.765547406822982688449585026343   0.318950465286589014394947506567
 755  -0.305663948828011091220757547431   0.318952979276975255205142355600
 756  -0.362848054404397777254312768086   0.319055016512039323081174251283
 757  -0.419946925560189870397736173017   0.319134761168291968634534328768
 758  -0.477089461188649420338070021270   0.319181731072635813391992765510
 759  -0.534168808206451955862821248352   0.319222059347690848922438882531
 760  -0.591248094013437219646727973901   0.319314871593557137727348405619
 761  -0.707325835777613689636151430392   0.319570998601934910418138570833
 762  -0.914780753212714623460397415881   0.326939037427804969759558774065
 763   0.776631540262772388296430198542   0.333774724391926574188088882813
 764   0.719552219149935075658692764716   0.333842427021836570493554714051
 765   0.912283508636054832570360782912   0.333877151025502388229669678341
 766   0.662472898219205029341123759970   0.333910283010628712510696717077
 767   0.833701569921185252971768558515   0.334806808272416975421338849943
 768  -0.865553036808932217038527045860   0.355882745158717254122763219670
 769   0.579211986051259187221922688644   0.367574734398517346002044852081
 770   0.522132702541710556881694063881   0.367668948967783005587464654259
 771   0.465053387430211193224726583786   0.367741535127982501805517005062
 772   0.179657567099593064332338761629   0.367784444513662590507900731668
 773   0.407974076871655445369839537845   0.367817617375835993527665616506
 774   0.122578297693243529759623358227   0.367886847569584625327622293458
 775   0.350894777254409523550494985702   0.367901507501367448096111331471
 776   0.065498941616395604746459435682   0.367911182747742490356312848980
 777   0.008419615723870085829644317404   0.367974728033625816251325184335
 778   0.293815473150353306142200439282   0.367982287109952637515694558239
 779  -0.048659709986641885998448128640   0.368038436602744128364170145483
 780  -0.794630484804131780528463787714   0.368064903667689260575113210137
 781   0.236736187583422854748835613564   0.368075246871662628903658998449
 782  -0.105739034801137967522609996124   0.368102942957035692634732618801
 783  -0.162818357741708284377394071653   0.368169086698805242134080807100
 784  -0.620715843264710590063172110341   0.368199483041461373243552450061
 785  -0.219897681424866795474247951774   0.368234586482866133615665358368
 786  -0.276977005388987377485547805014   0.368299840965179363575934950843
 787  -0.736959874425793500167850813388   0.368354984045384253796599810707
 788  -0.334167850847659822439705544423   0.368405795698315274792906559149
 789  -0.677794788554788787366070413732   0.368417397980720013939963395085
 790  -0.391328460638604184500367471673   0.368521368136988063918765260169
 791  -0.448477576234631802961268800941   0.368572150403985414776090529952
 792  -0.505602254531737806094132069422   0.368638711333617289532382550402
 793  -0.562725242288150661703166708058   0.368756760835431883721722109554
 794   0.891099871604336905124758163852   0.386880047214832655774486549060
 795   0.777170210706965970521626008393   0.390851543824171083314415672755
 796   0.720090889594128657883888574567   0.390919246454081079619881503993
 797   0.662171875751410111642559233606   0.390988850510368707107171865593
 798   0.834240240365378835196964368365   0.391883627704661484547665639885
 799  -0.880193395889270887561959599095   0.411079828145912717695122094514
 800   0.610527224107592474440672172247   0.415296944613716594713210985050
 801   0.550913541002167750511644732029   0.417164166337049165761651297539
 802  -0.707428827202968597897769796727   0.417201383424169357318424634959
 803   0.493813115615036774351808643103   0.417227837285612926532041577965
 804   0.151214098489381795177996921588   0.417272044736025548942410129974
 805   0.436696791225668291236535500347   0.417280675744164812604106767399
 806  -0.823457284175521285256725528461   0.417330196931305887252498032953
 807   0.379595578959626118137017579074   0.417345938860523754686834088177
 808   0.094095918383632159077818378033   0.417352063137819180626988978417
 809   0.037016562306784234064654455488   0.417376398315977045655679533940
 810   0.322467470724982103083005520983   0.417400666720347955594058364771
 811  -0.020062763585741284852160662790   0.417439943601860371550691869294
 812  -0.766042952406942592246729574758   0.417469422426484499976765514277
 813   0.265383379902531484268178884537   0.417478523587489999853985518046
 814  -0.077142089296253256680253108834   0.417503652170978683663536830443
 815   0.208299960127569446339873259357   0.417567048259488287929399649214
 816  -0.134221414110749338204414976318   0.417568158525270247934099303761
 817  -0.191301507404399113967345099060   0.417634103826050989437448268271
 818  -0.592192991539424032119610844498   0.417641372283336119237926153996
 819  -0.248380831368519695978644952301   0.417699358308364219397717860746
 820  -0.305480907408636108704495802006   0.417752657386519383163699154392
 821  -0.362648257081866229685760248010   0.417872147323264015630497568035
 822  -0.419859111313046117063900099596   0.417958757372681510060321461353
 823  -0.476982332958878995084395759803   0.418024474175876828346814899980
 824  -0.534061618951978744095003067968   0.418117171891161077155503702961
 825  -0.649790665219959513647333205415   0.418154934696928253174079238739
 826   0.866691332925253022821514071369   0.438840843060972491682953196301
 827   0.691190493474017141936035044586   0.440141401897022984129967251917
 828   0.751432269738687620730168702182   0.441798691703732614685913470261
 829   0.809094558536231424313387587586   0.443125682383370239860952340020
 830   0.639561325651755013474329694864   0.464482365565891662426757673528
 831   0.582342804534450705121589203510   0.464932536437261876644205560698
 832  -0.736511905184117689976648558098   0.466315821805269603498590338529
 833   0.522541528114936433103225687496   0.466696244372889055832690664361
 834   0.122724450590323883543251317681   0.466733074294013899029039277709
 835  -0.794874015046868237783762509004   0.466737182351056825307013504969
 836   0.465433744751728338413000495645   0.466752312723465055681798705301
 837  -0.851970543280056653834297286452   0.466777618882163173898745955136
 838   0.351078870869383047206453073927   0.466797884420062785055741720233
 839   0.065612981027067261231129659541   0.466816985294738732611143481080
 840   0.408338361826019339549794567759   0.466821367782425578380428121997
 841   0.008533624938319940622327426978   0.466841292546255477241759875018
 842   0.293993930620587690676225118047   0.466882481814884230525353089171
 843  -0.048545700954205578294487691300   0.466904837832138803136772210372
 844  -0.679436014862904872075401419657   0.466945286966638439614459001694
 845   0.236908985838171476929864450068   0.466963962587085603654223296606
 846  -0.105625026664717550122580137345   0.466968546401257115249617171521
 847  -0.563529368203252114511447204408   0.467001783339065312671707747403
 848  -0.162704351479213631646742004829   0.467033052755548679520179644839
 849   0.179825553552162944327044930895   0.467060217059293701758099476148
 850  -0.219784882373123839885400458309   0.467099005912382720624508871091
 851  -0.276881989676966672884624218695   0.467153756064532840830330791283
 852  -0.620608347967760565259836289678   0.467210473040121509163903293616
 853  -0.333961313642842515950550505593   0.467219009011468124001290163279
 854  -0.391178907756308162249292875933   0.467309536558957461772053769219
 855  -0.448363868037293309187027058459   0.467411081144572923631045831381
 856  -0.505443154030393058197634366624   0.467503778859857172439734634362
 857   0.719978230184945069693846927014   0.489429531273281367509516320568
 858   0.779130126146785312421903472049   0.491707430745556680359051803178
 859   0.837176297345517950159992762085   0.492819438810063353094245352380
 860   0.668425738729689972693165578287   0.513932472058100285473048645172
 861   0.611344859375826286038060182876   0.514099746726608608632443339771
 862   0.553955031200464537397250453671   0.514452106381746612443471754456
 863  -0.765338797876616270317446597405   0.515581060463411350792415361881
 864  -0.650242688998742520184912993445   0.515994274798573581296515705552
 865   0.494109210682902860723083604688   0.516191456629580886828997663084
 866   0.379699307857357656615788745231   0.516196038111740949200382010420
 867   0.094247259744971949899381002961   0.516201277049985296288552889071
 868   0.437015166518044431526225322334   0.516261274922610341756769467817
 869   0.322602132520157979088398805612   0.516279706213875642094993934549
 870   0.037129831078044395898684695945   0.516281757116100504168692354454
 871  -0.019949525010702965246330154484   0.516306064367522059883464402363
 872   0.265515637730609363920256147072   0.516368994374895112395205273565
 873  -0.077028850903228484163145272762   0.516369609653405385778476737717
 874  -0.534910903281666428614078503064   0.516388390307761407955938678804
 875  -0.707975181499696627326291051327   0.516407492983370753207041789885
 876  -0.134108176613740396228098355844   0.516433318222577242331935531846
 877   0.208434708685110000371432930816   0.516459138760783531456803285808
 878  -0.191187501428236538264266675120   0.516497824576815261730666301410
 879  -0.248285816689287597558937393895   0.516553532757295626322805038010
 880   0.151349794182289721665127935060   0.516559618278326408831499861830
 881  -0.591989883046174879362467588334   0.516597080008817604448134225017
 882  -0.305365140950186841261146895547   0.516618527123290895304923844283
 883  -0.362491964317284448514083133517   0.516656398247161570142846364463
 884  -0.419683664480555354372419834795   0.516761860330848875342778139247
 885  -0.822474174168743103927166333171   0.516957603906063570462353562612
 886  -0.477841713288013085885764505724   0.517465904027761900421747567029
 887   0.747676086593042761385581696880   0.539338270315105433182654653486
 888   0.806255028328643269287549681158   0.541929867603729239282497220285
 889   0.640031559256561689119087874569   0.563481662123226118925708229046
 890   0.582952358962380400123753978738   0.563617220690741315561454703373
 891   0.525622592830413388342726311123   0.564003356803463979116326962103
 892  -0.621624224077156834287544292100   0.565380881767269676580746636954
 893  -0.678703512779558084678056960122   0.565471895922328665862475073864
 894   0.408302464898169484946409691225   0.565593153541172221322493332118
 895   0.351223148643016070680094634238   0.565664834728880939131348695652
 896   0.065767458714552288642792032613   0.565667977117972440333075932730
 897   0.697066475197467218013281598935   0.565733738046087625828189254535
 898   0.008646539701117799417563510617   0.565746447499141838532831897099
 899   0.294124668477490448033458818639   0.565761067039164880603878471628
 900  -0.048433281712480463801708990203   0.565770486799229857572532160092
 901  -0.105512649170236180078210147530   0.565834008150030223430423357103
 902   0.237045407598271287793725999325   0.565868117637170023363920106173
 903   0.466026334753498897995326865424   0.565884570457174702012526206768
 904  -0.162591974880746501144891975439   0.565897716720627525707971703113
 905  -0.219688435744400295937803610707   0.565952351421728167428962468329
 906   0.179963240062798116122110231629   0.565954075343766780161642290968
 907  -0.276769313839822986123357565936   0.566018245282635404777576384308
 908   0.122874160038646619580682062063   0.566038780909535662653392793545
 909  -0.333895791624628773824679523471   0.566055916358984341446480045467
 910  -0.390996721041531640637210092379   0.566108722019052983713570734491
 911  -0.448168154170558835489048914700   0.566225860668959191878360620186
 912  -0.507480244909984999660753906151   0.566444483479767907019288878267
 913  -0.564559198943985953187526117460   0.566660095939747367702007224430
 914  -0.788186680440238934118470888354   0.567888112996577464687274033605
 915  -0.733089358627188455366240718784   0.582799136146503965462992251965
 916   0.770508132231870651299050962292   0.591652237611564344096488044508
 917   0.611731665232261859350421815154   0.613051506591026206086988784840
 918   0.554619920592329251069229836190   0.613168471112458682234309911020
 919   0.497476965303635466928385163332   0.613660955753396838983189810816
 920   0.436915793867428031913023312766   0.614982736325859537797429226019
 921   0.379836560876676993209839162426   0.615103746804952688918115979947
 922  -0.477644434021600565744513572920   0.615105328838033652796678268516
 923   0.037277490851640692986142690511   0.615128822374789034766414061034
 924   0.322757210818422294291213161277   0.615139513768919728066171047548
 925  -0.019836325587316046831453930014   0.615211383234563778215857842095
 926  -0.076917221195702679467099379699   0.615234803977015973837767257566
 927   0.265660142730531889647477489282   0.615266850710281255298010139762
 928  -0.133996646311539110449099372434   0.615298292125467880732721408291
 929   0.208580809224969101049765631813   0.615343567324819095045117595378
 930  -0.191092486292506023351255554158   0.615352487285423975552716694213
 931  -0.248171811107224457570666355838   0.615416993442963433606780541712
 932   0.151492040463442399177583764031   0.615425726576792537973457607027
 933  -0.305299964514264918686890193859   0.615455634518328850919132585492
 934   0.094356083313727746409173891714   0.615485043495597936789702408707
 935  -0.362400548348875965947806482333   0.615508240130875755017204415495
 936  -0.419481210731535121753839172283   0.615572722357163300249153215430
 937  -0.603651735728671314358515863985   0.619556920242891390764215813007
 938  -0.544123123516385611914200764180   0.619996208547275466715789168236
 939   0.679584735608780640407559780581   0.620070118706763218610180603989
 940  -0.674342164803599469179287344947   0.622384391265452514943626159915
 941   0.734429861601797609726730818370   0.635883582500587344458216110202
 942  -0.730985827470758097703033263619   0.639839723792691648146831781253
 943   0.640970995400413085762613928041   0.662106204983546775971997221261
 944   0.468252065734142539415276894937   0.662691137555033514338301969802
 945   0.526497817417941119452880670583   0.662839396163212076586639451261
 946   0.583918879615320298639429882860   0.663869601363507489937122493463
 947  -0.507116624036358687354710869121   0.663987263109116704853606362790
 948  -0.448957490582576852009303830503   0.664452190526237761167470863759
 949   0.008818264207052093157001507732   0.664607362178833681064556720205
 950  -0.048319103099262356509048657203   0.664676369513278722474624660455
 951   0.408662255054729436529872733197   0.664682097874070988308255610124
 952  -0.105401747005265552491871815902   0.664698783515189392759418959826
 953   0.351578330318555181974373012477   0.664706749527066796633939904011
 954   0.294498975144881600487894056106   0.664733118184883730989961010636
 955   0.237210521247298700177401452016   0.664750914001499052146061222927
 956  -0.162496959019425689953618997571   0.664753177201678207178910682715
 957   0.180107561111658158907361041867   0.664814039570658097082204408688
 958  -0.219576284730033027136866521496   0.664816885685354421095088779012
 959  -0.276702461781666390134198983761   0.664854382678656879748336742896
 960   0.122975363953190202213672428226   0.664871177764521856758480551936
 961  -0.333804721238512110810017152721   0.664907958290220264489856955520
 962  -0.390885038038879447064435562237   0.664972240468986071552786896434
 963   0.065896113575540465744691471001   0.665022806298594217447403133583
 964  -0.637206594692821946939874909732   0.665731858491301123282567665385
 965  -0.580405455147762756010073893899   0.671688138543466007004563956908
 966   0.695816121393430055081784965830   0.677919668777370901820032727474
 967  -0.692145684497320743502553528570   0.681666710011536498626100612306
 968  -0.539205476152095695517706409381   0.711192761223667436233083755532
 969   0.497249986380912571333989374041   0.711855902178817898058125965676
 970   0.440144645566234156336459021787   0.712370372793240927817411503087
 971   0.554323441313694242870392910826   0.712677013854676672629011131877
 972  -0.420361317889921177319900220457   0.713851708638060532471104544764
 973  -0.477440641855797020385826507356   0.713916961584995815642063916759
 974  -0.019641844970060915148183922882   0.714085394354490182668348901701
 975   0.265870084778930029317140822752   0.714113682365164391627425086082
 976  -0.076822766728884578271800897943   0.714129323338483577178159202200
 977  -0.133902122816935473637002261094   0.714153632225321670382665768961
 978   0.323122423247260482215746185128   0.714187198545829070022247064002
 979   0.208713679355767468199399286712   0.714207799109212445189917019998
 980  -0.190981448709429171070248077476   0.714217177539788523714493163653
 981  -0.248106935404474959700399149420   0.714254274921047867236644980196
 982   0.151590884601405961943449706062   0.714259490758387415867227353597
 983  -0.305207218505913582257325942623   0.714306706450548293319061112924
 984   0.380209204599182050621563018710   0.714329614382701198342990056611
 985  -0.362289210928515591926646232626   0.714371958628330581025439436459
 986   0.094511724595215327763089723101   0.714411066931250179853014971794
 987   0.037433463978617760277831794620   0.714765534605741374518559203713
 988   0.654800217683660005632358394518   0.717615375411960033611636266026
 989  -0.650916049458618904765315776823   0.721140380691167266261666190556
 990  -0.594147464659009496748608010782   0.727088595734190491440350176337
 991   0.603237252684060035737956091253   0.742096268426687265922215388865
 992  -0.510437390907602924754980383989   0.760492363186706543899653705576
 993   0.411792446354787798780586499926   0.761910319121663132327312886576
 994  -0.391765490779557322182110890845   0.763251426797405041943757084788
 995  -0.048194352368706117524385568012   0.763510163484945441666623138174
 996   0.294452732825300574623389052371   0.763544085942194255076903944944
 997   0.237373242887398797339138657449   0.763570567472877784671280883153
 998  -0.105304872694946799672196441035   0.763608579702848532517418209917
 999  -0.162386753906562556566298903401   0.763617551136345515204459541371
1000   0.180197002845515271235487950907   0.763653250296941763974939964906
1001  -0.219512099383871103633780705399   0.763654566775481969856049364837
1002  -0.276611692128722151823526108282   0.763706598692939280807369350224
1003  -0.333691708195917063373955022528   0.763770706788658609854643593862
1004   0.123117842839324637055127967947   0.763804826469804527960727583103
1005  -0.449872348572732488956543851179   0.763927513144960105128206163956
1006   0.066039617731809533726600821787   0.764164966615198777759865709647
1007   0.008970131182763139568981335184   0.765226657425512594784718583616
1008   0.354830712750977541503574641101   0.765572884779374327595164106742
1009   0.515988083364978951770902593122   0.765771922096502980628676989650
1010  -0.577009013168874781980454310701   0.781534228826926141024718631003
1011   0.568740497373770102195117071261   0.787571837201695186555640264455
1012   0.463478978640185560011730217801   0.788837402915689527004046736422
1013  -0.363167988046958793629419680748   0.812650174957733070772961242192
1014  -0.420247310235251934843482112808   0.812716964728794284629792040712
1015   0.323015276635567624923598946877   0.812963089538741663309975976981
1016   0.265935921462429733631222071178   0.812989459356123819703000131762
1017   0.208856566377146600375227321644   0.813016018660607103456303828061
1018  -0.133838044268893645457286391762   0.813044514024758579730017544546
1019  -0.190917404581004489129831531325   0.813054940372038961346015742555
1020  -0.248016856108118295756907664261   0.813106890547373383426773734865
1021  -0.076336709991254029782595472089   0.813169615654629226248088342950
1022  -0.305096181818725632940155188186   0.813170599031049597342951831163
1023   0.151597034448813461804056447379   0.813271877398867536376399507546
1024   0.094459915821556097566040200538   0.813665877100142788885128144430
1025  -0.530112813347898316940992732376   0.814073434789880109344091890917
1026   0.037391438972224031501945044546   0.814780521637985298804963355466
1027  -0.019541849172919199892280394304   0.818861475366047565233267351161
1028   0.414959015069775402773114272664   0.818901777472206802852685224703
1029   0.516384726339208089354741704901   0.822849905213458740701103083482
1030  -0.474988808474149820333387784711   0.828885509898636617161684456935
1031   0.464655804447169094937558378478   0.846978148461482849228416709689
1032   0.366814845987112169691168274281   0.849564335514360196978100895054
1033  -0.334572461669767363195619846406   0.862050067200124058261269479493
1034  -0.105194656588900900777323018842   0.862416670394134750332760707748
1035   0.237526802611585603892654836409   0.862496786576113234454482716372
1036  -0.219422161305251681252958490187   0.862507264143930374916740112583
1037   0.180447447526302470636660086875   0.862523345880596518207786412671
1038   0.123369218108692071306118098648   0.862882802274512295387498986664
1039  -0.162352159530357138722222606590   0.863540888718921645914878061790
1040   0.065744241740338172641543676930   0.864320122540101084986500317805
1041   0.298797087713865955213103656261   0.867092944720977689221782294969
1042  -0.048063147204848495290373356235   0.868304260895610502888353835690
1043  -0.434339077407948421605691187309   0.868956108179595600314148989494
1044   0.008968262025137425973477436152   0.870643458106272482909535152435
1045  -0.278183877788495025758149091407   0.872121318359408088353335067999
1046   0.416511635364505861855612380095   0.877640706503636243353832380041
1047  -0.382554782717079738714517431090   0.892965279463039801328281788577
1048   0.353171188109033057489865915574   0.904989096064627095698252281187
1049   0.153520687906414915726899521111   0.912852294793933513703483284630
1050   0.096442458488804516396357532883   0.913211751187849290883195858623
1051  -0.131078593213980202657287052128   0.913289799913925160411867595136
1052  -0.320008705944706662545045903542   0.917240197672240662832580004546
1053  -0.210662972361652303569273699485   0.918910545000621845735310329555
1054  -0.074285931599691460488305364602   0.919003561294433289640259604206
1055   0.242534668811778926099912033094   0.919356040514847370968687971688
1056   0.039739681738794915848336610930   0.919757634717752859397340036156
1057  -0.017291176495932488143548729302   0.922110227193919858804907045381
1058   0.299410751964923514964096460186   0.924169007116131282057617960429
1059  -0.265585995122760586033812568913   0.934451299587554671265269392380
1060   0.195434274999822136192165726833   0.951598968190650550949553464677
1061  -0.167994582437440363946054464067   0.956824420872443512466755741027
1062   0.125330951248340571247450240545   0.963328518391315329809670549641
1063  -0.107897040400122791786821169795   0.965449833382921628039029939491
1064   0.068538017287292963761309027409   0.969039572098345008335438774784
1065  -0.049086844241739207114981977056   0.970219374074030793973581779795
1066   0.011507159052565559769423687177   0.971392164574512007743005784009
