   1  -0.002066129347781383878831264476  -0.974124043780583015133638039375
   2   0.049665942890537105072597097976  -0.972859299014359468091097464079
   3  -0.053792371079657395027158428488  -0.972639862629300947075265739697
   4   0.101891010082000000000000000000  -0.968769401016000000000000000000
   5  -0.118204116997781203993367340227  -0.966927974715124182801020197778
   6   0.155045302175859233734971904810  -0.961708311202057501640254168759
   7  -0.169384356450083526735507940188  -0.959286641912576631854862122921
   8   0.205896378581927522927179334171  -0.952117956373455103391475545770
   9  -0.220086602313747435863106792534  -0.948938253546513615384046828421
  10   0.256166426426984442474143937014  -0.939840775628268506218417859616
  11  -0.272261702451000000000000000000  -0.935300446791000000000000000000
  12  -0.082429369570952179966929582955  -0.929538479881135284758393581506
  13   0.305713586326408693961178896249  -0.924911414513499469744431124081
  14   0.003900601867314035735828856268  -0.922721660606248594906616362356
  15   0.055632674105632524687257218789  -0.921456915840025047864075787069
  16   0.124624836484903396020284183891  -0.919846608602429866125998027823
  17  -0.321679744920540890867698355267  -0.919480322393999210077672685395
  18  -0.132953735159266572421306099695  -0.917327010596624698231865506821
  19   0.175475912890971685212491613253  -0.910256253773827467877219404835
  20  -0.184133974611568895163446699655  -0.909685677794077147285707431964
  21   0.354398038846673389729330459219  -0.907372002887210950408241833451
  22  -0.370053260951387011378336513432  -0.901100718910578634360578611436
  23  -0.234836220475232804291045552002  -0.899337289428014130814892137465
  24  -0.041494980794170225175189912526  -0.897881210686437522433976470244
  25   0.220407246244803886112619588093  -0.884585605935467440321020695984
  26   0.272146190723205781306184082377  -0.885528209592970641129061691926
  27  -0.284197115355298992615834434088  -0.883803167823193730610185810879
  28   0.089228900689579817989423576925  -0.882098302593184585110365801541
  29   0.415877021317737593416572113421  -0.880890586112601733265113288833
  30  -0.097178987732437548394868342423  -0.879937515762635800189238890549
  31  -0.431478734946284848620091424368  -0.873354465753207587310801334615
  32   0.038345228468115603791503936609  -0.872682423523608369956573936442
  33  -0.147277137676197359584843152370  -0.866826281885080260552353765500
  34  -0.332570631386145113126472592254  -0.865423564339773154893091736920
  35  -0.198598179574924193209624747285  -0.859991960585811760630798166847
  36   0.175769617857129295570715081631  -0.858407580621892699555734707985
  37   0.369524705729440078599219988879  -0.857884723446812310991844542044
  38   0.462068386926459382380844385244  -0.857563249775255235344379000140
  39  -0.010731047553148880141299419690  -0.856271268497865879433930613606
  40   0.314163994541153308210221589896  -0.855323722513883093717419367451
  41  -0.384600545342699055564941842905  -0.851440036331373368887394893713
  42  -0.477247894437386330145970088919  -0.849209260910994971639817572904
  43  -0.248512003562259868236177875262  -0.846328113804385533839311788364
  44   0.125689495068230315267080970803  -0.845377301313946404068391246806
  45  -0.060787015947879912692479719090  -0.843148505623380173540870735529
  46   0.262218413317205170725470939959  -0.834741930804589264407688754527
  47   0.075657877918683932807094754005  -0.832162000984574063773755268606
  48  -0.110843219200837392061259176188  -0.830026638633774562129424529914
  49   0.412624525028138462522424709025  -0.829245371956007937060433936988
  50  -0.296885519593105988746816033428  -0.827948510320964958122217714405
  51  -0.521670285912165838064510086277  -0.822667632983233470716347100784
  52   0.212162424211466526606073498895  -0.821619246931216921937863576729
  53   0.025522525418774753185090131802  -0.819345866344826292166439650445
  54  -0.160899187595568424612439475588  -0.816903875759288856236364651837
  55  -0.347165671646955019690247762094  -0.815712776307996490299038473070
  56   0.537114490597669052966825255245  -0.812668410578338808873143418935
  57   0.485383361907887824178141311488  -0.811365643570932719600702778348
  58   0.348825155862674762469489184447  -0.810457563372572272710621732414
  59  -0.212119964525418214742903943134  -0.809539170191728135501189602171
  60   0.162106476527886661707018615168  -0.808496405055578553658606277428
  61  -0.024533442975956279366090167598  -0.806223103470340586273379772368
  62  -0.403063525665537150462405001590  -0.803098281760476940911470959510
  63  -0.454808461304405214232183244021  -0.802580099240804484814157252684
  64   0.298611043531820423158122775731  -0.797953572001068749436517164328
  65   0.112050508133193373297524352669  -0.795373642180948875068532663125
  66  -0.564620551759318884892771745551  -0.793804481023456608209437250100
  67  -0.074589646228913758734869624696  -0.793101236480734974861933566753
  68  -0.260493480556264335253542101300  -0.791159566708307559784095528212
  69   0.440484726446525689455290510587  -0.785637849046294448970033505126
  70   0.248555075137127134748628513232  -0.784830809126439070846443550025
  71   0.579511973833390522980408428666  -0.782999229722255011705967290950
  72   0.061994539738462340746344053269  -0.782250879306463169175472785047
  73  -0.124645614623644791286049924096  -0.779978473606249268968873688676
  74  -0.311429139130850497014376717626  -0.778286754329703145050487590643
  75  -0.499230852779184722150723241379  -0.776038471313042983890686780564
  76   0.389513786134714848489950852918  -0.775230625496404039093025214038
  77   0.198499106742396102197448213832  -0.771708046251953364953383671948
  78   0.011859187238553161124339431066  -0.769434744666715397568157166886
  79  -0.174750737419095496683663873845  -0.767044659511130286643462763741
  80  -0.361524664942119482318991485792  -0.765315818553901813967195543832
  81   0.527423972205983145346066578465  -0.761836326903806151166729869164
  82  -0.609316126136713337686638492240  -0.760036696476996313020486510164
  83   0.340238376251410654213588981457  -0.759427434102680437759034919866
  84   0.148443138347702813787953951333  -0.758585283377323686363310057644
  85  -0.038196781156177871426840868333  -0.756311981792229691675097288809
  86  -0.224756948040159812577671056832  -0.753733544730014214535544645784
  87  -0.411545207286853348219341869084  -0.752050579027945289745882589413
  88   0.620274105293795104286264661043  -0.751120466945149193701742335389
  89   0.477028425322000000000000000000  -0.748874333492000000000000000000
  90   0.284947705351742387181280349004  -0.748042450322918555875271959827
  91   0.098387169952971781236773651933  -0.745462520502837980470250179567
  92  -0.088252984409135350795620325432  -0.743190114802624080263651083194
  93  -0.560738794344597558300721678211  -0.742202748138140165833880686084
  94  -0.275037100094008843521102785498  -0.741497810717045746712365404450
  95  -0.461869824076822324812834441597  -0.739999030482755549351332422129
  96   0.426687455261135942153671348309  -0.735763585290013232387703179860
  97   0.234891736956905542687877812496  -0.734919687448328176248161066467
  98  -0.649591490353000000000000000000  -0.725906021091000000000000000000
  99   0.048331201558240748685593352533  -0.732339757628352274577190301489
 100  -0.138308952803866383346800624832  -0.730067351928138374370591205117
 101  -0.325093279359384238707823434802  -0.728375852221954599212694928459
 102  -0.511657945942103517601780183472  -0.725805272799366500116488548526
 103   0.563817879203388802961414039067  -0.725049231192694627200936476744
 104   0.376631751644627874804535958845  -0.722639812476885387120921853070
 105   0.184835768562212254278383549997  -0.721796924573698497658087452164
 106  -0.001804150941668430936411269670  -0.719523622988604502969874683328
 107   0.659378898919000000000000000000  -0.717012029387000000000000000000
 108  -0.188364921198597415897980924232  -0.716944589053652668477531327040
 109  -0.375151833361285534984872678591  -0.715262955950229420745587563714
 110   0.513719904048617984541603858523  -0.711936373062819658562457246115
 111   0.321340335566251827671709947668  -0.711254091519293367170049354347
 112  -0.600472112551884161721374175086  -0.709050518927530522947436207410
 113   0.134779800167481221727203250597  -0.708674161699212791765027574086
 114  -0.051860119336399463487591569069  -0.706400860114118797076814805251
 115  -0.238420889593328448449161223635  -0.703821826179166962584471448977
 116  -0.425209347332863044560170285408  -0.702139676870227017304325821123
 117   0.609388242681394376050038365845  -0.700530894179823053199190918169
 118   0.463093310660426236641688200351  -0.698988314114394988108304495216
 119   0.271284367171520795120529648268  -0.698131328644807661276989476269
 120   0.084723831772750189176022951198  -0.695551398824727085871967696008
 121  -0.101916322589356942856371026168  -0.693278993124513185665368599636
 122  -0.288701240322542585214549502674  -0.691586908609297200874572742267
 123  -0.687230449044960011350836198926  -0.690378984762225197746888641270
 124  -0.475265315727594077111350584808  -0.689016913995741311411265943045
 125   0.413025124102546188952754141974  -0.685852187947248724867786806823
 126   0.221228398776827506711035385769  -0.685008565770177982686915861966
 127   0.034667863378019156624842651798  -0.682428635950241379978907817931
 128  -0.151972290984087975407551325568  -0.680156230250027479772308721559
 129   0.697941948947089706380512060917  -0.679557913250853848250630002787
 130  -0.338757208717273617765729802074  -0.678464145734811494981512864189
 131  -0.525321284122325109662530884208  -0.675894151121255605518206064967
 132   0.550113811046023642156951319125  -0.675149277351708134596663853694
 133   0.357733710959469048262656925056  -0.674466469893498316531936287551
 134   0.171172430381990662217632849262  -0.671885802895587603059804968606
 135  -0.015467489121890022997161970405  -0.669612501310493608371592199770
 136  -0.202028259378819007958731624968  -0.667033467375541773879248843482
 137   0.647985204573295456158086428042  -0.666062337347407975059422769861
 138  -0.388815973407295231325701094915  -0.665352053792511148304030795425
 139  -0.627326667968136010666943414026  -0.664816598337221654710824606454
 140  -0.575592896562250437710583140431  -0.663623378526009722817101142646
 141   0.499474201121046527839670983666  -0.662188339679642847820892765615
 142   0.307676997386173791694867520941  -0.661342969841143173608804149846
 143   0.121116461987259629666452549862  -0.658763040021101897166745090528
 144  -0.065523457516621055548342269805  -0.656489738436007902478532321693
 145  -0.252084227773550040509911924368  -0.653910704501056067986188965405
 146  -0.722969363807202332844837750409  -0.652868455784261410125667070538
 147  -0.438872685513084636620920986144  -0.652228555192116122706043337565
 148   0.595684174524029215245575645903  -0.650630940338836560594918295119
 149   0.449418498028114002187223332482  -0.649064564869532855867491781139
 150   0.257621028991442759143687221541  -0.648220206966657467715744271768
 151   0.071060493592528597115272250462  -0.645640277146616191273685212450
 152  -0.115579660769578534917121726903  -0.643367871446402291067086116077
 153  -0.302364578502764177275300203409  -0.641675786931186306276290258708
 154  -0.672811630827027736627751422957  -0.640140191971635668162436661384
 155  -0.488928653907815669172101285544  -0.639105792317630416812983459487
 156   0.735599763358795707585623201850  -0.638603875425447707386462288505
 157   0.394127083417387362410875108185  -0.637678845363861654278801241304
 158   0.207565060596605914650284685034  -0.635097444092067088088633378407
 159   0.021004525197797564564091951062  -0.632517514272130485380625334372
 160  -0.165635629164309567468302026304  -0.630245108571916585174026238001
 161   0.684651088331277833987397575951  -0.629546315581059762513766985235
 162  -0.352420546897495209826480502809  -0.628553024056700600383230380631
 163  -0.538984622302546701723281584944  -0.625983029443144710919923581409
 164   0.535868108118452185455018444268  -0.625401243968531323855099373194
 165   0.344070372779391012285814498329  -0.624555348215348122970691083050
 166   0.157509092201912626240790422535  -0.621974681217437409498559764105
 167  -0.029130827302111615057912671141  -0.619701379632382713773309716211
 168  -0.215691597559040600019482325703  -0.617122345697430879280966359923
 169   0.634281136415930295353623708100  -0.616162383506421482455150146811
 170  -0.402479311587516823386451795651  -0.615440932114400253705748311866
 171  -0.589256234742472029771333841167  -0.613712256847898828218818659088
 172   0.485811871953681815421692522985  -0.612276941791816986867196755451
 173   0.294013659205952199634116820206  -0.611431848163032279010521666287
 174   0.107453123807038037605701849169  -0.608851918342991002568462606958
 175  -0.079186795696842647609092970541  -0.606578616757897007880249838134
 176  -0.265747565953771632570662625103  -0.603999582822945173387906481846
 177  -0.738608586849994888822715811356  -0.603540759912549758515751802166
 178  -0.452536023693306228681671686880  -0.602317433514005228107760854006
 179   0.430520457342955175645344298693  -0.600891222286145785278506215619
 180  -0.639335649141368943798390872898  -0.600679255242058030605891731063
 181   0.581438471596457758543642771046  -0.600882906955659749853353814619
 182   0.243957690811221167082936520806  -0.598309085288546573117461788209
 183   0.057397155412307005054521549725  -0.595729155468505296675402728892
 184  -0.129242998949800126977872427640  -0.593456749768291396468803632519
 185  -0.316027916682985769336050904145  -0.591764665253075411678007775150
 186   0.717525130357581009248477092115  -0.589582528995612870041959355466
 187  -0.502591992088037261232851986280  -0.589194670639519522214700975929
 188   0.380463745237309326434032681459  -0.587767723685711460717556036803
 189  -0.689391617536099976349571172298  -0.587556492367572324712831852985
 190   0.193901722416527878673442258307  -0.585186322413916894527388173906
 191   0.007341187017575972503341250326  -0.582606392594019590782342850814
 192  -0.179298967344531159529052727040  -0.580333986893805690575743754442
 193  -0.366083885077716801887231203545  -0.578641902378589705784947897073
 194  -0.783831005645492566257595967507  -0.578386441880074484045203116793
 195  -0.552647960482768293784032285679  -0.576071907765033816321641097851
 196   0.522205778951087473037039983586  -0.575489846080705462901403363029
 197   0.330407034599169420225063797594  -0.574644226537237228372408599491
 198   0.768473809996228991725247111900  -0.598640062902406090316752168475
 199   0.667469335312186807297423047492  -0.576459104908592682838738151268
 200  -0.042794165482333207118663371877  -0.569790257954271819175027232653
 201   0.143845754021547478096131799255  -0.572063559539365813863240349118
 202  -0.229354935739262192080233026439  -0.567211224019319984682683876365
 203  -0.416142649767738415447202496387  -0.565529810436289359107465828308
 204   0.466913831268522988879813489197  -0.564103599208429916278211189931
 205  -0.602919572922693621832084541902  -0.563801135169787933620536175529
 206   0.617340888381249228689862797479  -0.563615986685728454048040943455
 207   0.280350389864276703918347361225  -0.561520707640187854271530400827
 208   0.093789785626816445544951148389  -0.558940796664880107970180123411
 209   0.799179249612267144234326801909  -0.556986937504902877705495929318
 210  -0.092850133877064239669843671277  -0.556667495079786113281967354576
 211  -0.279410904133993224631413325839  -0.554088461144834278789623998288
 212  -0.466199361873527820742422387616  -0.552406311835894333509478370448
 213   0.416857119162877139668501871966  -0.550980100607995591717261011118
 214  -0.652998987321590535859141573634  -0.550768133563947136007609247504
 215   0.567359418507063707292725476133  -0.550212272774644797601678099949
 216  -0.142906337130021719038623128376  -0.543545628090180501870521148961
 217   0.230294421469545671367167061826  -0.548397944765702148378470522749
 218   0.043733817232085412993770848990  -0.545818033790394402077120245333
 219   0.740043905919042810136740939506  -0.542991632625111442176278559754
 220  -0.329691254863207361396801604881  -0.541853543574964517079725291592
 221  -0.713113070838293377025306864047  -0.541566281119675776517652380247
 222  -0.516255330268258853293602687015  -0.539283548961408627616418492370
 223   0.366800407057087734373281980723  -0.537856602007600566119273553244
 224  -0.813439243478272164088923165669  -0.535946376731304374340786857409
 225  -0.006322151162645619557409450410  -0.532695270915908696184060367256
 226   0.180238384236162730528783635027  -0.535275200735845298892068758920
 227  -0.192962305524752751589803427776  -0.530422865215694795977461270884
 228  -0.379747223257938393947981904281  -0.528730780700478811186665413514
 229   0.503307738265928646495160949798  -0.527316503497318392312417797510
 230  -0.762583057323742402788151782081  -0.526383155139701062558094985217
 231   0.689987679609011797007071504098  -0.529868000097438635362677594634
 232  -0.566311298662989885844782986415  -0.526160786086922921723358614290
 233   0.316743765257493924509294338613  -0.524733086014392803633417334030
 234   0.130182415841325886035381098475  -0.522152437861254919264957865572
 235  -0.056457503662554799179414072613  -0.519879136276160924576744749095
 236  -0.243018273919483784140983727175  -0.517300102341209090084401392807
 237   0.639858576534640141214013558784  -0.517021056598027637040935348405
 238  -0.429805987947960007507953197123  -0.515618688758178464509183344750
 239   0.453250493088444952902971062470  -0.514192477530279722716965985430
 240  -0.616582911102915213892835242638  -0.513890013491677039022253691971
 241   0.827629448157090460117480601150  -0.513762024779086696486172153294
 242   0.266687095302952924563787819971  -0.511609574021276808723550763536
 243   0.080126447446594853484200924431  -0.509029674986769213371897509333
 244  -0.106513472057285831730594372013  -0.506756373401675218683684871018
 245   0.776436894749902491128490303472  -0.506203628583695782901687724965
 246  -0.293074242314214816692164026575  -0.504177339466723384191341514729
 247   0.589876273899408099025578653324  -0.503620448377712843389325781027
 248  -0.479862700053749412803173088349  -0.502495190157783438911195886889
 249   0.403193780982655547607751171230  -0.501068978929884697118978527560
 250  -0.666662325501812127919892274369  -0.500857011885836241409326763946
 251   0.216631014450858789776618599030  -0.498486841932404721505487253273
 252   0.030070479051863820933020625031  -0.495906912112283507478837631256
 253  -0.156569675310243311099373829111  -0.493634506412069607272238665402
 254   0.726381054280082093511440927354  -0.493080377757235791561485099759
 255  -0.343354593043428953457552305617  -0.491942421896853622481442808033
 256   0.539750090680306487551102587212  -0.490561160471857164817875209222
 257  -0.717254826319796939629004983388  -0.489984765642465070950457780833
 258  -0.529918668448480445354353387749  -0.489372427283297733018136008811
 259   0.353137137715412238657512521743  -0.487945461484756141380282287783
 260   0.166575046055941138468032934247  -0.485364079057734404293786275374
 261  -0.817580998959775726692621285009  -0.484364861254093668773592257995
 262  -0.206625643704974343650554128512  -0.480511743537583901379178787326
 263  -0.019985489342867211618159674369  -0.482784149237797801585777753178
 264  -0.393410561438159986008732602481  -0.478819659022367916588382920283
 265   0.489644400085850610518318523071  -0.477405381819168198751172593009
 266  -0.579974636843211477772564236362  -0.476249664408812026617872374200
 267   0.303080470696170145154734797359  -0.474821952395481758085437696740
 268  -0.766724812805245965391849901422  -0.474801639662490356990900385802
 269   0.676325351453103341668378803737  -0.479956601932745197912415783901
 270   0.116519077661217777817741910418  -0.472241316183112958081227415489
 271  -0.070120841842776391240164296572  -0.469968014598050029978462135017
 272  -0.256681612099705376201734427911  -0.467388980663098195486118909248
 273   0.626269648629392013026290218498  -0.466832826095792248393955326064
 274  -0.443469326128181599568703897856  -0.465707567080067569910900861190
 275   0.439587154908223360842220361735  -0.464281355852168828118683501872
 276  -0.630246249283136805943763246624  -0.463978891813566144421282211992
 277   0.828480573456609619836714325003  -0.462021494600910025710882041869
 278   0.253023644665451876640810733008  -0.461698483128862279398594322184
 279   0.066463109266486745266561736374  -0.459118553308627252188167059251
 280  -0.120176810237507423791344595972  -0.456845251723564324085402256940
 281   0.762924921534613462763515874618  -0.456251316753074727581739458109
 282  -0.860830659182567130580453780174  -0.455952297694861858717074881146
 283  -0.306737580494436408752914601956  -0.454266217788612489593058553010
 284  -0.493526038233971004358187725639  -0.452584068479672544174466447372
 285   0.389530511640980051891981712250  -0.451157838407040272379987262099
 286  -0.680325663682033719970820278356  -0.450945890207725346808355283967
 287   0.576107750830895874941768871980  -0.453738240628795603836757198410
 288   0.202967676270637197715867898250  -0.448575720254293826907204769727
 289   0.016407140871755712715381436974  -0.445995790434141546295107181173
 290  -0.170233013490464903160124053070  -0.443723384733958712673956051325
 291   0.712718726136600066547129828854  -0.443168979589140847673485469637
 292  -0.357017931223650545518302996708  -0.442031300218742727883160321835
 293   0.526048275564195958541433150664  -0.440628150716875864420988198125
 294  -0.543582006628702036909368025039  -0.439461305605186838281406569295
 295   0.339473843154088459302952980488  -0.438034327865845095832302650493
 296  -0.730410961344421667636209712604  -0.437935516059981218410521846076
 297   0.152911707875833030250393746190  -0.435452957379592443110055825291
 298   0.872052060859446738574560231345  -0.434104969693631565463650081726
 299  -0.033648827522975319835798862426  -0.432873027559655840402047303096
 300  -0.220288981885195935711304352470  -0.430600621859473006780896173248
 301   0.662663023309621314704067705236  -0.430045203764650254024416153780
 302  -0.407073899618381037811019229377  -0.428908537344254961207560900401
 303   0.475981061905629018457567822335  -0.427494260141057304152890109451
 304  -0.593637975023432521946816755403  -0.426338542730699043931037416498
 305  -0.780494886653663817174461403453  -0.424919859986907298025982961940
 306   0.289417020058669097231757710396  -0.424910861503067228760481255388
 307   0.102855739481139741840899483691  -0.422330194504962764519982210988
 308  -0.083784180022884499457803484629  -0.420056892919908068794731684935
 309   0.799208514417546133616839890020  -0.419348863594515845072310485042
 310  -0.270344950279926968262484651870  -0.417477858984987300887836295171
 311   0.612501163070721617936687434358  -0.416950607993396509514413879825
 312  -0.457132664308403191123718535146  -0.415796445401956675174171421674
 313   0.425923885566547865126450902754  -0.414370215329324403379692236411
 314  -0.643909587463358357062758935477  -0.414067770135455238615055975399
 315  -0.831003783203590200318847148012  -0.413665605382397629302230609216
 316   0.239360306485230284580060032228  -0.411787361450751384800311838638
 317  -0.883828601049829204098860298740  -0.409596051651158895587711936334
 318  -0.133840148417615532008983784029  -0.406934130045422362901671806857
 319   0.052799771086408709289719309647  -0.409207431630477058626921854750
 320  -0.320400918674631295090537450044  -0.404355096110399727663513260086
 321   0.562431631407875671165500586937  -0.403830619618356908525707277350
 322  -0.507189376414190514004988090656  -0.402672946801561079508329786054
 323   0.749112100807713976885109134685  -0.406381357248771655321118975556
 324   0.375867217079656272537422170996  -0.401246704788129226832007624809
 325  -0.693989001862255271089815967209  -0.401034768529614441002129047374
 326   0.189304338090529089498228710193  -0.398664598576151865723474319644
 327   0.002743802691677676738539010247  -0.396084668755991352733861976672
 328  -0.183896351670573011377763241127  -0.393812263055816751490225601242
 329   0.699056397980691611208437128492  -0.393257581424447410223223658905
 330  -0.370681269403870082759790744123  -0.392120178540631270771162557949
 331   0.512375550035667272712733089783  -0.390707739360385520361310244253
 332  -0.557245344808921546556168390056  -0.389550183927075373615269907976
 333   0.842239811987611514706865235521  -0.390606659315254701406687150217
 334   0.325810392516587411379975893526  -0.388123236973430566507346209141
 335  -0.744074299524643218755205401457  -0.388024394381870312604295609483
 336   0.893874005410817958038687766684  -0.387183656696325401871686227117
 337   0.139248369695864625660115064275  -0.385541835701412237586358159923
 338  -0.047312165703053355812641289153  -0.382961905881505646840802098594
 339  -0.233952320065304043928943540527  -0.380689500181331045597165723165
 340   0.648894543697464337803125709624  -0.380162984020898773361956831932
 341  -0.420737237798571096704760922339  -0.378997415666031060758956993846
 342   0.462317792563953522741798363355  -0.377583119618212879413898843990
 343  -0.607301313203622558445816383127  -0.376427421052475155763164825480
 344  -0.794158224833885368293457092306  -0.375008738308796392219756725347
 345   0.089192401301171337250620801773  -0.372419072826782558996284545629
 346   0.275753681878447505171007009616  -0.374999739824956334162198771842
 347  -0.097447518202962535434645911356  -0.370145771241757875233486480433
 348   0.788119973048064774924446413488  -0.368803328404040387564552737969
 349  -0.284008288460035076480123839927  -0.367566737306845339704105845088
 350   0.598825006078736480521254145019  -0.367042997277946822619607767936
 351  -0.470796002488622700770518900163  -0.365885323723845210508034760355
 352   0.412260591005224085771891361500  -0.364459081710413357831712599121
 353  -0.844667121383811751437842836865  -0.363754483704286723496004372623
 354  -0.657572925643575689474176598049  -0.364156648457343177923377679204
 355  -0.904332425906459459531009753544  -0.362083947470824768278370968487
 356   0.039136432906440304699440627729  -0.359296309952296853103224189391
 357  -0.147503486597693567985826210756  -0.357023008367272169340426602356
 358   0.225697977317865480432308351068  -0.361875963562925548955957766812
 359  -0.334064256854730449462593484603  -0.354443974432223612588883150119
 360   0.735449772651639652558412074017  -0.356469959084123621458581578548
 361   0.548768297678121589436244375256  -0.353919496721915710705221160885
 362  -0.520852714594297925469402367970  -0.352761825123418927586050091839
 363   0.362203766442155224614445084033  -0.351335613895714697507051183456
 364  -0.707652340042472603501233629781  -0.351123646851502380310450751179
 365   0.175642008923164285350477029033  -0.348753200688326029879120247818
 366  -0.010919535488290727851739671671  -0.346173547077811147210164311313
 367  -0.197559689850651047354605667854  -0.343901141377666557928980396741
 368   0.685287918501512307025890042846  -0.343375361643991461002916884551
 369  -0.384344607583977502041418260054  -0.342209056862489120988871397633
 370   0.498712208194943486317727506643  -0.340796527111253964538085025965
 371  -0.570908682989028958020582667370  -0.339639062248933221692990213761
 372   0.831151270618130156014471758988  -0.340061124124779243898929403144
 373   0.312147054336365819319225192746  -0.338212115295319671909063725595
 374  -0.757737637704860551166623064029  -0.338113272703758251912617313288
 375   0.125586040528499821512363383115  -0.335630437813586401742004088097
 376   0.891755355998867790585725343591  -0.335479515642986786527581486348
 377  -0.060975503883021760402919971071  -0.333050784203325441317104433236
 378  -0.247615658245382079905785967254  -0.330778378503180852035920518664
 379   0.635218380749597289877007703101  -0.330255374937536736713508258522
 380  -0.434400575978670165156971698828  -0.329086293987857057253684799961
 381   0.448654498002629743387238822100  -0.327671985999301833865919206699
 382  -0.620964651382396677975005681017  -0.326516299369247244112201227490
 383  -0.807821563014102700704874754878  -0.325097616630684331528078429152
 384   0.075530072133806533102869120614  -0.322507674938956723151930473803
 385   0.262091351243433293666777541562  -0.325088340485209679955662741114
 386  -0.873316620428921103822354954382  -0.320661409065099388339408175262
 387  -0.111110856382930940024924593274  -0.320234649563577669709788815074
 388  -0.297671626640113112456966266654  -0.317655615628695146142860640587
 389   0.585161672348982398791997933339  -0.317131874381505624799121651471
 390   0.771843147322500461914165632100  -0.319682336743713535552482069134
 391  -0.484459340668730112234933177477  -0.315974202045703058585755066141
 392   0.398597140367723037848914274537  -0.314547990817998828506756157769
 393  -0.671236263823584608221984142310  -0.314245526779174063287177263628
 394   0.212035648150500768014329890373  -0.311964565675099688002261756651
 395   0.025474103739075500551688946569  -0.309384912064471017258870117565
 396  -0.923767914251016867866850178538  -0.309151681480536226202815438412
 397  -0.161166824777661972576104892674  -0.307111886689091963816728936997
 398   0.721681293227833345521824618798  -0.306587739288383629615263346542
 399  -0.347727595034777576295079912574  -0.304532852753955518005744480875
 400   0.535105028341596041676091344329  -0.304008356197661477950187117890
 401  -0.534516052769334293843620040666  -0.302850703443888560485994194160
 402   0.348540428261933632553694383252  -0.301424492217603802908768699910
 403  -0.721315678222481522249041174041  -0.301212525173333265674250335603
 404   0.161979679755799572932498568338  -0.298841802800500168925424237657
 405   0.927427851659910319233153133392  -0.297992452131594028501118672228
 406  -0.024581864655655531999491352830  -0.296262149189985311365810239487
 407   0.858295866064921777518238136035  -0.296004594354218422521285579405
 408  -0.211223028030619451944884349772  -0.293990019699486352405282731382
 409   0.671611755420458099232761261183  -0.293467752597126650807408749108
 410  -0.398007945764053159775030719015  -0.292297935184338276375507287277
 411   0.485048913633619706963167965385  -0.290885393492342918990105388672
 412  -0.584572021164065326394800340066  -0.289727940569402854592934316082
 413   0.298484725169001106901246732069  -0.288300717407493810955367715429
 414  -0.771400975884869469914430608290  -0.288202151025589137276416897712
 415   0.111923711361135109094384922420  -0.285719039925760540788308077936
 416  -0.074637833050386564550671652230  -0.283139386315499605472750361409
 417  -0.837865535839888237568062538487  -0.282964890938679160792614620774
 418   0.808236522023569639483785509521  -0.282894714433188079137583385302
 419  -0.261278996425350484496064649172  -0.280867256825000646512222853306
 420  -0.448063908785780325790660013159  -0.279175151814878315143593532537
 421   0.621555047019843208147751491421  -0.280344252041095538893022142057
 422   0.434991047365128695464261735138  -0.277760895106887304540962765347
 423  -0.634627984121469459993906430569  -0.276605156954587071408525814243
 424   0.248429022076068581248799080885  -0.275176942597383819001966730948
 425   0.061867742966441820684890659918  -0.272596277051130862198234463642
 426  -0.888574550861098781645251677429  -0.271214443169089968256601132290
 427  -0.124773185550295744172676274433  -0.270323251675751833865434743248
 428  -0.311334964820081517047244948572  -0.267744493950514940619162975228
 429   0.758074667898694154877578176880  -0.269800116947973543709163837128
 430   0.571498403012456851031844902411  -0.267220733857251392044087608476
 431  -0.498122678843766480609150850173  -0.266063080366172691485699168461
 432   0.384933802187501445788163573757  -0.264636869139887933908473674223
 433  -0.684899601597047007495477499679  -0.264334404989711467240808181600
 434   0.198373318983136055596351429696  -0.262053167787273827048565746485
 435   0.011811774571710788133710485874  -0.259473514176645156305174107404
 436  -0.939152168950000000000000000000  -0.258629336767000000000000000000
 437  -0.174829153945026776723856573833  -0.257200488801266127972374865171
 438   0.708005130091318908588514819265  -0.256680130256716564901309239694
 439  -0.361390667913014108621986905442  -0.254620719140405200101559900686
 440   0.895070396314459385736280924585  -0.257609263043045794081772126261
 441   0.521441733780272262321531803075  -0.254097222578750432402207480600
 442  -0.548179370269239706619555837384  -0.252939576104475850414997097792
 443   0.334878099094568920135715922573  -0.251513094329777941955072689742
 444  -0.734979015995943921522534531410  -0.251301403383870669627881253575
 445   0.148317350588434860514520107661  -0.248930404912674307971728227492
 446  -0.038244193823020244417469813526  -0.246350751302159450412114229326
 447  -0.801524088285369115591117513788  -0.246125970392110094702509442976
 448   0.844619683096421516269598847608  -0.246096990757107132725558098466
 449  -0.224885357197984256092636030931  -0.244078621811660516560928659556
 450  -0.411671263508604463536500216713  -0.242386807911898097159598520662
 451   0.657948421690704017503505049503  -0.243556629700685452986922632643
 452   0.471385258246811288998266230708  -0.240974100034553146825538907779
 453   0.943944410948293119377177364101  -0.240605217319568736071468733499
 454  -0.598235338663970739170736136784  -0.239816813229990144521937219714
 455   0.284822396001636394483268271389  -0.238389319519667950001671705261
 456   0.098261382193770396676406461743  -0.235807642037934679834612067770
 457  -0.088300162217751276968650112925  -0.233227988427673744519054351249
 458  -0.851598253103954005289393952409  -0.233072813872881204725170263370
 459   0.794468061779389501643013671761  -0.233012489343495825221385639226
 460  -0.274941325592715288643816330331  -0.230955858937174810667868781479
 461  -0.461726986660692461868299159105  -0.229263109610130644732987259609
 462   0.607891777683317660387598460494  -0.230433111516841306137988099062
 463   0.421327709184907103403511034357  -0.227849773428776409942680281801
 464  -0.648375780295831936363310388122  -0.226716156752008782954385016155
 465   0.234766692908703868830820620205  -0.225265544709557958048270720783
 466   0.048205413799077108266912199242  -0.222684879163305001244538453476
 467  -0.901972751061576162164740227497  -0.221231494988913358643843322795
 468  -0.138435514717660456590654735128  -0.220411853787925972911738733087
 469  -0.324997293987446321194996629731  -0.217833096062689104774808903402
 470   0.744398504762179717944268377348  -0.219892507916306478995209730280
 471   0.557835108451133071677285361157  -0.217309600238340346496107971186
 472  -0.511785996343671893385086646891  -0.216151953026759981414702072094
 473   0.371272196268932125897425034776  -0.214725273281610630179275984840
 474  -0.698650052152790581943695197202  -0.214447212375691347429553390586
 475   0.184710989815771343178372969016  -0.212141769899447966094869736320
 476  -0.001850554595653924284267974802  -0.209562116288819295351478097238
 477  -0.765185027511457762169560451336  -0.209284695448586905633645603543
 478  -0.951811739837184943682050401420  -0.207307340608160671113402225171
 479  -0.188491483112391489141835034528  -0.207289090913440267018678855010
 480  -0.375052997080378846847444280920  -0.204709321252579112821407918940
 481   0.507778283154897817930048722094  -0.204186131683016175022594185792
 482   0.881301936692779916533800869422  -0.207727037781531303202492471551
 483   0.694341796361564826859258607585  -0.206769007360275367080823123229
 484  -0.561841699436604505683977898406  -0.203028178216650013179174834820
 485   0.321216493175999600244977383592  -0.201601498471500638225875000359
 486   0.134655021421070148096541646981  -0.199019007024848447018032217326
 487  -0.051906522990384956835448274202  -0.196439353414333589458418219160
 488  -0.815259192330042651867836889957  -0.196231538929358015656306423937
 489  -0.238547686365348968510614491626  -0.194167223923834655607232649395
 490   0.830851223474742047067118792445  -0.196214765495592641846278443756
 491  -0.425333592675969262600938325766  -0.192475410024072259923780650545
 492   0.644285152354178469743352018576  -0.193645489176431220231888589648
 493   0.457721745415851129780005658768  -0.191062805570375442011032012219
 494   0.930175951326613650174697308938  -0.190722992058054245192189078789
 495  -0.611897667831335538235158197806  -0.189905415342164307286114956742
 496   0.271160790083067074592529732409  -0.188477723661390646272474015878
 497   0.084599053026405684258428001063  -0.185896244150108818880916057605
 498  -0.101962491385115989386628573602  -0.183316590539847883565358341083
 499   0.780791879433040527300021935430  -0.183104885575896393089110220866
 500  -0.288603654760080001061794791027  -0.181044461049348949714172771319
 501   0.594228483121993881033038919239  -0.180521977897930260590008461772
 502  -0.475389315828057260918149695469  -0.179351711722304807441530233273
 503  -0.863475318813434759792790082345  -0.177442924708723579246814129262
 504   0.407666057396659617371820852263  -0.177938132191142914782551505721
 505  -0.661953370924268063887605848994  -0.176781640532054315332713972280
 506   0.221105086990134548940082081224  -0.175353948851280654319073031400
 507   0.034543084631712395848933738561  -0.172773481275479140290842443311
 508  -0.914833574029432346441745182120  -0.171107587419932314383544338202
 509  -0.152097843885025169008633195805  -0.170500455900100111958042722921
 510  -0.338659623154811033612975090427  -0.167921698174863243821112893241
 511   0.730735171032425636215012165667  -0.169981385019865281174723613815
 512   0.544171657825758627285802280176  -0.167398509342606089116494676378
 513  -0.525448325511036692449508707913  -0.166240555138934144178879809122
 514   0.357610528115848453774372671388  -0.164813694457961786029079621778
 515  -0.712225237020680131848154152994  -0.164511907178036093706643631159
 516   0.171049383897202023287634430035  -0.162230174041170662365672046937
 517  -0.015512883763018636702246435483  -0.159650718400993434397782087073
 518  -0.763504277207064370456392306605  -0.157564467724720744264058130748
 519   0.867638602963025834804544657741  -0.157815914885090105382006355087
 520  -0.202153812279756201559813495205  -0.157377693025614406064982844844
 521  -0.388715326247743559265422741613  -0.154797923364753251867711908769
 522   0.494114944982198171603703389061  -0.154275010002846122367819474940
 523  -0.575504028603969218101956359101  -0.153116780328824152225478824659
 524   0.307554825022915928121925020204  -0.151689919647851794075678637296
 525   0.680678527025039279099105576658  -0.156857866836021134325789080234
 526  -0.962395661964878871350424374611  -0.150719976755238315180059622874
 527   0.962463816649731440871717764385  -0.150284141551758940068509575031
 528   0.120993415502500828205803108000  -0.149107411166571143288834527944
 529  -0.065568852157749669253426734883  -0.146527955526507728504722208995
 530  -0.813578442025649260154668745226  -0.144511311205491854286718951143
 531  -0.252210015532713680928592952303  -0.144255826036008794653536639229
 532  -0.438995921843333975018916786461  -0.142564012136246398970084640384
 533   0.444059432067520426727574410335  -0.141150509850732828876451996297
 534  -0.625559996998700250653136658501  -0.139994017454338446332418946582
 535   0.630621857792854690388792477321  -0.143734355557520174683908952357
 536   0.817187889744987965337862580765  -0.146303642599151444025792327292
 537   0.257499121929983402469477369020  -0.138566144837741802122277652815
 538   0.070937447107836364367689462082  -0.135984648291831515151718368222
 539  -0.115624820552480701804607034282  -0.133405192652022022611662330918
 540   0.767128545703286445570765723749  -0.133193762679455195268624104401
 541  -0.302265983927444713479773251703  -0.131133063161523088760476761153
 542   0.580565032496619436641555838258  -0.130610887002196003210395166964
 543  -0.489051644995421973336128156165  -0.129440313834478946487834223112
 544   0.394003902786709263130126229470  -0.128026072117551700122980112364
 545  -0.675615700091632776305584309690  -0.126870242644228454379017962119
 546  -0.861794568509041368079621937614  -0.125722696984857417877226656467
 547   0.207443418837050876817029717835  -0.125442370027631810168876668338
 548   0.020881478713143075958195199581  -0.122861885417201836561644753928
 549   0.913436918330803842566041692979  -0.133726058371033382261560732029
 550  -0.165760173052389881426611656485  -0.120589058012274251004346712757
 551   0.717071901695900088454859134740  -0.120070244495611048419689570820
 552  -0.913152823725038954728577037390  -0.119387359696066153013956865407
 553  -0.352321952322175746030953551103  -0.118010300287037382867416883075
 554  -0.539110654678401404867487168608  -0.116329157251108283225183798961
 555   0.530508319653058980959456947143  -0.117487387662436036461719965526
 556   0.343948199959655777933788804179  -0.114902296293346148718832009120
 557  -0.725887566188044844266132613690  -0.114600509290210232752947620998
 558   0.157387715744118351164582066647  -0.112318595217521818215475683875
 559  -0.029174489681587956592984974463  -0.109739122542716130668584397690
 560  -0.777166606374429082874370767301  -0.107653069836894883310362120587
 561  -0.215816141447120913977791955885  -0.107466295137788545111286834679
 562  -0.402377655415108271683401202288  -0.104886525476927390914015898598
 563   0.480452806738381236083327968417  -0.104362887510322742970352486882
 564   0.667015232463715499744546035404  -0.106946733217110088777809442943
 565  -0.589166357771333930519934819792  -0.103205382440998291271782814480
 566   0.293892496866723252281341152995  -0.101778521483236156765431024639
 567   0.868660008724898425630004873645  -0.106078466091552693053772332099
 568   0.952290088162751815114331918295  -0.099546560548448271542217696980
 569  -0.969041468718813198738574052176  -0.099400973160238019727883937805
 570  -0.079230458076318989144165273863  -0.096616359668230424775524519612
 571   0.107331747349417156082750744612  -0.099195832342922299138638164881
 572   0.803524620408462417577709549838  -0.096392502074897211270758284296
 573  -0.265872344700078393346571412984  -0.094344428148182933699840629064
 574   0.616958407167480245997309396340  -0.093823264661785917304295657550
 575  -0.452658251010698687436895247138  -0.092652614248420538016388630218
 576   0.430397277457570072485879787552  -0.091238449777141614216880602949
 577  -0.639222326166064963071115119197  -0.090082619566512585378722936421
 578  -0.825407696000579124741791371567  -0.088928643301589424616647690780
 579   0.243836793773790726628893501812  -0.088654746673126164812030040158
 580   0.057275778954752692244637098694  -0.086073069468182671001522005159
 581  -0.129286426471050021695345573263  -0.083493596793744718882464641535
 582   0.753465276366760897810612692822  -0.083282622155200962513590061406
 583  -0.315928313094809425897751712384  -0.081221665273697227806780750988
 584   0.566901694323919790315210505225  -0.080699765322025950555620456112
 585  -0.502713974162786685754106616841  -0.079528915946653085534138212946
 586   0.380341574630516587289542362261  -0.078114673952936062812732499706
 587  -0.689278029258997488706864464020  -0.076958844756402593361632542647
 588  -0.875463399088328481785739226488  -0.075804868471710185438815294208
 589   0.193781090680858200976445850627  -0.075530971863016172858629055680
 590   0.007219810560059403835142836192  -0.072950306593552992411448390866
 591  -0.179421778970959201317350195466  -0.070677462153996947275149023374
 592   0.908114950134025788305658402451  -0.072595418503308589327707429727
 593   0.703408607134576309100299593486  -0.070159110876700002871709933529
 594  -0.926822701821092356123937467175  -0.069478028802601634400258328800
 595  -0.365984281489540458448932011783  -0.068098902399211521913720872910
 596  -0.552772983845766117285465629285  -0.066417759363282422271487788795
 597   0.330285871803463102093204936970  -0.064990898128730511408584396463
 598   0.516846181409242045439081526499  -0.067575265169912657064252977468
 599  -0.739549895355409556682874687017  -0.064689111402384371798913172486
 600   0.143725387587925675323998199438  -0.062407197052906180905228071217
 601   0.841964223588512931546501968918  -0.061748544668813494865990795922
 602  -0.042836157834671628716037337852  -0.059827543719067286518388034627
 603  -0.229477747365690233868530494866  -0.057554699279511241382089145296
 604   0.653351781838341055353062954422  -0.057035642321375831398196148136
 605  -0.416039984582437703471296214539  -0.054975127588966965266096504345
 606   0.466790652128430881841633345634  -0.054450827436731528310781093535
 607  -0.602828686938697927602120852801  -0.053293984553169701938748115947
 608   0.280230168710530576440757285787  -0.051867123318620519455183411982
 609  -0.789605598448341947437787809223  -0.051565336592273865329602394339
 610   0.972736807533647037405622468728  -0.052009853212304864065885808664
 611   0.093669419193224480242166877403  -0.049284434178306661828390552224
 612  -0.092892126229402661267217637252  -0.046704780844581580625328156550
 613   0.790633849954881223709393556002  -0.046276287986965843752082663276
 614  -0.973030816608530595663874934154  -0.046183887797077866237745016263
 615  -0.279533950618647713237309951964  -0.044432832289905629970642939681
 616   0.603295068994780599670964063307  -0.043912142981615864649520946698
 617  -0.466320580178060679341159029268  -0.042741216360593932371991754500
 618   0.416734949301377396645295920343  -0.041327051612525976906632990292
 619  -0.652884655333429675425587780294  -0.040171221678686724407643379117
 620   0.230174465617598050788309634603  -0.038743348508510527501782427501
 621  -0.839661301536091304481735664144  -0.038441561762394626151769997768
 622   0.043613450798560016404053231485  -0.036161671303567033691274392502
 623  -0.142948094624133693818397936652  -0.033582017970095874732268278472
 624   0.739801981805437118456053151568  -0.033371488536289916965610424115
 625  -0.329589919013378745788490251364  -0.031310069415419924077583061605
 626   0.553239556080102854794835084581  -0.030787642829502571158153468054
 627  -0.516376303330148677658370398971  -0.029617518058826479889741337228
 628   0.366679246474323911448958495052  -0.028203275788320425502484887049
 629  -0.702940358426355273042198139090  -0.027047446868550308067211524488
 630   0.180118762524665525135861983418  -0.025619573698400535548381443023
 631  -0.891931406148403008745063499366  -0.025062615812204078208979201358
 632  -0.006442517596133272005441031016  -0.023038908428937355101200778209
 633   0.876837124783412554829577055165  -0.023516520923724342224642105905
 634   0.928561669504921010596948952884  -0.025058711167165181851375541411
 635  -0.193083447124042873440402558854  -0.020765883330348103124952660311
 636   0.689745156509201864708816512504  -0.020248019980965745492096638722
 637  -0.379645887408109778339670550764  -0.018187306540934218184523183527
 638   0.503184026799291691197386903716  -0.017663205096321442404681584121
 639  -0.566435313013128109189729411414  -0.016506361475455816627090913077
 640   0.316623543647270426252621069762  -0.015079499964114874098336783806
 641  -0.753212224522773756068237350627  -0.014777713514558370411954075470
 642   0.130063059431732999483414332230  -0.012495798888290543594980458560
 643  -0.056498485990864304556621205060  -0.009916145554451649208140421970
 644   0.827027224625742033065147114085  -0.009488665646555757845983153862
 645  -0.243139415518773905991582858254  -0.007643120455862397231892782234
 646   0.639688443665641409026717621389  -0.007124520641205778743421437284
 647  -0.429701590501007023362034753520  -0.005063531730689661536898814962
 648   0.453128323972238206001049478425  -0.004539429272115891000533480878
 649  -0.616491015840181594386066836705  -0.003382585651250265222942809835
 650   0.266567840554337900600173418578  -0.001955725154004882144935799325
 651  -0.803267927610523113112185205548  -0.001653938684679131234121678898
 652  -0.947519497294712340067526809049  -0.001161899121957172291100903813
 653   0.080007091037031804401583010194   0.000626963986308975481857060433
 654   0.974126194398350667572408326514  -0.000280978475515147322665314459
 655  -0.106554454385595337107801504460   0.003206617320034056684919456107
 656   0.776195356476297927811806709650   0.003416133804120168940489085299
 657  -0.293195618771731385360362315353   0.005478746533743214179553423381
 658   0.589632930750963664150588642663   0.005999979510907514747946041360
 659  -0.479982186096629999231897568248   0.007170379497683371357205934883
 660   0.403072621145184720804712053134   0.008584346552089660403614622365
 661  -0.666546984500768039635199429173   0.009740176209146348884534641922
 662   0.216512137461405374947725767394   0.011168049656105109808465185157
 663  -0.853323630703455503867098327754   0.011469836125431375235189099249
 664   0.029951122642367340563469364277   0.013749726861048603618973220155
 665  -0.156610422780326369658981803860   0.016329380194519762577979334185
 666   0.726138531180062674064570070587   0.016539602359444340414002870692
 667  -0.343251587166462417911542614753   0.018601509408228920072613301458
 668   0.539577401470152500553140461797   0.019124417244088643501417925293
 669  -0.530037909248717997549108937951   0.020294077799450823839456352155
 670   0.353016918318131235608374627843   0.021708122376295211807762725608
 671  -0.716602687327821524831536854463   0.022863952033351900288682745165
 672   0.166456434368472849295278116209   0.024291824466215101761866169634
 673  -0.903144460282155509112844475976   0.025458825277061418157109745117
 674  -0.020104845752325947846024898225   0.026872489735678282209046834449
 675   0.875246389914964651993176638680   0.028206553617263613274463729292
 676   0.926970934636473107760548536411   0.026664363373822773647730293786
 677  -0.206745775280235549280986426063   0.029145514834267534185294952346
 678   0.676081818336502218382471179471   0.029663101699204307162678072130
 679  -0.393307555561193450462722914153   0.031724272282714625965673179535
 680   0.489521698643099015356803036507   0.032248193068294194905566028537
 681  -0.580096918931697429080467950395   0.033405234382821487102106776305
 682   0.302961215491077750412037202553   0.034831898200500763211910828851
 683  -0.766874553670426213871913306531   0.035133684378663358466898777687
 684   0.116400731275540323642830465021   0.037415599276325093715267154097
 685  -0.070160814147056980397205072269   0.039995252610163988102107190687
 686   0.812588731147158737167560267753   0.040203756144530254846588594718
 687  -0.256801743674966581832166725463   0.042268277708753240078354830423
 688   0.626026305421824473506342200745   0.042787601851317600654045550775
 689  -0.973141156464466348326217465479   0.043797387558140997549319890241
 690  -0.443363258654090695485087116909   0.044848047092959182613297548100
 691   0.439465995816045530160465611216   0.045371968892499746309714131779
 692  -0.630152621758750914276805375686   0.046529010207027038506254879548
 693   0.252905512398145224759589551369   0.047955673010610755165311813333
 694  -0.816930257011026476196782723003   0.048257459433787504082941330625
 695   0.066344762880839128560999142986   0.050538362150924612792104673091
 696  -0.120216782541788012948385371669   0.053118015484649693995167068765
 697   0.762531905850923483420323628669   0.053327224699854426320102380106
 698   0.972766649276620441011300239078   0.051448689167494815414661581190
 699  -0.306857946927924061200946182561   0.055390144698358851489801036039
 700   0.575970776141013309908894019880   0.055912039584498729407517434708
 701  -0.493643854249713671354949931637   0.057081958321332215507402297945
 702   0.389410292988992044964128185925   0.058495744716705297713862235023
 703  -0.680208590419337359525937968153   0.059651772067423652613732331305
 704   0.202849809305212699107141900185   0.061079447820720747118712797814
 705   0.016288794486174664722885497068   0.063661125025664240929220832813
 706  -0.170272750936519045499565671069   0.066240778359135399888226946842
 707  -0.871351352598792897700637643243   0.066287800052683713402135149821
 708  -0.356913915322655093752126481961   0.068512907572844557382860914115
 709   0.712475193007363027738224737552   0.066450724039614393068777581544
 710   0.525915073313959824712556594589   0.069035815408704280811665537951
 711  -0.543699577401801669672161301340   0.070205656623099667989652715218
 712   0.339354590161938559767790760635   0.071619520540910849118010338266
 713  -0.730264293246390844722275393444   0.072775547891629204017880434548
 714  -0.922606835806637161943838510627   0.073406951583918810090561565537
 715   0.152794106212280173454694249001   0.074203222630830739072113782291
 716  -0.033767173908518623686608765434   0.076783887900293919519294447106
 717   0.851580303836277800476672224517   0.074225280752099456905022958936
 718  -0.220408103436428225121570293272   0.079056912998883171495542565003
 719   0.923221039018441586253283478087   0.078275846207085376620594575132
 720   0.662419680092685282862095758827   0.079575224191727686560145060189
 721  -0.406969883717386126303306781361   0.081635670447330263275920792192
 722   0.475859370486906339516219169298   0.082159591232909832215813641194
 723  -0.593758587084781101203520313784   0.083316813206470331252303139368
 724   0.289298887334885074571453335341   0.084743296365116400522158441508
 725  -0.780536159588995533762651845511   0.085045280236940662196096467070
 726   0.102738403119347647802246597812   0.087326997440940731025514766755
 727  -0.083823142303249656237788939478   0.089906650774779625412354803345
 728   0.798925280521784292776077186751   0.090114847040264512226201889520
 729  -0.270464071831159257672750592672   0.092179675873368877388602443081
 730   0.612364150811874119264647577961   0.092699661924908815313616944122
 731  -0.457025586810283371325670984117   0.094759445257574819923545160758
 732   0.425803667659852854319881744007   0.095283367057115383619961744437
 733  -0.969442296516664779923943582349   0.095412553086121645001475194750
 734  -0.643814289911834586399857739075   0.096440589030675882656451242610
 735   0.239243184241952548919005684157   0.097867071175226392475559425989
 736  -0.830591688869806697360100026377   0.098169717970121790949568351003
 737   0.052682434724646452720415275777   0.100449760315540250102352285748
 738  -0.133879110697980688788969238878   0.103029413649265331305414681422
 739   0.748868567678223837093978295635   0.103238346380024478974877090958
 740  -0.320520275084116737041530049770   0.105301542862974488800048648696
 741   0.968662008732028526723632583177   0.103033171363151142109999392027
 742   0.562308447984820634068310152671   0.105823437749114366717765047365
 743  -0.507306182405906347195533798845   0.106993356485947852817649910602
 744   0.375747964832799369123544318717   0.108407142881320935024109847680
 745  -0.693870258572421031648990331542   0.109563350891072496763928694367
 746   0.189187481149020023266558032973   0.110990845985336384428960410470
 747   0.002626466329981988882301629859   0.113572523190279878239468445470
 748   0.885295610521160872357886921752   0.113481935889013136852897847251
 749  -0.183935079092711721340149538278   0.116152176523751037198474559500
 750   0.698813054763546092217849316909   0.116362846532137772466244569603
 751  -0.895852616019178410261562129140   0.117701630733435662168818020197
 752  -0.370576243478847769592710349170   0.118424305737460194693108526772
 753   0.512252745157767148871972727380   0.118947213573319918121913150608
 754  -0.557361905557994345512745168547   0.120117054787715305299900327880
 755   0.325692262005745883927206893423   0.121530918705526486428257950922
 756  -0.743925961399474516845327756833   0.122687126715278048168076797611
 757   0.139131778056087497614110381789   0.124114620795446376382361394948
 758  -0.047429502064711299527192632642   0.126695286064909556829542059763
 759   0.835318654447352106010546377259   0.126902470117980381226496915204
 760  -0.234070431592620900962154160480   0.128968311163498808805790177661
 761   0.648757525482734928620401136045   0.129487284265318901219716453542
 762  -0.420632211873578802143890648570   0.131547068611945900586168404850
 763   0.462197042330713663675635302089   0.132070989397525469526061253851
 764  -0.607420915240973777044104180992   0.133228211371085968562550752025
 765   0.275636559178692398730869468127   0.134654694529732037832406054164
 766  -0.794197827742079205885704208900   0.134956859060589506346292830133
 767   0.089076074963154971961662730600   0.137238395605556368335762379411
 768  -0.942688076729206028241667200862   0.139707232235638497079731649409
 769   0.930736580234747812828236026842   0.138239261045078902342302664147
 770  -0.097485470459442332078372806687   0.139818048939395262722602416002
 771   0.785261942349084646449731853716   0.140025968720434564880976600372
 772  -0.284126399987351933513334459880   0.142091074037984514698850055738
 773   0.598701822655681443424063710753   0.142611060089524452623864556779
 774  -0.470687914966476047166254851326   0.144670843422190457233792773415
 775   0.412141339503660178479297876798   0.145194765221731020930209357094
 776  -0.852052129539612310874511332255   0.145257469707192924558146507210
 777  -0.657476618068027262240441606283   0.146351987195291519966698855268
 778   0.225580856085759873078421816943   0.147778469339842029785807038645
 779   0.039020106568453776879831408565   0.150361158480155887412599898404
 780  -0.147541438854173364629553106087   0.152940811813880968615662294079
 781   0.735206429434406901573602874991   0.153150468872547858372344079017
 782  -0.334182603240309412882113916979   0.155212941027590126110296261353
 783   0.548646119828627958227726285462   0.155734835913730004028012660022
 784  -0.520968510562099023036117666054   0.156904754650563490127897523260
 785   0.362085636676606693282960451508   0.158318541045936572334357460337
 786  -0.707532586728613707489574198750   0.159474749055688134074176307025
 787   0.175525152992827347425974165758   0.160902244149952021739208023126
 788  -0.011035861826210686958282237353   0.163483921354895515549716058127
 789   0.871930845029709542485426589408   0.163474201625776432739914840737
 790  -0.197597407248904397180733405486   0.166063574688366674508722172157
 791   0.685150900153595737976154694128   0.166274906605728987125815962962
 792  -0.384238571635040445433294216379   0.168335703902075832003356139430
 793   0.498590417001574473031388860171   0.168858611737935555432160763265
 794  -0.571024233714187021353329035756   0.170028452952330942610147940537
 795   0.312029933849553208086623026217   0.171442316870142123738505563580
 796  -0.757588289555667192683857226288   0.172598524879893685486160137178
 797   0.125469449899894821607398354874   0.174026018960062013647134476389
 798  -0.905635304244860217345087416680   0.175830617024686136032792462802
 799  -0.061091830220903975367776499855   0.176606684229525194139789672419
 800   0.821655316274652459684201044224   0.176813591798150433881271626056
 801  -0.247732759748813576802738027689   0.178879709328114446116037790318
 802   0.635095197326542252779817268836   0.179398682429934538529964066199
 803  -0.434294540029771477984474515778   0.181458466776561537896416017507
 804   0.448534714174520987835051434880   0.181982387562141106836308866508
 805  -0.621083243397166452884688048201   0.183139609535701605872798364682
 806   0.956792477772580329422412617734   0.182948287884099518288085504500
 807   0.261974231022499722890285600926   0.184566092694347675142653666823
 808  -0.807860155898271881726135962645   0.184868257225205143656582081056
 809   0.075413746806962295954950703684   0.187149793770172005600535460851
 810  -0.111147798615635007918956673899   0.189729447104010900032850028658
 811  -0.955445459385028753384346089272   0.189857566882250835335798700006
 812   0.771599803359974714808072065498   0.189938091950263727372639104702
 813  -0.297788728143544609353918327089   0.192002472202600152009097668395
 814   0.585039494499488767583479843544   0.192522458254140089934112169436
 815  -0.484350243122668723006838718534   0.194582241586806094544040386073
 816   0.398479011347467502638714009590   0.195106163386346658240456969751
 817  -0.671138946224219850249079558611   0.196263385359907492278842441196
 818  -0.858252789220187872751433563944   0.196632158970681194742275580834
 819   0.211918527929567197237837949743   0.197689867504457667096054651304
 820   0.025357778412261100873119381648   0.200272556644771524677372979845
 821   0.908104561933231475321761914637   0.200478083336835849007078835698
 822  -0.161203767010366040470136973299   0.202852209978496605925909906735
 823   0.721544274079163551210623884636   0.203062529683444856126110988647
 824  -0.347844931396502088722697784188   0.205124339192205763420543874010
 825   0.534983791672435282387142418253   0.205646234078345641338260272679
 826  -0.534630838718291698876701533263   0.206816152815179127438145135917
 827   0.348423308520414017442376584299   0.208229939210552209644605072994
 828  -0.721194914884806383322344928521   0.209386147220303771386562622494
 829   0.161862824836634671585390298559   0.210813642314567659049455635785
 830  -0.024698189982403362964994264270   0.213395319519511152814489139567
 831   0.858048690191876729570137609473   0.213601214884120429337004741217
 832  -0.211259735405097073021317272699   0.215974972852982311818969784813
 833   0.671488571252110066014286459344   0.216186305507650407530259091884
 834  -0.397900899791233121273878083588   0.218247102066691469313603752087
 835   0.484928088845381797190804992963   0.218770009902551192742408375922
 836  -0.584686561575165236805913577247   0.219939852242938071219795404552
 837   0.298367605693360532246039159008   0.221353715034757761048753176237
 838  -0.771250617711859716743619702151   0.222509923044509901679556010372
 839   0.111807121743702145932942647374   0.223937417124677651002856620263
 840  -0.074754158377096651374488526773   0.226518082394140831404562753859
 841   0.807993177277198984694008630748   0.226725715036233722828372219863
 842  -0.920086493791708099629411670308   0.227640505221727008987508913058
 843  -0.261395087905006252643321894901   0.228791107492730083426285402974
 844   0.621432868425056580817949034051   0.229310081331855958934407195121
 845  -0.447956868185964153825058382987   0.231369864941177175206663630164
 846   0.434872386018328311994467567672   0.231893785726756744146556479165
 847  -0.634745571553034329258061943166   0.233051007700406151069202298899
 848   0.248311902866307047049701733705   0.234477490858963312452901279477
 849  -0.821522484054464546321200724296   0.234779655389820784045083919334
 850   0.061751418650769620280494996186   0.237061191934787642956257604726
 851   0.944763567233387353165574134781   0.237325986863702128962251149717
 852  -0.124810126771827683925668700818   0.239640845268626537297623110098
 853   0.757937764601536794776918392804   0.239850597483838704536960200115
 854  -0.311451056299737285194502194301   0.241913870367215789319345281052
 855   0.571377165598003095621611608760   0.242433857156061510338555298364
 856  -0.498012571278861398847422585743   0.244493639751421731854287998730
 857   0.384816683191274826798130142381   0.245017561550962295550704582408
 858  -0.684801274380087726622453453576   0.246174783524612037475246375413
 859  -0.871915117376380537346498325595   0.246543557135296835130777419112
 860   0.198256199773374521397254082521   0.247601265669073304406302263958
 861   0.011695450256068425198663674150   0.250183954809387162033095123720
 862   0.894441591359707536234113958147   0.250389305647066954918921573286
 863  -0.174866095166558716476849000218   0.252763608143112243190682988175
 864   0.707881945177677879248755649852   0.252973928585366276530554117567
 865  -0.361507259552694764563281651400   0.255035737356821400730791486666
 866   0.521321462770949610425274183470   0.255557632980267061742703401607
 867  -0.548293166874484374717285400472   0.256727550979794764748392748574
 868   0.334760980364221341601792717090   0.258141337375167846954852685651
 869  -0.734857243040674259695718823486   0.259297545385008316582966556710
 870   0.148200496680441995744806431337   0.260725040479183296359703248439
 871  -0.038360518138596038639449971767   0.263306717684126790170211283442
 872   0.844386078445029791357984979421   0.263513805799180248410289051934
 873  -0.224922063561289749028029299619   0.265886371017597949083742866252
 874   0.657826242350624394052418224560   0.266097704409571827934702220804
 875  -0.411563227947425797114461950800   0.268158500231307106623851364743
 876   0.471265759943896125228936758179   0.268681408804472613146851504850
 877  -0.598348889728637677543693839493   0.269851250417929085922940523069
 878   0.284705277537167856405455291800   0.271265113199373398359000788894
 879  -0.784912945867727593116993597116   0.272421321209214446875959944589
 880   0.098144793587509470092358780148   0.273848815289293288313104232915
 881  -0.088416486533289327048944234269   0.276429480558756468760284897735
 882  -0.933748821947575976002785565273   0.277551903386431554183912847274
 883  -0.275057416061198928650033921827   0.278702505657345720691058484412
 884   0.607770539523570908856080799269   0.279221480233777379338850324047
 885   0.794331211002463439197311920800   0.276640767469780318467022899445
 886  -0.461619196342156829665642250200   0.281281263105792812516911242820
 887   0.421210057116842640032599332888   0.281805184628678164550999608093
 888  -0.648407899709224011983367619811   0.282962405865022607689760656154
 889   0.234649574710114371209117866509   0.284388889023578949763148892137
 890  -0.835184812210332422694574619261   0.284691053554525329241487853550
 891   0.048089090494576771078896781177   0.286972590099403232812112942129
 892   0.930833110291613446961244753649   0.287178763746134220912080057524
 893  -0.138472454928020359600124408313   0.289552243433242174653345253973
 894   0.744274846473494748830104378960   0.289762019221701606526629167560
 895  -0.325113384455929961201214221227   0.291825268531831426584118362489
 896   0.557714836696517423659743373978   0.292345256057982930742998427290
 897  -0.511674899435054074688006452956   0.294405037916037369164535611386
 898   0.371154354289789154836261907598   0.294928960452883715955147711336
 899  -0.698463602536277409347759130221   0.296086181689228494095804732668
 900  -0.885577445532248413719872220560   0.296454955300001380327181353328
 901   0.184593871617181845556670215325   0.297512663833688941716549876619
 902  -0.001966877900124424002934540862   0.300095352974002751888950461121
 903   0.880777597376935702085115774925   0.300303263898247514403447536170
 904  -0.188528423322751392151304707713   0.302675006307727880546405132051
 905   0.694219143646441263633766953665   0.302885795045907157930777270800
 906  -0.375169587708887440569993678326   0.304947135521437037995564568104
 907   0.507659133869463938463405948687   0.305469031882188482147146530533
 908  -0.561955495030677050557869267684   0.306638949144410402058640361230
 909   0.321098651462735669639924482307   0.308052736277089267359295814579
 910  -0.748519571196863942421024500131   0.309208943549624773203524913966
 911   0.134538168524249319904222564142   0.310636438643798933669950861100
 912  -0.052022846294788887841048186780   0.313218115848742380026066620844
 913  -0.238584391717482424702485007113   0.315797769182213586439465010128
 914   0.644163440819387778437429528374   0.316009570870112709334925374043
 915   0.830723802240795441867782239376   0.313434313736839781330768579575
 916  -0.425225556103618473121173977726   0.318069898395922743888624446181
 917   0.457603431042410453267068523397   0.318592807706394033551294633776
 918  -0.612011217884305758656004465373   0.319762648584545604802507957558
 919   0.271042948635682184443587057016   0.321176512101294818763443917822
 920  -0.798575274023917275842299273761   0.322332719373830903496518301844
 921   0.084482465431316794251774912957   0.323760213453908925623351845577
 922  -0.102078814689482176777838688242   0.326340878723372058471802578467
 923  -0.288719744217391604324489629316   0.328613903821961358046780628290
 924   0.594107737992334293241092103083   0.329133346694318260739073477286
 925   0.780666366084593996555955967542   0.326551476648922128498821179965
 926  -0.475281524498349505672354277126   0.331192661270408449781684324258
 927   0.407547728215356968070731098106   0.331716583530599584955442737019
 928  -0.662070227865416110603974177255   0.332873804029638403003370993816
 929   0.220987245542749658791139405832   0.334300286911404810716844902304
 930  -0.848847140366522105419880295906   0.334602451719141785862046210806
 931   0.034426762338384268599327261768   0.336883988264018917576752830040
 932  -0.152134783084213209329018862287   0.339463641597857764364862934705
 933   0.730610663257540511359618542250   0.339675252473127679902969283202
 934  -0.912659702693727838147509174655   0.340549832830546680606759831827
 935  -0.338775712612122636875669928716   0.341736666696447063939840506367
 936   0.912389706289826528349037335354   0.341272538330116829029078269290
 937   0.544052035165280808044754677791   0.342257122518523812143221580531
 938  -0.525337227591246750694718479882   0.344316436080653006429308692824
 939   0.357492025388303482874393672815   0.344840359354805136359590840263
 940  -0.712125930692469507968365687666   0.345997579853844289409415070330
 941   0.170931542449817133138691754649   0.347424061721514802670245886785
 942  -0.015629206056316926482504060267   0.350006751138618436653590349033
 943  -0.202190751478944241918684664811   0.352586404472343470247388113449
 944   0.680554960430487026163281116960   0.352799028297333231307117386445
 945  -0.388831915865080116244449385814   0.354858533686052675351286711982
 946   0.493996332338227322848417252500   0.355380898342729363547369683774
 947  -0.575617823186869726564581294610   0.356550347309026039323413442668
 948   0.307436322561249997678056247524   0.357964135179010687763738943506
 949  -0.762181899353056041041631057576   0.359120341714240568517135251628
 950   0.120875839356884607486244103465   0.360547836531624794623646871266
 951  -0.065685174450981390320617706184   0.363129514013358064790706508756
 952  -0.252246719873675340343361572906   0.365709167346829158108788680050
 953   0.630499257603433540966943691669   0.365922804121538782711265489688
 954   0.817054880470137097011400940141   0.363343906552469070018983817626
 955  -0.438887884259811148795629685214   0.367981296560538381244346590058
 956   0.443940629511173837652079827208   0.368504674166934914951517787018
 957  -0.625673546040194701765305798636   0.369674046750319724079380938594
 958   0.257380619468317472025608596339   0.371087909989120679717139927988
 959   0.868522222854710719653488799676   0.368721596136608703202886789879
 960   0.070820136263952081833796452280   0.373671611341734786577047855743
 961  -0.115741142845674678730111968686   0.376252276887987743380780123049
 962  -0.818761379424000000000000000000   0.377272495411000000000000000000
 963  -0.876982835142037118472206268311   0.378032735587582590349588874613
 964  -0.302382073384622139983776430058   0.378525301709823947425674542660
 965   0.580443554776380055770606266378   0.379046579945744334115413592931
 966   0.767141965162887179952617876898   0.377000691054158671182391530063
 967  -0.488943852654542181346809984614   0.381104059435024087137406468136
 968   0.393884926684120352455742401917   0.381628449991140466355665890262
 969  -0.675732556021608452408432858219   0.382785202194254131749870167002
 970   0.207324916375384946373160945156   0.384211684799230671670540912469
 971   0.020764433171019556181348801091   0.386795386151844778530448840206
 972  -0.165797111240405711281292142731   0.389375039762473449273840479287
 973   0.716948335101347835519034675053   0.389586650637743317213216895863
 974  -0.352438041779353172534956729458   0.391648064584309653318734420737
 975   0.530387851949326570574268841088   0.392170355769949885519561696174
 976  -0.538999555747439426369174187370   0.394227834245268643785030836701
 977   0.343829223857066867208443611983   0.394752225815346017810227915001
 978  -0.725842068531791361367223057479   0.395962289012928602672582439803
 979   0.157269213282452420720713293972   0.397335459609340663623941896951
 980  -0.029291535223681638900482520944   0.399918149026444297607286359199
 981  -0.215853079635136743832472442130   0.402497802636959155166900357365
 982   0.666892632274294350322697249751   0.402710426461948868617364999102
 983  -0.402494245032310651903736186556   0.404769931573915264730180626352
 984   0.480332149122273085377931415797   0.405294131594155436923709799417
 985  -0.589280151343062402239037002098   0.406461745473641676679135586545
 986   0.293773520764134341517962859232   0.407876000625456009801253437407
 987  -0.776077039522708871086074917938   0.408967427457140250010839791847
 988   0.107213510189519895068265642788   0.410459234419450655577342881432
 989  -0.079347503618346102738596166861   0.413040911901183925744402518922
 990  -0.265909048029867776383652741530   0.415620565511444861059960235442
 991   0.616836929447240865126359824460   0.415834202286154420021513102345
 992  -0.452550213427041684454916485956   0.417892694448400970623240504429
 993   0.430276446295219600181593990506   0.418417907418360988327857902660
 994  -0.639335874196387368993308140142   0.419585444914935393651120423650
 995   0.243717817671201815865515208044   0.420999775435566001754654421892
 996   0.827180538751714086213080155485   0.419865796933023814637867375298
 997   0.879244427467174635939153353191   0.419346108041838465022493852543
 998   0.057157807096587369415817991603   0.423583009229560647530743865909
 999  -0.129403472013039391148090429363   0.426163674775813604334476133215
1000  -0.316044400529776962056737066431   0.428436700151192608996097106857
1001   0.566781226620187379930022399170   0.428957978110359971425661205588
1002  -0.874227620014868836629750350820   0.429706865159325890675110214860
1003  -0.502606181821772717006096785356   0.431015457322886676516300382506
1004   0.380220743468166114985257353609   0.431541683242566539732009012932
1005   0.767171269766732304787004310025   0.428748212913997388008661466085
1006  -0.822521872387599886361484856195   0.431785936995377663482970749210
1007  -0.689394884177801128073594794659   0.432696600358869769108136309936
1008   0.193662114578269290213067556860   0.434123550245675993708055406374
1009   0.007102104003654843763370340415   0.436706784039670639484144850372
1010  -0.179459440407770423699270603407   0.439286437650299310227536489453
1011   0.703286006945155159678450807833   0.439498048802358954523464508517
1012  -0.366100368924507994607917365831   0.441559463025678314889156984934
1013   0.516725523793133894733684973879   0.442081753934565522829809308831
1014  -0.552661960066309906634016374949   0.444139211561688209992194728440
1015   0.330165040375233589332810290813   0.444665458052676531685412241597
1016   0.143606411485336764560619905673   0.447247325055785985661456390859
1017  -0.042953864391046351318460981621   0.449829546914270158560982369365
1018  -0.229515408802501456250450902807   0.452409200524785016120596367530
1019   0.653230304118101674482113382542   0.452621824626564505927612611760
1020  -0.749625545609137808504262202792   0.453443548546266327281185099515
1021  -0.416156572177465473976696822930   0.454681330015283926300603190549
1022   0.466669820960049443851181256710   0.455205529764737406925338506168
1023  -0.602942555661932882503879189678   0.456373122790061242886299478284
1024   0.280109337282301063680362639630   0.457789232862786523638813226078
1025   0.093550708392404238908172254488   0.460371099865895977614857375336
1026  -0.093009832785710815156574627538   0.462952309789009786698098529088
1027  -0.279571377197232488801631202207   0.465531963399270722013656245608
1028   0.603174601291048189285775957251   0.465745600450770057331760715002
1029  -0.466212540572196506527877122330   0.467804092889769632193663068626
1030   0.803314823336083559978241997798   0.465781311795588819187095536998
1031   0.416614118065651978959943064134   0.468329305655565222114139675001
1032   0.855735194020527885685881368915   0.465445162480572434893263708036
1033  -0.653004052662404872347594912780   0.469495300535933322256094311162
1034   0.230053634189368538027914988446   0.470913007672896515592214210559
1035   0.043495005299471713255724603296   0.473494874676005969568258359802
1036  -0.850175275227547952268006486317   0.475524892044233650223143510680
1037  -0.143065801180404103566068890039   0.476075072663639465288172143381
1038  -0.796070378474028823779672141048   0.476262058084503740753316056878
1039   0.741925071423703914072067902067   0.473919402256528130247610309683
1040  -0.329706729697141674474715527109   0.478348098039018469949793117023
1041   0.553118898463994704089438531961   0.478869376274975608735908818245
1042  -0.516268508966927539079057421730   0.480926855764255338086722946703
1043  -0.706228018967905173026906016203   0.481629743018344249468865506736
1044   0.366558414300801402567281130634   0.481453081130392400685705635644
1045   0.179997931096436012375467337263   0.484036782483006507545615195040
1046  -0.006561234176453264454268847654   0.486617905717812600667875300465
1047  -0.193121769575135136117249064084   0.489197835538125171181232499619
1048   0.689623678788962483837866940624   0.489409446966974591833712121174
1049  -0.379762698091872707025895826508   0.491470860913504175842852995100
1050   0.503063195636941218891552149603   0.491993152099181160139632922953
1051  -0.566324212059860064731505072914   0.494050630574365330040123931184
1052   0.316502711207868876914834067808   0.494576855940502392639108864285
1053   0.129942228003503486723019686078   0.497160557293116499499016179518
1054  -0.056617202571120905692294730078   0.499740668592555372025939896711
1055  -0.243177737969866168668429363483   0.502320598412610877074292377697
1056   0.639567975961908998641529515333   0.502533222791180143237860224417
1057  -0.429818901344830186394675283607   0.504592727903109787254299200715
1058   0.453007492803856767800168169991   0.505116927929353044177984986493
1059  -0.616604807655483040601367887642   0.506284541802738362934228681028
1060   0.266447008114936351262384178953   0.507700630750612384592509236244
1061   0.079886524910570961070572034890   0.510284332103226491452417163981
1062  -0.106673170965818401593699329239   0.512863431467189212848366452647
1063   0.778068624993055169263305589841   0.510952501138119561426044380597
1064   0.829811121654357882348711318000   0.510230755580897378280047960618
1065  -0.293233706364597201219609662883   0.515443361287096582967352255774
1066   0.589512273134855513445192090042   0.515656998615385694642008327660
1067  -0.479874869739561218945855583007   0.517715490777595493147359078792
1068   0.402951788898287266541966841171   0.518240703543391083067836297700
1069  -0.666660510748415566253815538826   0.519408316612848354887629665509
1070  -0.766970655018000000000000000000   0.519476095233000000000000000000
1071  -0.823723781313976889686193771171   0.520001013133359727493488818347
1072   0.216391305022003825609936527769   0.520824405560722376545910220725
1073   0.029830556519240478181181362686   0.523407094990683383972364725988
1074  -0.156729139360625695626819114007   0.525986194341750359886454757467
1075   0.728019618352695695976589165174   0.524101790537457676182293032127
1076  -0.343369058864506386892693987784   0.528259495926844330903489127189
1077   0.539456570307802028247305707685   0.528780774439591246045732432367
1078  -0.529930838134292251497035882407   0.530838253652081199040418956869
1079   0.352896086045057687391334103463   0.531364479267757776888096416366
1080  -0.716779005708490674972835201593   0.532290216330328626309550362980
1081   0.166335601929071299957488876582   0.533948180370832368499311205206
1082  -0.020225411875423985627067074545   0.536529857865423012223399879476
1083  -0.206785107755356728177999764820   0.539108957216236065779514983178
1084   0.675961350632769807997283073415   0.539320845131590229143959733831
1085  -0.393425027259237419443874287184   0.541382258801330036796549005267
1086   0.489400867480748542840539062885   0.541904550263796797392279403277
1087  -0.579986541227224777149483533591   0.543962028462191190993819941350
1088   0.302840382040504164496853369460   0.544488253828328253592804261929
1089   0.116279898836138774305041225391   0.547071955180942360452712189681
1090  -0.070281380270117273997014025939   0.549652620740052690964324269159
1091  -0.256841076150087760729180064220   0.552231720090721771672574861255
1092   0.625905647805716322800945648124   0.552444620955795780548107837074
1093  -0.443481230512194898812653744282   0.554504125790935648207995210882
1094   0.439345163636492055382191947029   0.555028325817178905131681609192
1095  -0.630267136822847753019346348319   0.556195939690564223887924691194
1096   0.252784678947571640547393772992   0.557612028638438252041612678424
1097   0.066223186743283020976829864947   0.560195453784878016970203091336
1098   0.797967935539149257102007784866   0.558720945923190814421997170955
1099  -0.120337348664848305831392759375   0.562775383614538399591579443941
1100  -0.794947782974325000049372035367   0.563009719193303498615797094371
1101  -0.306897044544818793280360363620   0.565354482965207477565634739332
1102   0.575849944978662837603059265767   0.565568396780001331951831941781
1103  -0.493537198906925931363834043682   0.567626888665421354101055088958
1104   0.389289461073166138949802198653   0.568152102647273954001826684950
1105  -0.680557395335542402880003670304   0.569255143664627245493975641141
1106   0.202728975854639113191958067089   0.570735803448548237499606230890
1107   0.016167218351952538087439192743   0.573318216672334909490150653343
1108  -0.744803821891859579925472937461   0.575792130716740136207855393668
1109  -0.170393317059579338382573058771   0.575898146489024105484639322031
1110   0.714357290196503020136005297965   0.574013188702073313492540644784
1111  -0.357032397044727978953444688521   0.578170617604955225501771610748
1112   0.525794242151609352196292620967   0.578692172604206883298378912691
1113  -0.543593167301656963915014343082   0.580749651539907059994114967035
1114   0.339233755966071986496564673876   0.581275876906044113921793366986
1115   0.152673271471826203862587600207   0.583859579534715054864980167991
1116  -0.033888750042711925720809244488   0.586440979547074537741185806831
1117  -0.220449285454310370933753358171   0.589020909363509811377699200109
1118   0.662299022476577132156699206206   0.589232243296205866454207346488
1119  -0.407088365439459011504624987921   0.591293380479440931394831488825
1120   0.475738538313383830422562839923   0.591815948151622658345976025976
1121  -0.593648870394589489567461994261   0.593873426350017051947515951535
1122   0.289178052873139463971067176968   0.594399651716154117801769652742
1123   0.102616560668850834211299055441   0.596983076862593885970498117033
1124  -0.083944718450338863331481357822   0.599563742418163586308936035477
1125  -0.270505253849041403484933657571   0.602143672237995517270759078186
1126   0.612243319649523646958812823849   0.602356019120411417857931451195
1127   0.767172123564559600078003480785   0.600307299961745488610857063413
1128  -0.457144568692416490873404445019   0.604415247469046542806277694440
1129   0.425682836018525817892095243086   0.604939726005687343335149630375
1130  -0.643929465990212465437324808993   0.606107337578390084841620701360
1131   0.239122349780206889238456649252   0.607523426526264143289332229687
1132   0.052560376689335965985323672400   0.610106720036337272474057850556
1133  -0.134000686845069895165860091257   0.612686505292649294936191210259
1134  -0.320561521691798499250537648108   0.615265292833350888860773676770
1135   0.562187616822470161552046179049   0.615479794944616969204478422106
1136  -0.507200537087147523424584744419   0.617538010343532248699337572517
1137   0.375627129891639793290729179343   0.618063499983759989293372998422
1138  -0.693985434384943497988505108394   0.619230100452875790734680579436
1139   0.189066646687274330999688802816   0.620647201336374079353870673930
1140   0.002504408298005483095933000196   0.623229482923794164994005412564
1141  -0.184056655239800930443323759498   0.625809268167135000082921805592
1142  -0.745061541795651037717275424976   0.627539019104791857707941856495
1143  -0.370696580676000569249473398401   0.628082575620465780136154329844
1144   0.721816323494616710311271833786   0.625220314179412144250237467479
1145   0.512131912984244639778316398005   0.628603570492032744252075535391
1146  -0.557256240180080049077032395598   0.630661785153642240652738557017
1147   0.325571426798803204874038044753   0.631187274794235901781936460935
1148   0.139009933304538262813481150238   0.633770701216366580168550010427
1149  -0.047552088235723610785141723926   0.636352101221684101167642755494
1150  -0.234112623634531962994504058898   0.638932031041620705975981683669
1151  -0.420752783928958048618252855500   0.641204442610071391547600535459
1152   0.663524793161275756575345983871   0.640965253682445964280410117415
1153   0.462076410905430636096585607033   0.641728111970962182499323239277
1154  -0.607312208574811081628212694998   0.643784548028127946545798435093
1155   0.275515723705774739660896448103   0.644311049603979975500196282260
1156   0.088953750614903779219792862893   0.646894343114053141474352876254
1157  -0.097608056630416899154082450877   0.649474864096313779912405326162
1158  -0.284169730996021109455110942059   0.652054482106138928565898015623
1159  -0.470808752323689081169433154899   0.654327205484557097440660413536
1160   0.613469090334222271378888516459   0.654089029506651515684100365170
1161   0.412020503815981842993034227715   0.654851123062688485444779351433
1162  -0.657592804170434057498075509731   0.656018459256500979439903184918
1163   0.225459823001515906378204276325   0.657435019906585854726962443454
1164   0.038898021725199935639612357368   0.660018110862763257165877365817
1165  -0.147664025025291489952894160825   0.662597626970760188788144411064
1166  -0.334528958682769025361230441788   0.665092168927458580627713459420
1167   0.560074801654968143286650133363   0.667184174734556097616456863815
1168  -0.520822652171747572598838015971   0.667609400310061923550040297344
1169   0.361964800723145255415720227842   0.667974897873164397102961197233
1170  -0.707798788774000000000000000000   0.669268944354000000000000000000
1171   0.175403308519986389826235517462   0.670558323018025604576082036021
1172  -0.011159458016271275230012294936   0.673140460020419565020959510912
1173  -0.197719993420022522504074460222   0.675720389845245894681204289154
1174   0.703629870417498846771558864141   0.673666777433896289955865232167
1175  -0.384585161935726504730009898887   0.678214035917064192039159665034
1176  -0.570919994455921995915133470368   0.680573318446819874567335610925
1177   0.510019098765509768619359055272   0.680307950320741686288103316732
1178   0.311909097630116791688141195425   0.681098672682908469351579074795
1179   0.125347123250591207821974957682   0.683681967467825835672404769657
1180  -0.061215426409239129374275941235   0.686263222901630806034243093569
1181  -0.247777100781511668964681343396   0.688842840909764117271120621104
1182  -0.434641130330457537281190198287   0.691336798791549897932219543112
1183   0.448413134040024332241395701948   0.691639481856883171413902117193
1184   0.655256981478171122507185715629   0.692048031282797835594444496214
1185  -0.620976111271947227752711793563   0.693695515164394580119695015469
1186   0.261853394536746982713003437750   0.694222447491350608535006326465
1187   0.075291395651784611693475189535   0.696805733940757474265830570415
1188  -0.111271394810782047452982407866   0.699385985774385375505500654953
1189  -0.298137167986991635565803735740   0.701881358200246620332837798273
1190   0.597215086476569513072067700249   0.703217577581978366540670479619
1191   0.398357430947187744664081702080   0.704763256667359083072083962989
1192  -0.671256706867570203622574608296   0.705929426392767613013799765294
1193  -0.483982015095917332187900127697   0.706934361676690316238457805104
1194   0.211796484834124133910577163621   0.707346141588340097390507853197
1195   0.025233172233109958180629354817   0.709928818789548073060443910992
1196  -0.161327363205513079287361015946   0.712508748648871084132756307897
1197  -0.348193371239949114934583192838   0.715003225189852231744284003888
1198  -0.534644240874820572213824214665   0.717476930458620285921332154446
1199   0.348301727854159280936502669662   0.717887031477103155320701840551
1200   0.161740498466039334834729324914   0.720469589269484860079936795242
1201  -0.024822796149181969027888203004   0.723051581711481977830786862209
1202   0.538897205209000000000000000000   0.723293798720000000000000000000
1203  -0.211384470567002228474251744733   0.725631199713389305976343226585
1204   0.486668010109927764333042099658   0.726487312984094260905223728049
1205  -0.398249339634680147485763492238   0.728125988064337937637343881965
1206   0.298246024761575945766620464885   0.731010806288545003037412698264
1207   0.111685446416966268131119048314   0.733595846990514055097226692995
1208  -0.074878764596166794905876255415   0.736174344577905890363449101775
1209  -0.261744537772482195075374137076   0.738669717003871809038060403754
1210   0.634263238047597946893791052652   0.739345701565440277831723855385
1211   0.435943453783000000000000000000   0.742221056811000000000000000000
1212   0.248190056369459039792027149401   0.744133569173002133278827363103
1213  -0.627589940235245649393734741433   0.745018649751425868493752331249
1214   0.061626546158677814667774599487   0.746716441867263899271597338830
1215  -0.575968159488351810527873995420   0.748624011025128262074801291574
1216  -0.456259932342375679261353114791   0.750629819166000126835576576657
1217  -0.124934732990860083274543557794   0.749297107452535569109254633583
1218  -0.311801399455391479232194569505   0.751792235329107858392652158908
1219   0.584451289101331866234245752920   0.753366279997476306594588813165
1220   0.384695101779458167448450078031   0.754674654555085068983642375940
1221   0.011570843065745304445472551087   0.759840216677373950077485366799
1222  -0.174991840352492787983769196436   0.762419558517014494681513452008
1223  -0.361857367850122511783374868905   0.764914998203593564285712036985
1224   0.200801860308239226386182160035   0.764922165841793495755634101551
1225   0.334639173263771051189892601369   0.767798663113351832439962899696
1226   0.515340019639683188259252989022   0.769565413533212098307468543252
1227   0.149380066276183850502462133207   0.770719231989351801700168980828
1228  -0.513815026024000000000000000000   0.772696211442000000000000000000
1229  -0.038486134376714459313344984060   0.772962703376641354179766342587
1230  -0.225351907557972754584944538413   0.775458075807496997743283009235
1231  -0.412299411228926060348058446501   0.777929626140193967240606040749
1232   0.284582686591296923791753193321   0.780921927969377709785840200178
1233   0.099325014227110783798851856609   0.783845489710380996717458878589
1234  -0.088490093163363101234177739094   0.786282274805836681282693521445
1235  -0.275408769240882038741764970842   0.788580594132733047097874764389
1236   0.420814146506969043680855595508   0.791731657744311813883605102913
1237   0.049268640394923514009758140902   0.796966705971330661928723165680
1238  -0.559250658553147189289944367393   0.797596779375260613812589900545
1239   0.472168706388426247585588294502   0.798096880189452174052564416924
1240   0.558489437217487881809398160822   0.798129983197229998635421618443
1241  -0.469972621736315332438167255314   0.800527404548257125559230929205
1242  -0.138599210137983342695774530698   0.799207917320639678640777904039
1243  -0.325464737635613071292945270242   0.801703357007218752990934642467
1244   0.237194490527280115724095726205   0.801710524640935979941662099695
1245   0.370758453992541506895897734517   0.804855472902084169155601570995
1246  -0.000787062698008996212543907497   0.810090480781440712734611193653
1247  -0.188959277343463314094461990116   0.812246434611122186448453234657
1248  -0.375907439444368424645669823169   0.814718636279449593888974195769
1249   0.187155074250990983161598513639   0.814947107250497813394247132965
1250   0.320702477283176806771811388710   0.817978204060872382998431247947
1251   0.135720212894680231184027085249   0.820631307512115994870316506127
1252  -0.050843038948536373026490830152   0.823213213690439950045158036180
1253  -0.239016139026372598251335372178   0.825368952936358235803097369870
1254  -0.516106586097199484603914876191   0.826169421698123001890716218418
1255   0.515318123966230941135733466303   0.826661449853470074380517492114
1256  -0.425963642697325904014449280267   0.827840503269055205300420401384
1257   0.085664950661208403163668576175   0.833762675290733098988365140069
1258  -0.289072107421103630802515671578   0.838491715810843941696157247948
1259   0.273314281221969468905680946770   0.838766800729692183822057690078
1260  -0.111172499780446820273337980830   0.843089376233922076624162234230
1261   0.419804301814125191257726627537   0.843469333485406209083258839342
1262   0.035606311227558860274601337178   0.846878103859156538945764621489
1263  -0.339514809229858984155240224505   0.851506995083074782594196801250
1264  -0.471506088476740083247108279449   0.852410658128628475455525295917
1265   0.470692610548398274395616247652   0.852860122140231649747789649354
1266   0.358201253552534681682317986822   0.855056305509758962236423155744
1267  -0.161289954956794366688275393662   0.855975320671218354810696139644
1268   0.224497785799335659860950019566   0.855935279172648762245397548953
1269  -0.016125709657254879678942769994   0.861586562831152445496461644749
1270   0.173528453473000461503184196558   0.864875863023935775756646094447
1271   0.122093210331053824418727367943   0.870552361973387260249206032053
1272  -0.214022989815468347611177239906   0.870680644252350498196167330495
1273  -0.068223622515358629559382061694   0.871954594387656565690384587001
1274   0.310394095061235468645920607814   0.874862427653734797139171531411
1275  -0.419480513648634999164097628068   0.879180311557870547674320047374
1276  -0.264078958210199380162357539306   0.883803407126836204089227208572
1277   0.072221219945118629163259244228   0.884357848286425270153112464165
1278   0.396614242391283131621092761897   0.889729770376548369697016214644
1279   0.261577599638601659601189680611   0.892030906096691375562511390286
1280  -0.116570656617000000000000000000   0.894586893754000000000000000000
1281   0.021992427301485039483418452357   0.896802737476657240854185864449
1282  -0.320457228976629795216775048422   0.899617446258323817593803066135
1283  -0.372201302056680588696814043767   0.900215592127368451807857988148
1284  -0.175860181394542742924420682613   0.905629276998454059108804649559
1285   0.211038546893174637006677855484   0.905901825635869269709026779701
1286   0.348807083899983918584695382885   0.909535892520524204599764590301
1287   0.160069214566839438648912032475   0.914842409487156283220275325195
1288   0.108697024505113884479521475008   0.921063740989032595637058517107
1289  -0.229984498592574085670923857020   0.922731221100605787287984515709
1290  -0.071425892754745253604305802438   0.923602947146560998185986691247
1291   0.299889328491383897461802040395   0.926816223541055533077556405028
1292  -0.019810844814999883789206469930   0.927303447595429992039055296295
1293  -0.280744204216466049350540289054   0.932793982270887179018133789440
1294   0.048091797680930872009953280865   0.941486400522459538530359327257
1295   0.248118360732440636746917516528   0.941997452559911883026140621034
1296  -0.139735431784525863271180149874   0.942680718846348152521672606864
1297   0.193728147239338355721830013382   0.954668176137201201173235966563
1298  -0.189885296476652432950805859592   0.955439948790027716552498738260
1299   0.142758814913003157364064190374   0.963608759988488214684484512058
1300  -0.095443365162954240661101180617   0.969439263496320305278344641325
1301   0.091386624851277603194673632906   0.969830091490364527101267703970
1302  -0.043828317223208870846001848109   0.973139763945189299131413246372
1303   0.007910411882097252078319200949   0.974094116061570589006903893847
