   1  -0.007711771263895553653577190818  -0.972566556582453342928481286997
   2   0.052483295069855466577020871534  -0.971180046200130467839730058033
   3  -0.063074447930000000000000000000  -0.970544457473000000000000000000
   4   0.107104130250062216702795032746  -0.966681893738604567588525980492
   5  -0.121935696504844700977742509539  -0.964923242707188325951481554791
   6   0.193753462237544099956654079376  -0.953102709192268342670095217273
   7  -0.212922305209739901203477162986  -0.949004357388756900335814761469
   8   0.247131757636188432863572973160  -0.940675859563922946370368418547
   9  -0.266039317119953802402837959862  -0.935504281200800128518730110792
  10  -0.162343706832298097520246280875  -0.927898092974515231388865331190
  11   0.145339460631283180571417704379  -0.927417042764873315964303369410
  12   0.021331180481014308954055479439  -0.926088863381378055010855658536
  13   0.300905233804000000000000000000  -0.924871590371000000000000000000
  14  -0.033441158412871107361314617199  -0.924175775969938168241417553421
  15  -0.088192598654075106881977976864  -0.921736759187644490825526769712
  16   0.075952015661221059079829640651  -0.921590710919852154759651580995
  17  -0.318311571774798245768312665928  -0.919033689084864032032745385784
  18   0.206577876054647803558674948997  -0.899818533102193322239914981625
  19  -0.221802913158819577588575382722  -0.894878194666522571340163112261
  20   0.389901103951000000000000000000  -0.891015458645000000000000000000
  21   0.259956171453292136465593842780  -0.887391683473847925940188182900
  22  -0.361139524918551386104952102126  -0.884836679846234283396873475739
  23   0.335739980967000000000000000000  -0.882542400025000000000000000000
  24  -0.274931760240882583408611228073  -0.881424770601207150341003790950
  25  -0.415664845324883075387267928773  -0.879299672898675707016783036034
  26  -0.006307640294966081503735592341  -0.876558119518830008099808756348
  27  -0.116388361799111406764505480738  -0.874715725591571041943678630218
  28  -0.171186623715414668576637627465  -0.873810461926846534429852332187
  29   0.048446773770236257317944721439  -0.874186800955917136717088440885
  30  -0.061059080536170081024398952005  -0.874119102736536330683917972640
  31   0.158163874448386884173438574000  -0.874132866674798295534123133762
  32   0.103358135702247642873979192498  -0.874129425690232804321571843482
  33   0.439688747394943196250431100991  -0.867536157063751953071889787871
  34  -0.502009030294705772148570617794  -0.833025877089809405987537428803
  35  -0.319372542817278483492120791652  -0.849351637680521814488511506317
  36   0.239476708546877045277033192013  -0.836556060035011147738266114849
  37   0.293741381315336885222606021383  -0.844238136621612974038616043111
  38   0.487856831013143018779164645866  -0.841392233641653410470046861224
  39  -0.447222896047558959279784045844  -0.834491655246301718073847601634
  40  -0.383606996444200572533371728063  -0.834847863751085701690538660587
  41  -0.256683048578333427696654215350  -0.829746404392438656550896884497
  42   0.346279629809689909650796117665  -0.828636807944347853401550989333
  43  -0.198586513108436543677848539608  -0.826345579407234098146190515757
  44   0.185569723801504250371687043358  -0.826671425139751350463012607613
  45  -0.143264708675331197425069245650  -0.826650779232358403187704865929
  46  -0.088458969929191956125609864149  -0.826654220216923894400256156210
  47  -0.033653231183052714826150482647  -0.826657661201489385612807446490
  48   0.130763985055365009072227661857  -0.826667984155185859250461317332
  49   0.021152507563086526473308898854  -0.826661102186054876825358736771
  50   0.075958246309225767772768280355  -0.826664543170620368037910027052
  51   0.401085368538154008852192294513  -0.828633096102053265575581765848
  52   0.534475818046517057576616675416  -0.812576629200091784358303769923
  53  -0.553449202629113212013520289279  -0.799774442269741356843670488687
  54  -0.503055634334488772823835137212  -0.778230132443583885602607190232
  55  -0.337893011976706569198070307673  -0.797770039862451889818692358999
  56  -0.285140829790918753676056053573  -0.782908132650122325321147769971
  57   0.268784365237581470434399495626  -0.789712013386064077878915600139
  58   0.486874054445779424325049664607  -0.785415239076426673434237863578
  59  -0.445849446901318862806934876497  -0.779703128629927599456364438286
  60  -0.389873838111268222823378341086  -0.780401599353329746639011006211
  61  -0.230348805986421327277336014784  -0.781682107055842071948525942417
  62   0.432103573014557773966872943408  -0.783449692042482363158328279368
  63   0.214791787184706363154815816283  -0.780306136151343641335126141437
  64  -0.115858859322213831226820776291  -0.779189337697311458116594339780
  65  -0.061053120576074589927361394790  -0.779192778681876949329145630060
  66   0.048558356916203892671557368213  -0.779199660651007931754248210621
  67   0.158169834408482375270476131216  -0.779206542620138914179350791182
  68  -0.006247381829935348627902013288  -0.779196219666442440541696920341
  69   0.103364095662343133971016749714  -0.779203101635573422966799500902
  70   0.322587050646319891651126282117  -0.779216865573500356277499436975
  71  -0.170664598068353072526280157793  -0.779185896712745966904043049499
  72   0.579397678767877805738590329929  -0.781180842210734290633159223256
  73   0.377464495031310556299888679532  -0.779178841015921961348285742503
  74  -0.580849092022135087114731201422  -0.752309559750128920560008672256
  75  -0.633702519664957942234095445726  -0.737811828970612707946245016918
  76   0.629483744569353946340145794982  -0.741414454756326841576943149145
  77  -0.530455523727510647925046049354  -0.730765249923971449318945373802
  78   0.461191027393897526187670667469  -0.736999837262512689426012842877
  79  -0.417273727504290097924589253229  -0.732936716833717310355349189781
  80  -0.307662250012011615325670490226  -0.732943598802848292780451770343
  81  -0.362467988758150856625129871727  -0.732940157818282801567900480062
  82  -0.473249336294340737908145788640  -0.732238246110315163172702621856
  83  -0.252870226207514188926950451436  -0.731717573208568039407829942789
  84  -0.143258748715235706328031688434  -0.731724455177699021832932523350
  85  -0.088453009969096465028572306932  -0.731727896162264513045483813630
  86   0.130769945015460500169265219073  -0.731741660100526477895688974753
  87   0.021158467523182017570346456070  -0.731734778131395495470586394191
  88  -0.033647271222957223729112925431  -0.731731337146830004258035103911
  89   0.075964206269321258869805837572  -0.731738219115960986683137684472
  90   0.240381340536942871825267356446  -0.731841264640284374536919597234
  91   0.185575686045981731311697038910  -0.731745102404171839692610494945
  92   0.295187006813891597291149260487  -0.731752072206927579588534466129
  93   0.349992900000017465367102745075  -0.731755424038788442745894135875
  94   0.406551949410650308520686403593  -0.732728986235952287615970306011
  95   0.518224848414000000000000000000  -0.734512325667000000000000000000
  96  -0.198064487461374947627491069935  -0.731721014193133530620381233069
  97   0.576763846744469188881015379320  -0.726438427757013762869205520898
  98   0.670246376900634694854296417632  -0.704780088148246004081578270407
  99  -0.677082522624148113825913611736  -0.698215178835004290025032665259
 100  -0.570159937061626345310923402884  -0.692986571107155495348546706982
 101  -0.500649225687362613009356700783  -0.684773363590702726889040805426
 102   0.486843566082521290531794859814  -0.688568274514867390697377436872
 103  -0.389867878151172731726340783869  -0.685475275298670365284238663632
 104  -0.335062139405033490426881402368  -0.685478716283235856496789953912
 105  -0.444673616897311973025800165371  -0.685471834314104874071687373351
 106  -0.280270115600536064028161363579  -0.684252690688955603124168126359
 107  -0.225464376854396822728701982078  -0.684256131673521094336719416639
 108  -0.170658638108257581429242600576  -0.684259572658086585549270706920
 109  -0.115852899362118340129783219075  -0.684263013642652076761821997200
 110  -0.006241421869839857530864456072  -0.684269895611783059186924577761
 111   0.103370055622438625068054306930  -0.684276777580914041612027158322
 112  -0.061047160615979098830323837573  -0.684266454627217567974373287481
 113   0.048564316876299383768594925429  -0.684273336596348550399475868042
 114   0.158175794368577866367513688432  -0.684280218565479532824578448603
 115   0.212981533114717107657778249576  -0.684283659550045170486180201731
 116   0.267787271860856348966432451434  -0.684287100534610515249681029165
 117   0.377398749353134831565351214437  -0.684293982503741497674783609726
 118   0.322593010606995590265891832935  -0.684290541519176006462232319443
 119   0.616093415486078331674857919088  -0.688269670455400131408699308993
 120   0.432204488099274072864810595938  -0.684297423488306988887334900007
 121  -0.624196503790843010490859196784  -0.683836791466674669392926409694
 122   0.541497126853109343663406279334  -0.684486938159446351768834272848
 123  -0.716443678104232348738028154259  -0.657764117676812898435837584438
 124   0.679869227762530573389792860873  -0.650825757899042162957717096616
 125  -0.663091561933922294033000437456  -0.645225349336175000724963760783
 126  -0.589254278818548634729537327140  -0.641614641766120456753142247358
 127  -0.534448542365471090053491873359  -0.641630864782180045058013750719
 128  -0.472073506290333848127011077514  -0.638006951794492437788025556921
 129   0.733352325915267702488202004391  -0.638858000242107044099759823300
 130  -0.362462028798055365528092314510  -0.638013833763623420213128137482
 131  -0.417267767544194606827551696012  -0.638010392779057929000576847202
 132  -0.252864266247418697829912894220  -0.636791249153908658053057600209
 133  -0.307670004993557939129372275721  -0.636787808169343166840506309928
 134  -0.198058527501279456530453512719  -0.636794690138474149265608890489
 135  -0.143252788755140215230994131217  -0.636798131123039640478160180770
 136  -0.088447050009000973931534749716  -0.636801572107605131690711471051
 137   0.075970166229416749966843394788  -0.636811895061301605328365341892
 138  -0.033641311262861732632075368215  -0.636805013092170622903262761331
 139   0.021164427483277508667384013287  -0.636808454076736114115814051612
 140   0.130775904975555991266302776289  -0.636815336045867096540916632173
 141   0.185581643721695232565762157791  -0.636818777030432587753467922453
 142   0.240387382467834473865221539292  -0.636822218014998078966019212734
 143   0.349998859960112956464140302296  -0.636829099984129061391121793295
 144   0.404804598706252197763599683798  -0.636832540968694552603673083575
 145   0.295193121213973715164680920793  -0.636825658999563570178570503013
 146   0.459610337452391439063059065299  -0.636835981953260043816224373858
 147   0.514416076198530680362518446800  -0.636839422937825535028775664135
 148   0.571965171628000000000000000000  -0.638442379193000000000000000000
 149   0.627500597501895818094217100884  -0.634664211686647363798178292186
 150  -0.717421158347050727461506555872  -0.602967096373412267329043861866
 151  -0.771232657782836592527477249839  -0.592575198576433103297776274305
 152  -0.609098105511406299658708539084  -0.590527544045323354246175972555
 153   0.768173300350658569411390263881  -0.596535798613171214675844278832
 154  -0.554279134429494964527681371158  -0.590538628290314510291812450210
 155  -0.664069042176740672756478839069  -0.590428328032774369618170038211
 156  -0.444667656937216481928762608154  -0.590545510259445492716915030772
 157  -0.499473395683355723228221989656  -0.590542069274880001504363740491
 158  -0.389861918191077240629303226653  -0.590548951244010983929466321052
 159   0.487016186805508805261307534658  -0.589374540418213098745113847706
 160  -0.280264155640440572931123806363  -0.589326366634296221769395783779
 161  -0.335069894386579814230583187864  -0.589322925649730730556844493498
 162  -0.225458416894301331631664424861  -0.589329807618861712981947074059
 163  -0.170652678148162090332205043360  -0.589333248603427204194498364340
 164  -0.115846939402022849032745661859  -0.589336689587992695407049654620
 165  -0.061041200655883607733286280357  -0.589340130572558186619600944901
 166   0.048570276836394874865632482645  -0.589347012541689169044703525462
 167  -0.006235461909744366433826898856  -0.589343571557123677832152235181
 168   0.103376015582534116165091864147  -0.589350453526254660257254815742
 169   0.158181754328673357464551245648  -0.589353894510820151469806106023
 170   0.432210448059369563961848153156  -0.589371099433647607532562557426
 171   0.212987493074812598764010627149  -0.589357335495385642682357396304
 172   0.322598970567091081362929390154  -0.589364217464516625107459976865
 173   0.377404709313230322662388771655  -0.589367658449082116320011267145
 174   0.267793231820951840063470008651  -0.589360776479951133894908686583
 175   0.541821925551648046560766916162  -0.589377981402778589957665137987
 176   0.596627664297787287860226297663  -0.589381422387344081170216428267
 177   0.709666719225270697104344163673  -0.589434715779444994310934518300
 178   0.654906446855013184292465570244  -0.587202770151600418727067766037
 179   0.800555086564258404552028782261  -0.552319411006683520857087310765
 180  -0.803386496026779036290786545120  -0.548192773028330989894515190444
 181  -0.746268508839060975500641246362  -0.543785237735462656564634849748
 182  -0.581679023822516839628892283300  -0.543073745770702074008150633780
 183  -0.691468931569762547857689751212  -0.542963445513161933334508221781
 184  -0.636497994904428174759919451226  -0.543062661525710917962514156124
 185  -0.417261807584099115730514138795  -0.543084068724398547645804504622
 186  -0.472067546330238357029973520297  -0.543080627739833056433253214341
 187  -0.526873285076377598329432901799  -0.543077186755267565220701924061
 188   0.624033513650904654058474767023  -0.541919980852297136099105902118
 189  -0.362469783779601689331794100006  -0.541858043130118294273182677068
 190  -0.307664045033462448032334718505  -0.541861484114683785485733967349
 191  -0.252858306287323206732875337004  -0.541864925099249276698285257629
 192  -0.198052567541183965433415955502  -0.541868366083814767910836547910
 193  -0.033635351302766241535037810998  -0.541878689037511241548490418751
 194  -0.088441090048905482834497192500  -0.541875248052945750335939128471
 195  -0.143246828795044724133956574001  -0.541871807068380259123387838190
 196   0.021170387443372999764421570503  -0.541882130022076732761041709032
 197   0.075976126189512241063880952004  -0.541885571006642223973592999312
 198   0.130781864935651482363340333506  -0.541889011991207715186144289593
 199   0.185587603681790723662799715007  -0.541892452975773206398695579873
 200   0.295199081174069206261718478011  -0.541899334944904188823798160435
 201   0.404810558666347688860637241014  -0.541906216914035171248900740996
 202   0.350004819920208447561177859512  -0.541902775929469680036349450715
 203   0.240393342427929964962259096508  -0.541895893960338697611246870154
 204   0.459616297412486930160096622515  -0.541909657898600662461452031276
 205   0.514422036158626171459556004019  -0.541913098883166153674003321557
 206   0.569227774904765412759015385520  -0.541916539867731644886554611837
 207   0.737072568578388063302592633032  -0.541973274244398049239823992151
 208   0.682312296208130550490714039602  -0.539741328616553473655957239888
 209   0.830955628688000000000000000000  -0.505398421738000000000000000000
 210   0.775952191783918516647920779536  -0.503346290013857597266355710087
 211  -0.833177484482810498613754995072  -0.501757369402356796006494966246
 212  -0.778422347083003419263950541631  -0.499402812187360543161373765878
 213  -0.720153011902477978709501336714  -0.495601736087016982529627921649
 214  -0.554273174469399473430643813941  -0.495612304235655128937040107630
 215  -0.663897884297450049861130363369  -0.495597779006098481678852339694
 216  -0.609078913215538714730103195443  -0.495608863251089637724488817350
 217  -0.444661696977120990831725050938  -0.495619186204786111362142688192
 218  -0.499467435723260232131184432439  -0.495615745220220620149591397911
 219   0.596633624257882778957263854880  -0.494455098332684699815444085688
 220  -0.389869673172623564433005012149  -0.494393160610505857989520860638
 221  -0.335063934426484323133545630648  -0.494396601595071349202072150918
 222  -0.280258195680345081834086249146  -0.494400042579636840414623441199
 223  -0.225452456934205840534626867645  -0.494403483564202331627174731480
 224  -0.006229501949648875336789341639  -0.494417247502464296477379892602
 225  -0.115840979441927357935708104642  -0.494410365533333314052277312041
 226  -0.170646718188066599235167486144  -0.494406924548767822839726021760
 227  -0.061035240695788116636248723141  -0.494413806517898805264828602321
 228   0.048576236796490365962670039862  -0.494420688487029787689931182882
 229   0.103381975542629607262129421363  -0.494424129471595278902482473163
 230   0.487022146765604296358345091876  -0.494448216363553717390341505127
 231   0.158187714288768848561588802865  -0.494427570456160770115033763443
 232   0.267799191781047331160507565868  -0.494434452425291752540136344004
 233   0.377410669273325813759426328871  -0.494441334394422734965238924565
 234   0.322604930527186572459966947370  -0.494437893409857243752687634285
 235   0.212993453034908089861048184366  -0.494431011440726261327585053723
 236   0.432216408019465055058885710373  -0.494444775378988226177790214846
 237   0.541827885511743537657804473377  -0.494451657348119208602892795408
 238   0.651439363004022020256723236382  -0.494458539317250191027995375968
 239   0.709658871156857886116222182087  -0.492245709345676697373106369471
 240   0.804765781000551008975607014882  -0.456726057412490166571214761309
 241   0.859547621900402041796750099283  -0.455107749971411228811355749203
 242   0.749955018146996807648210013660  -0.455098844752557121246983705716
 243  -0.807821929429135077418204141957  -0.453149881802103150003879326579
 244  -0.862504568325053048067756354936  -0.449478640223415915083819050814
 245  -0.752304493186623990505194029636  -0.451217603082240922160095962039
 246  -0.692028756784448779183664491755  -0.448562440966804442792122912572
 247  -0.472061586370142865932935963080  -0.448154303685173675078480871762
 248  -0.636478802608560589831314107585  -0.448143980731477201440827000920
 249  -0.581673063862421348531854726084  -0.448147421716042692653378291200
 250  -0.526867325116282107232395344582  -0.448150862700608183865929581481
 251   0.624039473611000145155512324239  -0.446993656797637754744333559538
 252  -0.362463823819506198234756542790  -0.446931719075458912918410334488
 253  -0.417269562565645439534215924291  -0.446928278090893421705859044208
 254  -0.307658085073366956935297161289  -0.446935160060024404130961624769
 255  -0.252852346327227715635837779787  -0.446938601044589895343512915050
 256  -0.198046607581088474336378398286  -0.446942042029155386556064205330
 257  -0.143240868834949233036919016785  -0.446945483013720877768615495611
 258  -0.088435130088809991737459635283  -0.446948923998286368981166785891
 259  -0.033629391342670750438000253782  -0.446952364982851860193718076172
 260   0.021176347403468490861459127719  -0.446955805967417351406269366452
 261   0.075982086149607732160918509221  -0.446959246951982842618820656733
 262   0.130787824895746973460377890722  -0.446962687936548333831371947013
 263   0.240399302388025456059296653726  -0.446969569905679316256474527574
 264   0.350010779880303938658215416729  -0.446976451874810298681577108135
 265   0.295205041134164697358756035227  -0.446973010890244807469025817855
 266   0.185593563641886214759837272224  -0.446966128921113825043923237294
 267   0.404816518626443179957674798230  -0.446979892859375789894128398416
 268   0.459622257372582421257134179733  -0.446983333843941281106679688697
 269   0.514427996118721662556593561235  -0.446986774828506772319230978977
 270   0.569233734864860903856052942737  -0.446990215813072263531782269258
 271   0.678845166396536454051094134455  -0.446922595923337900658660154982
 272   0.719141313388918797925205256215  -0.409775731328693094942613855157
 273   0.830755206095368776658757113294  -0.408474437806602331209683861647
 274   0.775973171230171564079463721662  -0.406862709734389187677615873654
 275  -0.886453224452059722565158345461  -0.400182282537874597330416735392
 276  -0.828271661504967353432151274338  -0.402302291206509346308626417538
 277  -0.718684430747721706231984401229  -0.400675657227299273944613894209
 278  -0.773490169493860947531443782730  -0.400672216242733782732062603929
 279  -0.663878692001582464932525019728  -0.400679098211864765157165184490
 280  -0.499461475763164741034146875223  -0.400689421165561238794819055331
 281  -0.609072953255443223633065638226  -0.400682539196430256369716474770
 282  -0.554267214509303982333606256724  -0.400685980180995747582267765051
 283   0.541833845471839028754842030594  -0.399525333293459827248120452828
 284  -0.389863713212528073335967454932  -0.399466836555846476634748518058
 285  -0.444669451958667314635426836434  -0.399463395571280985422197227778
 286  -0.335057974466388832036508073431  -0.399470277540411967847299808339
 287  -0.280252235720249590737048691930  -0.399473718524977459059851098619
 288  -0.225446496974110349437589310429  -0.399477159509542950272402388900
 289  -0.170640758227971108138129928927  -0.399480600494108441484953679181
 290  -0.061029280735692625539211165925  -0.399487482463239423910056259742
 291  -0.115835019481831866838670547426  -0.399484041478673932697504969461
 292   0.487028106725699787455382649092  -0.399521892308894336035569162548
 293  -0.006223541989553384239751784423  -0.399490923447804915122607550022
 294   0.048582196756585857059707597078  -0.399494364432370406335158840303
 295   0.103387935502725098359166978580  -0.399497805416935897547710130583
 296   0.212999412995003580958085741583  -0.399504687386066879972812711144
 297   0.158193674248864339658626360081  -0.399501246401501388760261420863
 298   0.322610890487282063557004504586  -0.399511569355197862397915291705
 299   0.267805151741142822257545123085  -0.399508128370632371185364001425
 300   0.596639584217978270054301412095  -0.399528774278025318460671743109
 301   0.432222367979560546155923267591  -0.399518451324328844823017872267
 302   0.377416629233421304856463886088  -0.399515010339763353610466581986
 303   0.653073557417281794603651207163  -0.398554288303876544450261484747
 304   0.885266474065314145330537929422  -0.402800755082017619108473838832
 305   0.742588247676926292227177625906  -0.360238772562088322950076693357
 306  -0.855671550897989228533362186480  -0.354837408686896910024964601108
 307  -0.691278581394604340033735931870  -0.353214215692252328873503368059
 308   0.687927198482068790712336111017  -0.356258984594393189267991840440
 309  -0.581667103902325857434817168867  -0.353221097661383311298605948621
 310   0.852038474803190465903275188077  -0.357970066862484029487992112882
 311  -0.636472842648465098734276550369  -0.353217656676817820086054658340
 312  -0.746084320140743581333195313371  -0.353210774707686837660952077779
 313  -0.800890058886882822632654694873  -0.353207333723121346448400787498
 314  -0.526861365156186616135357787365  -0.353224538645948802511157238901
 315   0.569239694824956394953090499953  -0.352063891758412882177009926679
 316   0.624045433571095636252549881454  -0.352067332742978373389561216959
 317   0.514433956078817153653631118451  -0.352060450773847390964458636398
 318  -0.362457863859410707137718985574  -0.352005395020799531563637991909
 319  -0.143234908874853741939881459568  -0.352019158959061496413843153031
 320  -0.033623431382575259340962696566  -0.352026040928192478838945733592
 321  -0.307652125113271465838259604072  -0.352008836005365022776189282189
 322  -0.252846386367132224538800222571  -0.352012276989930513988740572470
 323  -0.198040647620992983239340841070  -0.352015717974496005201291862750
 324  -0.088429170128714500640422078067  -0.352022599943626987626394443311
 325  -0.417263602605549948437178367075  -0.352001954036234040351086701628
 326   0.797256439937993253323981796445  -0.356358338790270885955924124889
 327   0.021182307363563981958496684936  -0.352029481912757970051497023873
 328  -0.472069341351689189736637748576  -0.351998513051668549138535411348
 329   0.075988046109703223257956066437  -0.352032922897323461264048314153
 330   0.185599523601981705856874829441  -0.352039804866454443689150894714
 331   0.295211001094260188455793592444  -0.352046686835585426114253475275
 332   0.240405262348120947156334210942  -0.352043245851019934901702184995
 333   0.130793784855842464557415447939  -0.352036363881888952476599604434
 334   0.350016739840399429755252973945  -0.352050127820150917326804765556
 335   0.404822478586538671054712355448  -0.352053568804716408539356055837
 336   0.459628217332677912354171736949  -0.352057009789281899751907346117
 337   0.906549742773135834575056004205  -0.352296384137899317386782090067
 338  -0.909509484046639371765549959021  -0.344583338000973150927928439123
 339  -0.829190947474616171120619086944  -0.306251288881608176838811580157
 340  -0.663872732041486973835487462511  -0.305752774157205383802392841910
 341  -0.609066993295347732536028081009  -0.305756215141770875014944132191
 342  -0.554261254549208491236568699508  -0.305759656126336366227495422471
 343  -0.773484209533765456434406225514  -0.305745892188074401377290261349
 344  -0.718678470787626215134946844013  -0.305749333172639892589841551629
 345   0.706257021670352243750257732314  -0.304609332192496919531001981090
 346   0.651451282924213002450798350813  -0.304605891207931428318450690810
 347   0.596645544178073761151338969311  -0.304602450223365937105899400529
 348  -0.225440537014014858340551753212  -0.304550835454883568917630046320
 349  -0.170634798267875617041092371711  -0.304554276439449060130181336601
 350  -0.061023320775597134442173608708  -0.304561158408580042555283917162
 351  -0.115829059521736375741632990209  -0.304557717424014551342732626881
 352  -0.499469230744711064837848660719  -0.304533630532056112854873594917
 353  -0.444663491998571823538389279217  -0.304537071516621604067424885198
 354  -0.389857753252432582238929897716  -0.304540512501187095279976175479
 355   0.760949800004735267464489986724  -0.308571267944753597200601110885
 356  -0.335052014506293340939470516215  -0.304543953485752586492527465759
 357  -0.006217582029457893142714227207  -0.304564599393145533767835207442
 358  -0.280246275760154099640011134713  -0.304547394470318077705078756040
 359   0.048588156716681348156745154295  -0.304568040377711024980386497723
 360   0.267811111701238313354582680301  -0.304581804315972989830591658845
 361   0.158199634208959830755663917298  -0.304574922346842007405489078284
 362   0.213005372955099072055123298799  -0.304578363331407498618040368565
 363   0.322616850447377554654042061803  -0.304585245300538481043142949126
 364   0.377422589193516795953501443305  -0.304588686285103972255694239407
 365   0.103393895462820589456204535796  -0.304571481362276516192937788003
 366   0.432228327939656037252960824807  -0.304592127269669463468245529688
 367   0.541839805431934519851879587810  -0.304599009238800445893348110249
 368   0.815661132347952826018270309415  -0.304735317679092015187988594487
 369   0.487034066685795278552420206309  -0.304595568254234954680796819968
 370   0.870443167213150038597563701047  -0.306347045751305158720056582480
 371   0.924954435183095407269344517175  -0.300673363026720446618846559665
 372  -0.899934683663844481183779201288  -0.290620459936695725901800068717
 373  -0.855689837672926572835076519158  -0.258277568683896473881077154638
 374  -0.581661143942230366337779611650  -0.258294773606723929943833606041
 375  -0.636466882688369607637238993152  -0.258291332622158438731282315761
 376  -0.746078360180648090236157756155  -0.258284450653027456306179735199
 377  -0.800884098926787331535617137656  -0.258281009668461965093628444919
 378  -0.691272621434508848936698374654  -0.258287891637592947518731025480
 379  -0.088423210168619009543384520850  -0.257096275888967606271622100732
 380  -0.417257642645454457340140809859  -0.257075629981574658996314359048
 381  -0.362451903899315216040681428357  -0.257079070966140150208865649329
 382  -0.198034687660897492142303283853  -0.257089393919836623846519520171
 383  -0.307646165153175974741222046856  -0.257082511950705641421416939609
 384  -0.252840426407036733441762665355  -0.257085952935271132633968229890
 385  -0.143228948914758250842843902352  -0.257092834904402115059070810451
 386   0.678857132277330368649046820171  -0.257144449672884483247340164660
 387  -0.472063381391593698639600191360  -0.257072188997009167783763068768
 388  -0.033617471422479768243925139349  -0.257099716873533097484173391012
 389   0.733662871023469609948506201673  -0.257147890657449974459891454940
 390   0.788468609769608851247965583174  -0.257151331642015465672442745221
 391  -0.526869120137732939939059572861  -0.257068748012443676571211778487
 392   0.021188267323659473055534242152  -0.257103157858098588696724681293
 393   0.240411222308216438253371768159  -0.257116921796360553546929842415
 394   0.130799744815937955654453005155  -0.257110039827229571121827261854
 395   0.185605483562077196953912386657  -0.257113480811795062334378552135
 396   0.350022699800494920852290531163  -0.257123803765491535972032422977
 397   0.295216961054355679552831149660  -0.257120362780926044759481132696
 398   0.075994006069798714354993623654  -0.257106598842664079909275971573
 399   0.404828438546634162151749912664  -0.257127244750057027184583713257
 400   0.514439916038912644750668675667  -0.257134126719188009609686293818
 401   0.459634177292773403451209294166  -0.257130685734622518397135003538
 402   0.569245654785051886050128057169  -0.257137567703753500822237584099
 403   0.624051393531191127349587438670  -0.257141008688318992034788874379
 404   0.843273811780213147983716222164  -0.257393909314725934993692550823
 405  -0.939262576702291663455651355282  -0.252449976045252843979157780752
 406   0.897903819515938678700381233852  -0.253008562561616034167214027425
 407   0.945860656724298024376008572312  -0.226479130296274141298549335947
 408  -0.894876944926193302752241887356  -0.215885941762648076434144571613
 409  -0.609061033335252241438990523793  -0.210829891087111493660171789611
 410  -0.663866772081391482738449905294  -0.210826450102546002447620499330
 411  -0.828283988319809206636828049799  -0.210816127148849528809966628488
 412  -0.773478249573669965337368668297  -0.210819568133415020022517918769
 413  -0.718672510827530724037909286796  -0.210823009117980511235069209049
 414  -0.115823099561640884644595432993  -0.209631393369355169987960284302
 415  -0.554269009530754815040270485004  -0.209603865492831240287549962057
 416  -0.499463270784615573740811103502  -0.209607306477396731500101252338
 417  -0.444657532038476332441351722001  -0.209610747461962222712652542618
 418  -0.389851793292337091141892340500  -0.209614188446527713925203832899
 419  -0.225434577053919367243514195996  -0.209624511400224187562857703740
 420  -0.335046054546197849842432958998  -0.209617629431093205137755123179
 421  -0.061017360815501643345136051492  -0.209634834353920661200511574582
 422  -0.280240315800058608542973577497  -0.209621070415658696350306413460
 423  -0.006211622069362402045676669990  -0.209638275338486152413062864863
 424   0.706262981630447734847295289530  -0.209683008137837538176229638510
 425   0.213011332915194563152160856016  -0.209652039276748117263268025985
 426   0.158205594169055321852701474514  -0.209648598292182626050716735704
 427   0.103399855422916080553242093013  -0.209645157307617134838165445424
 428   0.322622810407473045751079619020  -0.209658921245879099688370606547
 429   0.267817071661333804451620237518  -0.209655480261313608475819316265
 430   0.761068720376586976146754671031  -0.209686449122403029388780928791
 431   0.377428549153612287050539000522  -0.209662362230444590900921896827
 432  -0.170628838307780125944054814494  -0.209627952384789678775408994021
 433   0.487040026645890769649457763525  -0.209669244199575573326024477389
 434   0.541845765392030010948917145026  -0.209672685184141064538575767669
 435   0.432234287899751528349998382023  -0.209665803215010082113473187108
 436   0.596651504138169252248376526527  -0.209676126168706555751127057949
 437   0.651457242884308493547835908029  -0.209679567153272046963678348230
 438   0.816076714278141425225958119078  -0.209806201428202156123738204990
 439   0.048594116676776839253782711511  -0.209641716323051643625614155143
 440  -0.951991232173839876881833598729  -0.199142843865430333801757120602
 441   0.882633091007508507734005331451  -0.200373271528201381612461435691
 442   0.957115963466848340425984717063  -0.172841577392720233262651324996
 443  -0.910489616458970323037498343443  -0.163347803644671601313753521782
 444  -0.636460922728274116540201435935  -0.163365008567499057376509973181
 445  -0.855683877712831081738038961941  -0.163351244629237092526304812058
 446  -0.691266661474413357839660817437  -0.163361567582933566163958682900
 447  -0.800878138966691840438579580440  -0.163354685613802583738856102339
 448  -0.746072400220552599139120198939  -0.163358126598368074951407392619
 449  -0.143222988954662759745806345135  -0.162166510849742733704298467872
 450  -0.581668898923776690141481397146  -0.162138982973218804003888145627
 451  -0.526863160177637448842022015645  -0.162142423957784295216439435907
 452  -0.472057421431498207542562634143  -0.162145864942349786428990726188
 453  -0.417251682685358966243103252642  -0.162149305926915277641542016468
 454  -0.252834466446941242344725108138  -0.162159628880611751279195887310
 455  -0.362445943939219724943643871141  -0.162152746911480768854093306749
 456  -0.088417250208523518446346963634  -0.162169951834308224916849758152
 457  -0.307640205193080483644184489639  -0.162156187896046260066644597030
 458  -0.033611511462384277146887582133  -0.162173392818873716129401048433
 459   0.185611443522172688050949943874  -0.162187156757135680979606209555
 460   0.130805704776033446751490562372  -0.162183715772570189767054919274
 461   0.075999966029894205452031180871  -0.162180274788004698554503628994
 462   0.295222921014451170649868706878  -0.162194038726266663404708790117
 463   0.240417182268311929350409325375  -0.162190597741701172192157499836
 464   0.350028659760590411949328088379  -0.162197479710832154617260080397
 465   0.459640137252868894548246851382  -0.162204361679963137042362660958
 466  -0.198028727700802001045265726637  -0.162163069865177242491747177591
 467   0.514445875999008135847706232883  -0.162207802664528628254913951239
 468   0.404834398506729653248787469881  -0.162200920695397645829811370678
 469   0.678863092237425859746084377387  -0.162218125618225101892567822080
 470   0.569251614745147377147165614385  -0.162211243649094119467465241519
 471   0.624057353491286618446624995886  -0.162214684633659610680016531800
 472   0.733668830983565101045543758889  -0.162221566602790593105119112361
 473   0.788474569729704342345003140390  -0.162225007587356084317670402641
 474   0.843280308475843583644462521891  -0.162228448571921575530221692921
 475   0.021194227283754964152571799369  -0.162176833803439207341952338713
 476   0.906776196752594199347561700170  -0.151171854309466176274968640648
 477  -0.961846162882587072829786640960  -0.144212126212468149180360135158
 478   0.965332130494557211768105469778  -0.118655198931678638684743505655
 479  -0.663860812121295991641412348078  -0.115900126047886621092848156751
 480  -0.883083767105852956839249874086  -0.115886362109624656242642995629
 481  -0.718666550867435232940871729579  -0.115896685063321129880296866470
 482  -0.828278028359713715539790492583  -0.115889803094190147455194285909
 483  -0.773472289613574474240331111081  -0.115893244078755638667745576189
 484  -0.170622878347684634847017257278  -0.114701628330130297420636651441
 485  -0.554263049570659323943232927787  -0.114677541438171858932777619477
 486  -0.499457310824520082643773546286  -0.114680982422737350145328909758
 487  -0.444651572078380841344314164784  -0.114684423407302841357880200038
 488  -0.389845833332241600044854783283  -0.114687864391868332570431490319
 489  -0.280234355839963117445936020280  -0.114694746360999314995534070880
 490  -0.115817139601545393547557875776  -0.114705069314695788633187941722
 491  -0.335040094586102358745395401782  -0.114691305376433823782982780600
 492  -0.225428617093823876146476638779  -0.114698187345564806208085361161
 493  -0.609068788316798565242692309289  -0.114674100453606367720226329197
 494  -0.061011400855406152248098494275  -0.114708510299261279845739232002
 495   0.158211554129150812949739031731  -0.114722274237523244695944393125
 496   0.103405815383011571650279650229  -0.114718833252957753483393102844
 497   0.048600076636872330350820268728  -0.114715392268392262270841812564
 498   0.267823031621429295548657794735  -0.114729156206654227121046973687
 499   0.213017292875290054249198413233  -0.114725715222088735908495683405
 500   0.322628770367568536848117176236  -0.114732597191219718333598263967
 501   0.432240247859847019447035939239  -0.114739479160350700758700844528
 502   0.487045986605986260746495320741  -0.114742920144916191971252134809
 503   0.377434509113707778147576557738  -0.114736038175785209546149554248
 504  -0.006205662109266910948639112774  -0.114711951283826771058290522283
 505   0.541851725352125502045954702242  -0.114746361129481683183803425089
 506   0.651463202844403984644873465245  -0.114753243098612665608906005650
 507   0.596657464098264743345414083744  -0.114749802114047174396354715370
 508   0.706268941590543225944332846746  -0.114756684083178156821457295930
 509   0.761074680336682467243792228248  -0.114760125067743648034008586211
 510   0.815880419082821708543251609749  -0.114763566052309139246559876491
 511   0.870487482724260644043116157290  -0.110101204868286526161675707826
 512  -0.968442194088542695260950671204  -0.089804761052220750059221268209
 513   0.920347523029632514094843639764  -0.087349383136892455824859959727
 514  -0.910483656498874831940460786226  -0.068421479590012219958981179198
 515  -0.691260701514317866742623260220  -0.068435243528274184809186340320
 516  -0.855677917752735590641001404725  -0.068424920574577711171532469478
 517  -0.746066440260457108042082641721  -0.068431802543708693596635050040
 518  -0.800872179006596349341542023224  -0.068428361559143202384083759759
 519  -0.526857200217541957744984458428  -0.067216099903124913861667093328
 520  -0.198022767740706509948228169420  -0.067236745810517861136974835011
 521  -0.472051461471402716445525076927  -0.067219540887690405074218383608
 522  -0.307634245232984992547146932423  -0.067229863841386878711872254450
 523  -0.417245722725263475146065695425  -0.067222981872255896286769673889
 524  -0.362439983979124233846606313924  -0.067226422856821387499320964169
 525  -0.252828506486845751247687550922  -0.067233304825952369924423544731
 526  -0.143217028994567268648768787919  -0.067240186795083352349526125292
 527  -0.581662938963681199044443839930  -0.067212658918559422649115803047
 528  -0.636468677709820440343903221431  -0.067209217933993931436564512767
 529  -0.088411290248428027349309406417  -0.067243627779648843562077415572
 530   0.130811664736128937848528119589  -0.067257391717910808412282576695
 531   0.076005925989989696549068738087  -0.067253950733345317199731286414
 532   0.021200187243850455249609356586  -0.067250509748779825987179996134
 533   0.240423142228407420447446882593  -0.067264273687041790837385157257
 534   0.185617403482268179147987501090  -0.067260832702476299624833866975
 535   0.295228880974546661746906264094  -0.067267714671607282049936447537
 536   0.404840358466825144345825027097  -0.067274596640738264475039028098
 537  -0.033605551502288786049850024916  -0.067247068764214334774628705853
 538   0.459646097212964385645284408598  -0.067278037625303755687590318379
 539   0.350034619720685903046365645595  -0.067271155656172773262487737818
 540   0.514451835959103626944743790100  -0.067281478609869246900141608659
 541   0.569257574705242868244203171601  -0.067284919594434738112692898939
 542   0.624063313451382109543662553102  -0.067288360579000229325244189220
 543   0.678869052197521350843121934604  -0.067291801563565720537795479501
 544   0.733674790943660592142581316105  -0.067295242548131211750346769781
 545   0.788480529689799833442040697606  -0.067298683532696702962898060061
 546   0.970477382540000000000000000000  -0.063755270435000000000000000000
 547   0.843087593331238768941905245147  -0.062636322348674089878013891396
 548  -0.955133164026542291401134061190  -0.036639558803388738273578407561
 549   0.924977019734398699014949463631  -0.032739523481231355487704880364
 550  -0.883077807145757465742212316867  -0.020960038054965274887870653048
 551  -0.828272068399618224442752935366  -0.020963479039530766100421943329
 552  -0.718660590907339741843834172362  -0.020970361008661748525524523890
 553  -0.773466329653478983143293553864  -0.020966920024096257312973233610
 554  -0.663868567102842315445114133573  -0.019744335414381495152902696336
 555  -0.609062828356703074145654752072  -0.019747776398946986365453986617
 556  -0.225422657133728385049439081563  -0.019771863290905424853313018581
 557  -0.554257089610563832846195370571  -0.019751217383512477578005276897
 558  -0.499451350864424591546735989069  -0.019754658368077968790556567178
 559  -0.444645612118285350247276607568  -0.019758099352643460003107857459
 560  -0.170616918387589143749979700061  -0.019775304275470916065864308862
 561  -0.335034134626006867648357844565  -0.019764981321774442428210438020
 562  -0.389839873372146108947817226067  -0.019761540337208951215659147739
 563  -0.280228395879867626348898463064  -0.019768422306339933640761728301
 564  -0.115811179641449902450520318560  -0.019778745260036407278415599142
 565   0.103411775343107062747317207446  -0.019792509198298372128620760265
 566   0.048606036596967821447857825944  -0.019789068213732880916069469984
 567  -0.006199702149171419851601555557  -0.019785627229167389703518179703
 568   0.213023252835385545346235970450  -0.019799391167429354553723340826
 569   0.158217514089246304046776588948  -0.019795950182863863341172050545
 570   0.267828991581524786645695351951  -0.019802832151994845766274631107
 571   0.377440469073803269244614114954  -0.019809714121125828191377211668
 572   0.432246207819942510544073496456  -0.019813155105691319403928501948
 573   0.322634730327664027945154733453  -0.019806273136560336978825921388
 574  -0.061005440895310661151060937058  -0.019782186244601898490966889423
 575   0.487051946566081751843532877957  -0.019816596090256810616479792229
 576   0.596663424058360234442451640960  -0.019823478059387793041582372790
 577   0.541857685312220993142992259458  -0.019820037074822301829031082509
 578   0.651469162804499475741911022461  -0.019826919043953284254133663070
 579   0.706274901550638717041370403962  -0.019830360028518775466684953351
 580   0.761080640296777958340829785464  -0.019833801013084266679236243631
 581   0.815687703938216893840694333004  -0.015171439829061653594352074966
 582   0.870493442684356135140153714506  -0.015174880813627144806903365247
 583   0.972581110909086922974731864360  -0.005582212959340318523431476407
 584  -0.972475995339593331403189910323   0.015349817163221009222244257805
 585  -0.917992560976260869307569853928   0.021284831175579051475791070893
 586   0.912075958671331514667953421596   0.020526146840256711638613889293
 587  -0.857431071579232429392105242522   0.027474597962364127561880030939
 588  -0.800866219046500858244504466006   0.026497962495516178970688582820
 589  -0.746060480300361616945045084505   0.026494521510950687758137292540
 590  -0.307628285272889501450109375206   0.027696460213272502642900088130
 591  -0.691268456495864190546325045716   0.027720547105230941130759120094
 592  -0.636462717749724949246865664214   0.027717106120665449918207829813
 593  -0.252822546526750260150649993705   0.027693019228707011430348797849
 594  -0.581656979003585707947406282713   0.027713665136099958705656539533
 595  -0.526851240257446466647946901212   0.027710224151534467493105249252
 596  -0.472045501511307225348487519710   0.027706783166968976280553958971
 597  -0.198016807780611018851190612204   0.027689578244141520217797507569
 598  -0.362434024019028742749568756708   0.027699901197837993855451378410
 599  -0.417239762765167984049028138209   0.027703342182403485068002668691
 600  -0.143211069034471777551731230702   0.027686137259576029005246217288
 601   0.076011885950085187646106295304   0.027672373321314064155041056165
 602   0.021206147203945946346646913802   0.027675814305879555367592346446
 603  -0.033599591542193294952812467699   0.027679255290445046580143636727
 604   0.185623363442363670245025058307   0.027665491352183081729938475604
 605   0.130817624696224428945565676805   0.027668932336748572942489765885
 606   0.350040579680781394143403202812   0.027655168398486608092284604762
 607   0.240429102188502911544484439809   0.027662050367617590517387185323
 608   0.404846318426920635442862584313   0.027651727413921116879733314482
 609   0.295234840934642152843943821310   0.027658609383052099304835895043
 610  -0.088405330288332536252271849201   0.027682696275010537792694927007
 611   0.459652057173059876742321965814   0.027648286429355625667182024201
 612   0.514457795919199118041781347316   0.027644845444790134454630733921
 613   0.569263534665338359341240728817   0.027641404460224643242079443640
 614   0.624069273411477600640700110318   0.027637963475659152029528153360
 615   0.678875012157616841940159491820   0.027634522491093660816976863079
 616   0.733680750903756083239618873321   0.027631081506528169604425572799
 617   0.788287814545195018739483420862   0.032293442690550782689309741464
 618   0.852453147023931159187594974146   0.036727455164761353673127090067
 619   0.971351419929661792697040631735   0.049209728705885995491657294709
 620  -0.950374151064445775238676666762   0.065501362413467985781371898083
 621  -0.891971758340628806859895324348   0.070027364689694197264155571969
 622  -0.828338279561713441379601483281   0.073921109822522435128304745862
 623  -0.773460369693383492046255996647   0.073959404030563124041799108970
 624   0.706280861510734208138407961178   0.075095964026140605888087389229
 625  -0.663862607142746824348076576357   0.075181988640277886201869646244
 626  -0.609056868396607583048617194856   0.075178547655712394989318355963
 627  -0.389833913412050617850779668850   0.075164783717450430139113194840
 628  -0.280222435919772135251860905847   0.075157901748319447714010614279
 629  -0.554251129650468341749157813354   0.075175106671146903776767065682
 630  -0.499445390904329100449698431853   0.075171665686581412564215775402
 631  -0.444639652158189859150239050351   0.075168224702015921351664485121
 632  -0.225416697173632893952401524346   0.075154460763753956501459323999
 633  -0.335028174665911376551320287349   0.075161342732884938926561904560
 634  -0.718668345888886065647535957858   0.075185429624843377414420936524
 635  -0.170610958427493652652942142845   0.075151019779188465288908033718
 636   0.048611996557063312544895383161   0.075137255840926500438702872595
 637  -0.006193742189075928754563998341   0.075140696825491991651254162876
 638  -0.060999480935215170054023379842   0.075144137810057482863805453157
 639   0.158223474049341795143814146165   0.075130373871795518013600292034
 640   0.322640690287759519042192290669   0.075120050918099044375946421192
 641   0.103417735303202553844354764663   0.075133814856361009226151582315
 642   0.377446429033898760341651672170   0.075116609933533553163395130912
 643   0.213029212795481036443273527666   0.075126932887230026801049001753
 644   0.267834951541620277742732909168   0.075123491902664535588497711473
 645   0.432252167780038001641111053672   0.075113168948968061950843840631
 646   0.487057906526177242940570435173   0.075109727964402570738292550351
 647   0.541863645272316484240029816674   0.075106286979837079525741260070
 648  -0.115805219681354411353482761343   0.075147578794622974076356743438
 649   0.596669384018455725539489198176   0.075102845995271588313189969790
 650   0.651475122764594966838948579677   0.075099405010706097100638679509
 651   0.922629390480135779146395987236   0.074306199726130310670575183664
 652   0.815693663898312384937731890220   0.079754884225597727760420267614
 653   0.760887925152173143638272508719   0.079758325210163218972971557894
 654   0.869758086732263774260005364168   0.088738602552780437351905533337
 655   0.966707084618240535270061169417   0.106876521966140901287722439151
 656  -0.965386639700941945254551569400   0.118210889031428768251744998837
 657  -0.855877703180076844798960650320   0.121305169991726707588835518948
 658  -0.910682882846412786400123699264   0.121552744406964481809565148125
 659  -0.800932430208596075181353013923   0.121382551357569380199415272012
 660  -0.746140406404098648782632975134   0.122608576951849633572037099566
 661  -0.636456757789629458149828106998   0.122643430175324831272980172393
 662  -0.417233802805072492951990580992   0.122629666237062866422775011270
 663  -0.307622325312794010353071817990   0.122622784267931883997672430709
 664  -0.581651019043490216850368725497   0.122639989190759340060428882112
 665  -0.526845280297350975550909343995   0.122636548206193848847877591832
 666  -0.472039541551211734251449962494   0.122633107221628357635326301551
 667  -0.252816586566654769053612436488   0.122619343283366392785121140429
 668  -0.362428064058933251652531199491   0.122626225252497375210223720990
 669  -0.691262496535768699449287488499   0.122646871159890322485531462674
 670  -0.198010847820515527754153054987   0.122615902298800901572569850148
 671   0.021212107164041437443684471019   0.122602138360538936722364689025
 672  -0.033593631582097803855774910483   0.122605579345104427934915979306
 673  -0.088399370328237045155234291984   0.122609020329669919147467269587
 674   0.130823584656319920042603234022   0.122595256391407954297262108464
 675   0.076017845910180678743143852520   0.122598697375973445509813398745
 676  -0.143205109074376286454693673486   0.122612461314235410360018559868
 677   0.185629323402459161342062615524   0.122591815406842463084710818184
 678   0.295240800894737643940981378527   0.122584933437711480659608237622
 679   0.240435062148598402641521997025   0.122588374422276971872159527903
 680   0.350046539640876885240440760028   0.122581492453145989447056947342
 681   0.404852278387016126539900141529   0.122578051468580498234505657061
 682   0.459658017133155367839359523031   0.122574610484015007021954366781
 683   0.514463755879294609138818904532   0.122571169499449515809403076500
 684   0.569269494625433850438278286033   0.122567728514884024596851786220
 685   0.624075233371573091737737667535   0.122564287530318533384300495939
 686   0.678880972117712333037197049036   0.122560846545753042171749205659
 687   0.733488035759151268537061596577   0.127223207729775655256633374324
 688   0.794204110401660396367709366959   0.130406291999430804083841509355
 689   0.852600834871460463553112469279   0.140789517241529224114909237825
 690   0.915074504126520667772507156448   0.128588726413218146001589529021
 691   0.959152198264625423896172338628   0.161159048653228736618736784508
 692  -0.883065887280321825899949347035   0.168891635049362885030835311666
 693  -0.828260148488418113279335854988   0.168889022758517728302483202526
 694  -0.389827953451955126753742111633   0.170091107772109811493885537420
 695  -0.773468124683920686880615816199   0.170115048352797981675105030080
 696  -0.718662385928790574550498400642   0.170111753679502758769193279104
 697  -0.335022214705815885454282730132   0.170087666787544320281334247140
 698  -0.663856647182651333251039019140   0.170108312694937267556641988823
 699  -0.609050908436512091951579637639   0.170104871710371776344090698543
 700  -0.554245169690372850652120256138   0.170101430725806285131539408262
 701  -0.280216475959676644154823348631   0.170084225802978829068782956859
 702  -0.444633692198094368053201493135   0.170094548756675302706436827701
 703  -0.225410737213537402855363967129   0.170080784818413337856231666578
 704  -0.006187782228980437657526441123   0.170067020880151373006026505456
 705  -0.060993520975119678956985822625   0.170070461864716864218577795737
 706  -0.115799259721258920256445204127   0.170073902849282355431129086017
 707   0.103423695263298044941392321880   0.170060138911020390580923924894
 708   0.048617956517158803641932940378   0.170063579895585881793475215175
 709   0.158229434009437286240851703381   0.170056697926454899368372634614
 710   0.267840911501715768839770466384   0.170049815957323916943270054052
 711   0.213035172755576527540311084883   0.170053256941889408155821344333
 712  -0.170604998467398161555904585628   0.170077343833847846643680376298
 713   0.322646650247855010139229847885   0.170046374972758425730718763772
 714   0.377452388993994251438689229387   0.170042933988192934518167473491
 715   0.432258127740133492738148610888   0.170039493003627443305616183211
 716   0.487063866486272734037607992389   0.170036052019061952093064892931
 717   0.541869605232411975337067373891   0.170032611034496460880513602650
 718   0.596675343978551216636526755392   0.170029170049930969667962312370
 719  -0.499439430944233609352660874636   0.170097989741240793918988117981
 720   0.651481082724690457935986136893   0.170025729065365478455411022089
 721  -0.957195413004873910450472581789   0.172401043271512503444335101608
 722   0.760893885112268634735310065935   0.174684649264822600327743900474
 723   0.706088146366129393435850684434   0.174688090249388091540295190754
 724   0.815337132898486544741278075088   0.180977643928646932407807506629
 725   0.892389664841611407879801202178   0.178479277402040472449515576203
 726  -0.918223333779584225238435830787   0.210934743485846799922411799708
 727   0.948551706519825688924183929121   0.214929845431023238141362453538
 728  -0.855660755574135990341477776161   0.216353490970903192098929279349
 729  -0.746062985347072063222539917686   0.217577046198912722482793908604
 730  -0.691256536575673208352249931283   0.217573195214549703840303805254
 731  -0.472033581591116243154412405277   0.217559431276287738990098644131
 732  -0.362422104098837760555493642274   0.217552549307156756564996063570
 733  -0.581645059083394725753331168280   0.217566313245418721415201224692
 734  -0.526839320337255484453871786779   0.217562872260853230202649934412
 735  -0.307616365352698519256034260773   0.217549108322591265352444773289
 736  -0.636450797829533967052790549781   0.217569754229984212627752514973
 737  -0.252810626606559277956574879272   0.217545667338025774139893483008
 738  -0.033587671622002312758737353266   0.217531903399763809289688321886
 739  -0.088393410368141554058196734768   0.217535344384329300502239612167
 740  -0.143199149114280795357656116269   0.217538785368894791714790902447
 741   0.076023805870276169840181409737   0.217525021430632826864585741324
 742   0.021218067124136928540722028236   0.217528462415198318077137031605
 743   0.240441022108693893738559554241   0.217514698476936353226931870483
 744   0.130829544616415411139640791239   0.217521580446067335652034451044
 745   0.295246760854833135038018935743   0.217511257492370862014380580202
 746   0.185635283362554652439100172740   0.217518139461501844439483160763
 747   0.350052499600972376337478317244   0.217507816507805370801829289922
 748  -0.417227842844977001854953023776   0.217555990291722247777547353850
 749   0.404858238347111617636937698746   0.217504375523239879589277999641
 750   0.459663977093250858936397080247   0.217500934538674388376726709361
 751   0.514469715839390100235856461748   0.217497493554108897164175419080
 752   0.569275454585529341535315843249   0.217494052569543405951624128800
 753  -0.800868731769638563942757737372   0.217579516565183445471551106903
 754   0.624081193331668582834775224751   0.217490611584977914739072838519
 755  -0.198004887860420036657115497770   0.217542226353460282927342192728
 756   0.732898734378595213781482552407   0.222488313907612400419296365654
 757   0.678210476603551848457872762377   0.226074882306632803656039122759
 758   0.787412717804626724069537253649   0.228135846322464454803996097867
 759   0.842215126621410735416644402659   0.228739997982659918016549761325
 760   0.896846886078895029281418884438   0.233103467924119156523568373784
 761  -0.936471832769940272260031023866   0.262613184793121318082515700643
 762  -0.881701308473274491590325886613   0.264577537006647769330724694282
 763  -0.444627732237998876956163935918   0.265020872811334684061209170280
 764  -0.499433470984138118255623317420   0.265024313795900175273760460561
 765  -0.609044948476416600854542080422   0.265031195765031157698863041122
 766  -0.389821993491859635656704554417   0.265017431826769192848657880000
 767  -0.335016254745720394357245172915   0.265013990842203701636106589719
 768  -0.280210515999581153057785791414   0.265010549857638210423555299439
 769  -0.115793299761163429159407646910   0.265000226903941736785901428597
 770  -0.170599038507302670458867028412   0.265003667888507227998452718878
 771  -0.060987561015024187859948265408   0.264996785919376245573350138316
 772  -0.554239209730277359555082698921   0.265027754780465666486311750842
 773  -0.225404777253441911758326409913   0.265007108873072719211004009158
 774  -0.006181822268884946560488883907   0.264993344934810754360798848035
 775   0.048623916477254294738970497595   0.264989903950245263148247557755
 776  -0.826909284668777065191605847825   0.265803562600928022703346521836
 777   0.103429655223393536038429879096   0.264986462965679771935696267474
 778   0.158235393969532777337889260598   0.264983021981114280723144977193
 779   0.213041132715672018637348642099   0.264979580996548789510593686913
 780   0.267846871461811259936808023600   0.264976140011983298298042396632
 781   0.322652610207950501236267405102   0.264972699027417807085491106352
 782   0.377458348954089742535726786603   0.264969258042852315872939816071
 783   0.432264087700228983835186168104   0.264965817058286824660388525791
 784   0.487069826446368225134645549606   0.264962376073721333447837235510
 785   0.541875565192507466434104931107   0.264958935089155842235285945230
 786  -0.772722088290980094617192176174   0.274014333579618741784283513301
 787  -0.718656425968695083453460843424   0.265038077734162140123965621684
 788   0.596681303938646707733564312608   0.264955494104590351022734654950
 789  -0.663850687222555842154001461923   0.265034636749596648911414331404
 790   0.650810587210529973356661850235   0.273539764826245239939700939189
 791   0.706078525482641416702349516197   0.273806153522880081644340247015
 792   0.760838013104635740041474387948   0.276067611170618335195765507938
 793   0.933158533690459967143255299577   0.274153842576294661614581393978
 794   0.816730281455017465935122657155   0.277260011154498654500931180111
 795   0.879452042601024721247867593058   0.285075464535090681555718904068
 796  -0.472027621631020752057374848061   0.312485755330947120344870986711
 797  -0.581639099123299234656293611063   0.312492637300078102769973567272
 798  -0.526833360377159993356834229562   0.312489196315512611557422276991
 799  -0.417221882884881510757915466559   0.312482314346381629132319696430
 800  -0.362416144138742269458456085058   0.312478873361816137919768406149
 801  -0.307610405392603028158996703557   0.312475432377250646707217115869
 802  -0.088387450408046062961159177551   0.312461668438988681857011954746
 803  -0.143193189154185304260618559053   0.312465109423554173069563245027
 804  -0.197998927900324545560077940554   0.312468550408119664282114535308
 805  -0.033581711661906821661699796049   0.312458227454423190644460664465
 806  -0.252804666646463786859537322055   0.312471991392685155494665825588
 807   0.021224027084232419637759585453   0.312454786469857699431909374185
 808   0.076029765830371660937218966954   0.312451345485292208219358083904
 809   0.130835504576510902236678348455   0.312447904500726717006806793623
 810   0.185641243322650143536137729957   0.312444463516161225794255503343
 811   0.240446982068789384835597111458   0.312441022531595734581704213062
 812   0.295252720814928626135056492959   0.312437581547030243369152922782
 813   0.350058459561067867434515874461   0.312434140562464752156601632501
 814   0.404864198307207108733975255962   0.312430699577899260944050342221
 815   0.459669937053346350033434637463   0.312427258593333769731499051940
 816  -0.857460466021860311882663047582   0.313730874315483260644022228674
 817   0.514475675799485591332894018965   0.312423817608768278518947761660
 818   0.569281414545624832632353400466   0.312420376624202787306396471379
 819  -0.920192690042815446205196969776   0.314945378741209733365440825622
 820  -0.802981767160892580176945952634   0.319709200315831188231049766528
 821  -0.745316236451424457952279283812   0.321475773678911639271340281864
 822  -0.691250573601939069394217879003   0.312499521008881769175038713872
 823  -0.636444835555538006396731449725   0.312508930563062055820617303142
 824   0.623410697817508098255450938092   0.321004647345857676223362755619
 825   0.678216436563647339554910319594   0.321001206361292185010811465339
 826   0.732975508243477342627665869598   0.323262418450788126670766778394
 827   0.787778662705394349662265170179   0.323794651833533816709128574852
 828   0.842554653064231098363116878908   0.325600168811871719606920733011
 829   0.916234594741660627447878099764   0.326281084032252750495762022737
 830  -0.499427511024042627158585760203   0.359950637850559556628532803141
 831  -0.554233249770181868458045141704   0.359954078835125047841084093421
 832  -0.444621772277903385859126378702   0.359947196865994065415981512860
 833  -0.389816033531764144559666997200   0.359943755881428574203430222580
 834  -0.335010294785624903260207615699   0.359940314896863082990878932299
 835  -0.115787339801067938062370089693   0.359926550958601118140673771176
 836  -0.170593078547207179361829471195   0.359929991943166609353225061457
 837  -0.225398817293346420661288852696   0.359933432927732100565776351738
 838  -0.006175862308789455463451326690   0.359919668989470135715571190615
 839  -0.060981601054928696762910708192   0.359923109974035626928122480896
 840  -0.280204556039485661960748234198   0.359936873912297591778327642018
 841   0.048629876437349785836008054811   0.359916228004904644503019900334
 842   0.103435615183489027135467436313   0.359912787020339153290468610054
 843   0.158241353929628268434926817814   0.359909346035773662077917319773
 844   0.213047092675767509734386199315   0.359905905051208170865366029492
 845   0.267852831421906751033845580817   0.359902464066642679652814739212
 846   0.322658570168045992333304962318   0.359899023082077188440263448931
 847   0.377464308914185233632764343820   0.359895582097511697227712158651
 848   0.432270047660324474932223725321   0.359892141112946206015160868371
 849   0.487075786406463716231683106822   0.359888700128380714802609578090
 850   0.541881525152602957531142488324   0.359885259143815223590058287810
 851  -0.900991650433429738516943499600   0.366277523536349981108628342722
 852  -0.846196734647941454319983190329   0.367366658703209323640070929901
 853  -0.791718035786973722614266095381   0.373344984703557251227098467755
 854  -0.736960403568190506141526605140   0.375640790693382419005991796922
 855  -0.682870818159258167336790950649   0.366678166790829775944121467281
 856  -0.609715332828602424100776904105   0.360354543688208504787920526116
 857   0.619430360140676781599742709271   0.375665656514449138975320381276
 858   0.677341008099283832365835004642   0.375799953029023784040325993406
 859   0.732100079779113835438590554646   0.378061165118519725700281306461
 860   0.786903234241030842473189855227   0.378593398501265415738643102919
 861   0.896401327089466940690343425430   0.377372281958968957032416327735
 862   0.841679224599867591174041563957   0.380398915479603318636435261078
 863  -0.642788982187725024388930335502   0.404056287488183077393949110788
 864  -0.581633139163203743559256053854   0.407418961354737484124745909848
 865  -0.526827400417064502259796672346   0.407415520370171992912194619571
 866  -0.472021661670925260960337290844   0.407412079385606501699643329290
 867  -0.417215922924786019660877909343   0.407408638401041010487092039010
 868  -0.362410184178646778361418527841   0.407405197416475519274540748729
 869  -0.143187229194089813163581001835   0.407391433478213554424335587606
 870  -0.197992967940229054463040383338   0.407394874462779045636886877887
 871  -0.252798706686368295762499764839   0.407398315447344536849438168168
 872  -0.033575751701811330564662238832   0.407384551509082571999233007045
 873  -0.088381490447950571864121620334   0.407387992493648063211784297326
 874  -0.307604445432507537061959146340   0.407401756431910028061989458449
 875   0.021229987044327910734797142669   0.407381110524517080786681716764
 876   0.130841464536606393333715905672   0.407374228555386098361579136203
 877   0.076035725790467152034256524170   0.407377669539951589574130426484
 878   0.185647203282745634633175287173   0.407370787570820607149027845923
 879   0.240452942028884875932634668674   0.407367346586255115936476555642
 880   0.295258680775024117232094050176   0.407363905601689624723925265362
 881   0.350064419521163358531553431677   0.407360464617124133511373975081
 882   0.404870158267302599831012813178   0.407357023632558642298822684801
 883   0.459675897013441841130472194680   0.407353582647993151086271394520
 884   0.514481635759581082429931576181   0.407350141663427659873720104240
 885  -0.878929683191352194750480603102   0.416446623715244362534527550547
 886  -0.824134767405863910553520293831   0.417535758882103705065970137726
 887  -0.707950539171252746509422735477   0.422139143126793711570053389099
 888  -0.765689010755000000000000000000   0.423031710844000000000000000000
 889   0.573094488358446493968151729820   0.404934342811089749646498991243
 890   0.648277774653406025592430727319   0.422264966458709269310941637045
 891   0.707616264393878813991670100341   0.427093927589465330534613983325
 892   0.764223614654922790015414661806   0.428486322516398732921316548367
 893   0.873721707503358888232568232009   0.427265205974102274215089773184
 894   0.818999605013759538716266370536   0.430291839494736635819108706527
 895   0.545694598965424618866940817678   0.452399225330702185930160807673
 896  -0.663838321213465816165057421076   0.454662692105881819958904970968
 897  -0.554227289810086377361007584488   0.454880402889784429195856436001
 898  -0.499421551063947136061548202987   0.454876961905218937983305145720
 899  -0.444615812317807894762088821485   0.454873520920653446770753855440
 900   0.600623516589387524212534124911   0.452324869500640288976062975694
 901  -0.389810073571668653462629439984   0.454870079936087955558202565159
 902  -0.170587118587111688264791913978   0.454856315997825990707997404037
 903  -0.280198596079390170863710676981   0.454863197966956973133099984598
 904  -0.225392857333250929564251295480   0.454859756982391481920548694318
 905  -0.335004334825529412163170058483   0.454866638951522464345651274879
 906  -0.060975641094833205665873150975   0.454849434028695008282894823475
 907  -0.115781379840972446965332532476   0.454852875013260499495446113756
 908  -0.006169902348693964366413769473   0.454845993044129517070343533195
 909   0.103441575143584518232504993529   0.454839111074998534645240952633
 910   0.048635836397445276933045612028   0.454842552059564025857792242914
 911   0.158247313889723759531964375031   0.454835670090433043432689662353
 912   0.213053052635863000831423756532   0.454832229105867552220138372072
 913   0.267858791382002242130883138033   0.454828788121302061007587081792
 914   0.322664530128141483430342519535   0.454825347136736569795035791512
 915   0.377470268874280724729801901036   0.454821906152171078582484501231
 916   0.432276007620419966029261282537   0.454818465167605587369933210950
 917   0.487081746366559207328720664039   0.454815024183040096157381920670
 918  -0.609033028556225618660466965990   0.454883843874349920408407726281
 919  -0.854076841897749786250742643379   0.465293376841582799232055532412
 920  -0.799281926112261502053782334108   0.466382512008442141763498119591
 921  -0.735350428564274621610633647620   0.469604025646406147853715205529
 922   0.674214489715561981166576412274   0.470544939772030138032580436084
 923   0.734766020240259754655988305564   0.474702327781367881055400004394
 924   0.791567778950871174152101802844   0.477738271712616638653698233822
 925   0.846645806643004699622637164959   0.478571332474172750986680177149
 926  -0.691238210606487691266268333219   0.502127574625494256242566787398
 927   0.518294709572402743765729905535   0.499864107850314622213822624103
 928   0.573100448318541985065189287037   0.499860666865749131001271333823
 929  -0.581627179203108252462218496631   0.502345285409396865479518252431
 930  -0.526821440456969011162759115129   0.502341844424831374266966962150
 931  -0.472015701710829769863299733628   0.502338403440265883054415671870
 932  -0.417209962964690528563840352126   0.502334962455700391841864381589
 933   0.627906187064681226364648668538   0.499857225881183639788720043542
 934  -0.307598485472412045964921589124   0.502328080486569409416761801028
 935  -0.197987007980133563366002826120   0.502321198517438426991659220466
 936  -0.252792746726272804665462207622   0.502324639502003918204210510748
 937  -0.362404224218551287264380970625   0.502331521471134900629313091309
 938  -0.088375530487855080767084063117   0.502314316548307444566556639905
 939  -0.143181269233994322066543444619   0.502317757532872935779107930186
 940   0.076041685750562643131294081387   0.502303993594610970928902769064
 941  -0.033569791741715839467624681616   0.502310875563741953354005349625
 942   0.130847424496701884430753462888   0.502300552610045479716351478783
 943   0.021235947004423401831834699885   0.502307434579176462141454059344
 944   0.185653163242841125730212844389   0.502297111625479988503800188502
 945   0.240458901988980367029672225891   0.502293670640914497291248898222
 946   0.295264640735119608329131607392   0.502290229656349006078697607942
 947   0.350070379481258849628590988893   0.502286788671783514866146317661
 948   0.404876118227398090928050370395   0.502283347687218023653595027380
 949   0.459681856973537332227509751896   0.502279906702652532441043737100
 950  -0.636432917949247493761677878133   0.502348726393962356692069542711
 951  -0.769555137869359617579044456987   0.512425829353222080728254251337
 952  -0.824610441613000000000000000000   0.515706365551000000000000000000
 953   0.701364245561942921830894617497   0.518153339963932688553366457153
 954   0.760666522390509606990660136494   0.523001737712704988982278006917
 955   0.818389174916206157581965146315   0.525532431709640910545539128201
 956  -0.725442919911572687234679142585   0.544949378332310189117105833206
 957  -0.668122755205000000000000000000   0.552027697499000000000000000000
 958   0.490894820179380868664518993393   0.547328990369927058497484440534
 959   0.545700558925520109963978374894   0.547325549385361567284933150253
 960   0.600506297671659351263437756395   0.547322108400796076072381859972
 961  -0.554221329849990886263970027272   0.549806726944443810550628778581
 962  -0.499415591103851644964510645770   0.549803285959878319338077488300
 963  -0.444609852357712403665051264269   0.549799844975312828125526198020
 964   0.432281967580515457126298839754   0.549744789222264968724705553530
 965  -0.334998374865433921066132501266   0.549792963006181845700423617458
 966  -0.280192636119294679766673119765   0.549789522021616354487872327178
 967  -0.225386897373155438467213738262   0.549786081037050863275321036897
 968  -0.389804113611573162365591882768   0.549796403990747336912974907739
 969  -0.170581158627016197167754356761   0.549782640052485372062769746616
 970  -0.115775419880876955868294975260   0.549779199067919880850218456336
 971   0.048641796357540768030083169244   0.549768876114223407212564585494
 972   0.103447535103680009329542550746   0.549765435129657916000013295213
 973  -0.060969681134737714568835593758   0.549775758083354389637667166055
 974  -0.006163942388598473269376212257   0.549772317098788898425115875774
 975   0.158253273849819250629001932247   0.549761994145092424787462004932
 976   0.213059012595958491928461313748   0.549758553160526933574910714652
 977   0.267864751342097733227920695250   0.549755112175961442362359424372
 978   0.322670490088236974527380076751   0.549751671191395951149808134091
 979   0.377476228834376215826839458252   0.549748230206830459937256843811
 980   0.655309374997168048962814830692   0.547862225984991705360667720165
 981  -0.609027068596130127563429408773   0.549810167929009301763180068860
 982  -0.794245429588743940655176588378   0.561354946514296475126095288193
 983   0.727264747712192774165566448427   0.566452749895269796480244459676
 984   0.787487918355844590420523479966   0.570795897709729260874118901296
 985  -0.705917449621853132229245975139   0.596158996777634714242749159894
 986   0.463494930786358993563308081250   0.594793872889539494781146256964
 987  -0.636426957989152002664640320916   0.597275050448621738046841885291
 988   0.518300669532498234862767462752   0.594790431904974003568594966683
 989   0.573106408278637476162226844253   0.594786990920408512356043676403
 990   0.627909485604146173861603918550   0.595327108504604141644329536595
 991  -0.581621219243012761365180939414   0.597271609464056246834290595011
 992  -0.526815480496873520065721557913   0.597268168479490755621739304730
 993  -0.472009741750734278766262176412   0.597264727494925264409188014450
 994  -0.362398264258455796167343413409   0.597257845525794281984085433889
 995  -0.252786786766177313568424650405   0.597250963556663299558982853327
 996  -0.307592525512316554867884031908   0.597254404541228790771534143608
 997  -0.417204003004595037466802794910   0.597261286510359773196636724169
 998  -0.197981048020038072268965268903   0.597247522572097808346431563046
 999   0.021241906964518892928872257102   0.597233758633835843496226401924
1000  -0.143175309273898830969505887402   0.597244081587532317133880272766
1001   0.076047645710658134228331638603   0.597230317649270352283675111643
1002  -0.088369570527759589670046505901   0.597240640602966825921328982485
1003  -0.033563831781620348370587124399   0.597237199618401334708777692204
1004   0.130853384456797375527791020105   0.597226876664704861071123821363
1005   0.185659123202936616827250401606   0.597223435680139369858572531082
1006   0.240464861949075858126709783107   0.597219994695573878646021240802
1007   0.295270600695215099426169164609   0.597216553711008387433469950521
1008   0.350076339441354340725628546110   0.597213112726442896220918660241
1009   0.404882078187493582025087927611   0.597209671741877405008367369960
1010   0.682636453599058145071183631673   0.598264451765839310017504769409
1011  -0.761364711653300040150928429855   0.605201581498069410928296830630
1012   0.754086143677527757595429791898   0.614246909892294068372085354056
1013  -0.671852772601495039228293437253   0.639092279797328539560012931194
1014   0.436095041393337118462097169108   0.642258755409151931064808073394
1015   0.490900780139476359761556550609   0.642255314424586439852256783113
1016   0.545706518885615601061015932110   0.642251873440020948639705492833
1017   0.600509596211124298760393006407   0.642791991024216577927991353025
1018  -0.554215369889895395166932470055   0.644733050999103191905401121160
1019  -0.499409631143756153867473088554   0.644729610014537700692849830880
1020  -0.389798153651477671268554325551   0.644722728045406718267747250319
1021  -0.334992414905338429969094944050   0.644719287060841227055195960038
1022  -0.280186676159199188669635562547   0.644715846076275735842644669757
1023  -0.611792525931000000000000000000   0.646267285714000000000000000000
1024  -0.225380937413059947370176181046   0.644712405091710244630093379476
1025  -0.170575198666920706070716799545   0.644708964107144753417542089196
1026  -0.006157982428502982172338655041   0.644698641153448279779888218354
1027   0.048647756317636259127120726461   0.644695200168882788567336928073
1028  -0.115769459920781464771257418043   0.644705523122579262204990798915
1029  -0.060963721174642223471798036542   0.644702082138013770992439508635
1030   0.103453495063775500426580107962   0.644691759184317297354785637793
1031   0.158259233809914741726039489464   0.644688318199751806142234347512
1032   0.213064972556053983025498870965   0.644684877215186314929683057232
1033  -0.444603892397616912568013707053   0.644726169029972209480298540599
1034   0.322676450048332465624417633968   0.644677995246055332504580476671
1035   0.377482188794471706923877015469   0.644674554261489841292029186390
1036   0.267870711302193224324958252466   0.644681436230620823717131766952
1037   0.655236564206036269969972719531   0.645729334285451746301166585839
1038  -0.726066424874596014168857225298   0.647126513958823732741135446604
1039   0.710030893557403188381150103125   0.646847583937529804982859759235
1040   0.408695152000315243360886256965   0.689723637928764367348469889824
1041   0.518306629492593725959805019968   0.689716755959633384923367309263
1042   0.463500890746454484660345638467   0.689720196944198876135918599543
1043   0.573109706818102423659182094265   0.690256873543829014211653169455
1044  -0.581100868464201485600158473168   0.692491180964182729719369750024
1045  -0.307586565552221063770846474690   0.692180728595888172126306486187
1046  -0.362392304298360305070305856193   0.692184169580453663338857776468
1047  -0.417198043044499546369765237694   0.692187610565019154551409066749
1048  -0.252780826806081822471387093188   0.692177287611322680913755195907
1049  -0.197975088059942581171927711687   0.692173846626757189701203905626
1050  -0.143169349313803339872468330186   0.692170405642191698488652615345
1051  -0.033557871821524857273549567183   0.692163523673060716063550034784
1052   0.021247866924614384025909814318   0.692160082688495224850998744504
1053  -0.088363610567664098573008948684   0.692166964657626207276101325065
1054   0.076053605670753625325369195820   0.692156641703929733638447454223
1055   0.130859344416892866624828577321   0.692153200719364242425896163942
1056   0.185665083163032107924287958822   0.692149759734798751213344873662
1057  -0.526295129718062244300699091648   0.692487739979617238506818459754
1058   0.350082299401449831822666103327   0.692139436781102277575691002821
1059   0.295276560655310590523206721825   0.692142877765667768788242293101
1060   0.240470821909171349223747340324   0.692146318750233260000793583382
1061  -0.682584883546820213484600115034   0.692836961450564466710588562413
1062   0.681665296275247020374470315507   0.693741740313105829326633208548
1063  -0.471732002624112716014710328644   0.697638873163680118207630408613
1064   0.627150515175204737695699111118   0.699381567700971135712081886406
1065  -0.631772313797766328280581718192   0.713373557245583096395683507207
1066   0.381295262607293368259675344823   0.737188520448376803632131706254
1067   0.158265193770010232823077046680   0.739614642254411187497006690093
1068  -0.334986454945242938872057386832   0.739645611115500608409968302617
1069   0.213070932516149474122536428181   0.739611201269845696284455399812
1070   0.436101001353432609559134726324   0.737185079463811312419580415974
1071  -0.553695019111084119401910003809   0.739952622499229674790480276174
1072  -0.225374977452964456273138623830   0.739638729146369625984865722056
1073  -0.170569238706825214973679242328   0.739635288161804134772314431776
1074  -0.115763499960685973674219860827   0.739631847177238643559763141495
1075  -0.060957761214546732374760479325   0.739628406192673152347211851214
1076  -0.006152022468407491075301097824   0.739624965208107661134660560934
1077  -0.389792193691382180171516768336   0.739649052100066099622519592899
1078   0.048653716277731750224158283677   0.739621524223542169922109270653
1079   0.103459455023870991523617665179   0.739618083238976678709557980373
1080   0.491592159251782693796747327874   0.737570764058258359246641324636
1081  -0.280180716199103697572598005331   0.739642170130935117197417012337
1082   0.322682410008427956721455191184   0.739604319300714713859352819251
1083   0.267876671262288715421995809683   0.739607760285280205071904109532
1084   0.546395236577291391496124402171   0.738110881642453988534927184850
1085  -0.499131927094248685354931748430   0.745203746740988749720829805870
1086  -0.444326153270995349816461859285   0.745100314698727063278740934763
1087   0.615624809013319415786495742326   0.752961667633878330680329814950
1088  -0.605243984047740519537508614883   0.761331004342195093688816998465
1089   0.353895373214271493158464432681   0.784653402967989239915793522684
1090  -0.561399180392490018433508232307   0.794214164223553441859810870970
1091  -0.362386344338264813973268298974   0.787110493635113044693630119046
1092  -0.307580605592125572673808917473   0.787107052650547553481078828767
1093   0.463518090732448238550942126502   0.784640028850924889536668044952
1094  -0.197969128099847090074890154471   0.787100170681416571055976248206
1095  -0.088357650607568607475971391468   0.787093288712285588630873667644
1096  -0.033551911861429366176512009966   0.787089847727720097418322377364
1097  -0.143163389353707848775430772969   0.787096729696851079843424957925
1098   0.408701111960410734457923814182   0.784649961983423748703242232404
1099   0.021253826884709875122947371535   0.787086406743154606205771087083
1100   0.076059565630849116422406753036   0.787082965758589114993219796802
1101   0.132965729645710817084182611111   0.788231574761241867570405271611
1102   0.295282520615406081620244279042   0.787069201820327150143014635681
1103   0.240476781869266840320784897540   0.787072642804892641355565925962
1104   0.572234948145891924451215762984   0.786442841228239196605682888126
1105  -0.470987211919003381760105722524   0.792984100713597681578014396185
1106  -0.416318482207833937155144871330   0.796856955360694844568339632550
1107   0.517761626154724097319535052003   0.792469963476625607937977215485
1108  -0.252570035214000000000000000000   0.794803356531000000000000000000
1109   0.186836180943285392336268747917   0.798313414293097581378106978972
1110  -0.515771760408461348767085562873   0.824575448072420967490611840745
1111   0.326495483821249618057253520538   0.832118285487601676199455339114
1112  -0.115757540000590482577182303610   0.834558171231898024914535484074
1113  -0.060951801254451241277722922109   0.834554730247332533701984193794
1114   0.436118201339426363449731214359   0.832104911370537325820329861382
1115   0.103567457585793962830904813512   0.834485337972915303428870549478
1116   0.048659676237827241321195840894   0.834547848278201551276881613233
1117   0.267882631222384206519033366899   0.834534084339939586426676452111
1118  -0.006146062508311999978263540607   0.834551289262767042489432903514
1119  -0.218189149093639530190685197013   0.838039544081185004597628266723
1120  -0.380911729821682820671496119883   0.838690325973355559218405527607
1121  -0.326105991075543579372036738382   0.838686884988790068005854237328
1122  -0.272090018788396055116929536995   0.847957470149639060201812485069
1123   0.381198225047860316132003623359   0.835553736189318113288697766451
1124   0.490361736761702222218324139861   0.839934845996238044221639031916
1125   0.210795982445802372635455640150   0.847604355887983227570530985653
1126  -0.468506605290255978261873003258   0.852318449406134440560209204311
1127  -0.166313304074486773249330588979   0.855719072211180074571671105026
1128   0.155361255588000000000000000000   0.857643833958000000000000000000
1129  -0.419753796548924636322733688871   0.877355075600204782424734950772
1130   0.411692382443033022397398748696   0.881166590740398248504976370108
1131  -0.088351690647473116378933834252   0.882019612766944969985646010224
1132  -0.033545951901333875079474452751   0.882016171782379478773094719944
1133   0.249678687958604951857507912929   0.886228237403894012476320460587
1134   0.309858821657935186142736076608   0.884337922439750097310630054534
1135  -0.239918236331462046847540480170   0.892326890079295071689358281286
1136   0.038881632186129553194784525458   0.888474269129890775321260759252
1137   0.093687311000562363487468527805   0.888393145522515938656122741851
1138  -0.315335024407125932647316546005   0.892423793053715788450031750513
1139  -0.369668139456671918541613381821   0.899605827609692414757787164023
1140   0.196788072616664708487295692650   0.900589707387894892248618183193
1141  -0.186972047188727310330952260316   0.906482103486806849069267728634
1142   0.361404830910683169550813379139   0.902957211939246638469609666759
1143   0.143172483375430816623046864940   0.911949179279920833641237983579
1144  -0.132732468426013681583196411007   0.914339399904393981122166925392
1145  -0.000974400096492371525476945503   0.926092957331860841439126069237
1146  -0.277575528501815865647675460264   0.932146450068665268800394359987
1147   0.281206572230075267177900514470   0.931057485944497697032309662631
1148  -0.069682327972467185773560726212   0.933547507238381878098982380742
1149   0.072264315261337217993084359631   0.938860232326197322127610063921
1150  -0.224629339359081129131087240409   0.946301663476177046180303807335
1151   0.228315956888135023807688294191   0.945418955928498576804607385236
1152  -0.168144292903797653044069375794   0.957952334494028448739044606052
1153   0.174700367646901131943439466482   0.956778427820524518197227185623
1154  -0.113918261406298036807383957927   0.965902587281369389915348051139
1155   0.120370927359434040565194101176   0.965119186465924067916471250025
1156  -0.030739951524223350046228758976   0.972111225004096670433869960392
1157   0.028742863372118923250158500485   0.972171822284100641888796531701
