   1  -0.013713421445263244896048159511  -0.972881320841154052666967891491
   2  -0.072419578515844862846604274110  -0.970279097485332473710225537880
   3   0.082003809181424471660176911852  -0.969516115208561378691287866753
   4  -0.126843125063698410373204652137  -0.964674527492790648565819185733
   5   0.135708315301458611793130146490  -0.963467371283222974900043092671
   6  -0.180209638692575793335919542302  -0.956143612901145319493577989632
   7   0.224489056139323127252838944693  -0.946726352249180695681391507995
   8   0.033265048829980777950914177656  -0.946164573073712064893920591338
   9  -0.240309034840167193890254795280  -0.942834922000426990179704248623
  10   0.276708391847865821591124039319  -0.932801473117582442674005690792
  11  -0.292287900126391100719716161863  -0.928037664003497628466862314422
  12  -0.041057865431131738444647263661  -0.926265415146050337057891884192
  13  -0.094855688993405129183978953132  -0.921112216078131008912100243512
  14   0.100306217458392195058770933113  -0.918665519027845011164126647480
  15   0.174601194681889864798113072286  -0.925942643247295411003574080166
  16  -0.345406672626338372286893452301  -0.909604503547869120217219878676
  17  -0.200654546935845090146671859095  -0.906115950477288237886800952701
  18   0.324512862777870265249501809401  -0.907592469968440215329325447761
  19  -0.146613349971329860689710321146  -0.905558894543316968436640381732
  20   0.377463483501781044633636874044  -0.896776137612985666726562044424
  21   0.051567457106948501349508198917  -0.895313976892995697366759372064
  22  -0.250701856784197484583804598946  -0.885719184615659289838912314281
  23   0.245170520574308438083231248201  -0.888913844380048369397052895489
  24  -0.002469254168000000000000000000  -0.886620026503000000000000000000
  25  -0.303715396194444468467648789198  -0.875215570005950281388507110466
  26   0.139219137179406663071828830731  -0.881161573109355501500395615866
  27  -0.057262015877759049192869694274  -0.874707808636688689041404439975
  28  -0.432019201347448296030464038165  -0.871805902730921445746990155780
  29  -0.378220442658235672601973291290  -0.866662475452250938289992859250
  30  -0.110491472677762454350130648266  -0.865359749509379218263245957829
  31   0.192922048917993916602844658440  -0.875098690010646602263794221534
  32   0.426673422382869954357745586006  -0.874434624772745938739622272580
  33  -0.163383465994559087363966236548  -0.854182591744861988513880869820
  34   0.090480376827962969362566096535  -0.857810030974506187703028340451
  35   0.337118247982680347257845847530  -0.855039015804993853517588392646
  36   0.283259031043571216072282500435  -0.850572917801469671602326170453
  37  -0.479758544399599068799892193217  -0.846473780719132413762854028363
  38  -0.216444187062697010858688365078  -0.843919981920826792487111774338
  39   0.478373345150001024727162947174  -0.847257378261978859829117161725
  40   0.032072685794891073514196913397  -0.844908469533564373343287203897
  41  -0.020988035560971155721317871360  -0.834645861197149667933308780439
  42  -0.269457726472943994742532555332  -0.833416367311117784036706570522
  43   0.231010559387256694591895910675  -0.836757763432067904469067496498
  44  -0.074904700692295103251512940756  -0.823624573096973298245896525057
  45   0.174985405665795071237411775067  -0.824117927859473810273994976288
  46  -0.322739681864000000000000000000  -0.823304557523000000000000000000
  47   0.431364270491649735078719248110  -0.820594516816952798370381003357
  48  -0.432247115183000000000000000000  -0.816953326089000000000000000000
  49  -0.127965422339690103511410324384  -0.813361966267869385651372623455
  50   0.377345283767030968424690661918  -0.818948201562645742445654350937
  51  -0.549334345604334763172936842500  -0.803067804801575412274612113865
  52   0.121924684597657322496494885710  -0.813855318035438527479938528930
  53  -0.375831025990040484083613074707  -0.812671254233826422474683820200
  54   0.525545997717058664170599710555  -0.818833027333989078931091627525
  55  -0.181026145711885855631671636791  -0.803099354444716950448041568710
  56   0.316288617945413892836836605807  -0.805042683350540380085734436049
  57   0.068120293339349480033921546865  -0.804625740727786334377633947475
  58  -0.495911056615634158449589599362  -0.794899973124754239413574925513
  59  -0.234039685122132839515515827043  -0.792595739835007941997636364895
  60   0.014430004645385050319925621201  -0.793825232728052846695433365167
  61   0.263479678459067554617943320087  -0.793554550734727085886653152751
  62   0.477959523169802616074030739233  -0.793214894676934331255773981940
  63  -0.593076130119966257018240812941  -0.771327962835063299013590916943
  64  -0.038630720375507209779961117842  -0.783562625657434277137800865521
  65   0.210403447016606248238442248980  -0.783297300383363987127160556771
  66  -0.287100406190270593730582885308  -0.782333130010972687506547173243
  67   0.157342725948468499497525359622  -0.773034690559328704333104109414
  68   0.405780527962208100654894993565  -0.772989544399585072149292137214
  69  -0.340161127258408347945649211068  -0.772070520186937433015458617150
  70  -0.092547383292936949934621877881  -0.772541336792642382262982711884
  71   0.542931172769666868099578120621  -0.767661580519761987082631767715
  72   0.596971262949869850846215499936  -0.768317274035538839545601176805
  73  -0.451106310498464239723451204098  -0.764679185477059652145402102482
  74   0.352360734763939427141618452753  -0.764798880487220542740060556365
  75   0.102908767064333969179715004817  -0.763267215075978304925319828492
  76  -0.397088848884612627545949541782  -0.762983567162942281050563630490
  77  -0.145608104361074700404655641008  -0.762278726968607108408970727524
  78  -0.198621643771321684288499831260  -0.751775112358898099958565523709
  79   0.049848045996196221193023657123  -0.753004605251943018231694774818
  80   0.299551795277593088922725167033  -0.753310747871407248540979273067
  81  -0.003212680169151003738717625278  -0.742741997188337455899925450248
  82   0.245821488367417426191843703751  -0.742476672907254144929453693827
  83  -0.251682364839459438503566157020  -0.741512502534862845467476967616
  84   0.495344698222410820003009149299  -0.742043447862707239407314122129
  85  -0.499680653382327679812849822692  -0.740987530953325607282462312439
  86  -0.553355451414034001229888927311  -0.734680603260174380265950725202
  87   0.638710087686793601254578779194  -0.733986066799971595787486349234
  88   0.442072237377443625538467456442  -0.732943656865517259829220018546
  89  -0.056273402976149056463070054967  -0.732479389353103361154887052348
  90   0.192760767299279674158880349128  -0.732214063083218879156248884785
  91  -0.304743085907597192718633215284  -0.731249892710827590976387775964
  92  -0.620373309510552991654141328755  -0.724684364367650544299210719214
  93   0.138326808415145149958886867768  -0.722446587599868480358293291063
  94   0.387360979901094028166612799687  -0.722181262300153571426949245630
  95  -0.357803810965997309383169958808  -0.720987284264914270024267032250
  96  -0.109957755914491068889983593963  -0.721378457613986482375109988949
  97   0.588060998599653477945493918852  -0.715012785764096200624953648475
  98  -0.670667768668297562957082778080  -0.704904863395657699779729127100
  99   0.085266087347007401194066837074  -0.712183977775833197687823137723
 100  -0.410864536024397460693199387377  -0.710724675819000919011964257862
 101   0.334300258832956273945691967749  -0.711918652476118316966130214017
 102  -0.163018476982628819360017357090  -0.711115847789951208521098004590
 103   0.534910013269790880820460915523  -0.705228408464756521071752602864
 104   0.032205361200571871872835462840  -0.701921369705696066890328912470
 105   0.281239529718228590098407497468  -0.701656045431144310421197585793
 106  -0.216264323488648283276550161236  -0.700691875058753003428406126430
 107  -0.463925257894177792175725001478  -0.700462070139695204936510301473
 108   0.678478333527915422104172492203  -0.697390330663213810197899748317
 109  -0.020855362769792850421826562407  -0.691658760884006539917011637076
 110  -0.521056092796080290979598241201  -0.691350328468293334058059838392
 111   0.228178808650090838065444142845  -0.691393435607109044647992776751
 112   0.476589117972622674438087437516  -0.691358247950258837415333486920
 113  -0.269325044556786037491616486996  -0.690429265234717748937317570337
 114  -0.574730890827786612396637345820  -0.685043400775142107041548251155
 115  -0.073867979552957759271512873661  -0.681150490689897288457740879546
 116   0.423380794535847525266292228509  -0.681890640136316234524807570266
 117   0.173744849765956327762861119463  -0.681625960123758654000136826964
 118  -0.322385769615186154156153963024  -0.680166656788804427985196191065
 119   0.120684128697818578100020011475  -0.671363350299723374458494843570
 120  -0.626929060604784778436520140919  -0.671039388757053223570038122920
 121   0.369718300183767429149421039461  -0.671098025000008474906854459514
 122  -0.375446494673586270820690706548  -0.669904048342891107033075447350
 123   0.619057314973303894223146558967  -0.670741015391366878731484835799
 124  -0.127600435631817649236734062216  -0.670295220313841379406782214773
 125  -0.708772023256004183807065307933  -0.666579583709967973666215258547
 126   0.067623402841312239197899622057  -0.661100742129453019402843379075
 127  -0.180661156699955418348067687066  -0.660032610489806111990938607311
 128   0.316657571069039755894835122707  -0.660835417955034464342025799781
 129   0.565478627417260054550641104504  -0.660660245951879123618921546397
 130  -0.428507219731986422130720135118  -0.659641439896977756020772672963
 131   0.719474971678075137160266500541  -0.655012891093142468381649198338
 132   0.014562678581018319701456732471  -0.650838133407896710802695847263
 133   0.512336842630345324903972812209  -0.650826020495223126457804855232
 134   0.263596850000902001673932711921  -0.650572808130999209881111525382
 135  -0.233907003205974882264600491212  -0.649608637758607906898246729152
 136  -0.481624419388982072945327649081  -0.649398303802456586101809477372
 137   0.666418631798804054667582767264  -0.644708978413333483609850511709
 138   0.209162891116767504798316501693  -0.640805332647648814556769395401
 139   0.458197062606861194406994367937  -0.640540007326503797732160655829
 140  -0.286967728264374998929137234735  -0.639346029312694585946125985437
 141  -0.038449938202146589148229578782  -0.640329863213787459343425089728
 142  -0.534697655483172016661666207573  -0.639056265247644190944075620725
 143  -0.744689540515008997169321607633  -0.626197740827055930759927848223
 144  -0.588372453514878338078705312192  -0.632749337554492963927564033488
 145   0.156102170048629752682290678274  -0.630542722823613549213022060001
 146  -0.340028453322775115593674710764  -0.629083420866781264994004606165
 147  -0.091510659270284339618263341910  -0.630067253389752185489413105375
 148   0.405136341534578590673509234409  -0.630277397523898638331442002061
 149   0.103041444478883551172114154079  -0.620280114554304470811208342413
 150   0.352075612419850911098655887670  -0.620014790478924622282718377052
 151   0.600896668751061562881237706308  -0.619839618461010851488615819616
 152  -0.393089178381175232258211454290  -0.618820812420867944041883862451
 153  -0.640570623291876504118588107292  -0.618745325536404080456053905254
 154  -0.145243115349144248224784392192  -0.619211983013696282876622817494
 155   0.755392825555000000000000000000  -0.613190934996000000000000000000
 156   0.049980719931829489824740027344  -0.610017505931786881688380057447
 157   0.299014891351713156877735055729  -0.609752180654889367821899345458
 158   0.547424424095810405210318484701  -0.609720997595637557424614843954
 159  -0.446149903957906350682843265784  -0.608558204153971237021511278880
 160  -0.693631345161783038980322828940  -0.608482719857750875364450407845
 161  -0.198303836417282017336118017042  -0.608949373189661015460779210032
 162   0.701869468726085968987994439821  -0.603916829146270248207814070356
 163   0.493944702279445679841039056208  -0.600007704918298975438310927813
 164   0.244580932467578678626917959300  -0.599984705171538975948178087711
 165  -0.003031896851335419024946283909  -0.599509235737677630229109299912
 166  -0.251549686913563843702121238952  -0.598525401836584743907055144252
 167  -0.499210626374198283964100052728  -0.598295597371737721483021805224
 168   0.648257985576561723325673914605  -0.593807581482977456366981495525
 169   0.191520211399440916258464624371  -0.589722095347503714418103007068
 170  -0.304610411971963960366657982476  -0.588262793390671422954934400538
 171  -0.056092617919473169494980047037  -0.589246625913642356375097315558
 172   0.440554382868903163905958123204  -0.589456770033484203769371825645
 173  -0.552340339190760978099186955315  -0.587973029325621027952884035826
 174  -0.762486937495403857758607064679  -0.575168200936975258467610614575
 175   0.138459486228684403875545930486  -0.579459486940395058168872126724
 176   0.387493653770662072622744082618  -0.579194163002814785707305919599
 177  -0.357671137030364077031195458506  -0.578000184944758102002813021266
 178  -0.109153338987610938606313671886  -0.578984016089607088959253708096
 179  -0.605401061060545083780229087905  -0.577710423646334827605621969846
 180   0.085398761282640659948023322216  -0.569196878455677052574064267629
 181   0.334432932702524312081464127427  -0.568931553178779525762623590943
 182   0.582842465429611913540915086505  -0.568900370104769285294309117173
 183   0.789519674942674499017360915529  -0.568634157651277165643913142459
 184  -0.410731862088764193695732202041  -0.567737576498844781050692277555
 185  -0.658461782930451618641963809553  -0.567447817967681622514018472438
 186  -0.162885795066470847212834722169  -0.568128745713551186346463420216
 187   0.735893400604244823285394437543  -0.561927147792138631610672200885
 188   0.279998973818389833830720303108  -0.559164077695429133888965907786
 189   0.529032370711910936285835289108  -0.558902756254610271259829698511
 190   0.032386144499475751098337010963  -0.558688608261567801114793510094
 191  -0.463792587147164340152803543736  -0.557474968052931434249061431101
 192  -0.711522504800250213532877714531  -0.557185212288470335688638446572
 193  -0.215946520124870978773638764782  -0.557866137267637852469587625132
 194   0.682734049080630426780173558949  -0.552188327213654890255331040222
 195   0.226938252750252079609763047794  -0.548901467871393879428070575109
 196  -0.020674576568661999371696752164  -0.548425998437532527260781525741
 197   0.475972424202704975178484413033  -0.548636142542616194486808697441
 198  -0.269192370621152805139641986693  -0.547442165914561580915863559352
 199  -0.516853310081787245401620800470  -0.547212361449714558491830220324
 200  -0.806664949962574378507708754324  -0.544038400180760504112825722760
 201   0.629673327210850095328707806834  -0.541925721534349176019288364975
 202   0.173877527691851954820943876629  -0.538638859425480551426911422169
 203   0.422911695125618078091000821978  -0.538373535505274844700057287837
 204  -0.073735297636799768483030377013  -0.538163388613497259844937918279
 205  -0.322253095679552921804178730217  -0.537179557468648259963742815639
 206  -0.569983022898368726020302683977  -0.536889793403604353273994165579
 207  -0.623043744768762236263566456915  -0.526627187724528623773917086446
 208  -0.126796018704937537594364001862  -0.527900778789461992429094310817
 209   0.120816802633451830035276962552  -0.528376250979567223428487326940
 210   0.369850974053335473605552322375  -0.528110925702669689187211133490
 211  -0.375313820737953038468716206252  -0.526916949022734939011621436368
 212   0.819874348085909713343452608138  -0.523920008894552997773358030648
 213   0.315417015169200989034486458158  -0.518343450219319291829676213750
 214   0.564450412045712444616431890911  -0.518082128763741999129523971730
 215  -0.180528478774059808650355469908  -0.517045509791528023355271835316
 216   0.067804185850286922919737023484  -0.517867980785457963220713211918
 217  -0.428374545796353155133252949774  -0.516654340576821618059500692653
 218  -0.676104466638560831154480361893  -0.516364582045317336948537060580
 219   0.758524214314678113771045768046  -0.512849581109643387334395185615
 220   0.262356294101063234813565391602  -0.508080840395284037368858395184
 221   0.014743464782149170751586542709  -0.507605370961422698146465735925
 222   0.511390465536506483509081014836  -0.507815515051747922356502970660
 223  -0.481435270854753301590324291478  -0.506391732130908271257869846202
 224  -0.233589203832459940211159512522  -0.506782901345614689478396040233
 225  -0.729174403997186278324980716558  -0.506105160062456406478710113996
 226   0.704758824179487798224015448544  -0.502835813979617305756788016430
 227  -0.836258605244850832549736328630  -0.497350648459716678746938776180
 228   0.209295569042663118172242300052  -0.497818231949370716436878990210
 229   0.458329736460074073854751829768  -0.497552908014180898810082103685
 230  -0.038317256285988598359747082140  -0.497342761137387430730622128462
 231  -0.286835054328741766577162734434  -0.496358929992538417924671974453
 232  -0.534495993797070633282748631597  -0.496129125521015322588270822174
 233  -0.782235915572548537114350856078  -0.495830687525605028243803013038
 234   0.651698102309707466327488973399  -0.492573208300311591322126027034
 235   0.156234843984262993383423128887  -0.487555623503457388435719837270
 236   0.405269015387660043846986543034  -0.487290298212255252029985329627
 237  -0.091377977354126367471080706989  -0.487080151313352163314778521001
 238  -0.339895779387141883241699477964  -0.486096321546625096972551230741
 239  -0.587625706606585878503640052987  -0.485806557481798149442289282178
 240   0.350835056520012400788958011622  -0.477522822743209361193406441868
 241   0.599868450305331734181700282725  -0.477261498605557928543148798007
 242   0.847699505696677372134877535590  -0.477589437080608792062981811404
 243   0.103222227201098086269832973392  -0.477047353309348128218109362174
 244  -0.144438702412526499031884749602  -0.476817542867438829437902725917
 245  -0.392956504445541999906236953990  -0.475833713100711776020429851467
 246  -0.640686428476442105802654879941  -0.475543951802536857832138517098
 247   0.793942252476869483816050634406  -0.472028950866925938418657557105
 248   0.297774335451874390017293530094  -0.467260212919174195309581830973
 249   0.546808503796125773074349406650  -0.466994884893563851770127796937
 250   0.050161506132960334099773218905  -0.466784743485312863153733394660
 251  -0.446017229503942116676224268641  -0.465571104654798454976814857922
 252  -0.693747150346240700693568784919  -0.465281346123325571006758491232
 253  -0.198171162481648770087876217649  -0.465962273869504860364080250416
 254   0.740176862341679168269020314904  -0.462015183736899856841050387920
 255   0.244713610393474273376044643860  -0.456997604473260874377666810285
 256   0.493747777793875961170781328546  -0.456732280523312495789050420913
 257  -0.002899214935177428236463787267  -0.456522133661277601616306338646
 258  -0.499077954562342263027845039221  -0.455308496208885108266678261303
 259  -0.251231887540048901648680260264  -0.455699665423591526487204455333
 260  -0.746807872216002768767705958865  -0.455018740443925429681230733842
 261  -0.862583262056168723866095842197  -0.450151350536575521027863829988
 262   0.687116140471898836786494700802  -0.451752578057594142765596431531
 263   0.191652885335074156734721552310  -0.446734996027347553445687405311
 264   0.440687056721461855024924822984  -0.446469670721387242665352859293
 265  -0.055959936003315197347797412117  -0.446259523837242334200462731183
 266  -0.304477738036330728014683482180  -0.445275694070515254933480389555
 267  -0.552138677761950337307312515725  -0.445045889375753717974393982244
 268  -0.799866076844916369743603711611  -0.444743128431620080854073807269
 269   0.386253097875099507927939207588  -0.436702195244990348136255540219
 270   0.635286488467523104640706010127  -0.436440868362840479986619202504
 271   0.138640268551909249621131396818  -0.436226725833238293228076930198
 272  -0.109020661061715328908601454728  -0.435996915391329000323586936101
 273  -0.357538463094730844679220225702  -0.435013085624601933981359645840
 274  -0.605268390314265748042728476013  -0.434723321559806383500510712830
 275  -0.658329112184049853723770608602  -0.424460715880520183153248646850
 276   0.333192376802685545244309525878  -0.426439585443064353270510989787
 277   0.582226541958317143533355134052  -0.426174254650846403213598201434
 278   0.085579547483771497451071642328  -0.425964116009203028163700962700
 279  -0.162081386120115460469405497342  -0.425734306945415666446711141018
 280  -0.410599188153130961343757701732  -0.424750477178688613029238266568
 281   0.843282834905143502767495515200  -0.423726144387065499568248039247
 282   0.775594900503870538314025181263  -0.421194553494182407925312759410
 283   0.280131651744285428579772782352  -0.416176976997151032318390246073
 284   0.529165819900549674120270862896  -0.415911649036466051634562030048
 285   0.032518826415633735111722888929  -0.415701506185167766623573997381
 286  -0.463659913211531079142473745676  -0.414487868732775291093046188210
 287  -0.215813846189237731525396965390  -0.414879037947481697372888665517
 288  -0.711389834053826411007779697841  -0.414198110201194955349602805584
 289   0.722534178634090206831499567162  -0.410931947814876693849858803021
 290   0.227070926685885311938523896118  -0.405914368551237711386475225386
 291   0.476105098055263363355466632070  -0.405649043230518970534999591578
 292  -0.020541894652504027224514117243  -0.405438896361132505086146941367
 293  -0.516720638269931224465365786963  -0.404225260286861945275486676404
 294  -0.268874571247637863086201008010  -0.404616429501568363496012870436
 295  -0.834999068075691515056876609657  -0.403676911076604542561207379603
 296  -0.766019018386027358039242143725  -0.402584314756319982581215552378
 297  -0.888554960991916537775436803269  -0.396429317364416952955156433696
 298   0.421671139208902015675573329417  -0.395881567754122076933145227583
 299   0.670704526629714474685710876487  -0.395620238120123031070881573994
 300   0.174058309902720405792460230583  -0.395406098357128446287841509323
 301  -0.073602619710904158785318159856  -0.395176287915219171209271146283
 302  -0.322120421743919689452204229919  -0.394192458148492091942288804655
 303  -0.569781361506773055458936184132  -0.393962653421424667093047326170
 304   0.368610418136487624211193670419  -0.385618957952196576253114129418
 305   0.617644580120508513578360000412  -0.385353624408128954297860572924
 306   0.120997588834582652674975890882  -0.385143488533093186121930212208
 307  -0.126663344769304290346122202469  -0.384913679469305837332395351201
 308  -0.622911074021854709480249223756  -0.383640085637783220509319127932
 309  -0.375181146802319806116740973444  -0.383929849702578770990168060941
 310   0.889136857702954751079283471052  -0.395122475497761999008451602207
 311   0.811012938666061908359030047623  -0.380373923251464959009575130900
 312   0.315549693095096583806788778136  -0.375356349521041190279319404888
 313   0.564583858184662695537003262376  -0.375091018751640363389139227156
 314   0.067936867766444898459909565122  -0.374880878709057931630841656114
 315  -0.179724069827704421906926245084  -0.374651071023392503455519556119
 316  -0.428241871860719922781278449475  -0.373667241256665450038046681669
 317  -0.675971795891635040962774837857  -0.373377479958477506433865171542
 318   0.757952216796281576876504433522  -0.370111317572159244934121174511
 319   0.262488968036696467142252034610  -0.365093741075127869327198661175
 320   0.511523136314882364054477648274  -0.364828413072334649313685270766
 321   0.014876146698307136123672558952  -0.364618268885022670093414600102
 322  -0.481302596919120041717043863807  -0.363404632810752127115293050774
 323  -0.233456529896826692962917713136  -0.363795802025458534381697080619
 324  -0.729032517930076510282500690358  -0.363114874337422509464231578004
 325  -0.801191876293097466533333933410  -0.361512529610181866085351679746
 326   0.457089180542703524006115138502  -0.355060940263253804802791959868
 327   0.706122564791905844730715742847  -0.354799607877405582155143945484
 328   0.209476351253531562117058212425  -0.354585470881018598573947927115
 329  -0.038184578360092988662034864983  -0.354355660439109342094955356467
 330  -0.855500414262741210512096123056  -0.353672350432700815054230234794
 331  -0.534363321977520185902886534705  -0.353142024364838782284295091505
 332  -0.286517254955226824523721755748  -0.353533193579545200504821285535
 333  -0.909255333361904313931393037260  -0.346322063393349680336553761580
 334   0.404028459470289417859887602731  -0.344798330461328551679222541401
 335   0.653062618282699883623364866772  -0.344532994165411505382122944414
 336   0.156415630185393807901991886665  -0.344322861056983344082859371022
 337  -0.091245303418493120222838907597  -0.344093051993196008218079561384
 338  -0.339763105451508650889724977660  -0.343109222226468928951097219756
 339  -0.587424045214362016896456931878  -0.342879417499401504101855741269
 340   0.856866961463873156670818003475  -0.351770254362161458449778693860
 341   0.910289483485982148626863854995  -0.343597407766979187753240760097
 342   0.350967734428898662773672922677  -0.334535722030173413261922544519
 343   0.600001896346854065582008128736  -0.334270388508922914473401598646
 344   0.103354909117256053686925560906  -0.334060251232948089591770814929
 345  -0.144306028476893251783642950211  -0.333830443547282674341203766302
 346  -0.392823830509908767554261721186  -0.332846613780555607998976476042
 347  -0.640553757729443670917769971498  -0.332556849715760057518127543032
 348   0.793370254958472946921509299881  -0.329290687329441796018383546001
 349   0.297907009387507622369268030393  -0.324273113599018027288127819989
 350   0.546941174477073734099482514635  -0.324007782829617200397947642257
 351   0.050294188049118299471859235146  -0.323797641408912835100682258836
 352  -0.197366753535293383344446992830  -0.323567835101369340464327971221
 353  -0.445884555568308884218799197217  -0.322584005334642287046855096770
 354  -0.693614479767885140237495830374  -0.322294244094705060548493943962
 355  -0.764219105559696997029521146462  -0.322094570442227617947612029727
 356   0.492507222673871257672955025920  -0.314240308649765993624323230078
 357   0.741540602954097214775720609206  -0.313978977634688133239406316974
 358   0.244894392604342717344074208208  -0.313764843404908756534877085930
 359  -0.002766537009281825313848188787  -0.313535032962999507102223015202
 360  -0.498945280626709006787742620269  -0.312321396888728960971772437543
 361  -0.251099213604415654400438460875  -0.312712566103435371390505495719
 362  -0.821693222480147161988553446809  -0.311507968966278138578374534937
 363   0.439446500804090926190429411816  -0.303977702970460279548869273686
 364  -0.876013427625190382972761239882  -0.303672574798573372008740582301
 365   0.688480656444891253668369733131  -0.303712363922694056466385315904
 366   0.191833671536204963129007882449  -0.303502233580873502043788529837
 367  -0.055827262067681950099555612723  -0.303272424517086179103763771567
 368  -0.552006005685109147340407282448  -0.302058788442815619293103506606
 369  -0.304159938662815785961242503490  -0.302449957657522037513629700636
 370   0.839224277756284195233297255733  -0.300687018440138295458587108961
 371   0.386385775762700456422366854989  -0.293715094539305388688030956502
 372   0.635419934509045435627012995096  -0.293449758266205465557663970136
 373   0.138772950468067208913941556689  -0.293239623756838247552699973743
 374  -0.108887987126082081660359655338  -0.293009816071172845226887976485
 375  -0.357405789159097612327245725403  -0.292025986304445765959905634857
 376  -0.605066728921950978333977679620  -0.291796181577378341110664156370
 377  -0.928503346917073356564846002534  -0.290805187596708562737987533541
 378   0.900905633161653145775553044127  -0.290374248956535654273737594148
 379   0.333325050721309701336152174934  -0.283452486108150250270730959620
 380   0.582359212639265104144487380994  -0.283187152586899751482210013747
 381   0.085712229399929454698875230929  -0.282977013932802993061611417650
 382  -0.161948712184482213221163697956  -0.282747207625259511350012181404
 383  -0.410466514217497728991782468928  -0.281763377858532445007784891143
 384  -0.658196441605693770192490964014  -0.281473613851987611632756315452
 385  -0.837681552727462674406074429806  -0.259883027546709645868302350966
 386  -0.728801067397505626984516286478  -0.281273940199510169031874395685
 387   0.780715758527314225475096353251  -0.276749037176968531353371034325
 388   0.527925260836062627717959892280  -0.273419678407048544708585601568
 389   0.280312434756796449838549492333  -0.272944211784069374080171645040
 390   0.032651504341529338034338487407  -0.272714405486889672109490673936
 391  -0.215009437242882344781967740568  -0.272484599179346177473136386321
 392  -0.784720451746746692484740659860  -0.272090009798323890440634884918
 393  -0.463527239275897845656319944959  -0.271500769412619124055663511871
 394   0.474864538966282296235434278178  -0.263157072727742830633131645178
 395   0.723900060707547640671055332235  -0.262892919017727242159383863233
 396   0.227251712887016118356023878232  -0.262681606104763660004717688651
 397  -0.020409220716870786751368936528  -0.262451797040976344111031430303
 398  -0.516587964334297971869975374450  -0.261238160966705794818244344432
 399  -0.268741897312004615837959208617  -0.261629330181412208399313910820
 400   0.421803817096501964752908664074  -0.252894467048437116557677688787
 401   0.670837972671236805672017861456  -0.252629128023488016641926341626
 402   0.939603562171189865115853503934  -0.252648507465559508348067512125
 403   0.174190991818878364140957552472  -0.252418996280728405513629132558
 404  -0.073469945775270911537076360465  -0.252189188595063016112572186668
 405  -0.891114903073986180164565894630  -0.251781277648275419281378767546
 406  -0.569648689392698108777928030189  -0.250975552520792456301911921707
 407  -0.321802622370404747398763251232  -0.251366721735498874522438115737
 408   0.862795969403063694827554395091  -0.252054348005745653356325969021
 409   0.368743092055111494984846107246  -0.242631858617282225696839371603
 410   0.617777250801456474189492247354  -0.242366522344182302566472385237
 411   0.121130270750740609925891226713  -0.242156386456693151022540576465
 412  -0.126530670833671043097880403082  -0.241926580149149682235696391586
 413  -0.375048472866686573764766473145  -0.240942750382422602968714049958
 414  -0.622709481778234015924473083837  -0.240712885658352991271781895489
 415  -0.943396866589264826107736965142  -0.238093415446376424987050128214
 416   0.812270230355480875948537046042  -0.232873342443818836680675651967
 417   0.563343298998253997762964758640  -0.232599048164331095792847973058
 418   0.315730476909250182333024776459  -0.232123580163229991625466204151
 419   0.068069545692340493261354483190  -0.231893778010779830070419832750
 420  -0.179591395892071174658684445695  -0.231663971703236348358820596504
 421  -0.428109197925086690429303216670  -0.230680141936509282016593306244
 422  -0.675839125313282731630011711756  -0.230390377929964448641564730553
 423  -0.783052125934780748443080621094  -0.218071698369177654795701894880
 424  -0.729791231318686762793593198825  -0.227238943613220891732082472065
 425   0.510282577128473666280439144538  -0.222336442485025381717394016669
 426   0.759316732703208507199548341917  -0.222071103460076281801642669505
 427   0.262669755039469850850499162357  -0.221860974483924277550012247761
 428   0.015008820633940376596817739666  -0.221631169564866509118299089036
 429  -0.232652120950471306219488488310  -0.221401363257323014481944801421
 430  -0.481169922983486807093840692702  -0.220417533490595961064471926972
 431   0.899571140751961432665295053640  -0.212451973671239981055967153827
 432   0.457221855258693334797913530436  -0.212073836805719667641940060279
 433   0.706256010833428175717022727815  -0.211808497780770567726188713116
 434   0.209609033169689519367973548256  -0.211598368804618563474558291372
 435  -0.038051904424459748188889684270  -0.211368561118953181119839845403
 436  -0.534230648041886934739302223231  -0.210154925044682630584745356918
 437  -0.286384581019593577275479956359  -0.210546094259389045408122325921
 438  -0.835701982089064730824204627991  -0.205875226436511728351830026177
 439   0.404161133388913003315387916332  -0.201811231126413953566486103888
 440   0.653195288963647844234497113714  -0.201545892101464853650734756727
 441   0.156548312101551765152907222496  -0.201335758980583308983469735279
 442  -0.091112629482859872974597108208  -0.201105952673039853121380601769
 443  -0.339445306077993708836283998974  -0.200283485813475711531246530838
 444  -0.587291373100287070215448777932  -0.199892316598769293310720336808
 445   0.952182057283323309283898147373  -0.200088610762986569334331248929
 446  -0.889135332435588236582696092815  -0.197773476538077501764906442757
 447   0.847688268517672245993541912402  -0.192052712201101387764938023457
 448   0.598761337160445367807969625000  -0.191778417921613646877110344548
 449   0.351148519061703914827500060584  -0.191302948542390609170760763261
 450   0.103487587043151648488370478974  -0.191073150534669988031348991565
 451  -0.144173354541260004535401150823  -0.190843344227126519244504806687
 452  -0.392691156574275535202287220887  -0.189859514460399439977522465059
 453  -0.640352165485822977361993831579  -0.189629649736329828280590310590
 454  -0.955161359219598506661669518210  -0.185345353929180106581060079704
 455   0.545700615290665036325444010898  -0.181515812242307932801656388159
 456   0.794734770865399877244553208276  -0.181250473217358832885905040995
 457   0.298087797191923583344974446482  -0.181040342863084895095306806872
 458   0.050426861984751531823833735449  -0.180810542088756667079228247851
 459  -0.197234079599660136096205193437  -0.180580735781213185367629011605
 460  -0.694530505357266205383713494220  -0.179681467542119601867326845122
 461  -0.445751881632675651866823964413  -0.179596906014486119025401721345
 462  -0.912718469332897392976248741502  -0.149146355147295195762120812356
 463  -0.748482611362670236547294981289  -0.176530033225376044957844586634
 464   0.492639893420884704842918396796  -0.171253206563002218726202431770
 465   0.741674048995619545762027594175  -0.170987867538053118810451084606
 466   0.245027075322143251862448832381  -0.170777737183779181019852850483
 467  -0.002633863073648584840703008076  -0.170547933642843346127107504137
 468  -0.250294804658060267657009236052  -0.170318127335299851490753216522
 469  -0.498812606691075768531361440444  -0.169334297568572798073280342073
 470  -0.805228567448143152933048834810  -0.161241917341245566653407027105
 471   0.439579171551104373360392782693  -0.160990600883696504650748475380
 472   0.688613327125839214279501980073  -0.160725261858747404734997128217
 473   0.191966353452362920379923218279  -0.160515131504473466944398894093
 474  -0.055694588132048709626410432012  -0.160285325196930018128648260504
 475  -0.551873331749475900075624593198  -0.159071689122659464210756259772
 476  -0.304027264727182538713000704101  -0.159462858337365882416930741021
 477  -0.858721159297000000000000000000  -0.152728598838000000000000000000
 478   0.634179375322636737852974491359  -0.150957787678896197961372716038
 479   0.386566557223895284872504926946  -0.150482318299673160255023134750
 480   0.138905628393962803715386474757  -0.150252523058560145992278150379
 481  -0.108755313190448834412117855949  -0.150022716751016690130189016870
 482   0.890571746071867044767934755440  -0.159162460856212374693352938759
 483  -0.604934056807876031652969525674  -0.148809080676746130319528751909
 484  -0.357087989785582670273804746716  -0.149200249891452548540054945939
 485   0.961822834793658215965257163484  -0.146911391113334676951754232596
 486   0.830566533069207711886837061195  -0.140792518523122608274059454999
 487   0.581118653452856406370448877258  -0.140695181999590483885918759649
 488   0.333505835354114953389979312845  -0.140219712620367446179569178361
 489   0.085844903335562687050849731233  -0.139989914612646825040157406665
 490  -0.161816038248848965972921898565  -0.139760108305103356253313221788
 491  -0.410333840281864496639807968630  -0.138776278538376276986330880160
 492  -0.658055865433540519304463307877  -0.138567527876459095364389904436
 493  -0.963978942363375561038332684177  -0.132025456065683767995530808087
 494   0.528057931583076074887923263156  -0.130432576320284769810464803260
 495   0.777092087157810915807032460534  -0.130167237295335669894713456096
 496   0.280445113484334621907453698743  -0.129957106941061732104115221972
 497   0.032784178277162570386312987708  -0.129727306166733504088036662951
 498  -0.214876763307249097533725941179  -0.129497499859190022376437426706
 499  -0.463394565340264613304344712155  -0.128513670092462956034210136446
 500  -0.711104279731328286634941914419  -0.128241490057008027213768311555
 501  -0.765056385736732317798523401488  -0.125090055740264470304286053067
 502   0.474997209713295743405397649054  -0.120169970640979055735010846871
 503   0.227384391614554290424928084642  -0.119694501261756018028661265583
 504   0.724031365288030584324506846433  -0.119904631616029955819259499707
 505  -0.020276546781237546278223755818  -0.119464697720820183135915919238
 506  -0.267937488365649229094529983794  -0.119234891413276688499561631623
 507  -0.516455290398664729968882188186  -0.118251061646549635082088757174
 508  -0.816450907132986531919178456248  -0.108375856653228608423657088224
 509   0.669597413484828107897979357719  -0.110137157436178749045635087528
 510   0.421984595386086654917509793307  -0.109661688056955711339285506240
 511   0.174323669744773958942402470540  -0.109431895582450303953207309193
 512   0.918027696728352811251825515331  -0.112612143411325691491476365333
 513  -0.073337271839637671063931179754  -0.109202089274906855137456675605
 514  -0.569516015457064861513145340940  -0.107988453200636301219564674872
 515  -0.321669948434771500150521451843  -0.108379622415342719425739156122
 516   0.616536691615047776415453743617  -0.099874551756873034970181131139
 517   0.368923873516306323434984179205  -0.099399082377649997263831549851
 518   0.121262944686373842277865727016  -0.099169287136536983001086565480
 519  -0.126397996898037795849638603691  -0.098939480828993527138997431971
 520   0.865569625879064877770149255309  -0.099615525257275377046571728958
 521  -0.869511628201124285906809147769  -0.098113246829193352756659191699
 522  -0.374730673493171631711325494459  -0.098117013969429385548863361040
 523  -0.622576740515465003253383025710  -0.097725844754722970838308670314
 524  -0.923521572307831315479366675228  -0.096193033752088299003661212862
 525   0.563475969745267444932928129516  -0.089611946077567320894727174750
 526   0.812510125320002285852037326894  -0.089346607052618220978975827586
 527   0.315863151646525991952458565104  -0.089136476698344283188377593462
 528   0.068202219627973725613328983491  -0.088906678690623662048965821766
 529  -0.179458721956437927410442646307  -0.088676872383080193262121636888
 530  -0.427976523989453458077328716371  -0.087693042616353113995139295261
 531  -0.675637461583602755426726547081  -0.087463234930687705790910746555
 532   0.968496150514546332599623322203  -0.093280913416781850424077672618
 533   0.510415247875487113450402515413  -0.079349340398261606819273218361
 534   0.759449403450221954369511712792  -0.079084001373312506903521871197
 535   0.262802429776745660469932951002  -0.078873871019038569112923637072
 536   0.015141494569573608948792239965  -0.078644070244710341096845078052
 537  -0.232519447014838058971246688921  -0.078414263937166859385245841807
 538  -0.481037249047853574741865459897  -0.077430434170439793043018551547
 539  -0.728746959448654885622992244396  -0.077158252756862930683608914277
 540  -0.970494933529513995194615346155  -0.069467304272644327778346752748
 541   0.705015451647019477942984224079  -0.069316527193461300129897459018
 542   0.457402633548278024962514659667  -0.068841057814238262423547877729
 543   0.209741707906965328987407336901  -0.068611265339732855037469680683
 544  -0.037919230488826507715744503560  -0.068381461798797020144724334339
 545  -0.781807680516792639838058570155  -0.066895642932827676192520358183
 546  -0.285580172073238190532050731536  -0.068151655491253525508370046724
 547  -0.534097974106253691406402935928  -0.067167825724526472090897172275
 548   0.651954729777239146460458609977  -0.059053921514155586054443502629
 549   0.404341911678497693479989045565  -0.058578452134932548348093921340
 550   0.156680986037184997504881722799  -0.058348659660427140962015724294
 551  -0.090979955547226632501451927496  -0.058118853352883692146265090706
 552   0.900987664041256247815154121669  -0.058794895014557928130834100448
 553  -0.587158699164653833113558840979  -0.056905217278613141738344593276
 554  -0.834868401584930436110774207047  -0.056633033108792385210087731219
 555  -0.339312632142360461588042199586  -0.057296386493319556434547571224
 556   0.598894007907458814977932995875  -0.048791315834849871978989546240
 557   0.351281189808717361997463431463  -0.048315846455626834272639964951
 558  -0.890464663459000000000000000000  -0.048104826758000000000000000000
 559   0.103620260978784880840344979274  -0.048086051214513820009894980580
 560  -0.144040680605626757287159351434  -0.047856244906970364147805847072
 561   0.847928163482193655897042193253  -0.048525976809900772063238199076
 562  -0.640219420232791592078539870886  -0.046642607454577870798178405290
 563  -0.392373357200760593148846242201  -0.047033778047406222557671776141
 564   0.545833286037678483495407381773  -0.038528710155544157903535589851
 565   0.794867441612413324414516579152  -0.038263371130595057987784242687
 566   0.298220467938937030514937817362  -0.038053240776321120197186008562
 567   0.050559535920384764175808235749  -0.037823442768600499057774236867
 568  -0.197101405664026888847963394049  -0.037593636461057030270930051989
 569  -0.445619207697042419514849464114  -0.036609806694329951003947710362
 570  -0.693280141300929354414776877057  -0.036379997630542609260751349277
 571   0.952267179195743774169317977680  -0.041731114478235188027369815416
 572   0.740433489809210847987989090438  -0.028495896950743851214159830508
 573   0.492820671710469395007519526026  -0.028020427571520813507810249219
 574   0.245159746069156699032412203260  -0.027790635097015406121732052173
 575  -0.002501189138015352488728507777  -0.027560834322687178105653493153
 576  -0.250162130722427020408767436663  -0.027331028015143696394054256908
 577  -0.498679932755442536179386207639  -0.026347198248416630051826966648
 578  -0.746389639165981484611042574372  -0.026075015456717834153449516998
 579   0.687372767939430516505463476337  -0.018233291271438137138705874119
 580  -0.954697766568979421949802644904  -0.017783546701313491669471946767
 581   0.439759949840689063524993911925  -0.017757821892215099432356292830
 582  -0.055561914196415469153265251302  -0.017298225876773857153532749440
 583   0.192099024199376367549886589159  -0.017528029417709692046278095784
 584  -0.303222855780827151969571479279  -0.017068419569230362517178461826
 585  -0.551740657813842663006816435965  -0.016084589802503312609677090680
 586  -0.799450360234119238826108900131  -0.015812405632682579662360960905
 587   0.634312046069650185022937862235  -0.007970685592132423063251917730
 588   0.386699227970908732042468297823  -0.007495216212909385356902336441
 589   0.139038302329596036067360975057  -0.007265423738403977970824139395
 590  -0.108622639254815593938972675238  -0.007035617430860529155073505807
 591  -0.604801378881980421938715686154  -0.005821979978468041698214328252
 592  -0.852511081302256982467568897843  -0.005549795808647270502607642478
 593  -0.356955315849949423025562947328  -0.006213150571296393443355986324
 594   0.889021116713011062935291193369  -0.006092304701443614553705068021
 595   0.581251324199869853540412248133   0.002291920087173291012202038659
 596   0.333638506101128400559942683722   0.002767389466396328718551619948
 597   0.085977577271195919402824231532   0.002997184707509342981296604319
 598  -0.161683364313215718724680099176   0.003226991015052798843385737827
 599  -0.410016040908349554586366989943   0.004049457874616940433519808758
 600  -0.657862099950118191066590200862   0.004440629845567225731980991989
 601  -0.905567827492361342115667936718   0.004733344003197610317387313944
 602   0.835961616153948471017179264953   0.004176613503213541513890833351
 603   0.972943399968993033352243697439   0.008201391719701226592364236884
 604   0.775851527971402218032993956798   0.012324733291973597701577798002
 605   0.528238709872660765052524392386   0.012800202671196635407927379291
 606   0.032916852212795802738287488007   0.013259793153422663933417348032
 607   0.280577784231348069077417069620   0.013029995145702042794005576337
 608  -0.214744089371615850285484141791   0.013489599460966132720261532910
 609  -0.463261891404631380952370211856   0.014473429227693211987243874537
 610  -0.710922821018255953402827207033   0.014703239669602487269408048002
 611   0.722790806101621886550468342696   0.022587338971279311777031754391
 612   0.475177988002880433569998778284   0.023062808350502349483381335680
 613  -0.020143872845604313926249255519   0.023522401599335984885538091746
 614   0.227517062361567737594891455518   0.023292600825007756869459532726
 615  -0.267804814430015981846288184406   0.023752207906879466597137327991
 616  -0.516322616463031497616906955381   0.024736037673606532939364618251
 617  -0.764032318883308083599092904348   0.025008221843427262376709880281
 618   0.669730084231841555067942728595   0.032849944650585025852485710780
 619  -0.972408775931799884109384721484   0.033276040332084933386308123810
 620   0.422117266133100102087473164183   0.033325414029808063558835292069
 621  -0.073204597904004430590785999044   0.033785010045249305837658835459
 622   0.174456340491787406112365841417   0.033555206504313470944913489115
 623  -0.320865539488416113407092227021   0.034014816352792800474013123074
 624  -0.569383337531169251831973281140   0.034998647497641787430453174344
 625  -0.817093041046759583836095668157   0.035270832617812168550349117513
 626   0.924444011027159945254809414475   0.034724111592490636697114479737
 627   0.616669362362061223585417114492   0.043112550329890739927939667169
 628   0.369056544263319770604947550081   0.043588019709113777634289248458
 629   0.121395618622007074629840227315   0.043817812183619185020367445504
 630  -0.126265322962404555376493422980   0.044047618491162633836118079092
 631  -0.622444058599307020926766016131   0.045261257321677054831945069027
 632  -0.870898902631943371936764605363   0.046192081679274959509227685092
 633  -0.374597999557538384463083695070   0.044870085350726769547835598575
 634   0.871384510468097353336697486060   0.044993029797147792764710381110
 635   0.811915048135216269358232010282   0.052576240022346809836283664303
 636   0.563656748034852135097529258746   0.053620832913914084323665007802
 637   0.315995822393539439122421935980   0.053850625388419491709743204847
 638   0.068334893563606957965303483790   0.054080420629532505972488189218
 639  -0.179326048020804680162200846918   0.054310226937075961834577322726
 640  -0.427658724615938516023887737685   0.055132693796640103424711393657
 641  -0.675504779667444790054640530838   0.055523867145712322262140389268
 642  -0.923850935379728260648823727846   0.057001499265279275873295100445
 643   0.758223520991262223385029631109   0.063413035774824192803844752763
 644   0.510596026165071803615003644644   0.063883438593219798399118964190
 645   0.015274168505206841300766740265   0.064343029075445826924608932931
 646   0.262935100523759107639896321878   0.064113231067725205785197161236
 647  -0.232386773079204811723004889534   0.064572835382989295711453117808
 648  -0.480904575112220342389890959598   0.065556665149716374978435459437
 649  -0.728565500735582552390877537009   0.065786476969747583799567445281
 650   0.970987143582064319521131749034   0.062210042338094788416286183797
 651   0.705148122394032949093338761126   0.073670574893302483050362262025
 652   0.457535304295291472132478030542   0.074146044272525512474572920579
 653   0.209874378653978776157370707777   0.074375836747030919860651117625
 654  -0.037786556553193275363770003261   0.074605637521359147876729676645
 655  -0.285447498137604943283808932148   0.074835443828902629588328912890
 656  -0.533965296180358096604957285357   0.075819274973751629469524015530
 657  -0.781674998600634672424249749522   0.076091459143572362416840145306
 658   0.652087400524252593630421980852   0.083933180572608188843677295679
 659   0.404474582425511140649952416441   0.084408649951831226550026876968
 660   0.156813656784198444674845093675   0.084638442426336633936105074014
 661  -0.090847281611593392028306746786   0.084868245967272468828850420358
 662  -0.338508223196005074844612974764   0.085098052274815963465204707973
 663  -0.587026017248495850820023611117   0.086081884797786883960612571623
 664  -0.834735719144404018524238935141   0.086354071678746645321157841309
 665  -0.969061109969829196724071915340   0.087216325956821529936376571096
 666   0.847337942449365151677750231388   0.093392656316281061087103212061
 667   0.599074786197043505142534125106   0.094441463156631533239402636314
 668   0.918182058992000000000000000000   0.090316745479000000000000000000
 669   0.351413860555730809167426802339   0.094671255631136940625480833357
 670   0.103752934914418113192319479573   0.094901048105642348011559030404
 671  -0.143908006669993516814014170722   0.095130854413185796827309663991
 672  -0.640086738316633619914816346108   0.096344494621822151362104466306
 673  -0.392240683265127345900604442812   0.095953321272749932539027183474
 674  -0.891941905025211895418082532328   0.100620016692005919040479186687
 675   0.794280202692733933440830544937   0.103670668409516682898967759371
 676   0.546014064327263173660008511004   0.104704068835937247314856592701
 677   0.298353138685950477684901188238   0.104933861310442654700934789746
 678   0.050692209856017996527782736048   0.105163656551555668963679774117
 679  -0.196968731728393641599721594661   0.105393462859099124825768907625
 680  -0.445301408323527477461408485427   0.106215929718663266415902978556
 681  -0.693147459384771389042690860814   0.106607104445857418792299786546
 682   0.740566164446098867487371439440   0.114491201760968208329597664951
 683   0.492953342457482842177482896902   0.114966674515242961390310549089
 684  -0.002368515202382120136754007477   0.115426264997468989915800517830
 685   0.245292416816170146202375574136   0.115196466989748368776388746135
 686  -0.250029456786793773160525637276   0.115656071305012458702644702708
 687  -0.498547254829546941377941289574   0.116639902449861471508594856715
 688  -0.746208180452909141216034382184   0.116869714269892683839697710306
 689   0.966035151242118847311152413270   0.116026759559941607605547833089
 690   0.687505438686443963675426847211   0.124753810815325637759414924189
 691   0.439892620587702510694957282800   0.125229280194548675465764505478
 692  -0.055429240260782236801290751003   0.125688873443382310867921261544
 693   0.192231694946389814719849960035   0.125459072669054082851842702524
 694  -0.303090181845193904721329679891   0.125918679750925792579520497789
 695  -0.551607975897684695593007615333   0.126902512273896725999683412808
 696  -0.799319143596431779944643053059   0.127175970913420643794949820113
 697   0.882102640915809355127328057076   0.134771117152908547980892070407
 698   0.634492824359234875187538991466   0.135262093399348982155140264829
 699   0.386831898717922179212431668699   0.135491885873854389541218461867
 700  -0.108489965319182353465827494528   0.135951481889295631820042005257
 701   0.139170973076609483237324345933   0.135721678348359796927296658913
 702  -0.356150906903594036282133722505   0.136181288196839126456396292872
 703  -0.604668696965822449808073941093   0.137165122097931980490771968902
 704  -0.852379891921398606064996632909   0.137438604386875588457670482918
 705  -0.962723650345815456159303925533   0.140887527603375879016239343241
 706   0.829044901159178136890408370624   0.145049129246144169792756617717
 707   0.581432102489454543705013377364   0.145524699078654696230594221213
 708   0.333771176848141847729906054597   0.145754491553160103616672418256
 709   0.086110251206829151754798731831   0.145984284027665511002750615303
 710  -0.161550690377582478251534918465   0.146214090335208959818501248890
 711  -0.657729418033960218902866676086   0.147427731921967247892263863587
 712  -0.409883366972716307338125190554   0.147036557194773095530218768373
 713  -0.909630701758915015148579768585   0.151687303195058306075514583858
 714   0.775984198718415562414036351944   0.155311835378736841150423663553
 715   0.528371380619674212222487763262   0.155787304757960410306048177600
 716   0.280710454978361516247380440496   0.156017097232465817692126374645
 717   0.033049526148429035090261988306   0.156246892473578831954871359016
 718  -0.214611415435982603037242342403   0.156476698781122287816960492524
 719  -0.462944088040854076449458815403   0.157299167018808362946062375835
 720  -0.710790139102097969389441329069   0.157690341746002521760627560716
 721   0.931204319713774085921351790042   0.157349567495937041205856769128
 722   0.722923476848635333720431713571   0.165574441058043086675152552699
 723   0.475310658749893880739962149160   0.166049910437266124381502133988
 724  -0.020011198909971081574274755219   0.166509500919492152906992102729
 725   0.227649733108581184764854826394   0.166279702911771531767580331034
 726  -0.267672140494382734598046385018   0.166739307227035621693836287606
 727  -0.516189934546873540365991619550   0.167723139750006568038754253994
 728  -0.763850860170235721562784850439   0.167952951570037786808025484476
 729   0.669910862521426245232543857833   0.176082723642066431070877893374
 730   0.422249936880113549257436535058   0.176312516116571838456956090377
 731  -0.073071923968371198238811498745   0.176772109365405473859112846443
 732   0.174589011238800853282329212292   0.176542308591077245843034287423
 733  -0.320732865552782866158850427632   0.177001915672948955570712082689
 734  -0.569250655615011294581057945309   0.177985749574041822529842810087
 735  -0.816961823313758360291393521314   0.178259208213565746763277594282
 736   0.864476952379238338153176315300   0.185860221023751274236625476840
 737   0.616850140651645913750018243724   0.186345329321372145146331849728
 738   0.369189215010333217774910920957   0.186575121795877552532410046766
 739  -0.126132649026771314903348242271   0.187034717811318794811233590156
 740   0.121528289369020521799803598191   0.186804914270382959918488243813
 741  -0.373793590611182997719654470247   0.187264524118862289447587877771
 742  -0.622311376683149048796124271069   0.188248359398077077020931366180
 743  -0.870103921806572091787743387872   0.188543713048300444925255989005
 744  -0.953415949693150296458658791856   0.194124056314698513616802060972
 745   0.811402314161338261160530485472   0.196132398568836839581900290484
 746   0.563789418781865582267492629622   0.196607935000677859221785806112
 747   0.316128493140552886292385306855   0.196837727475183266607864003155
 748   0.068467567499240190317277984089   0.197067519949688673993942200202
 749  -0.179193374085171439689055666207   0.197297326257232122809692833789
 750  -0.675372097751286799266158034197   0.198510969222112350874943350533
 751  -0.427526046690042906326175520530   0.198119794494918192060378165652
 752   0.758341515010827112619549006654   0.206395071300760180848435922258
 753   0.510728696912085250784967015520   0.206870540679983573297239762499
 754   0.015406842440840073652741240564   0.207330128395601994946062943915
 755   0.263067771270772554809859692754   0.207100333154488980683317959544
 756  -0.232254099143571564474763090145   0.207559934703145450808152077423
 757  -0.480586767758180675437509145379   0.208382404318953459476221773114
 758  -0.728432818819424549736191797324   0.208773579046147624728955334885
 759   0.950524045741666792537927076442   0.207822426211074900479398783017
 760   0.705328900683618270008554068543   0.216903353884784765653980088275
 761  -0.037653882617560043011795502962   0.217592736841515315898183687628
 762   0.457667975042304919302441401418   0.217133146359289287372693718888
 763   0.210007049400992223327334078652   0.217362938833794694758771915933
 764  -0.285314824201971696035567132760   0.217822543149058784685027872506
 765  -0.533832614264200139354041949526   0.218806377050151664568913651273
 766  -0.781493539887562301909535318694   0.219036188870182889776353258645
 767   0.899881409126889111654144111823   0.226692631227838275537077723532
 768   0.652268178813837801831274479094   0.227165959564089772976924166011
 769   0.404607253172524587819915787317   0.227395752038595001448147675276
 770  -0.090714607675960159676332246488   0.227855345287428636850304431342
 771   0.156946327531211891844808464551   0.227625544513100408834225872323
 772  -0.338375549260371827596371175374   0.228085151594972118561903667588
 773  -0.586893335332337893569108275286   0.229068986874186919060002207366
 774  -0.834541582738917436520459174069   0.229364133017586672740853131123
 775   0.846820273462600176869458804172   0.236953097235141623999537840854
 776   0.599207456944056952312497496009   0.237428565243395308137523434636
 777   0.351546531302744256337390173215   0.237658357717900715523601631665
 778  -0.143775332734360276340868990013   0.238117953733341957802425175055
 779   0.103885605661431560362282850449   0.237888150192406122909679828712
 780  -0.391436270328509596707704800224   0.238347761419007385977747275050
 781  -0.639954056400475644039142038413   0.239331596698222192914014191718
 782  -0.887581696453057157989724421210   0.239732721053680598615876796066
 783  -0.941166724574838086547601789219   0.246761664207459102864538563562
 784   0.793759551592834800031794532956   0.247215702914524658034117386065
 785   0.546146735074276620829971881885   0.247691170922701022212977391013
 786   0.050824883791651228879757236347   0.248150755871711836985133785101
 787   0.298485809432963924854864559113   0.247920963397206429599055588055
 788  -0.196836057792760401126576413949   0.248380562179255285800884418688
 789  -0.693014777468613394509175801541   0.249594206522257466768026176071
 790  -0.445168726407369505314225850506   0.249203031795063288590537562931
 791   0.740747013199144283034368071176   0.257724368563815795016488901751
 792   0.493086013204496289347446267779   0.257953776602006736288431347399
 793  -0.002235841266748887784779507178   0.258413364317625157937254528814
 794   0.245425087563183593372338945012   0.258183569076512143674509544443
 795  -0.249896782851160525912283837887   0.258643170625168613799343662322
 796  -0.498229447475507274425559475355   0.259465641619098556006381170392
 797  -0.746075498536751146682519322911   0.259856816346292731815424099831
 798   0.935539752540761321863653157938   0.267304122275237286600358382560
 799   0.687686216976028790534781951796   0.267986589806807749730316985430
 800  -0.055296566325149004449316250705   0.268675972763538478889375272527
 801   0.440025291334715957864920653677   0.268216382281312450363885303787
 802   0.192364365693403261889813330910   0.268446174755817857749963500833
 803  -0.302957507909560657473087880502   0.268905779071081947676219457405
 804  -0.551475293981526738342092279502   0.269889614350296761099073048552
 805  -0.799121983692592925550065199376   0.270192758165118941680212503349
 806   0.634625495106248322357502362347   0.278249195486112757053261063166
 807  -0.108357291383549121113852994230   0.278938581209451799841496016241
 808   0.386964569464935626382395039575   0.278478987960618164439339260176
 809   0.139303643823622930407287716808   0.278708780435123571825417457222
 810   0.882540394301117902782044345575   0.277879059951509609473898251468
 811  -0.356018228977698426584421505351   0.279168388895117215092063064867
 812  -0.604536015049664488812126042630   0.280152224174332034953085032904
 813  -0.852163659471324069942686382369   0.280553352320623176120323269747
 814   0.829177589755085653803191062224   0.288036333157190495867937722811
 815  -0.161418016441949237778389737755   0.289201189655365120793616759954
 816   0.333903847595155294899869425473   0.288741593639923878514793216565
 817   0.581564773236467990874976748240   0.288511801165418471128715019526
 818   0.086242921953842598924762102707   0.288971386114429285900871413611
 819  -0.409078950045836195695755130200   0.289430998719152482507906672328
 820  -0.657596736117802239282159805758   0.290414833998367308807097017256
 821  -0.926013766885782965779370480511   0.298637951217467904646917234342
 822   0.776165051361395136805764600443   0.298544998806481632850309238497
 823   0.528504051366687659392451134138   0.298774406844724185204168975910
 824   0.280843125725374963417343811371   0.299004199319229592590247172954
 825  -0.214478741500349362564097161691   0.299463798101278448792076003587
 826  -0.710657457185939991455503327129   0.300677443822402573854494941018
 827  -0.462811406124696104302276180483   0.300286269095208385120696960209
 828   0.033182200084062267442236488605   0.299233991793734999976325370000
 829   0.723104329491628676758783134696   0.308807604485864292775476422698
 830  -0.019878524974337849222300254921   0.309496600239648320928446113713
 831   0.475443329496907327909925520036   0.309037012524029899279622932298
 832   0.227782403855594631934818197270   0.309266804998535306665701129343
 833  -0.267539466558749487349804585629   0.309726406547191776790535247222
 834  -0.515872127192833873413609805332   0.310548878919243652536540567671
 835  -0.772831347227633820917539730402   0.317413094992287188158514994280
 836   0.670043533268513184259197015317   0.319069825728856247489304506376
 837  -0.072939250032737965886836998446   0.319759208685561641880566857426
 838   0.422382607627126996427399905934   0.319299618203335613355076888686
 839   0.174721681985814300452292583168   0.319529410677841020741155085732
 840  -0.320600187626887256461138210478   0.319989016371227044206378854684
 841  -0.569117973698853318688842747757   0.320972851650441864067400822721
 842   0.919157455737000000000000000000   0.319089630142000000000000000000
 843  -0.879952067951483284855738145125   0.326905975059912892446479019159
 844  -0.825915314887142548228539743333   0.327795131364824837426534071100
 845  -0.125999975091138082551373741972   0.330021817131474962832687601140
 846   0.616982811398660041332986223980   0.329332431408136155039578038660
 847   0.369321885757346664944874291832   0.329562223882641327430530845075
 848   0.121660960116033968969766969066   0.329792016357146734816609042121
 849  -0.373660908695025025572471835327   0.330251626195262311622222462145
 850  -0.622178694766991069158876510885   0.331235461474477137921412807073
 851   0.864595627916422558216744204179   0.328856963400649322272519913316
 852   0.811583089522732041219317742399   0.339365629049940459254891429003
 853  -0.179060700149538199215910485497   0.340284425577388283784808344853
 854   0.563922089528879029437456000516   0.339595037087441634119906604431
 855   0.316261163887566333462348677731   0.339824829561947041505984801464
 856   0.068600238246253637487241354965   0.340054622036452448892062998510
 857  -0.426721629763162794683805460176   0.340514236019297579038066069607
 858  -0.675239415835128828107316650932   0.341498071298512408847227282281
 859   0.758522367652966446765249779041   0.349628234729322368147978516308
 860   0.015539516376473306004715740862   0.350317227715758162967516954899
 861   0.510861367659098697954930386401   0.349857642766747348195360560811
 862  -0.232121425207938324001617909433   0.350547034023301611783267588486
 863   0.263200442017786001979823063629   0.350087435241252755581438757853
 864  -0.730461451739212229078831416183   0.350962546059962280439218423096
 865  -0.480454085842022703290326510459   0.351369506395353481650856357488
 866   0.705461664806223651681143074927   0.359890938762897715075356330457
 867  -0.037521208681926810659821002663   0.360579836161671483919637698612
 868   0.457800645789318366472404772295   0.360120248446053062270814517197
 869  -0.285182146276076086337854915605   0.360809643847336873320694644500
 870   0.210139720148005670497297449528   0.360350040920558469656892714242
 871  -0.533514806910160453760360273587   0.361632116219388755504868341840
 872  -0.790631115940867301181334186234   0.368731503766281850257406500487
 873  -0.090581933740326927324357746189   0.370842444607584804871758442325
 874   0.652400849560850867659740431876   0.370153061650854075712700028886
 875   0.404739923919538034989879158193   0.370382854125358776346268473585
 876   0.157078998278225339014771835426   0.370612646599864183732346670631
 877  -0.338242867344213855449188540454   0.371072253671372140736538251962
 878   0.900013666077877606937786136937   0.369677593644005640715656176136
 879  -0.586760653416179899035593216013   0.372056088950586967035728596890
 880  -0.896385138835714445821311442361   0.378391074476976629366479587058
 881  -0.143642658798727043988894489714   0.381105053053498125823879186039
 882   0.599340127691070399482460866861   0.380415667330159083035644232954
 883   0.351679202049757703507353544090   0.380645459804664490421722429974
 884   0.104018276408445007532246221324   0.380875252279169897807800627020
 885  -0.391303588412351624560522165303   0.381334863495407408152381859424
 886  -0.639821374484317657984033356059   0.382318698774622237961543072098
 887   0.847001127684187089940359675157   0.380186259293296777698027691827
 888  -0.842591915548446810187581163878   0.383592075249642367257780019830
 889  -0.196703383857127160653431233239   0.391367661499411446775999929753
 890   0.546279405821290067999935252756   0.390678273009464797111098189324
 891   0.298618480179977372024827929989   0.390908065483970204497176386363
 892   0.050957554538664676049720607221   0.391137857958475611883254583408
 893  -0.444364309480489393671855790152   0.391597473319442675568225466886
 894  -0.695021897205714033984183430657   0.391791358241140765240308443950
 895   0.793940405814421495486291711799   0.390448864972678686591114779129
 896   0.245557758310197040542302315887   0.401170671163275918572630342752
 897  -0.002103167331115655432805006880   0.401400463637781325958708539798
 898   0.493218683951509736517409638654   0.400940878688770511186552145708
 899  -0.249764104925264922989668239409   0.401630271323446708313426985765
 900   0.740879702967678700402185007685   0.400711569006254033518492593277
 901  -0.748082618273851784454217193785   0.402053968065176039094320428298
 902  -0.498096765559349283637076978714   0.402452743695498584619184131657
 903  -0.055163892389515772097341750405   0.411663072083694646910829283511
 904   0.440157962081729405034884024551   0.411203484368076225262006102096
 905  -0.302824825993402685325905245581   0.411892881147481969850854041779
 906   0.192497036440416709059776701785   0.411433276842581632648084299141
 907  -0.551157486627487034107110741842   0.412715353519533858473196116010
 908   0.687818996246625655478276340949   0.410974253008672644458300295337
 909  -0.108224617447915888761878493931   0.421925680529607967862950027224
 910   0.634758165853261225809215074758   0.421236297572877003708766223179
 911   0.387097240211949073552358410450   0.421466090047381939337460058484
 912   0.139436314570636377577251087684   0.421695882521887346723538255530
 913  -0.355885547061540454437238870430   0.422155490971517237266697649241
 914  -0.604403333133506487860750061187   0.423139326250732067075858861915
 915   0.874382327572580915541223956988   0.426780584842047074059963897699
 916  -0.873992725986311651053979120649   0.427577872781531920511211252451
 917   0.581697445085705667719450922539   0.431498908951010785507580856910
 918   0.334036518342168742069832796348   0.431728695726687653412914014873
 919   0.086375592700856046094725473581   0.431958488201193060798992211918
 920  -0.408946268129678223548572495279   0.432418100795552504682541256703
 921  -0.659603855854902863860900135784   0.432611985717250594354624233767
 922  -0.161285342506316005426415237456   0.432188288975521288815070770938
 923  -0.815835180684000000000000000000   0.432644743092000000000000000000
 924  -0.214346063574453759641481563215   0.442450898799556543306159327031
 925   0.528636722113701106562414505012   0.441761508931487960102289774223
 926   0.280975796472388410587307182246   0.441991301405993367488367971262
 927   0.033314870831075714612199859480   0.442221093880498774874446168308
 928  -0.462006989197815974018606258407   0.442680710619587778536553241055
 929  -0.712664576923040614330933898912   0.442874595541285868208636218119
 930   0.776297816795647374962119991521   0.441532133597402902342294565434
 931  -0.019745851038704616870325754622   0.452483699559804488949900124697
 932   0.475576000243920775079888890910   0.452024114610793674177743730607
 933  -0.267406784642591521977718569385   0.452713508623591804843586383044
 934   0.227915074602608079104781568145   0.452253907085299081563821927652
 935  -0.765725297991178364800967662041   0.453137205365321142062648202467
 936  -0.515739445276675863983827446969   0.453535980995643687587511905827
 937   0.723244905550454346599024043413   0.451835040424156882576558929786
 938   0.828534055396130023791485956718   0.455393470385193219029696990937
 939  -0.072806576097104733534862498147   0.462746308005717809902020868410
 940   0.422515278374140443597363276808   0.462286720290099388253197686995
 941  -0.320467505710729284313955575557   0.462976118447627066381013439058
 942   0.174854352732827747622255954043   0.462516512764604795639275884040
 943  -0.568800166344813622932267587016   0.463798590819678958513326381034
 944   0.670176441097017242461195573170   0.462057533330751886603533532550
 945  -0.125867301155504850199399241673   0.473008916451631130854141612124
 946   0.369454556504360112114837662706   0.472549325969405102328651643384
 947   0.617115610703652812792134306979   0.472319577894956245853999460392
 948  -0.373528226778867053425289200407   0.473238728271662333796857046520
 949   0.121793630863047416139730339941   0.472779118443910509714729840428
 950  -0.624185814504091693737616840912   0.473432613193360423468940023584
 951  -0.848903828997836387955677483719   0.475445487392798894817825195582
 952   0.316393834634579780632312048605   0.482811931648710816404105599773
 953   0.068732908993267084657204725839   0.483041724123216223790183796818
 954   0.564054889936097254702370154760   0.482582189273090027652814094123
 955  -0.426588947847004803895322963534   0.483501338095697607650869030872
 956  -0.677246535572229444207650604040   0.483695223017395697322952007936
 957  -0.231988743291780358629531893192   0.493534136099701639836318724310
 958  -0.178928022223642604414465567432   0.483271526275666385345230168217
 959   0.263333112764799449149786434504   0.493074537328016530479559556165
 960   0.015672187123486753174679111737   0.493304329802521937865637753207
 961  -0.479649668915142554365356726662   0.493763947919732881504881015224
 962  -0.730307256640367194677684367168   0.493957832841430971176963992288
 963   0.510994166964092693545333737233   0.492844789253567202247523011436
 964  -0.798854207566894283959032115129   0.495836580430948750507769379918
 965  -0.037388534746293578307846502364   0.503566935481827651941091709596
 966  -0.285049464359918120965768899362   0.503796745923736901373745780323
 967   0.457933445094312362062808123131   0.503107394932872916322976967820
 968   0.775357784540000000000000000000   0.498840051003000000000000000000
 969   0.210272390895019117667260820402   0.503337143007322244555013512551
 970  -0.533382124994002452808984292144   0.504619218295788787627642170852
 971   0.710962513972289642176939981669   0.504464919179401335402810992856
 972   0.828951845573395186369175431997   0.509435923438685187602120490503
 973  -0.090449259804693694972383245889   0.513829543927740972893212453309
 974  -0.588582647715398828809134366741   0.514091877762307314906407542703
 975   0.157211669025238786184735206300   0.513599748686627958630467468939
 976   0.404872723224532030580282509029   0.513370000612178630398430924208
 977  -0.338110185428055883302005905534   0.514059355747772162911172836337
 978   0.657561162980637289117990853611   0.514608613611917255907408639853
 979  -0.143509980872831449187449571649   0.524092153751776227384301009402
 980   0.104150947155458454702209592198   0.523862354365933672705921425328
 981   0.351812001354751699097756894927   0.523632606291484344473884880597
 982  -0.391170906496193633772039668662   0.524321965571807436765184820689
 983   0.600054507265422533378990667860   0.523599983803461977884928751910
 984  -0.642649403988918610682952035569   0.525213890708907411715781462365
 985  -0.196570701940969203402515897408   0.534354763575811481875389565496
 986   0.298751279484971367615231280825   0.533895211970790058549338836986
 987   0.051090225285678123219683978097   0.534124960045239386781375381717
 988   0.546973882903900891270061430777   0.533855968921533744019973853155
 989  -0.444231627564331384242073431789   0.534584575395842710619196805041
 990  -0.695688220730722880095399801184   0.535599424006428745608727740846
 991  -0.249631423009106957617582223168   0.544617373399846736366478121589
 992  -0.001970496584102208262841636005   0.544387565724545100856829338106
 993   0.245690557615191036132705666724   0.544157817650095772624792793377
 994   0.493905871781247533331578605066   0.544116140400333888039103852516
 995  -0.748986094758173764349634160137   0.544671364440402452975529664635
 996  -0.497292348632469143190513571836   0.544847185219877981545011280249
 997   0.746110098468656554492260208481   0.545536333555686266304398344511
 998  -0.802792235731193930085908323805   0.549736981309312219438835986895
 999  -0.055031218453882539745367250106   0.554650171403850814932283294495
1000  -0.553164606364587658685851071868   0.554912505238417144020723332520
1001   0.440842208230010130824641069591   0.554377765549042827991416895914
1002   0.192629835745410704650180052622   0.554420423329401486700246749764
1003  -0.302692144077244719953819229338   0.554879983223881997903905177601
1004   0.692979206361697740981671858509   0.555429239326480017483386057333
1005   0.799387377566584647886595502450   0.554676430864501918372932420973
1006  -0.108091939522020293960433575866   0.564912781227886069423371850588
1007  -0.606253716584585522236836802265   0.565165301435403321382030244465
1008   0.635862237629385594209476190273   0.564105259147467532857078734470
1009   0.139569113875630373167654438517   0.564683029008707200775700706150
1010   0.387769561166062077588524351581   0.564636394363571135517974456987
1011  -0.355752865145382470423852992466   0.565142593047917271757917161954
1012  -0.161152660590158048175499901625   0.575175391051921323914460406681
1013  -0.408813586213520220893886755594   0.575405202871952545611929146306
1014   0.582896657901032799635387128767   0.574848100704085882306967785761
1015   0.086508271428044130564518013620   0.574945593044079443756213511195
1016   0.334679951754874085106826456538   0.574889353722222045742332639937
1017  -0.662153596758295792158907688947   0.577990083746958670907098607612
1018  -0.214213381658295802390566227385   0.585438000875956578405548962775
1019   0.529835943990012012379014222944   0.585110747532458559211503685717
1020   0.033447549558263799081992399519   0.585208198723385157831667467584
1021  -0.461874307281657973067230276964   0.585667812695987810659327070066
1022   0.281593404650811001382191579264   0.585143320344137742909546171822
1023  -0.716055914548121553166247551294   0.587524188291399581427072172659
1024  -0.769599051997000000000000000000   0.595307436902000000000000000000
1025  -0.517074830003054349067380351561   0.595140472162506337938092441918
1026   0.476775222639962715247954788948   0.595373355898927843348031443534
1027   0.228509809276753153476373328372   0.595398262292998380716248300217
1028  -0.019613172311516532400533214583   0.595470804402690871907121423973
1029  -0.267274102726433556605632553144   0.595700610699991832896637518868
1030   0.767356601408123897757900000170   0.598205624049738938618005030841
1031  -0.072673894181296863883058828688   0.605733410081996585982575380361
1032  -0.570826275771198293155921132326   0.605989180095368204286102780453
1033   0.671280281010446046073157195172   0.604925884862030294433056151950
1034   0.423714501289913418116895334618   0.605635964265397127484559096222
1035   0.175409126109573649622067601423   0.605647451745163526267301915501
1036  -0.320334823794571307075666316272   0.605963220524027106750649503220
1037  -0.125734619239346874307184044120   0.615996018528031172391699624758
1038  -0.623886998051303103557424055245   0.616251783653174167986366474761
1039   0.121926309590515500402966133547   0.615766223286553950725423579581
1040   0.370653780732196200411039005292   0.615898576728456817967089299231
1041  -0.373395544862709057545700079400   0.616225830348062380604661487573
1042   0.618314701282093251499068133665   0.615668726418648643882945203241
1043   0.068865587720805562921056600421   0.626028828966223622708317569119
1044  -0.178795340307484628522250369880   0.626258628352066426882788180851
1045  -0.426456265930846809719043600770   0.626488440172097645652059411333
1046   0.317593056755983283763647450962   0.626161171516873945286188804043
1047   0.565253988163407181553117059680   0.625931377343609438370597858453
1048   0.721030182742440421492051575068   0.626037695734809675662876586026
1049  -0.681074263561354911286724461691   0.628719398873591670571303632056
1050  -0.481656788652243178944097056688   0.635961099638616167052408231735
1051   0.015804865851025231438530986319   0.636291434645529336783771525508
1052  -0.231856061375622382737316695639   0.636521238176101681373876736944
1053   0.264532326671343364422734089638   0.636423734722822585475662939349
1054   0.512193266813357884422057605351   0.636193985710078722507125511141
1055  -0.734241187933166116093272352208   0.638416792003356513661478649362
1056  -0.534736499409664983537450412019   0.646217147019457398203471889850
1057  -0.284916782443760136952383021399   0.646783848000136935864965293037
1058  -0.037255856018755100043994627783   0.646554040324835050859225481897
1059   0.211471592535771498782402586677   0.646686276984136846884811345764
1060   0.459132545463308587290998171355   0.646456594076548006643653268958
1061  -0.090316577888535431526520241884   0.656816646004140764934679438286
1062  -0.337977503511897887422416784527   0.657046457824172209718977277389
1063   0.406071824113259290159938717026   0.656719202443017290780180921646
1064   0.158410837993483826917720673747   0.656948713735425541261882471194
1065  -0.588876763654557558330701203396   0.657434525419262086279623917779
1066   0.648060320135955784081728483510   0.660790333655889656054110601840
1067  -0.642802583072598426484173934362   0.666877487835666787132290089318
1068  -0.392784843931660791923736842882   0.668761322983940919920367058417
1069  -0.143377298956673454653934512375   0.667079255828176275360027398927
1070   0.105348899934467411926296867578   0.667205029355189197098896792412
1071   0.353011086539604760474079055649   0.666981809029259817692205632275
1072  -0.694984297718000303089949435265   0.680942690903413585823762780872
1073  -0.446238747301432015595910380494   0.676781727114726002045140573001
1074  -0.196438020024811208869000838135   0.677341865652211529851115955020
1075   0.547611307042835653088304428805   0.677014614159114107508793857576
1076   0.052288178064757474444387334452   0.677467635034858869081790781950
1077   0.299950332157958318404183632454   0.677244393316495662941917972573
1078   0.699974906898008957993571419120   0.675811550716978814210895247456
1079  -0.499318458058853813414167117146   0.687037774495567227317787679667
1080  -0.249498741092948963084067163894   0.687604475476246784342204511114
1081   0.494550585692786355957244994809   0.687277222525583391645321615393
1082  -0.000772543805022857038138279650   0.687730240714164583157244738339
1083   0.246889581909266980912894313426   0.687506949558337088238464772297
1084   0.600743133852483488160474622028   0.686902498692253145411493950425
1085  -0.552379179126991563884200880274   0.697300384319602501171799664020
1086  -0.302559462161086717299133489654   0.697867085300282038833293067206
1087  -0.053833265674803188520663893751   0.697992846393470297232698694728
1088   0.441489864342737058826185540480   0.697539830892052675781849268081
1089   0.193822707311223532311897204002   0.697774695561885366228582408025
1090  -0.355721856076914624314374708545   0.708094466920702963685989666693
1091  -0.106893987544583520003189507853   0.708255452072776011308152651117
1092   0.140927010357709739130089400164   0.708872731768875143031908838347
1093   0.388429129920667850222978767382   0.707802434743820290505297254690
1094   0.659888465756293169357471888714   0.715005826101228016259076596056
1095  -0.654940494195028744574391923258   0.719540875442761386467704988767
1096  -0.159954708612721203550690030835   0.718518061896811631171408903147
1097  -0.410211686973816690239671342298   0.719918595163314078193198185498
1098   0.087709657568456553720416587930   0.718289453688093549743693863962
1099   0.335368361941579795114615237140   0.718065030828881535347934800805
1100  -0.600917918899233556249412989803   0.721064896138566425196297629201
1101  -0.463900416708042650065980440952   0.727858401971677062310520020934
1102  -0.213015429680858957765756356595   0.728780671720846885662497459240
1103   0.282307587395881934894343856242   0.728327608152010165704719805521
1104   0.034645498347431227211698966334   0.728550872335004087098126818384
1105   0.568941038509689220749686453862   0.730599043320849647526035223321
1106  -0.266076150748996711980822682354   0.739043281544882140153586015334
1107  -0.018415223522349104270826647768   0.738813478014309801173580774772
1108   0.229246734261479527439785445182   0.738590128859825982292228023910
1109   0.515299115499285413502947342537   0.737179725384056560970579918396
1110  -0.071475945392129435753352261869   0.749076083693615515249034731161
1111  -0.319136871817134466195889008114   0.749305891368917394644674571427
1112  -0.541141006138085435175364895678   0.750163081456075998963710678825
1113   0.175563838994054443309340765270   0.750358288780882582703451767732
1114   0.424670463728122146966358007389   0.748900020179439401484156906294
1115  -0.124536667261909767235877875971   0.759338689372921229324488687550
1116  -0.372198123197334440057192077014   0.759565758943030085047135852008
1117   0.371609742329777170790325191523   0.759162628296205733987892690124
1118   0.124129873532000000000000000000   0.767664857119000000000000000000
1119   0.070063536723559510238778335596   0.769371502392099076405596045635
1120   0.619170822882906160320217471812   0.750542213642822881752114711831
1121  -0.589679745910327427540577005208   0.773927593275039922988208644006
1122  -0.177597388330047450783378398953   0.769601299196956849187744939581
1123   0.318549021596848454666682052828   0.769425239853370476650703410044
1124  -0.443354481917856268065843716704   0.777844658525539060076781184374
1125   0.473686498199814309069365671148   0.771663799420615246292876677146
1126  -0.497260120172997282564953898814   0.781710333754652371861000753508
1127  -0.230658109398185204998444724713   0.779863909020992103678833495674
1128   0.017002814639842265774178218592   0.779634108257027250089318403283
1129   0.265488297433777608221428349792   0.779687833675675453550926910641
1130  -0.036057907229938065708347395510   0.789896713936332964164772359671
1131  -0.283718830466322959213511050472   0.790126518845027358169922051767
1132   0.212427566894377134651180172024   0.789950394530366478612927721529
1133  -0.336779551534460713428577376232   0.800389128669062612661010607860
1134   0.575970028891432318257580383934   0.784184065247545410315224859942
1135  -0.088510595271743471718863402707   0.802915039399315782663685184252
1136  -0.545798859945239274930166008343   0.805474845573616295885498718689
1137   0.522846307039501081620628094209   0.794115402381574557519314035583
1138  -0.397913354428665081043691744703   0.807099832652215792282725531031
1139   0.353967064280989255652619625580   0.810245866172616032038595128672
1140  -0.142023205036562261169775610826   0.810475586788845418917202614288
1141   0.437294669765069893182940674796   0.811618725322776927700606061331
1142   0.110977722772285439543594626040   0.820356057637919460894097313776
1143   0.164802962250895968865711358591   0.815497572715504946771905534636
1144  -0.444171988248588725248005123068   0.835044422071015974234375429665
1145  -0.195240068047374049771428728929   0.820684536497101945717904336859
1146   0.056952980239926350519221464832   0.821801213333134858277807214047
1147   0.300906343548060539528976486884   0.820508477729780774701405848593
1148  -0.248300789115511803986495054689   0.830947146321137200208992892953
1149  -0.498211501857402221717411548667   0.835746027083799925924538911287
1150   0.003892258418745188011558747864   0.832063819263712718619951488787
1151  -0.305176129237000000000000000000   0.844277577241000000000000000000
1152   0.247845619384989693083722783849   0.830771071552085751601629349190
1153  -0.049168463451035143470966866237   0.842326424943018432695405445176
1154   0.492729197240154113234910580231   0.838989904919264949874926046137
1155   0.395063935535029042100626505542   0.845342995026697257640627516475
1156  -0.362497056150038922904349234705   0.847921972440699252934817757780
1157  -0.105963828631028274527992242411   0.854063313328916288500119897958
1158   0.200220993067042263324159933542   0.856318209332020545947206891199
1159  -0.159821587553276603249546245230   0.861504782946141683898250441743
1160   0.093335039306604124523898337678   0.871439293643490582083590254147
1161   0.336807364468805401841602508372   0.861493363506894123261643296144
1162   0.147185037806597204986400163287   0.866863384747779737852650653891
1163   0.445385376937722382547621727389   0.865053748838421535446892591501
1164  -0.414549562104289366987385843021   0.880247001090322300856756165543
1165   0.039310296774245035499525176470   0.872884449338705979467300154417
1166  -0.211225402763105086572659336790   0.878192349747458303818081545555
1167  -0.265115795694670542779858387400   0.882308774356217542498329914598
1168   0.283746643735876685717959369676   0.871755975064058865924454016065
1169  -0.014472249489008983899528197599   0.883762327459705620694246534855
1170  -0.365035601828970339512925384149   0.901906387474179807329250767906
1171  -0.068261984660220774328434402061   0.892885288938419685565782013006
1172  -0.311585986071488878880209181547   0.909900126026865415337927253869
1173   0.235909379618412649408552087825   0.896902693387273336786885145809
1174   0.377904235722845188289609388334   0.896590492360975348863675683947
1175   0.182917992151394046160642542565   0.907517500733212609829584968768
1176  -0.171069169970443094503121976259   0.914365478840540859350870052107
1177  -0.117053778714094846858586340920   0.916125816335091245462447350655
1178   0.327539356232362867298182035929   0.916189987114164674800469697287
1179   0.129938746788491087656246588839   0.918192745060553695205579437594
1180   0.076079168967316696037852233814   0.922654488844766570400430042747
1181   0.022054426434957607013479072607   0.924099644539981967784139943017
1182   0.276163936662149486707672469354   0.932962808721027326760535684965
1183  -0.264456079411548440916123734477   0.936348815576565313551268295674
1184  -0.045082658898927922763326293209   0.941706187516005987720187296263
1185   0.218606378702764432245034696849   0.948101984788465400669263223378
1186  -0.212058683254467564810353712614   0.949587930223286554569800117983
1187   0.165627133339861473740638743123   0.958777229115806486045257692204
1188  -0.145585971331783855879011039323   0.962024348611169480302904339890
1189   0.106881240484221169861697587354   0.967089718072691546472346593914
1190  -0.091946349490572171197278654678   0.968623761418602354622020651472
1191   0.053020078031206783365376166538   0.971532291637765728752245621661
1192  -0.001004664501152305658996994669   0.972977447332981126135955521931
