   1   0.006073158597635457011717548138  -0.971772699875433991875610907790
   2  -0.052430201919000000000000000000  -0.970354612636000000000000000000
   3   0.062454696577811059885420544941  -0.969782694398036727971540906488
   4  -0.111357582097152528406365049442  -0.965390362696882465669215207869
   5   0.118625743679999423506120294384  -0.964524233192152315365695130605
   6  -0.167191334459190135618399295089  -0.957301478720417292619397625431
   7   0.174396986791338466382518798621  -0.956015038833931763525370696729
   8  -0.222461602364325005697196327542  -0.945986204419514401427250958237
   9   0.265374323574866645159059458503  -0.934855888287453810441208829310
  10  -0.276982108593141824668235317377  -0.931482675629471560366184165341
  11  -0.021968818748821476844303758959  -0.922818788353362017086390431690
  12   0.034412719231354126029399237843  -0.920828782875964753182320430388
  13  -0.078297806826563650316058949189  -0.919675056661942535659448424136
  14   0.319176625513712302148423398083  -0.917880899247948071437658212383
  15   0.090583766333542489650098987286  -0.915570321670080340576474654506
  16   0.212716089628949889989871768741  -0.914608707137793608089029088192
  17  -0.134131559188601257528093194834  -0.911586172685477362609630841698
  18   0.146355009444881532526497491523  -0.907061127311859788736150220630
  19  -0.189401827093736127606890227287  -0.900270898384574471417484174505
  20  -0.366345904543445621136368591027  -0.900094296006138998132466096075
  21   0.397311607117820581422986884134  -0.886861065966928623349430350466
  22  -0.311503321114739538774047127923  -0.886860664997399630992072127031
  23  -0.243922333322552946577929217122  -0.885767369594531630356417381609
  24  -0.417960846241909947688846656286  -0.877318525102079930175418100021
  25  -0.047401539600140928609111190169  -0.872459926632186653168083382836
  26   0.288003313005000000000000000000  -0.870836103379000000000000000000
  27   0.008979998448630666915029851492  -0.870469923098276228752593698840
  28   0.344359114705553255655538816917  -0.867396444364163610858542448711
  29  -0.103236706499630137811006366532  -0.864380812564651792466136540283
  30   0.232299174991758813795687249286  -0.861699910945827626128030468443
  31   0.175945854796719710868439680354  -0.859027599248915547119590601365
  32   0.119552421995024625866374453968  -0.857409364516018014576395844480
  33   0.063193499525625467005928184207  -0.854857932585060472784227838308
  34   0.484590850274677672374792722460  -0.842348366953131374004281401556
  35  -0.154873834519767121383872733248  -0.841655387229973475034930934573
  36  -0.211258858719236232349835491650  -0.839766738815011639193899859729
  37   0.428237530079638569447545153528  -0.839676055256219294995841534480
  38  -0.380089409761001787263401990833  -0.835502353042904144797803570851
  39  -0.267427287397091121589284218206  -0.834480382153623128916498151728
  40  -0.323794432220580784265342425213  -0.831799185407817940309801114298
  41  -0.450982083687300658874292776189  -0.831575374528631434364758100979
  42  -0.507332865615454501239467270014  -0.828850063005941699638312635137
  43  -0.017008330906967325325696660305  -0.820214894138271328374861963483
  44   0.375517414556376387749171348032  -0.819590553867806182981388912106
  45   0.319164094361337284821923779086  -0.816918242170894103972949045339
  46  -0.073306341463034783727244136088  -0.816558106706595145888509193155
  47   0.262810774166298181894676210154  -0.814245930473982024964509178262
  48   0.206436804710595423982172021107  -0.811560348220869086676043213140
  49   0.149965773288230312502510930870  -0.808948928024308335703984937567
  50   0.093572675273140837298123055455  -0.807319068192737962705776843061
  51   0.037219131848001774120146470190  -0.804651468102578087092207554510
  52   0.515081800188553385488525063212  -0.794881115925084913560734013330
  53  -0.124288675025441929472282150942  -0.792399472404517782297783660839
  54   0.458728479993514282561277494280  -0.792208804228172834552294146254
  55  -0.180698089259700817684419022443  -0.791496182551898014819606930516
  56  -0.236936334383221967844041343998  -0.787013133116881188370597662979
  57   0.570863923559243034421158077576  -0.786443541684391395833536063047
  58  -0.406741277246672981323206482048  -0.785777953535858534450585266849
  59  -0.293289656082152760915747716173  -0.784340818605383120272624626347
  60  -0.574226604372574389461013643783  -0.783991626428041176732327166546
  61  -0.350446299706251978325146916434  -0.782074785900772329962582810299
  62  -0.462359108460277844923848542476  -0.776317784514904645693314918104
  63  -0.518774178956901072304893527475  -0.773605748404049028391892033302
  64   0.406008364470252100862903688785  -0.772123302839759722537841523880
  65   0.349655044275212997935656119853  -0.769450991142847643529401656804
  66  -0.042785368374967734706287462032  -0.769110154711092304645618860881
  67   0.293301724080173895008408550907  -0.766778679445935564520961790037
  68   0.236948403885134792081160981975  -0.764106367749023485512521922959
  69   0.180456723202106025616243271623  -0.761481676996261875260437549342
  70   0.124103403006602751460346819464  -0.758809365299589219325054135411
  71   0.067710304991513276255958944049  -0.757179505468018846326846040905
  72   0.011416539286717458199269027904  -0.753457961489559192716418208702
  73   0.615539091861019072292262446166  -0.751991150127083786463075637525
  74  -0.093738746783907117032068921814  -0.744890510297404371805401773992
  75  -0.150092616625668087946158940933  -0.742229814774064950723951028067
  76  -0.206445384542591665526795775473  -0.739545882041784980999256494054
  77   0.504883266661067878956818466072  -0.739393929470022974244580887359
  78  -0.262798704652562556548095683724  -0.736873568550967431746448764874
  79   0.448626011603547266223662285325  -0.735156099812860412817125942976
  80  -0.319152026363316150729262944351  -0.734201255880424580820637371044
  81  -0.600088973055167389599684808332  -0.733852062878527825197070221354
  82  -0.375505346557025629206474456867  -0.731528944155473575041550954227
  83   0.560665390031757527889451480436  -0.730956355229329456517382937076
  84  -0.431858666728843503950798322209  -0.728856631968875660185161517783
  85  -0.488221477145339419564897974556  -0.726178220966664603684212245718
  86  -0.544636547639494072443564692024  -0.723466184854535676856635088110
  87   0.387578770347004394792733165095  -0.718801749906049992397276901485
  88  -0.654365373898475343101408364583  -0.718460173510857110719684573636
  89   0.331225450151965291865485596163  -0.716129438209137913388837034409
  90   0.274872129956926188938238027217  -0.713457126512225834380397167642
  91   0.218518809761887086010990458285  -0.710784814815313755371957300565
  92   0.162165489566172909578968227739  -0.708112503132637528234865581921
  93   0.105812169371129934053892152109  -0.705440191435807114005901839392
  94   0.049414458712000000000000000000  -0.703672561859000000000000000000
  95   0.638087273030388873739723053932  -0.700276379773118835242321320174
  96  -0.006894471917346963055637961614  -0.700095570093608033127531897365
  97  -0.063247792835814911996747599753  -0.697423260877600096923715729920
  98  -0.119601113005461486563086959169  -0.694750945478468630704399968312
  99  -0.175954433115347550618818391118  -0.692078631985862263949656174848
 100  -0.232307753227653240167845207553  -0.689406318493544938990153821668
 101  -0.288661074933725946361610911903  -0.686734005826008892294461509572
 102   0.472983721679512295845151323837  -0.684268577701194504117131266947
 103  -0.345014395048377725370312376431  -0.684061692332184538811534698659
 104   0.691670162422980750343820281322  -0.682621014833494390710205593713
 105  -0.401367715242087203847523888947  -0.681389380607233533032448281841
 106   0.585353005608159783873988824709  -0.680228063478455015911865718839
 107  -0.694954768825446723183378461724  -0.679276771842900752597250632860
 108  -0.457721035413905078591847754289  -0.678717068420635618176058845397
 109   0.528999654342975176942392569508  -0.677556407064772378079295346101
 110  -0.575635052257000000000000000000  -0.676167140951000000000000000000
 111  -0.514083845827932419703569139105  -0.676038657417151252148955300526
 112   0.418069720260880107906465505848  -0.671334498878003531953729513259
 113   0.361716400065841004979217936916  -0.668662187181091452945289646183
 114  -0.632606275041789455790712277515  -0.666408472638022743517135434226
 115   0.305363079870801902051970367984  -0.665989875484179373936849779107
 116   0.249009759675762799124722799038  -0.663317563787267294928409912340
 117   0.192656439480723696197475230106  -0.660645252090355215919970045263
 118   0.136303119285009519765452999560  -0.657972940407678988782878326619
 119   0.079949799089966544240376923931  -0.655300628710848574553914584090
 120   0.023596478773956993706303847194  -0.652628319564944911644856442288
 121  -0.032756841377314615533903531964  -0.649956006945070454466762651542
 122  -0.089110161580552170182836483004  -0.647283695421046137948105025102
 123  -0.145463481690438234238567914953  -0.644611381928439771193361231638
 124  -0.201816801800409125259867823204  -0.641939068437622221940553502459
 125  -0.258170123508816629981360435731  -0.639266755768586399538166566365
 126  -0.733201959763495704248006246205  -0.637804005692588581543780273150
 127  -0.314523443618787521002660343983  -0.636594442277768850285358837185
 128  -0.427230083924680203986195053496  -0.631249817057720181497191336648
 129   0.619319585311000000000000000000  -0.634017017556000000000000000000
 130  -0.370876763730970725508983540980  -0.633922128782671187276277753466
 131   0.740436604212159060453349398635  -0.629390736046622199482796299218
 132   0.561281854108915833739071722315  -0.629204366902153325493663739050
 133  -0.673195669968760835872682374657  -0.627225070970066385394701493451
 134  -0.483583404096498078730518918838  -0.628577504871122266640801900205
 135   0.684083359853501804997575555495  -0.626716825602437629184784620481
 136   0.504913991965896788412724290182  -0.626539558723587622535896246131
 137  -0.539946214510522953612359245230  -0.625899093867636628513545808719
 138   0.448560671685789526494608735687  -0.623867248820581104851456857511
 139  -0.596299534620362144335108080244  -0.623226780374041804399661991363
 140   0.392207351575818533330587881673  -0.621194935329763489911010726080
 141   0.335854031380779430403340312738  -0.618522623632851410902570859006
 142   0.279500711185740327476092743805  -0.615850311935939331894130991930
 143   0.223147390990701224548845174858  -0.613178000239027252885691125163
 144   0.166794070795662121621597605926  -0.610505688542115173877251258087
 145   0.110440750599947945189575375314  -0.607833376859438946740159539476
 146   0.054087430404904969664499299684  -0.605161065162608532511195796948
 147  -0.002265889911103809050175062606  -0.602488756016688593571399069192
 148  -0.058619210062376190110811977845  -0.599816443396830412424575570049
 149  -0.114972530265528917858317438779  -0.597144131871017278437066288433
 150  -0.171325850375499808879617347033  -0.594471818380199729184258559252
 151  -0.227679172081572515073383051383  -0.591799505712663682488566247156
 152  -0.340385812303717526789043466868  -0.586454878726754305282826723265
 153  -0.284032492193878204622409867812  -0.589127192220346357529063893979
 154   0.775712274990543923278954520781  -0.585362733616974549173085951593
 155  -0.396739132413561259417773647104  -0.583782565233156563640868261660
 156   0.648155982472937916153908159109  -0.583218992307380260846775781596
 157  -0.734004924383735935509050772077  -0.581393074175473057368242513910
 158   0.591759034811295851390603442218  -0.581728273936908911157360597563
 159  -0.453092452607270737894985159620  -0.581110253508205557861781844841
 160   0.714575646582827158977026252271  -0.579250433314560261795758789003
 161   0.535404941879772501526456630934  -0.579072307695541162092348857905
 162  -0.509445772779088612639309024962  -0.578437941321607643005392408398
 163   0.479051621684733398599209062002  -0.576399995998629083083908990829
 164  -0.565808583193113487521149350681  -0.575759530318122004878136316565
 165   0.422698301489694293048252899911  -0.573727684301717059403854139489
 166  -0.622161903302952678243898185695  -0.573087216824527180764252499206
 167  -0.678542199620146193336632058543  -0.571062338063832982614984774282
 168   0.366344981294655192744713924139  -0.571055372604804925067029256677
 169   0.309991661099616089817466355207  -0.568383060907892846058589389601
 170  -0.788733539546817870523710028038  -0.567695752205783755490615855206
 171   0.253638340904576986890218786275  -0.565710749210980767050149522524
 172   0.197285020709537883962971217329  -0.563038437514068688041709655757
 173   0.140931700514498781035723648397  -0.560366125817156609033269788681
 174   0.084578380318784604603701417851  -0.557693814134480381896178070036
 175   0.028225060123741629078625342222  -0.555021502437649967667214327508
 176  -0.028128260148500471029046962067  -0.552349192368783955814639386125
 177  -0.084481580342387057609779496044  -0.549676880647567779913528344082
 178  -0.140834900461624095765885006280  -0.547004567352153268740711171026
 179  -0.253541540766634089714432483463  -0.541659942164423640479463574770
 180  -0.197188220656663198693132575211  -0.544332255655241189732271303949
 181   0.808373564997343247693625443067  -0.539361884908479988401389814275
 182  -0.366248180986312602603814917542  -0.536315315177236764119342586861
 183  -0.309894860876473411881066082520  -0.538987628670831588233226404056
 184   0.678648269202263270133358855884  -0.535752600019502893457749950117
 185   0.749851325998892594862356753744  -0.535222437805509064233961873825
 186  -0.422601501096151793326563752556  -0.533643001683641940005458769506
 187   0.565896666383586471851866610313  -0.531588710255924648043965123583
 188  -0.478954821289861271803775265072  -0.530970689958690934226372352688
 189   0.622293614045228536615171327204  -0.533079428626395997733380307617
 190   0.509542573452063121987719799030  -0.528932744014556898978953383925
 191  -0.535308141461679146548099130414  -0.528298377772093019369982916244
 192   0.453189253257024019060472230098  -0.526260432317644819970513516850
 193  -0.591670951620822869903560775542  -0.525619966637137743231529833401
 194   0.396835933061984913509516068031  -0.523588120620732796290458664993
 195  -0.648024271730662060626309610556  -0.522947653143542919117646016042
 196  -0.820347675450489281681494363872  -0.520969053650522553298426298086
 197  -0.704404568047855575719043483404  -0.520922774382848720968378291118
 198   0.340482612866945813205977092235  -0.520915808923820661953633782697
 199  -0.760777129789805916769648607727  -0.518692924733197013481582360298
 200   0.284129292671906710278729523303  -0.518243497226908582945193915621
 201   0.227775972476867607351481954371  -0.515571185529996503936754048545
 202   0.171422652281828504424234385425  -0.512898873833084424928314181778
 203   0.115069332086789401496986816493  -0.510226562136172345919874314702
 204   0.058716011891075225064964585946  -0.507554250453496118782782596057
 205   0.002362691696032249539888510317  -0.504881938756665704553818853528
 206  -0.053990628576209850567783793972  -0.502209628687799692701243912145
 207  -0.110343948765057625438536649095  -0.499537316860325791783713348601
 208  -0.166697268889333478148296431140  -0.496865003671169007094104687862
 209  -0.223050589084372581075544000072  -0.494192691974256928085664820785
 210   0.713923948618328706018689357357  -0.491724604510451695895953034939
 211  -0.279403909194343472096843908323  -0.491520378483439378832857091606
 212   0.782512616005691919277027676030  -0.489221589097014503462265736507
 213   0.838914515672553661023951454237  -0.490511466442669390072169335469
 214  -0.335757229304182794263477507380  -0.488848064989847326586619920892
 215  -0.392110549414021984986226342402  -0.486175751496252502472736103697
 216  -0.448463869523861175708975177417  -0.483503438002657678358852286342
 217   0.653629316305639393011189135070  -0.485186900748489436807268505105
 218   0.597225494165733314480415762384  -0.482538086019404327488024784554
 219   0.540828546201437319971225876500  -0.481047367799047016298398867391
 220  -0.504817189717570654186186689933  -0.480831126277706672579765869523
 221   0.483680206319401546289109318932  -0.478793179665577146598301161969
 222  -0.561170509889388528930510555275  -0.478158814091108757723376433080
 223   0.427326886124362443361861750000  -0.476120867968665067589861294894
 224  -0.617533320303413403812350880990  -0.475480403087623119596120341245
 225   0.370973565929323337810905587933  -0.473448556271753043909806443036
 226  -0.673886640413252594535099716016  -0.472808089594028295482236523887
 227  -0.849197453154000000000000000000  -0.472485460243000000000000000000
 228  -0.792391265693477327927432943561  -0.471966226177935811289392803179
 229  -0.730266936730446109627833588865  -0.470783210833334097332968798968
 230   0.314620245734284237507366612136  -0.470776244574840909572981560741
 231   0.258266925539245134580119043204  -0.468103932877928830564541693665
 232   0.201913605344206031652871474273  -0.465431621181016751556101826589
 233   0.145560285149166928725623905326  -0.462759309484104672547661959822
 234   0.089206964954127825798376336394  -0.460086997787192593539222092746
 235   0.032853644752896010135181698698  -0.457414686107362406517840576870
 236  -0.023499675445425244870449568257  -0.454742374412222953680746582077
 237  -0.079852995722649517979764426636  -0.452070064345926784407203370375
 238  -0.136206315965240822381673615210  -0.449397752546174203220964022066
 239  -0.192559637017479876159869063061  -0.446725439835667880051752629100
 240  -0.361619597986770861942667926187  -0.438708501440331430851203015983
 241  -0.248912957212518979087116631993  -0.444053128138755801043312762024
 242   0.748106162685002392308093598112  -0.444511031721550866702040321950
 243  -0.305266277874462972352771267027  -0.441380814932650177222901625125
 244   0.688904995721704828896519636543  -0.441158905239438239245471589926
 245   0.811236033185811923032708671985  -0.440664372822738214132761137155
 246   0.867580723127369333391084977161  -0.437815888629379525035146614896
 247  -0.417972918096612518895016447848  -0.436036187946737878837326611540
 248   0.627718673194133262825166832058  -0.435072266953975732536537408756
 249  -0.474326238206451709617765282865  -0.433363874453143054723442794186
 250   0.570568103940644875687890763492  -0.432816647049907331771116763534
 251   0.514171156279328563478159788598  -0.431325928667112091800035884968
 252  -0.530679558400161188094976795381  -0.430691562728192048944356377368
 253   0.457817836086882057281719868445  -0.428653616915527710762327614683
 254  -0.587032878571979062839300660723  -0.428019250541594134087966940924
 255   0.401464515891842954354472299513  -0.425981305218615631753887747608
 256  -0.643395688986003937721140986446  -0.425340839538108495960710849093
 257  -0.762225692434217147370391675835  -0.424291535442176840448944140226
 258  -0.821233137553283365675211854047  -0.423479275619743520265983562865
 259   0.345111195696803848803516137446  -0.423308993521703608073832895749
 260  -0.700983871380718487002018691069  -0.422561431204896113074164756989
 261   0.288757875501764748499977161650  -0.420636681824791473737008013455
 262   0.232404555306725645572729592718  -0.417964370127879394728568146379
 263  -0.877368772431798039973252502988  -0.417855358515434291476805162786
 264   0.176051235111686542645482023786  -0.415292058430967315720128279303
 265   0.119697914916647439718234454840  -0.412619746734055236711688412536
 266   0.063344594721608336790986885908  -0.409947435037143157703248545460
 267   0.006991274525894160379921058466  -0.407275123354466930124231245323
 268  -0.049362045669148815132739261864  -0.404602811657636515633445861761
 269  -0.105715365941390915221593219151  -0.401930501588770503384032114879
 270  -0.162068686115124871463945950127  -0.399258189442578629219071632417
 271  -0.218422006254514546343197890975  -0.396585876572139767780175940626
 272  -0.331128646559524539914431613902  -0.391241251384410131562196153875
 273  -0.274775326449553649270445459906  -0.393913564875227688771736073549
 274   0.776829580063327844304347317518  -0.395953815564520544924400148408
 275   0.662994352610198698710497333531  -0.391044271444924534974740493577
 276   0.720435018477637217683729773516  -0.394375408022786715776769106371
 277   0.835180397804405993027542532391  -0.389581055097458510352754554125
 278  -0.387481966669363862081057718288  -0.388568937890818079315800936740
 279   0.891525087745963403385918837567  -0.386732570904099821255140031865
 280  -0.443835286779203052803806553303  -0.385896624397223255201917119388
 281   0.601188193439146313538135453932  -0.385282995109729177657471791768
 282  -0.500188606889042243526555388320  -0.383224310903628431088033302035
 283   0.544834873244107210610887885000  -0.382610683412817098649031924688
 284   0.488437925582790898401156910106  -0.381119965030021858677951046121
 285  -0.556541927082751722003766900837  -0.380551999178677425308946885216
 286   0.432084605390344392204716989953  -0.378447653278437477640242775837
 287  -0.612895247254569596748090766178  -0.377879686992079510452557448773
 288  -0.731623984365043008339079155450  -0.375190327954941262696233446327
 289   0.375731285195305289277469421021  -0.375775341581525398631802908762
 290  -0.669851941212216194949774640238  -0.375512086142572961088648833088
 291  -0.788052250289144433694143585393  -0.374133516580023315399325777796
 292   0.319377965000266183726513258954  -0.373103029884613374951748056902
 293  -0.844430499911431092002649064550  -0.372052431205227417561695457057
 294   0.263024644805227083422974283158  -0.370430718187701240614923174609
 295   0.206671324610187980495726714226  -0.367758406490789161606483307533
 296  -0.900459235543811709229453542047  -0.365447983442782954906135364818
 297   0.150318004415148877568479145294  -0.365086094793877082598043440456
 298   0.093964684220109774641231576348  -0.362413783096965003589603573690
 299   0.037611364025070671713984007416  -0.359741471400052924581163706614
 300  -0.018741956663554129293691733394  -0.357069159970019651146006771755
 301  -0.075095276860926260607802325984  -0.354396848274383053100081337846
 302  -0.131448597292912248493694009531  -0.351724538287394294771397759784
 303  -0.187801917475487417615028014079  -0.349052226145734013300446792888
 304  -0.244155237947366283345850227523  -0.346379913445713579891925788442
 305  -0.525921839135263714965730980943  -0.333018348060833726287576584210
 306  -0.300508558142405386273097796455  -0.343707601748801500883485921365
 307   0.800773944681921914299181177924  -0.344870497839240841144393565377
 308   0.744379383096231287678563633923  -0.343292090297507011996762523340
 309  -0.356861878804915092090154773762  -0.341035288541189536346077116004
 310   0.688032463596705030330747726163  -0.340488055753503899866482000696
 311  -0.413215198915585333520233310912  -0.338362975048023374515344218916
 312   0.631679143399073330727185923598  -0.337815744111264122859206514767
 313  -0.469568519025424524242982145926  -0.335690661554428550401460401564
 314   0.575325823206626824530746003445  -0.335143432359679741821498244483
 315   0.875271024718611654336450754269  -0.332708100690011353919850091276
 316   0.518972503011587721603498434513  -0.332471120662767662813058377403
 317   0.462575555350271409393767459619  -0.330980402279972422841977498836
 318  -0.582275159328973193442942493458  -0.330346036335882720508490167391
 319   0.406222235157824903197327539466  -0.328308090528388041804269228551
 320  -0.638628479500791068187266358800  -0.327673724149284805652100730947
 321  -0.920148700164875351535598657097  -0.312578682995870114433851788489
 322   0.349868914962785800270079970534  -0.325635778831475962795829361476
 323  -0.694981799694500546664477871316  -0.325001412424333799873014314128
 324  -0.751335119804339737387226706331  -0.322329098930738975759130496776
 325   0.293515594767746694719123808468  -0.322963467134563939115774509616
 326  -0.807741714910208076000288700445  -0.321264216133110474927042201472
 327   0.237162274572707594415584832671  -0.320291155437651804778949627323
 328  -0.864119964532494734308794179601  -0.319183130758314577089411880732
 329   0.180808954377668491488337263739  -0.317618843740739725770509760247
 330   0.124455634182629388561089694808  -0.314946532043827646762069893171
 331   0.068102313987590285633842125861  -0.312274220346915567753630026404
 332  -0.100957646598127625258839527496  -0.304257285268844740675107712169
 333   0.011748993792551182706594556929  -0.309601908650003488745190159329
 334  -0.044604326403085018203230751519  -0.306929596965682925134579157965
 335   0.923307271385219593527813021321  -0.303121668782887900258483522015
 336  -0.157310966870344454968121044227  -0.301584975199445830013232099432
 337  -0.213664287044077012592378842078  -0.298912663053224461998379707966
 338  -0.270017607183414090129466261431  -0.296240350181676435950186219776
 339   0.831267496810836997758348386357  -0.297401904654757824111554791204
 340   0.774914176615822721160478629418  -0.294729592957322211081924722129
 341  -0.326370927378453193056713830362  -0.293568038484764356941746352699
 342   0.718523415023953687144706455723  -0.293020805697584100344956325896
 343  -0.382724247488336676706274581352  -0.290895724992103574993818544116
 344   0.662170094914114496421957620709  -0.290348492203989276231072508544
 345  -0.439077567598175867429023416366  -0.288223411498508750879934726764
 346   0.605816774716482796818395818143  -0.287676180561749499223797022615
 347  -0.495430887708015058151772251381  -0.285551098004913926766050909411
 348   0.549463454524036290621955897990  -0.285003868810165118186088752331
 349  -0.551784207817854248874521086397  -0.282878784511319102652167092058
 350   0.493110134328997187694708329059  -0.282331557113253039177648885251
 351   0.436713186667680875484977354164  -0.280840838730457799206568006683
 352  -0.608137528011563727351732598913  -0.280206472786368096873080675238
 353   0.380359866475234369288537434012  -0.278168526978873418168859736399
 354  -0.664490848183381602096056464255  -0.277534160599770182016691238795
 355   0.324006546280195266361289865080  -0.275496215281961339160419869324
 356  -0.720844168377091080573267976771  -0.274861848874819176237604821976
 357  -0.777397341429386825743632205063  -0.272220591218675400606138384494
 358   0.267653226085156160810333703013  -0.272823903585049315480365017463
 359  -0.834128566919333897891756143179  -0.271398677051911847124466351951
 360   0.211299905890117060506794727216  -0.270151591888137181143540135171
 361  -0.900518269727302919414956442453  -0.259687434687235112772216325866
 362   0.154946585695077957579547158285  -0.267479280191225102135100268095
 363   0.098593265500038854652299589353  -0.264806968494313023126660401018
 364   0.042239945304999751725052020407  -0.262134656797400944118220534252
 365  -0.014113374890039351202195548525  -0.259462345100488865109780667176
 366  -0.239526655726667546501168947532  -0.248773099503709838362970215813
 367  -0.070466695085675552112020856973  -0.256790033416168301499169665813
 368  -0.126820015280718159167629632950  -0.254117721719330117039698220016
 369  -0.183173335552934988876911149681  -0.251445411649931206377822607280
 370   0.863662881474000000000000000000  -0.249913278722000000000000000000
 371   0.805836105049296421998136543562  -0.247042374674017324314951593467
 372  -0.295879975866004624038256366885  -0.246100786632161812314776727623
 373   0.920222776673639568754630856693  -0.246789405920614295578115663716
 374   0.749482784854282145400266786623  -0.244370062976581711285321524392
 375  -0.352233296061043726965503935817  -0.243428474935249733306336860546
 376   0.693092023183967804433358560432  -0.242661275756458214456646010161
 377  -0.408586616170927210615064686806  -0.240756161442588951358409051963
 378   0.636738703074128613710609725414  -0.239988962262863390342762192811
 379  -0.464939936280766401337813521820  -0.238083847948994127244525234611
 380   0.580385382876496914107047922848  -0.237316650620623613335486706882
 381  -0.521293256390605592060562356835  -0.235411534455399303130641417258
 382   0.524032062684050407910608002696  -0.234644338869039232297778436598
 383  -0.577646576500444782783311191850  -0.232739220961804479016757599904
 384   0.467678742489011304983360433764  -0.231972027172127153289338569518
 385   0.411281794827694992773629458869  -0.230481308789331913318257690950
 386  -0.633999896694154261260522704365  -0.230066909236853473237671183085
 387   0.354928474635248486577189538717  -0.227808997037747532280549420666
 388  -0.690353216865972136004846569707  -0.227394597050255558381281746642
 389  -0.945297451683890364119986548508  -0.225370342588560893370686455860
 390   0.298575154440209383649941969785  -0.225136685340835453272109553591
 391  -0.746706537059681614482058082223  -0.224722285325304552602195329822
 392   0.242221834245170278098985807718  -0.222464373643923429592054701731
 393  -0.803056331977382675470045420675  -0.221976641586017390437378216443
 394  -0.859464367155817088810867229368  -0.220990987428332852945093335105
 395   0.185868514050131177795446831921  -0.219792061947011295255229819438
 396   0.129515193855092074868199262990  -0.217119750250099216246789952362
 397   0.073161873660052971940951694058  -0.214447438553187137238350085286
 398   0.016808553465013869013704125111  -0.211775126856275058229910218519
 399  -0.039544766730025233913543443821  -0.209102815159362979221470351444
 400  -0.095898088061866111496197645941  -0.206430504048821940295937731047
 401  -0.152251408263230124177097643356  -0.203758192355176044419448912091
 402  -0.208604728857751387512488236701  -0.201085882448539790204712721450
 403   0.836327054963613115709276113863  -0.199575123646254131113923211343
 404   0.951080890983095761609243890975  -0.199560021761231166238425405522
 405  -0.264958049031483945136746034552  -0.198413570302318422189860329983
 406   0.892706905125700190487254687075  -0.197537860160431749647430000929
 407   0.779973734768598839111406356924  -0.196902811948818518084293142268
 408  -0.321311369170821022673833453905  -0.195741257430770396141666841793
 409   0.723620414573584562513536599985  -0.194230500251382905054663073193
 410  -0.377664689365860125601081022837  -0.193068945733858317133226974716
 411   0.667229653034055630899660195079  -0.192521711264398335544496915809
 412  -0.434018009560027958843851319563  -0.190396632283760849068385951376
 413   0.610876332841609124703220274927  -0.189849399512813954506788645526
 414  -0.490371329669867149566600154577  -0.187724318790166024954502134023
 415   0.554523012643977425099658472361  -0.187177087870574177499513159597
 416  -0.546724649779706340289348989592  -0.185052005296571200840618316671
 417  -0.902110729876451063645995958014  -0.184056915170996052840381798715
 418   0.498169692451530918903218552208  -0.184504776118989796461804889313
 419  -0.603077969889545531012097824608  -0.182379691802976376726734499318
 420   0.441816372256491815975970983277  -0.181832464422077717453365022233
 421   0.385419424595175503766240008382  -0.180341746039282477482284143665
 422  -0.659431290083255009489309337124  -0.179707380078025370947648082498
 423   0.329066104402728997569800088230  -0.177669434287698096444575873381
 424  -0.715784610255072884233633202466  -0.177035067891427456091258646055
 425   0.272712784207689894642552519298  -0.174997122590786017436136006306
 426  -0.772137930448782362710844714982  -0.174362756166476450312172229236
 427  -0.830406748026699319798200605266  -0.172633023065084639186710409467
 428   0.216359464012650789091596357231  -0.172324810893873993756081154444
 429  -0.956782680239132511287028542564  -0.170135141205349611612026881617
 430   0.160006143817611688788057381434  -0.169652499196961859419256272153
 431   0.103652823622572585860809812503  -0.166980187500049780410816405077
 432   0.047299503427533482933562243571  -0.164307875803137701402376538000
 433  -0.009053816767505619993685325376  -0.161635564106225622393936671235
 434  -0.065407136962544722920932894308  -0.158963252409313543385496804159
 435  -0.121760457157583825848180463240  -0.156290940712401464377056937085
 436  -0.178113777352623110889172921773  -0.153618629015493225756768477481
 437  -0.234467097624670563941299803867  -0.150946318942522522618346023309
 438  -0.290820417798403121565557601718  -0.148274006796301154603493631843
 439   0.810464688456592031551161189279  -0.149435558974564278484374982976
 440  -0.403527058132779302029892590003  -0.142929382227841049546860276576
 441   0.754111366662082705250053426074  -0.146763248102160336391422414327
 442  -0.347173737937740199102645021071  -0.145601693924753128555300143653
 443   0.936524857251199071154285064666  -0.145053509959374492854469864393
 444   0.697758046452461120707634248781  -0.144090936412259283821823656976
 445   0.880164540315943582267367005632  -0.142533069171018525683094873121
 446   0.641367284351465096990870089632  -0.142382147714883711909087423653
 447  -0.459880378242618492752641425017  -0.140257068734246225432976459223
 448   0.585013964159018590794430169479  -0.139709835963299330871379153370
 449  -0.516233698352457683475390260032  -0.137584755240651401319092641871
 450   0.528660643961386891190868366913  -0.137037524321059553864103667440
 451  -0.572587018462296874198139095046  -0.134912441747056577205208824518
 452   0.472307323768940384994428446761  -0.134365212569475172826395397157
 453  -0.628940338572136064920887930061  -0.132240128253461753091325007164
 454   0.415954003573901282067180877829  -0.131692900872563093817955530077
 455   0.359557055912584969857449902932  -0.130202182489767853846874651510
 456  -0.685293658765845543398099442577  -0.129567816528510747312238590345
 457  -0.910371316612232824950420213691  -0.128248307827767342431509776752
 458   0.303203735720138463661009982780  -0.127529870738183472809166381226
 459  -0.741646978937663418142423307919  -0.126895504341912832455849153902
 460   0.246850415525099360733762413846  -0.124857559041271393800726514152
 461  -0.798000299131372896619634820435  -0.124223192616961826676762737082
 462   0.190497095330060255182806251779  -0.122185247344359370120671662290
 463  -0.854353619299999149970935098376  -0.121550880363059477532992997172
 464   0.134143775135021154879267275982  -0.119512935647447235783846779999
 465   0.077790454939982051952019707050  -0.116840623950535156775406912923
 466  -0.965043266974914272591452798241  -0.114326533862120901203154859654
 467   0.021437134744942949024772138118  -0.114168312253623077766967045847
 468  -0.034916185450096153902475430828  -0.111496000556710998758527179081
 469  -0.091269505645135256829722999760  -0.108823688859798919750087312006
 470  -0.147622825840174359756970568692  -0.106151377162886840741647444931
 471  -0.203976146035213644797963027225  -0.103479065465978602121358985328
 472  -0.260329466307261097850089909320  -0.100806755393007898982936531156
 473   0.840955637842930085122955745484  -0.101968307201153952340716245755
 474   0.784602317598432042224058659602  -0.099295996547225006280515212226
 475  -0.316682786480993655474347707171  -0.098134443246786530968084139689
 476   0.966887781470277560936054937547  -0.097504264122278906021035761206
 477   0.728248997403417771028386902265  -0.096623684849789279330119866928
 478  -0.373036106620330733011435126524  -0.095462130375238504919890651499
 479   0.910527464535022072049136878514  -0.094983823333922938849660769934
 480   0.671895677208403494450912572532  -0.093951373152353665870393996923
 481  -0.429389426815369835938682695456  -0.092789818678326425911450784423
 482   0.615504915668874563082079984172  -0.092242584165369088273677931504
 483  -0.485742746925209026661431530470  -0.090117505184731601797566967070
 484   0.559151595476428056885640064019  -0.089570272413784707235969661220
 485  -0.542096067035048217384180365485  -0.087445191691136777683683149718
 486   0.502798275278796357282078261454  -0.086897960771544930228694175291
 487  -0.598449387144887408106929200499  -0.084772878197541953569799332365
 488   0.446444955086349851085638341301  -0.084225649019960549190985905007
 489  -0.654802708357725306348476901320  -0.082100565272882277290780207211
 490   0.390091634891310748158390772369  -0.081553337323048470182546037928
 491   0.333694687229994435948659797475  -0.080062618940253230211465159359
 492  -0.711156028551434784825688413836  -0.079428253547931271511693790391
 493   0.277341367037547929752219877322  -0.077390307188668849173756889076
 494  -0.767509348723252659570012279178  -0.076755941361333356655304353948
 495   0.220988046842508826824972308390  -0.074717995491756770165317022000
 496  -0.823862668916962138047223791694  -0.074083629636382350876217937129
 497  -0.885531758516125975638859315436  -0.073813884288593337966821731671
 498   0.164634726647469721274016146324  -0.072045683794844746485262170137
 499   0.108281406452430620970477170527  -0.069373372097932612148437287847
 500   0.051928086257391518043229601595  -0.066701060401020533139997420771
 501  -0.004425233937647584884017967337  -0.064028748704108454131557553695
 502  -0.060778554132686687811265536283  -0.061356437007196375123117686929
 503  -0.945865569565177565390272652453  -0.061269452630011712515574827477
 504  -0.117131874327725790738513105215  -0.058684125310284296114677819853
 505  -0.173485194522764893665760674147  -0.056011813613372217106237952779
 506  -0.229838514717804178706753132680  -0.053339501916463978485949493176
 507   0.815093269160339551214165640031  -0.051828743651639328705306753603
 508   0.871456362350422288320201153594  -0.054286318239745272290540103576
 509  -0.286191834989851631758880014775  -0.050667191843493275347527039003
 510   0.758739948915841508315268554148  -0.049156432997710382645105720073
 511  -0.342545155163584189383137812625  -0.047994879697271907332674647537
 512   0.941300696083833668376032582206  -0.047223661418682715833313056329
 513   0.702386628720827237119596796811  -0.046484121300274655694710374775
 514  -0.398898475302921266920225231978  -0.045322566825723881284481159347
 515   0.646033308525812960542122467078  -0.043811809602839042234984504771
 516  -0.455251795497960369847472800910  -0.042650255128811802276041292270
 517   0.589642546986284029173289878718  -0.042103020615854464638268439351
 518  -0.511605115607799560570221635925  -0.039977941635216978162157474918
 519   0.533289226793837522976849958565  -0.039430708864270083600560169067
 520  -0.567958435717638751292970470939  -0.037305628141622154048273657565
 521   0.476935906596205823373288155999  -0.036758397222030306593284683138
 522  -0.624311756930476649534518171759  -0.034633315216962477769254532411
 523   0.420582586403759317176848235847  -0.034086085470445925555576412855
 524  -0.680665078203197708352789410758  -0.031961002323190993428305254157
 525   0.364229266208720214249600666915  -0.031413773773533846547136545775
 526   0.307832318547403902039869692020  -0.029923055390738606576055667207
 527  -0.737018398396907186830000923274  -0.029288690598239987649218837337
 528   0.251478998354957395843429771868  -0.027250743639154225538347396923
 529  -0.793371718568725061574324788615  -0.026616378411642072792829400894
 530   0.195125678159918292916182202936  -0.024578431942242146529907529847
 531  -0.849725038762434540051536301131  -0.023944066686691067013742984075
 532   0.138772357964879187365226040870  -0.021906120245330122849852677979
 533  -0.906078358956144018528747813647  -0.021271754961740061234656567255
 534   0.082419037769840087061687065073  -0.019233808548417988513027795695
 535   0.026065717574800984134439496141  -0.016561496851505909504587928618
 536  -0.030287602620238118792808072791  -0.013889185154593830496148061542
 537  -0.086640922815277221720055641737  -0.011216873457681751487708194776
 538  -0.971727939821393720100538367839  -0.011129889892185198229488435230
 539  -0.142994243010316324647303210669  -0.008544561760769672479268327701
 540  -0.199347563205355427574550779601  -0.005872250063857593470828460627
 541   0.901948304915444386810737445579  -0.006798084661632824761970978616
 542  -0.255700883400394712615543238134  -0.003199938366949354850540001023
 543   0.845593993667831754411411048140  -0.004146754690230648655130611424
 544   0.789230900477749017305375534576  -0.001689180102124705069897261450
 545  -0.312054203672442165667670120229  -0.000527628293978651712117546851
 546   0.732877580233250974406478448693   0.000983130551804240990303772080
 547   0.971791646466870681447640681924   0.000243589307994410086101747422
 548  -0.368407523846174723291927918079   0.002144683852242716302734844616
 549   0.676524260038236703210806691357   0.003655442249239967940699117377
 550  -0.424760843985511800829015337433   0.004816996723790742350928332806
 551   0.620170939843222426633332361624   0.006327753946675581400424987381
 552  -0.481114164180550903756262906364   0.007489308420702821359368199882
 553   0.563780178303693495264499773263   0.008036542933660158997141052801
 554  -0.537467484290390094479011741379   0.010161621914297645473252017235
 555   0.507426858111246989068059853111   0.010708854685244540034849323085
 556  -0.593820805503227992720559442199   0.012833934838957321752271142389
 557   0.451073537913615289464498050545   0.013381166327484317042124809014
 558  -0.650174126775949051538830681196   0.015506247732728806093220420642
 559   0.394720217721168783268058130392   0.016053478079068698079833079298
 560  -0.706527448048670110357101920195   0.018178560626500290434169698897
 561   0.338366897526129680340810561461   0.018725789775980777088272946376
 562   0.281969949864813368131079586566   0.020216508158776017059353824946
 563  -0.762880768242379588834313432711   0.020850872351451296213256115717
 564   0.225616629672366861934639666413   0.022888819910360398097062095229
 565  -0.819234088824941216284590504002   0.023523184326184441493256991353
 566   0.169263309477327759007392097482   0.025561131607272477105501962305
 567  -0.875587409018650694761802016518   0.026195496051135447272343408173
 568   0.112909989282288653456437533046   0.028233443304184500785590504789
 569  -0.931940729212360173239013529034   0.028867807776086453051429824992
 570   0.056556669087249553152896959618   0.030905755001096635122381696458
 571   0.000203348892210450225649390686   0.033578066698008714130821563534
 572  -0.056149971302828652701598178245   0.036250378394920793139261430610
 573  -0.112503291497867755628845747192   0.038922690091832872147701297376
 574  -0.168856611692906858556093316124   0.041595001788744951156141164451
 575   0.932439255298481399882345545298   0.040669166065044301157443825135
 576  -0.225209931887945961483340885056   0.044267313485657030164581031526
 577   0.876085935129855146595669584528   0.043341478318946651664001476884
 578  -0.281563252082985246524333343589   0.046939625182565268784869491129
 579   0.819731623882242514196343187089   0.045992808290348827770841844076
 580   0.763368530692159777090307673525   0.048450382878454771356075194050
 581  -0.337916572355032699576460225683   0.049611935255535971923291945303
 582   0.707015210447661734191410587643   0.051122693532383717416276227580
 583  -0.394269892528765257200718023534   0.052284247401757339938144336768
 584   0.650661890252647462995738830306   0.053795005229819444366671572877
 585  -0.450623212668102334737805442887   0.054956560273305365986337824958
 586   0.594308570057633186418264500573   0.056467316927255057826397442881
 587  -0.506976532863141437665053011819   0.057628871970217444994777692035
 588   0.537917808518104255049431912213   0.058176105914239635423113508302
 589  -0.563329854075979335906600712638   0.060301184894877121273796817189
 590   0.481564488325657748852991992060   0.060848417665824016460821778585
 591  -0.619683175348700394724871951636   0.062973497788648605614746095443
 592   0.425211168128026049249430189494   0.063520729308063793468097264514
 593  -0.676036496621421453543143190633   0.065645810682420089955695373696
 594   0.368857847935579543052990269342   0.066193041059648174505805534798
 595  -0.732389818304886265067367635581   0.068318123364326804720256091145
 596   0.312504527740540440125742700410   0.068865352756560253514245401876
 597   0.256107580079224127916011725515   0.070356071139355493485326280446
 598  -0.788743138498595743544579148097   0.070990435089277810499342507964
 599  -0.969176097254027286175559882283   0.071251357811585491504191841437
 600   0.199754259886777621719571805363   0.073028382890939874523034550729
 601  -0.845096459081157370994856219389   0.073662747064010955779343383601
 602   0.143400939691738518792324236431   0.075700694587851953531474417805
 603  -0.901449779274866849472067731905   0.076335058788961961558429800420
 604   0.087047619496699413291720517769   0.078373006284763978273354269004
 605   0.030694299301660312937829098568   0.081045317981676111548354151958
 606  -0.025659020893378789989418470364   0.083717629678588190556794019034
 607  -0.082012341088417892916666039296   0.086389941375500269565233886110
 608  -0.138365661283456995843913608243   0.089062253072412348573673752876
 609   0.968122507883041233147251430695   0.084367489051133356473848408919
 610  -0.194718981478496098771161177174   0.091734564769324427582113619951
 611  -0.251072301673535201698408746106   0.094406876466236506590553487026
 612   0.912437023782030725641468118638   0.093420930785974372366059285104
 613   0.850223565284382766835599177212   0.093481041268637947000226545281
 614  -0.307425621868574486739401204639   0.097079188163144745210841946629
 615   0.793869254036770134436272779773   0.096132371240040123107066912473
 616   0.737506160846687397330237266209   0.098589945828146066692300262447
 617  -0.363778942140621939790192003516   0.099751498236115448377439546439
 618   0.681152840602189354431340180326   0.101262256482075012752501295977
 619  -0.420132262285065322814094136205   0.102423810999982492643112885002
 620   0.624799520407175083235668422990   0.103934568179510739702896641274
 621  -0.476485582453691576165394414146   0.105096123253884841786882624912
 622   0.568446200212160806658194093257   0.106606879876946353162622511278
 623  -0.532838902648730679092641983078   0.107768434950796920795322491989
 624   0.512055438672631875289361504896   0.108315668863930930759338576699
 625  -0.589192223921451737910913222075   0.110440747844568405136271770243
 626   0.455702118480185369092921584744   0.110987980615515311797046846982
 627  -0.645545545194172796729184461073   0.113113060738339889477221048497
 628   0.399348798282553669489359782178   0.113660292257755088804322332912
 629  -0.701898866877637608253408906020   0.115785373420246604241781765944
 630   0.342995478090107163292919862025   0.116332604009339469842030603195
 631  -0.758252188561102419777633350968   0.118457686102153319006342483392
 632  -0.938685147316533962408614085153   0.118718608824461000011191816865
 633   0.286642157895068060365672293094   0.119004915706251548850470470273
 634   0.230245210233751748155941318199   0.120495634089046788821551348843
 635  -0.814605508754811898254844863484   0.121129997827104324785428900211
 636   0.173891890041305241959501398046   0.123167945840631169859259619126
 637   0.117538569846266139032253829115   0.125840257537543248867699486202
 638  -0.874562340728626171575124025798   0.125932473996129623940065761482
 639   0.061185249651227033531650110454   0.128512569234455273609579337418
 640   0.004831929456187933177758691251   0.131184880931367406884579220355
 641  -0.051521390738851169749488877681   0.133857192628279485893019087431
 642  -0.107874710933890272676736446612   0.136529504325191564901458954507
 643  -0.164228031128929375603984015559   0.139201816022103643909898821273
 644  -0.220581351323968478531231584491   0.141874127719015722918338688348
 645   0.881375769560279019817137463303   0.140516964939412036788106136759
 646  -0.276934671519007581458479153423   0.144546439415927801926778555423
 647   0.961595249446944315538902822116   0.140405269557845582381071279852
 648   0.825065362632974726582277911002   0.143977603390833360534584114142
 649  -0.333287991714046866499471611955   0.147218751112836040547067015027
 650   0.711650138633315023563035542993   0.148732782426324768918333812170
 651  -0.389641311958719850074082780300   0.149891061763075861649198401612
 652   0.768013231823397761045488745081   0.146275207838218825527199256287
 653   0.655290470782949980956284968310   0.151401819445297493251763565282
 654  -0.445994632127346103425383058242   0.152563374016978210792968141522
 655   0.598937150587481437975659303089   0.154074131142498903343241090083
 656  -0.502347952299163978169706923583   0.155235686203576125649357577966
 657   0.542583830392467161398184973356   0.156746442839934516802966960086
 658  -0.558701272494203081096954492515   0.157907997900488204657797445043
 659   0.486193068827159475170203800940   0.158455231813622215594190788889
 660  -0.615054593766924139915225731513   0.160580310794259688998746723297
 661   0.429839748634712968973763880787   0.161127543565206596631899059172
 662  -0.671407915450388951439450176459   0.163252623476166403763307440744
 663   0.373486428437081269370202078221   0.163799855207446373639174545102
 664  -0.727761237133853762963674621407   0.165924936158073118527868158191
 665   0.317133108244634763173762158069   0.166472166959030754676882815385
 666  -0.784114557734258227706468616670   0.168597249398630636624505755729
 667   0.260779788049595660246514589137   0.169144478655942833685322682463
 668   0.204382840388279348036783614242   0.170635197038738073656403561033
 669  -0.840772831174964978165326985364   0.171111086092265269294556138618
 670  -0.956398367835454203993275538898   0.172282400378627122542944274236
 671   0.148029520195832841840343694090   0.173307508790322454694111831316
 672   0.091676200000793738913096125158   0.175979820487234533702551698392
 673  -0.900119869727535528813773911206   0.176228106592608240860725419369
 674   0.035322879805754633473479340276   0.178652132184146559730515134445
 675  -0.021030440389284466941399012706   0.181324443881058691719431432545
 676  -0.077383760584323569868646581637   0.183996755577970770727871299621
 677   0.921540750732431640420990668085   0.180135296987223951352994083472
 678  -0.133737080779362672795894150569   0.186669067274882849736311166697
 679  -0.190090400974401775723141719516   0.189341378971794928744751033463
 680  -0.246443721169440878650389288448   0.192013690668707007753190900538
 681   0.857619701456101013996517271078   0.191688120633217815061310721850
 682  -0.302797041364479981577636857379   0.194686002365619086761630767613
 683  -0.359150361559519266618629315912   0.197358314062527325381919227217
 684   0.798498219372260873857407511948   0.193747321551324902843813092781
 685   0.685781420696836614780038291725   0.198869070473336938694124618092
 686  -0.415503681801000630685371702337   0.200030624780071579799053658134
 687   0.742144513886919351886068422661   0.196411495885230995108767820560
 688   0.629428100501798132049075049471   0.201541382170262096311558613649
 689  -0.471857001972818505429695567679   0.202702936966669494655443094577
 690   0.573074780306783855471600719739   0.204213693867697709771284483674
 691  -0.528210322144636380174019433021   0.205375249153267409511832531020
 692   0.516721460111769578894126390006   0.206886005565133323231010353678
 693  -0.584563642339675483101267001952   0.208047560850179488520272398097
 694   0.460330698573011753093915874923   0.208594794577564711551053756415
 695  -0.640916964023140294625491446899   0.210719873532086203284833115544
 696   0.403977378379324603241237237801   0.211267106303460090809050947859
 697  -0.697270285706605106149715891846   0.213392186213992918049393832991
 698   0.347624058182911756825040481292   0.213939417971402866869555328993
 699  -0.753623605816444296872464726861   0.216064499707587742163277650344
 700   0.291270737989246397402041744050   0.216611729697284248833818256963
 701  -0.809976925926283487800392081975   0.218736813201182561950389608582
 702   0.234917417794207294474794175118   0.219284041394196327842258124040
 703   0.178520470133579386155903618450   0.220774759803035305054574335454
 704  -0.866330360173874335403976870772   0.221406718688743886215215796506
 705   0.122167149939668757571766944534   0.223447071528175827312597422453
 706   0.065813829744629654644519375602   0.226119383225087906321037289529
 707  -0.944789181890527913141351775942   0.227491681740606296344926796256
 708   0.009460509549590550138773868929   0.228791694921999952042342345377
 709  -0.046892810645448551209975762263   0.231464006618912064337917023681
 710  -0.103246130840487654137223331196   0.234136318315824143346356890756
 711   0.943686421624955427153278833359   0.232023708097317501990328280305
 712  -0.159599451035526757064470900130   0.236808630012736222354796757831
 713  -0.215952771230565975713834427928   0.239480941709648241672883411861
 714   0.887751944325153933082677174448   0.239383884454446893058383842811
 715  -0.272306091425605079194467932960   0.242153253406560320395882577173
 716  -0.328659411620644182121715502370   0.244825565103472399404322444002
 717   0.829731215182462847154796448437   0.240729636516958100071556152905
 718  -0.385012731815683467162707960903   0.247497876800380638024610903606
 719   0.772635849115783587516223818867   0.243886884289016723435824676230
 720   0.659919050440359328438854598645   0.249008633211028759286136201541
 721  -0.441366052035276004548246811724   0.250170187979513413868679774668
 722   0.716282143630442065544884729580   0.246551058622922815700779404009
 723   0.603565730245320845707891356391   0.251680944907953916903570197098
 724  -0.497719372207093879292570677065   0.252842500166111328725069211111
 725   0.547212410050306569130417026658   0.254353256605389530363296067123
 726  -0.554072692400852534884285148407   0.255514811891093923797918923267
 727   0.490859089855292292552942696925   0.257025568302825143823021937127
 728  -0.610426012595891637811532717339   0.258187123588006002806358790344
 729   0.434468328316571953249809855212   0.258734357316493602431723591956
 730  -0.666779334279356449335757162286   0.260859436269912717570919507791
 731   0.378115008122848626939735310305   0.261406669041152587129558165529
 732  -0.723132654389195640058505997301   0.263531749763507541684803325144
 733   0.321761687926493747409417775250   0.264078980710317760457259537319
 734  -0.902433516846810600374613614828   0.264758766218929502067227465427
 735  -0.779485974499034831683955310453   0.266204063257102365333067361971
 736   0.265408367732770421099275864922   0.266751292434976745153673518706
 737  -0.836228071367659934227303769530   0.269128368130203783779602826038
 738   0.209055047537731318172028295990   0.269423604131888824162113385783
 739   0.152658099877112798494912276653   0.270914322541082993029379526694
 740   0.096304779683400545491716739856   0.273586634265975490008872935977
 741   0.039951459488361442564469170924   0.276258945962887569017312803053
 742  -0.016401860706677661354994317577   0.278931257659799627102047743529
 743  -0.072755180901716763290025966939   0.281603569356711727034192537206
 744  -0.129108501096755866217273535871   0.284275881053623806042632404282
 745  -0.185461821291794969144521104803   0.286948192750535885051072271359
 746  -0.241815141486834072071768673735   0.289620504447447964059512138435
 747   0.928631881259327901526032102825   0.286394644830003527691449736416
 748  -0.298168461681873174999016242666   0.292292816144360043067952005512
 749  -0.354521781876912277926263811598   0.294965127841272122076391872587
 750   0.803868844925985560813612755356   0.290869199254649920663567736354
 751   0.872697403959526407455430443911   0.293754821187132918759505298921
 752  -0.410875102071951562967256270130   0.297637439538180360696680332193
 753   0.747397604165043212144488910195   0.294343488798401647566450336550
 754   0.634056680160262187953025286053   0.299148195936537278303665385648
 755  -0.467228422269649732640127842075   0.300309751179018426525832412033
 756   0.690419773350344925059055416989   0.296690621348431334718308588116
 757   0.577703359965223705222062043799   0.301820507633462435921099381206
 758  -0.523581742463359211117339351278   0.302982062903969432304918898696
 759   0.521350039770209428644587714067   0.304492819330898049380825251231
 760  -0.579935062657068689594550863794   0.305654374628920438084005315514
 761   0.464996719575195152067113384334   0.307165131028333662840551121234
 762  -0.636288382852107792521798432726   0.308326686325832517092445182591
 763   0.408605958037287980135637170377   0.308873920068836989077134225356
 764  -0.692641702961946983244547267740   0.310998999819427341206328999944
 765   0.352252637842280609022471998015   0.311546231766418223963309708778
 766  -0.748995023071786173967296102754   0.313671313313022165320212817297
 767   0.295899317647213051680350687908   0.314218543462730260411454033251
 768  -0.805348343181625364690044937769   0.316343626806616989434096634649
 769   0.239545997452202403167983225017   0.316890855160242381980188627374
 770  -0.917941572280549438430561674764   0.319002089895434967584160173316
 771   0.183192677257163300240735656085   0.319563166857154460988628494451
 772   0.126795729597276258605449080609   0.321053885294021950452420324203
 773  -0.861564002837904550305807966276   0.321101520901638427314686174902
 774   0.070442409402237155678201511677   0.323726196990934029460860191279
 775   0.014089089207198052750953942745   0.326398508687846108469300058356
 776  -0.042264230987841050176293626186   0.329070820384758187477739925432
 777  -0.098617551182880153103541195118   0.331743132081670266486179792508
 778  -0.154970871377919256030788764050   0.334415443778582345494619659585
 779  -0.211324191572958358958036332982   0.337087755475494424503059526661
 780  -0.267677511767997461885283901913   0.339760067172406503511499393737
 781  -0.324030831963036564812531470845   0.342432378869318582519939260814
 782   0.910447575628254129006923584624   0.339800346543638503583817678143
 783  -0.380384152158075667739779039777   0.345104690566230661528379127889
 784  -0.436737472353114952780771498310   0.347777002263138900148667587496
 785   0.798096710672060168161376160919   0.346989787392736252229414759694
 786   0.608194309879564605448966702683   0.349287758661736084731708779230
 787  -0.493090792549483498030743112212   0.350449313932015892765897368340
 788   0.551840989684526122718003460430   0.351960070358661242349142774810
 789   0.854513098328452634936321925714   0.347160522900767894651873240650
 790  -0.549444112743192976507954624728   0.353121625656966898544983785159
 791   0.495487669489511846140529130697   0.354632382056096855808868644813
 792   0.741788164565273798821069431525   0.350480572712684862454827849572
 793  -0.605797432938232079435202193659   0.355793937353878977553423652235
 794   0.685422801909104938197885845745   0.352885534136204989927109633901
 795   0.439134349294043398759375398422   0.357304693753298204491297881168
 796  -0.662150753048071270157951028674   0.358466250847473801667307469588
 797   0.382743587756156322136210553016   0.359013482794464684406853105234
 798   0.326390267561117219208963333934   0.361685794491376763415300349892
 799  -0.774857391754376707876086208209   0.363810876862536788955622309450
 800  -0.718463043526021501831269109483   0.361896152938595815572428320296
 801   0.270036947366078116281715565775   0.364358106188288842423736015696
 802   0.213683627171039013354467996839   0.367030417885200921432175882677
 803   0.157330306975999910427220427907   0.369702729582113000440615749753
 804   0.100933359316112868791933852430   0.371193448018980489904407579505
 805  -0.897883078001635914240873823553   0.371732486765483732010964000780
 806  -0.841505508558991026116120115065   0.373831917771687191741490002366
 807   0.044580039121073765864686283498   0.373865759715892568912847446582
 808  -0.011773281073965337062561285434   0.376538071412804647921287313658
 809  -0.068126601269004439989808854366   0.379210383109716726929727180734
 810  -0.124479921464043542917056423297   0.381882694806628805938167047811
 811  -0.180833241659082645844303992229   0.384555006503540884946606914887
 812  -0.237186561854121748771551561161   0.387227318200452963955046781963
 813  -0.293539882049160851698799130093   0.389899629897365042963486649040
 814  -0.349893202244199954626046699024   0.392571941594277121971926516116
 815  -0.406246522439239057553294267956   0.395244253291189200980366383192
 816   0.644896319087159079216503907399   0.392134000818262549247270645275
 817   0.889194791242879100089149868355   0.392060820160692668845286211875
 818  -0.462599842634278342594286726489   0.397916564988097439600654842800
 819   0.582331939598412852141228716772   0.399427321386700626382455539163
 820  -0.518953162829317263407789405565   0.400588876685013358997246117181
 821   0.776843926286685139243602444649   0.399250261009790417490883293425
 822   0.525978619403398575563754387038   0.402099633084136239842181409167
 823  -0.575306483024356366335036974497   0.403261188381925438005685984258
 824   0.833260313943077606018548209444   0.399420996517822059913341774381
 825   0.716401329736967328166702056146   0.400862579066246653528123343978
 826   0.469625299208360092832791144785   0.404771944781061397459615404746
 827   0.413271979012880008945860298538   0.407444256478256743943285202645
 828   0.356881217474992932322695674687   0.409153045519423223858847738117
 829   0.300527897279953829395448105755   0.411825357216335302867287605194
 830  -0.649681077419685191489443276780   0.413487566140120971961695221247
 831   0.244174577084914726468200337598   0.414497668913247381875723271041
 832  -0.705993319214998453632709767734   0.416918217797784469523108795943
 833   0.187821256889875623540952768660   0.417169980610159460884163137979
 834  -0.762377567474760907983942846783   0.418829891146327507320156048043
 835   0.131467936694836520613705199728   0.419842292307071539892603005055
 836   0.075070989034949478978418624251   0.421333010743939029356394834807
 837  -0.874798451057375396007442479019   0.423210034741804208664656292897
 838   0.018717668839910376051171055319   0.424005322440851108364834701884
 839  -0.818420881614730507882688770531   0.425309465748007668395182294483
 840  -0.037635651355128726876076513613   0.426677634137763187373274568960
 841  -0.093988971550167829803324082545   0.429349945834675266381714436036
 842  -0.150342291745206932730571651476   0.432022257531587345390154303113
 843  -0.206695611940246035657819220408   0.434694569228499424398594170189
 844  -0.263048932135285138585066789340   0.437366880925411503407034037265
 845  -0.319402252330324241512314358271   0.440039192622323582415473904342
 846  -0.375755572525363344439561927203   0.442711504319235661423913771418
 847   0.675387269001045808639729163741   0.439601251846301933280583409629
 848   0.619033948806007325908765921487   0.442273563543227090898017405208
 849  -0.432108892720402447366809496135   0.445383816016147740432353638494
 850  -0.488462212915441550294057065066   0.448056127713059819440793505570
 851   0.556469569317715269637170133401   0.449566884111899432810498932745
 852   0.862555169234322206834997853553   0.447635614652914004385497651460
 853  -0.606756813757270182888694803112   0.450098295931393005349073658572
 854  -0.544815533110480653221304633998   0.450728439409971898449233372646
 855   0.747892784139824369138866318757   0.447672046553100538926803784825
 856   0.806152657464267024194771295977   0.448898394459072505193593815445
 857   0.500116249122246822256016401127   0.452239195809100781492928169100
 858   0.443762928927196703019276044901   0.454911507506019936911602726224
 859   0.387409608731716619132345070359   0.457583819203215283395272457947
 860   0.331018847193829542509180446508   0.459292608244381763310834993420
 861   0.274665526998790439581932877576   0.461964919941293842319274860496
 862   0.218312206803751336654685109419   0.464637231638205921327710526346
 863  -0.676861750635523857492107045273   0.465231669950465751231335611150
 864   0.161958886608712233727437540481   0.467309543335118000336150393281
 865  -0.736344609914634997407103202817   0.468881095602191886746337184031
 866   0.105605566413673130800189971549   0.469981855032030079344590260357
 867   0.049208618753786089164903396072   0.471472573468897568808382090110
 868  -0.848765493497249485430602835053   0.473261239197668588090837428885
 869  -0.007144701441253013762344172860   0.474144885165809647816821957186
 870  -0.792387924054604597305849126565   0.475360670203872047821363430471
 871  -0.063498021636292116689591741792   0.476817196862721726825261824262
 872  -0.119851341831331219616839310723   0.479489508559633805833701691338
 873  -0.176204662026370322544086879655   0.482161820256545884842141558415
 874  -0.232557982221409425471334448587   0.484834131953457963850581425491
 875  -0.288911302416448528398582017519   0.487506443650370042859021292567
 876  -0.345264622611487631325829586450   0.490178755347282121867461159644
 877   0.706878723403902849611893426351   0.486410719333155818679263850475
 878   0.646442910737634143449016262376   0.491584685540609050974287065425
 879  -0.401617942806526734253077155382   0.492851067044194200875901026720
 880   0.590120759693347116243272065964   0.494848616997391322864797510144
 881  -0.457971263001565837180324724314   0.495523378741106279884340893796
 882  -0.576265863843394469774962462613   0.497565546959439465792621046960
 883  -0.514324583196604940107572293246   0.498195690438018358892780760872
 884   0.776006027644493338787595562228   0.496585066153788075109146124022
 885   0.530607199036563516329432147490   0.499706446836863974461245692679
 886   0.834614930076481787709339236196   0.497781216664519525932669988080
 887  -0.632619184038433572702210031560   0.500237858656351544801060913735
 888   0.474253878841083432442501301243   0.502378758534059320944915490578
 889   0.417900558646033313205760816722   0.505051070230978476363589981526
 890   0.361547238450553229318829842180   0.507723381928173822847259713249
 891   0.305156476912666152695665218329   0.509432170969340302762822248722
 892   0.248803156717627049768417649397   0.512104482666252381771262115798
 893   0.192449836522587946841169881240   0.514776794363164460779697781651
 894  -0.703669559293902209403333940736   0.514872170972774438043946973509
 895   0.136096516327548843913922312302   0.517449106060076539788137648583
 896   0.079743196132509740986674743370   0.520121417756988618796577515659
 897   0.023346248472622699351388167893   0.521612136193856108260369345412
 898  -0.760708682745079117541578090912   0.522043253860551864013034391650
 899  -0.033007071722416403575859401039   0.524284447890768187268809212488
 900  -0.817072891026025077212271472795   0.526090252778196423931626487736
 901  -0.089360391917455506503106969971   0.526956759587680266277249079564
 902  -0.145713712112494609430354538902   0.529629071284592345285688946641
 903  -0.202067032307533712357602107834   0.532301382981504424294128813717
 904  -0.258420352502572815284849676766   0.534973694678416503302568680793
 905  -0.314773672697611918212097245698   0.537646006375328582311008547870
 906   0.680718592843574732298869946504   0.536395572197565072791953169645
 907  -0.371126992892651021139344814630   0.540318318072240661319448414946
 908   0.620878169304031688412445554147   0.542145757220360621386824838268
 909  -0.427480313087690124066592383561   0.542990629769152740327888282022
 910   0.743002432344905208768211153700   0.542340947132205039724602834150
 911   0.564258389412195362935534080053   0.544988179722355864515544270078
 912  -0.483833633282729226993839952493   0.545662941466064819336328149098
 913   0.804326861632765430632539705669   0.545378183588717229190012025966
 914  -0.541398982873299296642776252959   0.547691294575726059319689172309
 915  -0.597779166185459064070108587975   0.549719317380656119710598728286
 916   0.504744828755400126515917047606   0.549846009561822513913233014156
 917  -0.659426992696811924613436927022   0.549878359678660231613672276094
 918   0.448391508559920042628986073064   0.552518321259017860396902745880
 919   0.392038188364869923392245588543   0.555190632955937015815577236828
 920   0.335684868169389839505314614001   0.557862944653132362299246968552
 921   0.279294106631502762882149990150   0.559571733694298842214809504024
 922   0.222940786436463659954902421218   0.562244045391210921223249371103
 923   0.166587466241424557027654653061   0.564916357088123000231685036953
 924  -0.726133607893684155234438311819   0.566623542619492072765705772954
 925   0.110234146046385454100407084123   0.567588668785035079240124903885
 926   0.053880825851346351173159515191   0.570260980481947158248564770961
 927  -0.002516121808540690462127060286   0.571751698918814647712356600714
 928  -0.784871246729823773761787072726   0.573023725106835725266092649191
 929  -0.058869442003579793389374629218   0.574424010615726726720796467790
 930  -0.115222762198618896316622198150   0.577096322312638805729236334867
 931  -0.171576082393657999243869767081   0.579768634009550884737676201943
 932  -0.227929402588697102171117336013   0.582440945706462963746116069019
 933  -0.284282722783736205098364904945   0.585113257403375042754555936095
 934   0.707399248536546102136236578882   0.586104530732251449236315273924
 935  -0.340636042978775308025612473877   0.587785569100287121762995803172
 936   0.651102659521110178976514111194   0.589783119053490245950651713208
 937  -0.396989363173814410952860042809   0.590457880797199200771435670248
 938   0.771323266333177300613155297141   0.591134064567134193805468736095
 939   0.594749339326071076049266542263   0.592455430750402324959091580285
 940  -0.453342683368853513880107611740   0.593130192494111279779875537324
 941  -0.510908032959423583529043912207   0.595158545603772519763236560535
 942   0.538396019131031973122018980169   0.595127742447314403967531591555
 943  -0.628481177572266556369548006472   0.597050326704506358054203021245
 944  -0.567809943811361232561604791568   0.597544071095472237353375856481
 945   0.478882458474236736702401819426   0.599985572286781053365220269458
 946   0.422529138278756652815470844884   0.602657883983976399848890001182
 947   0.366175818083706533578730360364   0.605330195680895555267564492130
 948   0.309822497888238086197576628089   0.608002507378096903949993728485
 949  -0.689029812087374415741483196183   0.609122322408725162009056683258
 950   0.253431736350358526264670303959   0.609711296419511437825212860783
 951   0.197078416155307553988916798402   0.612383608116173217739551596721
 952   0.140725095960268451061669030245   0.615055919813085296747987262571
 953  -0.750296171878428811454647293633   0.617604013865775934018764030495
 954   0.084371775765222064286891855947   0.617728231509993618692112159189
 955   0.028018455570182961359644287012   0.620400543206905697700552026263
 956  -0.028378492089704080275642288465   0.621891261643773187164343856016
 957  -0.084731812284743183202889857397   0.624563573340685266172783723092
 958  -0.141085132479782286130137426329   0.627235885037597345181223590169
 959  -0.197438452674821389057384995261   0.629908196734509424189663457245
 960  -0.253791772869860491984632564192   0.632580508431421503198103324321
 961  -0.310145093064899594911880133124   0.635252820128333582206543191398
 962   0.735720082524818193981180722323   0.634897648167180603317181175868
 963  -0.366498413259938697839127702056   0.637925131825245661214983058474
 964   0.625240289239946789162998883015   0.639922681778448785402638968510
 965  -0.422851733454977800766375270988   0.640597443522157740223422925550
 966  -0.480417083045547870415311571454   0.642625796631818980206783948761
 967   0.568886969044907686235751320921   0.642594993475360864411078979781
 968  -0.536770403240586973342559140386   0.645298108328731059215223815837
 969   0.512533648849868583308503751990   0.645267305172272943419518846857
 970  -0.593123723435626076269806709317   0.647970420025643138223663682913
 971  -0.649522346138720880759649478772   0.649396359717220030016085950118
 972   0.453020088193073346888886591248   0.650125135011739592817207524761
 973   0.680988344854593617266352968834   0.648582487896157159227441642664
 974   0.396666767997593263001955616705   0.652797446708934939300877256484
 975   0.340313447802554780270992374452   0.655469758405860096918311252063
 976   0.283960127607540503693518044564   0.658142070103295710378037121987
 977   0.227569366069775978026480732021   0.659850859148506423706000485684
 978  -0.713192376072119071961692177997   0.660102793655009023262114940799
 979   0.171216045874543359076181601333   0.662523170841337664977270006990
 980   0.114862725679097777400624197733   0.665195482538040079135659546751
 981   0.058509405484058674473376627764   0.667867794234952158144099414489
 982   0.002156085289019571546129058833   0.670540105931864237152539281565
 983  -0.054240862370867470089157516644   0.672030824368731726616331111318
 984  -0.110594182565906573016405085576   0.674703136065643805624770978395
 985  -0.166947502760945675943652654508   0.677375447762555884633210845471
 986  -0.223300822955984778870900223440   0.680047759459467963641650712547
 987  -0.279654143151023881798147792371   0.682720071156380042650090579623
 988  -0.336007463346062984725395361303   0.685392382853292121658530446700
 989  -0.392360783541102087652642930235   0.688064694550204200666970313776
 990  -0.449926133131672157301579230701   0.690093047659865440650331336986
 991   0.602222622979821962441992443898   0.691430205372071166867272021521
 992  -0.506279453326711260228826799633   0.692765359356777519658771204063
 993   0.545869302784782859514744881804   0.694102517068983245875712032792
 994  -0.562632773521750363156074368565   0.695437671053689598667211071139
 995   0.486671278568705193494988523810   0.695406867897231482871506102160
 996   0.427157717911909957075371363068   0.700264697736698132269194780063
 997  -0.673684910123465536979858460586   0.700376830963503891269144207659
 998   0.370804397716895680497897033335   0.702937009434133745728920650066
 999   0.314451077521857197766933791082   0.705609321131058903346354645645
1000   0.669986142476493474006462865591   0.703915927059482103104704783017
1001  -0.617728985765411259122688012543   0.707572140272057837325898196247
1002   0.258097757326842921189459461349   0.708281632828494516806080515648
1003   0.201706995790584763412013235048   0.709990421923416007161460141428
1004   0.145353675592973490514356537455   0.712662733566086539579206935638
1005   0.089000355397934387587108968523   0.715335045262998618587646802711
1006   0.032647035202895284659861399585   0.718007356959910697596086669791
1007  -0.023706284992143818267386169346   0.720679668656822776604526536868
1008  -0.080103232652030859902672744823   0.722170387093690266068318366620
1009  -0.136456552847069962829920313755   0.724842698790602345076758233697
1010  -0.192809873042109065757167882687   0.727515010487514424085198100773
1011  -0.249163193237148168684415451619   0.730187322184426503093637967849
1012  -0.305516513432187271611663020550   0.732859633881338582102077834926
1013  -0.361869833627226374538910589482   0.735531945578250661110517702002
1014  -0.419435183217796444187846889949   0.737560298687911901093878725213
1015  -0.475788503412835547115094458880   0.740232610384823980102318592289
1016   0.628009018226449424960679319413   0.741608883782276070541726177194
1017   0.517328181268334565822285561766   0.742767107166849963292507391212
1018  -0.534317333912000000000000000000   0.744338754747000000000000000000
1019   0.460808908287541803681473295631   0.745546430622190022323493357462
1020   0.401295347650319863052287424528   0.750404260471752727522250394783
1021   0.344942027455305586474813094795   0.753076572169188340981976264787
1022   0.572783198352697448994766972163   0.753139138162902562087987382318
1023   0.288588707260267103743849852542   0.755748883866113498599410260366
1024   0.232235387065252827166375522809   0.758421195563549112059136130369
1025   0.175844625562796230303671453240   0.760129985773936018280412395570
1026  -0.603047624644608556669331459614   0.762045028780476756391979884126
1027   0.119491305311810100700841309270   0.762802296291045079031194190941
1028   0.063137985116770997773593740339   0.765474607987957158039634058017
1029   0.006784664921731894846346171407   0.768146919684869237048073925094
1030  -0.049568655273307208080901397525   0.770819231381781316056513792170
1031  -0.105965602933194249716187973002   0.772309949818648805520305621923
1032  -0.162318923128233352643435541934   0.774982261515560884528745488999
1033  -0.218672243323272455570683110866   0.777654573212472963537185356075
1034  -0.278119558841923247364170935639   0.782177428093864613567509951350
1035  -0.388944233303920731074114549196   0.785027549715958361537426113438
1036  -0.445297553498959834001362118128   0.787699861412870440545865980515
1037  -0.501650873693998936928609687060   0.790372173109782519554305847591
1038   0.491465810987171176008770333587   0.792906669891808502744494646514
1039  -0.333261915945330118141971912306   0.794100447840992810484201922048
1040  -0.557810081786520113987016228112   0.795755600756826645157118937080
1041   0.434946538025951709658389357091   0.795685993357244617576548972182
1042   0.319426887012128743432085959200   0.803393721879550677109152318520
1043   0.546920828071534059181251743984   0.803278700887861101539974637620
1044   0.376239438598000000000000000000   0.804689776210000000000000000000
1045   0.263073566817090260701122716947   0.806066033576475834726586314099
1046   0.205644902196483217312864674491   0.808178446906984367546871240084
1047   0.149285092727443862356080096410   0.810710209815243546367266842224
1048   0.092866990678443378406237276318   0.813422748464143591404893619752
1049  -0.019077705359431494967169056772   0.818286482409827776500061180396
1050  -0.075431025554470597894416625704   0.820958794106739855508501047472
1051  -0.131827973214357639529703201181   0.822449512543607344972292877225
1052   0.037182636305530116206860961177   0.822483136142486652599839981409
1053  -0.188382930031000000000000000000   0.825349307027000000000000000000
1054  -0.244762231934222292273362468611   0.827676073000969538794445251444
1055  -0.369035368853331340291913587491   0.837814622594629263532714307743
1056  -0.426263465763885661411973754404   0.840808631412782451946546768701
1057  -0.303034390137655291071651759627   0.841735882449657896181918145265
1058  -0.482616785958924764339221323336   0.843480943109694530954986635778
1059   0.476083366197792661980244147784   0.847185748173516427450155188658
1060   0.419737654987851161170161982824   0.850013958748407873829183158993
1061   0.341154815788332948274822080416   0.855458441776101089243990967471
1062   0.236143895243552904121572602678   0.855640530404496884708085702060
1063   0.179791028694634040993757911953   0.858322391424347938448573085553
1064   0.123421473695930077241548417464   0.860849128405524021710599797086
1065  -0.044845845062805476764463788727   0.868474537991185543963066554557
1066   0.067774044244372378363908268797   0.870133606971602136875645897405
1067  -0.101199165257844579691711357658   0.871146849688097622971506421633
1068  -0.157596112917731621326997933135   0.872637568124965112435298251386
1069   0.011414496602156134409566229222   0.872671191723844420062845355570
1070   0.288685145022986452217582926231   0.876189375102562740847260181723
1071  -0.262687743489280603341439771064   0.881169193888608222941383551477
1072  -0.338746190028723089851835973850   0.885410878675764030420128581901
1073  -0.395110346332319494974163769367   0.887843948957077075829674702673
1074   0.383238120123287197099230327451   0.893032813934018459319191519633
1075  -0.208516375666526156201232148808   0.896926758897895007478381545817
1076   0.153793977840435036708489011154   0.908392255551328010916081724077
1077   0.224645426423351365775124134173   0.910872977042328420801840523104
1078   0.330769794389803606772657887434   0.913767151192178382863347769717
1079   0.098146548388877337830848862488   0.917676734117406126081127824396
1080  -0.070708215343968866577979016906   0.918614100716144083415053809859
1081  -0.014447873679007255403948998957   0.922810754448802959514832610872
1082   0.041968748546877028621316171518   0.922862556301226657583049802739
1083  -0.298399543380348402121623985288   0.924844190114714357179593988112
1084  -0.139720313521374468501747409065   0.926147321841005072952029124184
1085   0.277186676202784913871134457725   0.931421821740394276941015002767
1086  -0.244228175557593954981416363032   0.940601755124001141716591982453
1087  -0.189233686241673792090815692687   0.953189212837582473429209612581
1088   0.187683928625261758995096783553   0.953495572309766937753617854128
1089   0.132036499173704060117456634886   0.962780050875845052918663954447
1090  -0.100388182802699495084553622229   0.966592611306394236265229459045
1091   0.074553572739000000000000000000   0.968926901062000000000000000000
1092  -0.044127841137737883910523604281   0.970789265039053112365008260058
1093   0.013715575713772871587390371397   0.971694883418340381447140793770
