   1   0.000000000000000000000000000000  -0.931049001643473594310351955824
   2  -0.133885433701993020756598144032  -0.923401637576969484769523818561
   3   0.133885433701993020756598144032  -0.923401637576969484769523818561
   4  -0.314287850070687855089677543160  -0.878532322077761976402589117848
   5   0.314287850070687855089677543160  -0.878532322077761976402589117848
   6  -0.436789024729535813444017351258  -0.824506665535955884429448440653
   7   0.436789024729535813444017351258  -0.824506665535955884429448440653
   8  -0.200828150552989531134897216047  -0.807453450794346288631037965319
   9  -0.066942716850996510378299072016  -0.807453450794346288631037965319
  10   0.066942716850996510378299072016  -0.807453450794346288631037965319
  11   0.200828150552989531134897216047  -0.807453450794346288631037965319
  12  -0.550296843860877054847398597063  -0.753504663073930266876258464475
  13   0.550296843860877054847398597063  -0.753504663073930266876258464475
  14  -0.401601719945655682463642385800  -0.695327863329026070230041676551
  15   0.401601719945655682463642385800  -0.695327863329026070230041676551
  16  -0.267770867403986041513196288063  -0.691505264011723092492552112076
  17  -0.133885433701993020756598144032  -0.691505264011723092492552112076
  18   0.000000000000000000000000000000  -0.691505264011723092492552112076
  19   0.133885433701993020756598144032  -0.691505264011723092492552112076
  20   0.267770867403986041513196288063  -0.691505264011723092492552112076
  21  -0.593728242939929154938324564596  -0.626859398923994991932456553808
  22   0.593728242939929154938324564596  -0.626859398923994991932456553808
  23  -0.722543060324507546969031343703  -0.590362108891055709939472673982
  24   0.722543060324507546969031343703  -0.590362108891055709939472673982
  25  -0.468544436796652192841941457816  -0.579379676546402874091555823309
  26   0.468544436796652192841941457816  -0.579379676546402874091555823309
  27  -0.334713584254982551891495360079  -0.575557077229099896354066258834
  28  -0.200828150552989531134897216047  -0.575557077229099896354066258834
  29  -0.066942716850996510378299072016  -0.575557077229099896354066258834
  30   0.066942716850996510378299072016  -0.575557077229099896354066258834
  31   0.200828150552989531134897216047  -0.575557077229099896354066258834
  32   0.334713584254982551891495360079  -0.575557077229099896354066258834
  33  -0.805204035905647395072255105379  -0.467514297394714944021943225242
  34  -0.669310320698124479004307989187  -0.467514297394714944021943225242
  35   0.669310320698124479004307989187  -0.467514297394714944021943225242
  36   0.805204035905647395072255105379  -0.467514297394714944021943225242
  37  -0.535487153647648703220240529832  -0.463431489763779677953069970066
  38   0.535487153647648703220240529832  -0.463431489763779677953069970066
  39  -0.401656301105979062269794432095  -0.459608890446476700215580405592
  40  -0.267770867403986041513196288063  -0.459608890446476700215580405592
  41  -0.133885433701993020756598144032  -0.459608890446476700215580405592
  42   0.000000000000000000000000000000  -0.459608890446476700215580405592
  43   0.133885433701993020756598144032  -0.459608890446476700215580405592
  44   0.267770867403986041513196288063  -0.459608890446476700215580405592
  45   0.401656301105979062269794432095  -0.459608890446476700215580405592
  46  -0.736253037549120989382607061203  -0.351566110612091747883457372000
  47   0.736253037549120989382607061203  -0.351566110612091747883457372000
  48  -0.602429870498645213598539601848  -0.347483302981156481814584116824
  49   0.602429870498645213598539601848  -0.347483302981156481814584116824
  50  -0.468599017956975572648093504110  -0.343660703663853504077094552350
  51  -0.334713584254982551891495360079  -0.343660703663853504077094552350
  52  -0.200828150552989531134897216047  -0.343660703663853504077094552350
  53  -0.066942716850996510378299072016  -0.343660703663853504077094552350
  54   0.066942716850996510378299072016  -0.343660703663853504077094552350
  55   0.200828150552989531134897216047  -0.343660703663853504077094552350
  56   0.334713584254982551891495360079  -0.343660703663853504077094552350
  57   0.468599017956975572648093504110  -0.343660703663853504077094552350
  58  -0.869497577324104065846626875918  -0.338481693249300179026097139763
  59   0.869497577324104065846626875918  -0.338481693249300179026097139763
  60  -0.669372587349641723976838673863  -0.231535116198533285676098263582
  61   0.669372587349641723976838673863  -0.231535116198533285676098263582
  62  -0.535541734807972083026392576126  -0.227712516881230307938608699107
  63  -0.401656301105979062269794432095  -0.227712516881230307938608699107
  64  -0.267770867403986041513196288063  -0.227712516881230307938608699107
  65  -0.133885433701993020756598144032  -0.227712516881230307938608699107
  66   0.000000000000000000000000000000  -0.227712516881230307938608699107
  67   0.133885433701993020756598144032  -0.227712516881230307938608699107
  68   0.267770867403986041513196288063  -0.227712516881230307938608699107
  69   0.401656301105979062269794432095  -0.227712516881230307938608699107
  70   0.535541734807972083026392576126  -0.227712516881230307938608699107
  71  -0.802939962957348261942588307531  -0.222312018517135287786237804274
  72   0.802939962957348261942588307531  -0.222312018517135287786237804274
  73  -0.919767916894692915750705079199  -0.156916769940618320865600284676
  74   0.919767916894692915750705079199  -0.156916769940618320865600284676
  75  -0.602551394375819589915069947214  -0.111764330098607111800122845865
  76  -0.468599017956975572648093504110  -0.111764330098607111800122845865
  77  -0.334713584254982551891495360079  -0.111764330098607111800122845865
  78  -0.200828150552989531134897216047  -0.111764330098607111800122845865
  79  -0.066942716850996510378299072016  -0.111764330098607111800122845865
  80   0.066942716850996510378299072016  -0.111764330098607111800122845865
  81   0.200828150552989531134897216047  -0.111764330098607111800122845865
  82   0.334713584254982551891495360079  -0.111764330098607111800122845865
  83   0.468599017956975572648093504110  -0.111764330098607111800122845865
  84   0.602551394375819589915069947214  -0.111764330098607111800122845865
  85  -0.736569071363799324807493293457  -0.106035563004214944833580899074
  86   0.736569071363799324807493293457  -0.106035563004214944833580899074
  87  -0.932757181599450978034838792089  -0.023662920615353067439453703442
  88   0.932757181599450978034838792089  -0.023662920615353067439453703442
  89  -0.535541734807972083026392576126   0.004183856684016084338363007377
  90  -0.401656301105979062269794432095   0.004183856684016084338363007377
  91  -0.267770867403986041513196288063   0.004183856684016084338363007377
  92  -0.133885433701993020756598144032   0.004183856684016084338363007377
  93   0.000000000000000000000000000000   0.004183856684016084338363007377
  94   0.133885433701993020756598144032   0.004183856684016084338363007377
  95   0.267770867403986041513196288063   0.004183856684016084338363007377
  96   0.401656301105979062269794432095   0.004183856684016084338363007377
  97   0.535541734807972083026392576126   0.004183856684016084338363007377
  98  -0.669312217411470942334307542752   0.009730688356040901641818816059
  99   0.669312217411470942334307542752   0.009730688356040901641818816059
 100  -0.803197158966511522755812708967   0.010093706777249184123747627591
 101   0.803197158966511522755812708967   0.010093706777249184123747627591
 102  -0.926541254598320080355051911619   0.110078141176033127730655734182
 103   0.926541254598320080355051911619   0.110078141176033127730655734182
 104  -0.468599017956975572648093504110   0.120132043466639280476848860619
 105  -0.334713584254982551891495360079   0.120132043466639280476848860619
 106  -0.200828150552989531134897216047   0.120132043466639280476848860619
 107  -0.066942716850996510378299072016   0.120132043466639280476848860619
 108   0.066942716850996510378299072016   0.120132043466639280476848860619
 109   0.200828150552989531134897216047   0.120132043466639280476848860619
 110   0.334713584254982551891495360079   0.120132043466639280476848860619
 111   0.468599017956975572648093504110   0.120132043466639280476848860619
 112  -0.602369500560474431956008470736   0.125678875138664097780304669302
 113   0.602369500560474431956008470736   0.125678875138664097780304669302
 114  -0.736254442115515012377513636951   0.126041893559872380262233480834
 115   0.736254442115515012377513636951   0.126041893559872380262233480834
 116  -0.839244327435560013718268989673   0.211589499483911819266097437835
 117   0.839244327435560013718268989673   0.211589499483911819266097437835
 118  -0.401656301105979062269794432095   0.236080230249262476615334713862
 119  -0.267770867403986041513196288063   0.236080230249262476615334713862
 120  -0.133885433701993020756598144032   0.236080230249262476615334713862
 121   0.000000000000000000000000000000   0.236080230249262476615334713862
 122   0.133885433701993020756598144032   0.236080230249262476615334713862
 123   0.267770867403986041513196288063   0.236080230249262476615334713862
 124   0.401656301105979062269794432095   0.236080230249262476615334713862
 125  -0.535426783709477921577709398721   0.241627061921287293918790522544
 126   0.535426783709477921577709398721   0.241627061921287293918790522544
 127  -0.671778812725216552233227052922   0.243490006712710994524531519789
 128   0.671778812725216552233227052922   0.243490006712710994524531519789
 129  -0.867979865477921274212803269093   0.342354855029586750006933486670
 130   0.867979865477921274212803269093   0.342354855029586750006933486670
 131  -0.334713584254982551891495360079   0.352028417031885672753820567104
 132  -0.200828150552989531134897216047   0.352028417031885672753820567104
 133  -0.066942716850996510378299072016   0.352028417031885672753820567104
 134   0.066942716850996510378299072016   0.352028417031885672753820567104
 135   0.200828150552989531134897216047   0.352028417031885672753820567104
 136   0.334713584254982551891495360079   0.352028417031885672753820567104
 137  -0.601608949633438355146196710040   0.358011039646677565945017121613
 138   0.601608949633438355146196710040   0.358011039646677565945017121613
 139  -0.735452150083824519335327893057   0.361373635484496539142605171872
 140   0.735452150083824519335327893057   0.361373635484496539142605171872
 141  -0.467928292149327044053176705470   0.365413145575836044036898947402
 142   0.467928292149327044053176705470   0.365413145575836044036898947402
 143  -0.267770867403986041513196288063   0.467976603814508868892306420346
 144  -0.133885433701993020756598144032   0.467976603814508868892306420346
 145   0.000000000000000000000000000000   0.467976603814508868892306420346
 146   0.133885433701993020756598144032   0.467976603814508868892306420346
 147   0.267770867403986041513196288063   0.467976603814508868892306420346
 148  -0.667495752258131377605185690539   0.476730635064612599934282980611
 149   0.667495752258131377605185690539   0.476730635064612599934282980611
 150  -0.801376043311709279449491689895   0.477904102141286421108950542155
 151   0.801376043311709279449491689895   0.477904102141286421108950542155
 152  -0.533714888460003359148747310795   0.482021177475130519841794944890
 153   0.533714888460003359148747310795   0.482021177475130519841794944890
 154  -0.400007504763174809519255814476   0.488923706179876017666531183704
 155   0.400007504763174809519255814476   0.488923706179876017666531183704
 156  -0.200828150552989531134897216047   0.583924790597132065030792273588
 157  -0.066942716850996510378299072016   0.583924790597132065030792273588
 158   0.066942716850996510378299072016   0.583924790597132065030792273588
 159   0.200828150552989531134897216047   0.583924790597132065030792273588
 160  -0.712039461584416848973311785253   0.602988970698447712299086546503
 161   0.712039461584416848973311785253   0.602988970698447712299086546503
 162  -0.333064787912178299140956742460   0.604871892962499213805017036946
 163   0.333064787912178299140956742460   0.604871892962499213805017036946
 164  -0.578258597786288830516873405509   0.608279513108965632206598510783
 165   0.578258597786288830516873405509   0.608279513108965632206598510783
 166  -0.454994125339351078661828981965   0.661628773793212676530833388875
 167   0.454994125339351078661828981965   0.661628773793212676530833388875
 168  -0.133885433701993020756598144032   0.699872977379755261169278126831
 169   0.000000000000000000000000000000   0.699872977379755261169278126831
 170   0.133885433701993020756598144032   0.699872977379755261169278126831
 171  -0.344541842402545814221476013264   0.738264496122479203174595110737
 172   0.344541842402545814221476013264   0.738264496122479203174595110737
 173  -0.566209505205996067821964549755   0.741621662205049659888957151753
 174   0.566209505205996067821964549755   0.741621662205049659888957151753
 175  -0.216796792727354947807998109658   0.804996789630540306168536845150
 176   0.216796792727354947807998109658   0.804996789630540306168536845150
 177  -0.454238578583048919732763488737   0.815023439763698429695844233712
 178   0.454238578583048919732763488737   0.815023439763698429695844233712
 179  -0.066942716850996510378299072016   0.815821164162378457307763980073
 180   0.066942716850996510378299072016   0.815821164162378457307763980073
 181  -0.332915015331843517040775787549   0.871644128187644058412214936082
 182   0.332915015331843517040775787549   0.871644128187644058412214936082
 183  -0.149854075876358437429699037642   0.920944976413163502307022698393
 184   0.149854075876358437429699037642   0.920944976413163502307022698393
 185   0.000000000000000000000000000000   0.932990340432152493111322628912
