   1  -0.702188075893433517735932031876  -0.674903539249067344084309130683
   2  -0.232989317660197667655626515090  -0.945663184793653283066248410391
   3  -0.639215870371367128527029412360  -0.734823755932819111443386817243
   4  -0.367033686455210624271518700236  -0.902135884567806044354051693082
   5  -0.452763492853704931740813412258  -0.862303949171493020090215442176
   6  -0.935506538940240297741669265693  -0.270906620107173457353183904826
   7  -0.318251727198660012740210447880  -0.920477440979902245318669984797
   8  -0.400647351217606175273926609870  -0.862308585114200621642520995356
   9  -0.919329770283000000000000000000  -0.321469935259000000000000000000
  10  -0.337794474695739822942148244195  -0.858994712397700425362724770887
  11  -0.598993985586918643927071534005  -0.767964248157775919381179863879
  12  -0.546880628001217150860811270469  -0.767425544463079283338906033290
  13  -0.530379221621809814368125609426  -0.816860307818713201201294227194
  14  -0.478263080413229727422327582083  -0.816852180506016431935400071415
  15  -0.650877078753842097480503110080  -0.684028987899227633343161797767
  16  -0.964531368355982340422764766925  -0.135063395023137349731154276895
  17  -0.494764486792637063915013243126  -0.767417417150382514073011877512
  18  -0.573316753523406222183963865326  -0.722506825190307314554287780194
  19  -0.521050566598137263210687939066  -0.722160766009639418717690643111
  20  -0.599231816870267295627852659803  -0.677039054744837180477316429394
  21  -0.917726600203142155826888685004  -0.221917172069551028073695077878
  22  -0.426090406209173204730909047795  -0.816825146444482967770606022481
  23  -0.972599565135762886411382500403  -0.051117190020233518023132834237
  24  -0.547115675661687208682054632460  -0.677030927432140411211422273616
  25  -0.371408139458135373944556153829  -0.819167412944095002651194073161
  26  -0.737654842720000000000000000000  -0.635929974740000000000000000000
  27  -0.442648345584056976969215215783  -0.767409289837685744807117721734
  28  -0.313108717643000000000000000000  -0.812944107397000000000000000000
  29  -0.468934425389557176264889911723  -0.722152638696942649451796487333
  30  -0.494999534453107121736256605117  -0.677022800119443641945528117838
  31  -0.267913720032290802431916722667  -0.906980134765533646989041270734
  32  -0.390638025441762122803376524587  -0.770728753532602340427765027991
  33  -0.629434187802000000000000000000  -0.634315684227000000000000000000
  34  -0.416818284180977089319091884380  -0.722144511384245880185902331555
  35  -0.442883393244527034790458577774  -0.677014672806746872679633962060
  36  -0.181366630176000000000000000000  -0.956874534648000000000000000000
  37  -0.338637033908847056901927163644  -0.767266222649048118426276545271
  38  -0.285688044402871675695934317273  -0.857988649447212811247503755678
  39  -0.573180784725237154153421325853  -0.631901088854641403705153904121
  40  -0.521064643516657067207623298510  -0.631892961541944634439259748343
  41  -0.286520892700266969956129136301  -0.767258095336351349160382389493
  42  -0.364702142972397002373293857037  -0.722136384071549110920008175776
  43  -0.390767252035946947844660550430  -0.677006545494050103413739806281
  44  -0.312586001763816915427495829694  -0.722128256758852341654114019998
  45  -0.260455783636717024484762442907  -0.812387933913850356666650758988
  46  -0.468948502308076980261825271167  -0.631884834229247865173365592565
  47  -0.260469860555236828481697802351  -0.722120129446155572388219864220
  48  -0.770804280536397092411809476179  -0.595334899300055300574570609633
  49  -0.719735329925500445282523068843  -0.584939971497147281883858946683
  50  -0.686606258770613997004338631569  -0.625171263856955235843532093451
  51  -0.338651110827366860898862523087  -0.676998418181353334147845650503
  52  -0.286534969618786773953064495744  -0.676990290868656564881951494725
  53  -0.416832361099496893316027243824  -0.631876706916551095907471436786
  54  -0.900781341083517393305933028143  -0.370345591000648520800135165060
  55  -0.129575218463920999141758224978  -0.965283970641731355436618684148
  56  -0.364716219890916806370229216480  -0.631868579603854326641577281008
  57  -0.955925734736865277755985409421  -0.186464127610712337743431962126
  58  -0.651362034997367186570586046589  -0.586779377589839165464779690404
  59  -0.801546006755110129365680133494  -0.553251190936609445620015584042
  60  -0.856062622955708382554642784976  -0.464456313118933072959574692591
  61  -0.737553893819833736357123616277  -0.535964559081635830911384307755
  62  -0.879681411364177543107579494615  -0.417999396791632204909669641528
  63  -0.685238178297000000000000000000  -0.545786243646000000000000000000
  64  -0.832856980371761923140296226169  -0.371018801307759108054053618908
  65  -0.829992605331281477898134589493  -0.509583316360760927880460336338
  66  -0.825077999512307949532238154697  -0.422551118326442829129957031002
  67  -0.778244430008386331134571071024  -0.503401197688592224704919992597
  68  -0.077755348216896571930158156138  -0.970833140679441831452780106956
  69  -0.781673503396597109930484154112  -0.451397989170038912211868737698
  70  -0.866427400156903502189565261491  -0.331155043883561800280357234359
  71  -0.703492253124467077513319433376  -0.496519700434841150452242951415
  72  -0.781687580315116913927419513556  -0.361130184702344127933437842930
  73  -0.729557362188017022984686126769  -0.451389861857342142945974581920
  74  -0.815260139023000000000000000000  -0.320685183845000000000000000000
  75  -0.651376111915886990567521406033  -0.496511573122144381186348795636
  76  -0.755622471251566968456052820162  -0.406260023279843135439706212425
  77  -0.755636548170086772452988179606  -0.315992218812148351161275317657
  78  -0.703506330042986881510254792819  -0.406251895967146366173812056647
  79  -0.599245893788787099624788019246  -0.586771250277142396198885534626
  80  -0.884658104962164150042145291375  -0.282331549100524018639807441410
  81  -0.729571439106536826981621486213  -0.361122057389647358667543687152
  82  -0.233941755507004324926918081552  -0.864186538283849563054818832619
  83  -0.677441220979436936038888099426  -0.451381734544645373680080426141
  84  -0.625311002852337045096154712639  -0.541641411699643388692617165131
  85  -0.833817798442216804870152900342  -0.270870507547346112920901103941
  86  -0.625325079770856849093090072083  -0.451373607231948604414186270363
  87  -0.025712835167657328280009883181  -0.973602450348950497780577659778
  88  -0.651390188834406794564456765476  -0.406243768654449596907917900868
  89  -0.781701657233636717924354872999  -0.270862380234649343655006948162
  90  -0.677455297897956740035823458869  -0.361113930076950589401649531373
  91  -0.703520406961506685507190152263  -0.315984091499451581895381161879
  92  -0.729585516025056630978556845656  -0.270854252921952574389112792384
  93  -0.677469374816476544032758818313  -0.270846125609255805123218636606
  94  -0.651404265752926598561392124920  -0.315975964186754812629487006100
  95  -0.885948016569316695812886287129  -0.180610830392348097908364364952
  96  -0.573194861643756958150356685296  -0.541633284386946619426723009353
  97  -0.625339156689376653090025431526  -0.361105802764253820135755375595
  98  -0.938077914254085418336004961026  -0.090160087721729092950264846312
  99  -0.547129752580207012678989991903  -0.586763122964445626932991378848
 100  -0.625353233607896457086960790970  -0.270837998296559035857324480827
 101  -0.651418342671446402558327484363  -0.225708159719060028351056111332
 102  -0.312600078682336719424431189137  -0.631860452291157557375683125230
 103  -0.599259970707306903621723378689  -0.496503445809447611920454639858
 104  -0.234404751491686883010331108958  -0.767249968023654579894488233715
 105  -0.260483937473756632478633161794  -0.631852324978460788109788969452
 106  -0.495013611371626925733191964560  -0.586754995651748857667097223070
 107  -0.442897470163046838787393937217  -0.586746868339052088401203067292
 108  -0.863409785012000000000000000000  -0.227683761395000000000000000000
 109  -0.416846438018016697312962603267  -0.541608902448856311629040542018
 110  -0.547143829498726816675925351346  -0.496495318496750842654560484080
 111  -0.390781328954466751841595909874  -0.586738741026355319135308911513
 112  -0.338665187745886664895797882531  -0.586730613713658549869414755735
 113  -0.755650625088606576449923539050  -0.225724414344453566882844422889
 114  -0.495027688290146729730127324003  -0.496487191184054073388666328302
 115  -0.599274047625826707618658738133  -0.406235641341752827642023745090
 116  -0.197727103238580398599889019945  -0.907287821934003887382954052199
 117  -0.573208938562276762147292044740  -0.451365479919251835148292114585
 118  -0.468976656145116588255695990054  -0.451349225293858296616503803029
 119  -0.599288124544346511615594097577  -0.315967836874058043363592850322
 120  -0.677483451734996348029694177757  -0.180578321141561020844787741838
 121  -0.547157906417246620672860710790  -0.406227514029056058376129589312
 122  -0.182253526626093321934283551442  -0.857521762542654002024438811259
 123  -0.208339644290632999834966471608  -0.812404064178069155470018450358
 124  -0.912338261664033783807153627983  -0.135476337843173600430188431922
 125  -0.521078720435176871204558657953  -0.541625157074249850160828853575
 126  -0.208353719346656741535899775008  -0.722112002133458803122325708441
 127  -0.286549046537306577949999855188  -0.586722486400961780603520599957
 128  -0.807766766297186663395721566393  -0.225732541657150336148738578668
 129  -0.885962093487836499809821646574  -0.090343025924653313629933470184
 130  -0.703534483880026489504125511706  -0.225716287031756797616950267111
 131  -0.833831875360736608867088259786  -0.180602703079651328642470209173
 132  -0.781715734152156521921290232443  -0.180594575766954559376576053394
 133  -0.521092797353696675201494017397  -0.451357352606555065882397958807
 134  -0.495041765208666533727062683447  -0.406219386716359289110235433534
 135  -0.573223015480796566144227404183  -0.361097675451557050869861219817
 136  -0.547171983335766424669796070233  -0.315959709561361274097698694544
 137  -0.146333458043713693739433531800  -0.915935681444311950596525693935
 138  -0.046524920273589917777511470528  -0.925822231072880928536125604244
 139  -0.521106874272216479198429376840  -0.361089548138860281603967064039
 140  -0.755664702007126380446858898493  -0.135456609876758782604413528121
 141  -0.833845952279256412864023619231  -0.090334898611956544364039314405
 142  -0.234418828410206687007266468401  -0.676982163555959795616057338947
 143  -0.182302687201626600061468441058  -0.676974036243263026350163183168
 144  -0.625367310526416261083896150414  -0.180570193828864251578893586059
 145  -0.573237092399316370141162763627  -0.270829870983862266591430325049
 146  -0.599302201462866315612529457020  -0.225700032406363259085161955554
 147  -0.095030914064103534354192410023  -0.906762829011941933075516967763
 148  -0.807780843215706467392656925837  -0.135464737189455551870307683900
 149  -0.468962579226596784258760630610  -0.541617029761553080894934697797
 150  -0.781729811070676325918225591887  -0.090326771299259775098145158626
 151  -0.208367796265176545532835134451  -0.631844197665764018843894813673
 152  -0.234432905328726491004201827845  -0.586714359088265011337626444179
 153  -0.364730296809436610367164575924  -0.541600775136159542363146386240
 154  -0.912026882109055276861573627076  -0.045022121831533316178102321039
 155  -0.729599592943576434975492205100  -0.180586448454257790110681897616
 156  -0.312614155600856523421366548581  -0.541592647823462773097252230462
 157  -0.182288610283106796064533081615  -0.767241840710957810628594077936
 158  -0.182316764120146404058403800502  -0.586706231775568242071732288400
 159  -0.260498014392276436475568521238  -0.541584520510766003831358074684
 160  -0.729627746780616042969362923988  -0.000050839518868221553820108080
 161  -0.129865034708010450777895979999  -0.866487939066526815413848297083
 162  -0.703548560798546293501060871150  -0.135448482564062013338519372343
 163  -0.156223501219556850593166388221  -0.812371679288456818134862447431
 164  -0.442911547081566642784329296660  -0.496479063871357304122772172524
 165  -0.859896984424286554338454953181  -0.135472864502152321136201839679
 166  -0.025926109738846731230203640142  -0.857485263240562287109342505369
 167  -0.651432419589966206555262843807  -0.135440355251365244072625216564
 168  -0.156237578138076654590101747665  -0.722103874820762033856431552663
 169  -0.390795405872986555838531269317  -0.496470936558660534856878016745
 170  -0.208424103939255761520576572225  -0.270772979794984881730171234601
 171  -0.312670463274935739409107986355  -0.180521429952683635983528651390
 172  -0.130186545993046513115670413715  -0.676965908930566257084269027390
 173  -0.859911061342806358335390312625  -0.045205060034457536857770944911
 174  -0.442925624000086446781264656104  -0.406211259403662519844341277755
 175  -0.729613669862096238972427564544  -0.090318643986563005832251002848
 176  -0.208381873183696349529770493895  -0.541576393198069234565463918905
 177  -0.416860514936536501309897962711  -0.451341097981161527350609647250
 178  -0.130172469074526709118735054272  -0.767233713398261041362699922158
 179  -0.468990733063636392252631349497  -0.361081420826163512338072908261
 180  -0.156279808893636066580907825995  -0.451300461417677681021138868359
 181  -0.495055842127186337723998042890  -0.315951582248664504831804538766
 182  -0.521120951190736283195364736284  -0.270821743671165497325536169271
 183  -0.390823559710026163832401988204  -0.315935327623270966300016227209
 184  -0.182358994875705816049209878832  -0.315902818372483889236439604096
 185  -0.234489213002805706991943265619  -0.225643141217485874223902865107
 186  -0.677497528653516152026629537201  -0.090310516673866236566356847070
 187  -0.599316278381386119609464816464  -0.135432227938668474806731060786
 188  -0.807794920134226271389592285281  -0.045196932721760767591876789132
 189  -0.390809482791506359835466628761  -0.406203132090965750578447121977
 190  -0.625381387444936065080831509857  -0.090302389361169467300462691291
 191  -0.338679264664406468892733241974  -0.496462809245963765590983860967
 192  -0.286563123455826381946935214631  -0.496454681933266996325089705189
 193  -0.234446982247246295001137187288  -0.496446554620570227059195549411
 194  -0.364758450646476218361035294811  -0.361065166200769973806284596704
 195  -0.182330841038666208055339159945  -0.496438427307873457793301393632
 196  -0.364744373727956414364099935368  -0.451332970668464758084715491472
 197  -0.312628232519376327418301908024  -0.451324843355767988818821335694
 198  -0.416888668773576109303768681598  -0.270805489045771958793747857714
 199  -0.286605354211385793937741292962  -0.225651268530182643489797020885
 200  -0.521135028109256087192300095728  -0.180553939203470713047105274503
 201  -0.260512091310796240472503880681  -0.451316716043071219552927179916
 202  -0.547200137172806032663666789121  -0.135424100625971705540836905008
 203  -0.755678778925646184443794257937  -0.045188805409063998325982633353
 204  -0.573265246236355978135033482514  -0.090294262048472698034568535513
 205  -0.156251655056596458587037107108  -0.631836070353067249578000657895
 206  -0.469004809982156196249566708941  -0.270813616358468728059642013492
 207  -0.078042250947426818176001667485  -0.857493390553259056375236661148
 208  -0.547186060254286228666731429677  -0.225691905093666489819267799776
 209  -0.625395464363455869077766869301  -0.000034584893474683022031796524
 210  -0.495069919045706141720933402334  -0.225683777780969720553373643998
 211  -0.442953777837126054775135374991  -0.225675650468272951287479488219
 212  -0.104107360010976763647368360878  -0.812363551975760048868968291653
 213  -0.442939700918606250778200015547  -0.315943454935967735565910382987
 214  -0.104121436929496567644303720322  -0.722095747508065264590537396885
 215  -0.416874591855056305306833322154  -0.361073293513466743072178752482
 216  -0.338693341582926272889668601418  -0.406195004778268981312552966199
 217  -0.364772527564996022357970654255  -0.270797361733075189527853701936
 218  -0.286577200374346185943870574075  -0.406186877465572212046658810421
 219  -0.573251169317836174138098123071  -0.180562066516167482312999430281
 220  -0.521149105027775891189235455171  -0.090286134735775928768674379735
 221  -0.078070404784466426169872386372  -0.676957781617869487818374871612
 222  -0.364786604483515826354906013698  -0.180529557265380405249422807168
 223  -0.130200622911566317112605773158  -0.586698104462871472805838132622
 224  -0.156265731975116262583972466552  -0.541568265885372465299569763127
 225  -0.338721495419965880883539320305  -0.225659395842879412755691176663
 226  -0.130214699830086121109541132602  -0.496430299995176688527407237854
 227  -0.338707418501446076886603960861  -0.315927200310574197034122071431
 228  -0.312642309437896131415237267468  -0.361057038888073204540390440926
 229  -0.495083995964225945717868761778  -0.135415973313274936274942749230
 230  -0.390851713547065771826272707092  -0.135399718687881397743154437673
 231  -0.208395950102216153526705853338  -0.451308588730374450287033024137
 232  -0.234461059165766098998072546732  -0.406178750152875442780764654643
 233  -0.260526168229316044469439240125  -0.361048911575376435274496285148
 234  -0.416930899529135521294574759929  -0.000002075642687605958455173410
 235  -0.286591277292865989940805933518  -0.315919072997877427768227915653
 236  -0.234475136084285902995007906175  -0.315910945685180658502333759875
 237  -0.182344917957186012052274519389  -0.406170622840178673514870498864
 238  -0.208410027020735957523641212782  -0.361040784262679666008602129369
 239  -0.312656386356415935412172626912  -0.270789234420378420261959546158
 240  -0.260540245147835848466374599569  -0.270781107107681650996065390380
 241  -0.286619431129905597934676652405  -0.135383464062487859211366126117
 242  -0.234503289921325510988878625062  -0.135375336749791089945471970339
 243  -0.677511605572035956023564896644  -0.000042712206171452287925952302
 244  -0.416916822610615717297639400485  -0.090269880110382390236886068178
 245  -0.651446496508486010552198203251  -0.045172550783670459794194321797
 246  -0.130228776748605925106476492046  -0.406162495527481904248976343086
 247  -0.547228291009845640657537508008   0.045111508309417863016024884528
 248  -0.338735572338485684880474679748  -0.135391591375184628477260281895
 249  -0.156293885812155870577843185439  -0.361032656949982896742707973591
 250  -0.078112635540025838160678464702  -0.406154368214785134983082187308
 251  -0.051991218802396676701570333535  -0.812355424663063279603074135875
 252  -0.052033449557956088692376411866  -0.541552011259978926767781451571
 253  -0.390865790465585575823208066535  -0.045131914220186613464723542905
 254  -0.025940186657366535227138999585  -0.767217458772867502830911610602
 255  -0.078126712458545642157613824146  -0.315886563747090350704651292540
 256  -0.442996008592685466765941453322   0.045127762934811401547813196084
 257  -0.104135513848016371641239079765  -0.631827943040370480312106502117
 258  -0.025954263575886339224074359029  -0.676949654305172718552480715833
 259  -0.390837636628545967829337347648  -0.225667523155576182021585332441
 260  -0.104191821522095587628980517539  -0.270756725169591343198382923045
 261  -0.442981931674165662769006093878  -0.045140041532883382730617698683
 262  -0.078084481702986230166807745815  -0.586689977150174703539943976844
 263  -0.078056327865946622172937026929  -0.767225586085564272096805766380
 264  -0.052019372639436284695441052422  -0.631819815727673711046212346339
 265  -0.390879867384105379820143425979   0.045135890247508170813707351863
 266  -0.052005295720916480698505692979  -0.722087620195368495324643241107
 267  -0.182373071794225620046145238276  -0.225635013904789104958008709328
 268  -0.104177744603575783632045158096  -0.361024529637286127476813817813
 269  -0.104149590766536175638174439209  -0.541560138572675696033675607349
 270  -0.260554322066355652463309959012  -0.180513302639986866717634495612
 271  -0.573279323154875782131968841958  -0.000026457580777913756137640745
 272  -0.156322039649195478571713904326  -0.180497048014593328185846184055
 273  -0.078098558621506034163743105259  -0.496422172682479919261513082076
 274  -0.025968340494406143221009718472  -0.586681849837477934274049821065
 275  -0.104163667685055979635109798652  -0.451292334104980911755244712581
 276  -0.469018886900676000246502068384  -0.180545811890773943781211118724
 277  -0.469032963819195804243437427828  -0.090278007423079159502780223957
 278  -0.156307962730675674574778544882  -0.270764852482288112464277078823
 279  -0.052061603394995696686247130753  -0.361016402324589358210919662035
 280  -0.442967854755645858772070734435  -0.135407846000578167009048593451
 281  -0.052047526476475892689311771309  -0.451284206792284142489350556803
 282   0.000082691650623998253421615477  -0.541543883947282157501887295792
 283  -0.416902745692095913300704041041  -0.180537684578077174515316962946
 284  -0.946548532990732744936951166454  -0.005979224130037741250970308964
 285  -0.703562637717066097497996230594  -0.045180678096367229060088477575
 286  -0.807823073971265879383463004169   0.135338676213628800964985000403
 287  -0.156336116567715282568649263770  -0.090229243546898543907415289287
 288   0.000054537813584390259550896590  -0.361008275011892588945025506256
 289  -0.755706932762685792437664976826   0.135346803526325570230879156182
 290   0.000138999324703214241163053251  -0.902615101818061294615610874864
 291  -0.599330355299905923606400175908  -0.045164423470973690528300166018
 292  -0.130242853667125729103411851489  -0.315894691059787119970545448318
 293  -0.052075680313515500683182490196  -0.270748597856894573932488767267
 294  -0.026010571249965555211815796803  -0.315878436434393581438757136761
 295   0.026403303398101316516412509274  -0.973583970075261431322329803899
 296  -0.547214214091325836660602148565  -0.045156296158276921262406010240
 297   0.026190031469733355715594387201  -0.857477135927865517843448349591
 298  -0.833860029197776216860958978675  -0.000067094144261760085608419638
 299   0.000124922406183410244227693808  -0.812347297350366510337179980096
 300   0.026175954551213551718659027758  -0.767209331460170733565017454823
 301   0.000110845487663606247292334364  -0.722079492882671726058749085328
 302  -0.025996494331445751214880437359  -0.406146240902088365717188031529
 303   0.000096768569143802250356974921  -0.631811688414976941780318190560
 304  -0.885975849964025135387142293126   0.000115844058662460594060204234
 305   0.026147800714173943724788308871  -0.586673722524781165008155665287
 306   0.026161877632693747721723668314  -0.676941526992475949286586560055
 307  -0.895104838543019676582340855066   0.087259338036923559826284878529
 308  -0.964820682910211699422250322422   0.132980942418500195754847163386
 309   0.046883067266670699651691304206  -0.925660369288034359991932460517
 310  -0.025982417412925947217945077916  -0.496414045369783149995618926297
 311  -0.860634459552000000000000000000   0.135062863166000000000000000000
 312   0.052170679022164477205348923933  -0.361000147699195819679131350478
 313  -0.781757964907715933912096310776   0.090208837636129793458716630909
 314   0.052212909777723889196155002264  -0.631803561102280172514424034782
 315   0.000040460895064586262615537147  -0.270740470544197804666594611488
 316   0.026105569958614531733982230540  -0.315870309121696812172862980983
 317   0.026119646877134335730917589984  -0.406138113589391596451293875751
 318  -0.364800681402035630351841373142  -0.090261752797685620970991912400
 319  -0.312684540193455543406043345799  -0.090253625484988851705097756622
 320   0.026133723795654139727852949427  -0.496405918057086380729724770519
 321   0.052198832859204085199219642821  -0.541535756634585388235993140014
 322   0.052226986696243693193090361707  -0.722071365569974956792854929550
 323   0.000068614732104194256486256034  -0.451276079479587373223456401024
 324  -0.130256930585645533100347210933  -0.225626886592092335692114553550
 325  -0.208452257776295369514447291113  -0.090237370859595313173309445065
 326  -0.495098072882745749714804121222  -0.045148168845580151996511854462
 327   0.052241063614763497190025721151  -0.812339170037669741071285824318
 328   0.104300897149264368148082310720  -0.451259824854193834691668089468
 329  -0.781743887989196129915160951332  -0.000058966831564990819714263859
 330  -0.338749649257005488877410039192  -0.045123786907489844198829387127
 331  -0.521163181946295695186170814615  -0.000018330268081144490243484967
 332  -0.078140789377065446154549183590  -0.225618759279395566426220397772
 333  -0.973167724778402504141664219662   0.038826030797226382126843539921
 334  -0.495112149801265553711739480665   0.045119635622114632281919040306
 335   0.156417038357844455093880338063  -0.451251697541497065425773933689
 336  -0.286633508048425401931612011849  -0.045115659594793074932935231349
 337  -0.130285084422685141094217929820  -0.045091277656702767135252764014
 338  -0.026038725087005163205686515690  -0.135342827499004012881895347225
 339  -0.104219975359135195622851236426  -0.090221116234201774641521133509
 340   0.052184755940684281202284283377  -0.451267952166890603957562245246
 341   0.078221711167194618679780257883  -0.315862181809000042906968825205
 342   0.182482147421394400565247031456  -0.496381536118996072932042303184
 343  -0.234517366839845314985813984506  -0.045107532282096305667041075571
 344  -0.469047040737715608240372787272  -0.000010202955384375224349329189
 345   0.078235788085714422676715617327  -0.406129986276694827185399719973
 346  -0.920497500845702603462519832504   0.039158741760158035521192216309
 347   0.078249865004234226673650976770  -0.496397790744389611463830614741
 348   0.078306172678313442661392414544  -0.857469008615168748577554193813
 349  -0.182401225631265228040015957163  -0.045099404969399536401146919792
 350  -0.182387148712745424043080597719  -0.135367209437094320679577814560
 351  -0.026024648168485359208751156247  -0.225610631966698797160326241993
 352  -0.364814758320555434348776732585   0.000006051670009163307438982368
 353  -0.078154866295585250151484543033  -0.135350954811700782147789503004
 354   0.078443839377142925202302502874  -0.970777752774347799006778541027
 355  -0.807808997052746075386527644725   0.045070871745934016686554105635
 356   0.130259761144867544999130984732  -0.965191833701633527307882599247
 357  -0.312698617111975347402978705242   0.000014178982705932573333138146
 358   0.095425236103761339992171328679  -0.906693290305827915172889926992
 359   0.130080132360491115814026466031  -0.866373751341683729903756341661
 360   0.181782556028000000000000000000  -0.956809052717000000000000000000
 361   0.130366006212814313619449004113  -0.496389663431692842197936458963
 362   0.104286820230744564151146951276  -0.360992020386499050413237194700
 363   0.146747941669340025435834029781  -0.915752657499776385555559062485
 364  -0.260582475903395260457180677899   0.000022306295402701839227293924
 365   0.156402961439324651096944978619  -0.360983893073802281147343038921
 366  -0.156350193486235086565584623213   0.000038560920796240371015605481
 367  -0.755692855844165988440729617382   0.045078999058630785952448261414
 368   0.078278018841273834667521695657  -0.676933399679779180020692404277
 369   0.130408236968373725610255082444  -0.767193076834777195033229143267
 370   0.130394160049853921613319723000  -0.676925272367082410754798248499
 371   0.104329050986303976141953029607  -0.631795433789583403248529879004
 372  -0.703576714635585901494931590038   0.045087126371327555218342417193
 373  -0.862467019677489763908450678434   0.046628499745956304904359644296
 374   0.104357204823343584135823748494  -0.812331042724972971805391668540
 375  -0.947116692633372362667232885712   0.083963996687422158899006065194
 376   0.104343127904823780138888389050  -0.722063238257278187526960773772
 377  -0.104234052277654999619786595870   0.000046688233493009636909761259
 378   0.078292095759793638664457055101  -0.767201204147473964299123299045
 379   0.130351929294294509622513644670  -0.406121858963998057919505564195
 380   0.156473346031923671081621775837  -0.812322915412276202539497512762
 381   0.156445192194884063087751056950  -0.631787306476886633982635723225
 382  -0.833874106116296020857894338119   0.090200710323433024192822475130
 383   0.156459269113403867084686416393  -0.722055110944581418261066617994
 384  -0.651460573427005814549133562695   0.045095253684024324484236572971
 385   0.078263941922754030670586336214  -0.586665595212084395742261509509
 386   0.130380083131334117616384363557  -0.586657467899387626476367353731
 387   0.104314974067784172145017670164  -0.541527629321888618970098984236
 388  -0.599344432218425727603335535351   0.045103380996721093750130728750
 389   0.000026383976544782265680177703  -0.180472666076503020388163716720
 390   0.052156602103644673208413564490  -0.270732343231501035400700455710
 391   0.208519102647904738042743005962  -0.360975765761105511881448883143
 392   0.268249134865438889332777268102  -0.906795162855805391071677611720
 393  -0.338763726175525292874345398636   0.045144017560204940079601507641
 394  -0.729641823699135846966298283432   0.090216964948826562724610786687
 395  -0.677525682490555760020500256088   0.090225092261523331990504942466
 396  -0.703590791554105705491866949483   0.135354930839022339496773311960
 397  -0.625409541281975673074702228745   0.090233219574220101256399098244
 398   0.234584211711454683514109699356  -0.406105604338604519387717252638
 399  -0.573293400073395586128904201402   0.090241346886916870522293254023
 400  -0.521177258864815499183106174059   0.090249474199613639788187409801
 401  -0.469061117656235412237308146715   0.090257601512310409054081565579
 402  -0.208438180857775565517511931669  -0.180505175327290097451740339833
 403   0.286700352920034770459907726699  -0.406097477025907750121823096860
 404   0.338816494128614857405705754042  -0.406089349713210980855928941081
 405   0.130337852375774705625578285226  -0.315854054496303273641074669427
 406   0.156431115276364259090815697507  -0.541519502009191849704204828457
 407  -0.416944976447655325291510119372   0.090265728825007178319975721357
 408  -0.130271007504165337097282570376  -0.135359082124397551413683658782
 409  -0.052089757232035304680117849640  -0.180480793389199789654057872499
 410   0.198154298016296591675294857104  -0.907180681784949055561716973193
 411  -0.364828835239075238345712092029   0.090273856137703947585869877136
 412  -0.651474650345525618546068922138   0.135363058151719108762667467739
 413  -0.599358509136945531600270894795   0.135371185464415878028561623517
 414  -0.312712694030495151399914064686   0.090281983450400716851764032914
 415   0.233413853081483582518268351939  -0.945558488094467550167894119387
 416  -0.599372586055465335597206254239   0.225638989932110662306992518285
 417  -0.547242367928365444654472867452   0.135379312777112647294455779296
 418  -0.052103834150555108677053209083  -0.090212988921505005375626977731
 419   0.234640519385533899501851137130  -0.767176822209383656501440831710
 420   0.286756660594113986447649164473  -0.767168694896686887235546675948
 421  -0.495126226719785357708674840109   0.135387440089809416560349935074
 422  -0.443010085511205270762876812766   0.135395567402506185826244090852
 423   0.052128448266605065214542845603  -0.090196734296111466843838666174
 424  -0.573321553910435194122774920289   0.270776955822306439079155043558
 425   0.208533179566424542039678365406  -0.451243570228800296159879777911
 426   0.234598288629974487511045058799  -0.496373408806299303666148147406
 427  -0.443038239348244878756747531653   0.315931176337895754383105880388
 428   0.286714429838554574456843086142  -0.496365281493602534400253991628
 429   0.260635243856484824988541033306  -0.360967638448408742615554727365
 430   0.260649320775004628985476392749  -0.451235442916103526893985622133
 431  -0.521219489620374911173912252390   0.361052887602697992623480094104
 432  -0.286647584966945205928547371293   0.045152144872901709345495663419
 433  -0.416987207203214737282316197703   0.361069142228091531155268405661
 434   0.312751385065064911934339060649  -0.360959511135711973349660571587
 435   0.312765461983584715931274420092  -0.451227315603406757628091466355
 436  -0.390893944302625183817078785423   0.135403694715202955092138246631
 437   0.130323775457254901628642925783  -0.225586250028608489362643774659
 438   0.364867526273644998880137087992  -0.360951383823015204083766415808
 439  -0.390936175058184595807884863753   0.406207108118287307927430930934
 440  -0.338805956931084704865151476967   0.315947430963289292914894191944
 441   0.318566699372627138739341469950  -0.920368480158175526864512070519
 442   0.052142525185124869211478205046  -0.180464538763806251122269560942
 443   0.182453993584354792571376312569  -0.315845927183606504375180513648
 444  -0.912808828819859013337358291776   0.136276283768001596682125976721
 445   0.130309698538735097631707566339  -0.135318445560913705084212879891
 446  -0.260568398984875456460245318456  -0.090245498172292082439203600844
 447   0.260607090019445216994670314419  -0.180432029513019174058692937829
 448  -0.833888183034815824854829697562   0.180468514791127808471253369898
 449   0.338191445591272176743134544368  -0.858809359830287740292223487160
 450  -0.781772041826235737909031670219   0.180476642103824577737147525676
 451  -0.338777803094045096871280758079   0.135411822027899724358032402409
 452   0.026091493040094727737046871097  -0.225602504654002027894432086215
 453  -0.729655900617655650963233642876   0.180484769416521347003041681455
 454   0.026077416121574923740111511653  -0.135334700186307243616001191447
 455  -0.886001917070386597817845637336   0.180969479256597720506829557448
 456   0.312807692739144127922080498423  -0.722030729006491110463384150659
 457  -0.677539759409075564017435615533   0.180492896729218116268935837233
 458   0.104272743312224760154211591833  -0.270724215918804266134806299932
 459   0.156374807602285043103074259732  -0.180448284138412712590481249385
 460   0.208547256484944346036613724850  -0.541511374696495080438310672679
 461   0.364881603192164802877072447435  -0.451219188290709988362197310576
 462  -0.625423618200495477071637588189   0.180501024041914885534829993012
 463   0.367342379224003437368292594658  -0.902010231451887790890474119322
 464   0.417039975156304301813676553109  -0.722014474381097571931595839102
 465  -0.573307476991915390125839560845   0.180509151354611654800724148790
 466   0.390974866092754356342309859715  -0.676884635803598564425327469607
 467   0.156388884520804847100009619176  -0.270716088606107496868912144153
 468  -0.956326028319069038700061720518   0.184400132259483202750938454816
 469  -0.807837150889785683380398363613   0.225606480681323585243415895171
 470   0.312723231228025303940468341762  -0.180423902200322404792798782050
 471  -0.599386662973985139594141613684   0.315906794399805446585423413052
 472  -0.208466334694815173511382650556   0.000030433608099471105121449702
 473   0.104244589475185152160340872946  -0.090188606983414697577944510396
 474  -0.919291505382126905376160097234   0.221068052180839229681619789345
 475  -0.182415302549785032036951316606   0.045168399498295247877283974976
 476  -0.078168943214105054148419902477  -0.045083150344005997869358608236
 477   0.104258666393704956157276232389  -0.180456411451109481856375405164
 478   0.338872801802694073393447191816  -0.767160567583990117969652520154
 479   0.182425839747315184577505593682  -0.135310318248216935818318724112
 480  -0.781786118744755541905967029663   0.270744446571519362015578420444
 481   0.156360730683765239106138900289  -0.090180479670717928312050354617
 482  -0.864366209081797598093985161299   0.228382435084708430024079629662
 483   0.338830571047134661402641113485  -0.496357154180905765134359835849
 484  -0.935605394511145613471340923509   0.270565014330166701054212566955
 485  -0.833902259953335628851765057006   0.270736319258822592749684264666
 486  -0.755721009681205596434600336270   0.225614607994020354509310050949
 487  -0.521191335783335303180041533502   0.180517278667308424066618304569
 488   0.390883588014612627507306996982  -0.770472720681896973013112010262
 489   0.182439916665834988574440953126  -0.225578122715911720096749618880
 490   0.208575410321983954030484443737  -0.722046983631884648995172462215
 491  -0.703604868472625509488802308926   0.225622735306717123775204206728
 492  -0.469075194574755216234243506159   0.180525405980005193332512460347
 493  -0.547256444846885248651408226896   0.225647117244807431572886674064
 494  -0.495140303638305161705610199552   0.225655244557504200838780829842
 495  -0.416959053366175129288445478816   0.180533533292701962598406616125
 496  -0.729669977536175454960169002320   0.270752573884216131281472576223
 497  -0.234531443758365118982749343950   0.045160272185598478611389819197
 498  -0.677553836327595368014370974977   0.270760701196912900547366732001
 499   0.208589498986563853810751235683  -0.812342582531368334004586255822
 500  -0.234545520676884922979684703393   0.135428076653293262889820713965
 501  -0.651488727264045422543004281583   0.225630862619413893041098362506
 502  -0.390908021221144987814014144866   0.225671499182897739370569141398
 503   0.182496224339914204562182390900  -0.586649340586690857210473197952
 504   0.234556057874415075520238980469  -0.225569995403214950830855463102
 505  -0.130299161341204945091153289263   0.045176526810992017143178130754
 506  -0.625437695119015281068572947633   0.270768828509609669813260887779
 507  -0.104205898440615391625915876983  -0.180488920701896558919952028277
 508   0.182514390290949958078361247514  -0.857466644261644696148317463971
 509  -0.078183020132624858145355261920   0.045184654123688786409072286532
 510   0.182524378176953812556053109787  -0.767184949522080425767334987488
 511  -0.364842912157595042342647451473   0.180541660605398731864300771904
 512  -0.443024162429725074759812172209   0.225663371870200970104674985620
 513   0.208505025729384934045807646519  -0.270707961293410727603017988375
 514  -0.260596552821915064454116037343   0.090290110763097486117658188692
 515  -0.338820033849604508862086836410   0.406215235430984077193325086712
 516   0.286672199082995162466037007812  -0.225561868090518181564961307324
 517  -0.104248129196174803616721955314   0.090314492701187793915340656027
 518  -0.312726770949014955396849424130   0.180549787918095501130194927682
 519   0.234279153535959912359566190031  -0.863508293598865258856371565312
 520   0.234612365548494291507980418243  -0.586641213273994087944579042174
 521  -0.390922098139664791810949504310   0.315939303650592523649000036166
 522  -0.078197097051144662142290621364   0.135452458591383570687503181300
 523  -0.260610629740434868451051396786   0.180557915230792270396089083460
 524  -0.338791880012564900868216117523   0.225679626495594508636463297177
 525  -0.286661661885465009925482730736   0.135419949340596493623926558187
 526  -0.052131987987594716670923927970   0.090322620013884563181234811805
 527   0.260705628449083844973217830509  -0.812306660786882664007709201213
 528   0.443034699627255227300366449284  -0.315805290620122658045709734757
 529  -0.286675738803984813922418090180   0.225687753808291277902357452955
 530  -0.312769001704574367387655502461   0.451353201321179853965487611985
 531  -0.286703892641024421916288809067   0.406223362743680846459219242491
 532  -0.312783078623094171384590861904   0.541621005788874638243918506753
 533  -0.234559597595404726976620062837   0.225695881120988047168251608733
 534   0.286084583842077027526310779259  -0.857825896980895557523358302030
 535  -0.104290359951734215607528033644   0.361117906104272146750633340331
 536  -0.104304436870254019604463393088   0.451385710571966931029064235098
 537   0.313457081016000000000000000000  -0.812808942560000000000000000000
 538  -0.208480411613334977508318010000   0.090298238075794255383552344470
 539  -0.052117911069074912673988568527   0.000054815546189778902803917037
 540   0.182468070502874596568311672013  -0.406113731651301288653611408416
 541  -0.026052802005524967202621875134  -0.045075023031309228603464452458
 542  -0.547284598683924856645278945784   0.406182726180197000129748463598
 543   0.000012307058024978268744818260  -0.090204861608808236109732821952
 544  -0.208536719287414193496059447774   0.451369455946573392497275923542
 545   0.182510301258434008559117750343  -0.676917145054385641488904092720
 546   0.208561333403464150033549084293  -0.631779179164189864716741567447
 547   0.260677474612044236979347111636  -0.631771051851493095450847411669
 548  -0.208508565450374585502188728887   0.270833847011183823940414134006
 549   0.234570134792934879517174339912  -0.315837799870909735109286357870
 550   0.286742583675594182450713805029  -0.676900890428992102957115781164
 551  -0.208494488531854781505253369443   0.180566042543489039661983239238
 552  -0.026080955842564575196492594021   0.135460585904080339953397337078
 553  -0.130327315178244553085024008151   0.225712135746381585700039920290
 554   0.260621166937965020991605673862  -0.270699833980713958337123832597
 555  -0.443066393185284486750618250540   0.496466785273285322939967669924
 556  -0.286717969559544225913224168511   0.496491167211375630737650137258
 557  -0.182457533305344444027757394937   0.315971812901379600712576659279
 558   0.338858724884174269396511832372  -0.676892763116295333691221625386
 559  -0.182485687142384052021628113825   0.496507421836769169269438448815
 560  -0.417015361040254345276186916591   0.541604751163481099712130195197
 561   0.286686276001514966462972367255  -0.315829672558212965843392202092
 562  -0.156392424241794498556390701544   0.270841974323880593206308289784
 563   0.371780998195934645884260505772  -0.818961722555983961419416645511
 564  -0.156434654997353910547196779875   0.541645387726964946041600974088
 565   0.312737308146545107937403701205  -0.270691706668017189071229676819
 566  -0.338848187686644116855957555298   0.586750844366373645750186876248
 567   0.364923833947724214867878525766  -0.722022601693794341197489994881
 568  -0.182429379468304836033886676050   0.135436203965990032155714869743
 569   0.338802417210095053408770394598  -0.315821545245516196577498046313
 570   0.364853449355125194883201728548  -0.270683579355320419805335521040
 571  -0.026066878924044771199557234577   0.045192781436385555674966442310
 572  -0.104276283033214411610592674201   0.270850101636577362472202445563
 573  -0.182471610223864248024692754381   0.406239617369074384991007554047
 574  -0.286732046478064029910159527954   0.586758971679070415016081032026
 575   0.390918558418675140354568421941  -0.315813417932819427311603890535
 576   0.338788340291575249411835035155  -0.225553740777821412299067151545
 577  -0.156378347323274694559455342100   0.180574169856185808927877395017
 578   0.426415734559402119127957665461  -0.816701973428337827648154201151
 579  -0.364899219831674258330388889248   0.541612878476177868978024350975
 580  -0.260666937414514084438792834561   0.541629133101571407509812662532
 581  -0.156364270404754890562519982657   0.090306365388491024649446500249
 582  -0.234615905269483942964361500611   0.586767098991767184281975187805
 583  -0.104262206114694607613657314757   0.180582297168882578193771550795
 584  -0.208564873124453801489930166662   0.631905064881962961054137713078
 585   0.208476871892345326051936927632  -0.090172352358021159046156198839
 586   0.364839372436605390886266369105  -0.180415774887625635526904626272
 587   0.416955513645185477832064396448  -0.180407647574928866261010470494
 588  -0.156448731915873714544132139318   0.631913192194659730320031868856
 589  -0.156420578078834106550261420431   0.451377583259270161763170079320
 590  -0.052146064906114520667859287414   0.180590424481579347459665706573
 591  -0.078211173969664466139225980807   0.225720263059078354965934076068
 592  -0.078239327806704074133096699695   0.406255871994467923522795865604
 593  -0.052160141824634324664794646858   0.270858228949274131738096601341
 594  -0.078225250888184270136161340251   0.315988067526773139244364970836
 595  -0.052174218743154128661730006301   0.361126033416968916016527496109
 596   0.416969590563705281828999755891  -0.270675452042623650539441365262
 597  -0.000015846779014629725125900627   0.090330747326581332447128967584
 598  -0.521205412701855107176976892946   0.270785083135003208345049199337
 599   0.234626442467014095504915777686  -0.676909017741688872223009936942
 600  -0.026095032761084379193427953464   0.225728390371775124231828231846
 601  -0.000029923697534433722061260071   0.180598551794276116725559862351
 602   0.260691551530564040976282471080  -0.722038856319187879729278306437
 603  -0.469089271493275020231178865603   0.270793210447699977610943355115
 604   0.286658122164475358469101648368  -0.135294063622823397286530412556
 605  -0.416973130284694933285380838260   0.270801337760396746876837510893
 606  -0.884773046879605672815861962587   0.282061303939955893483548889832
 607  -0.755735086599725400431535695713   0.315882412461715138787740945717
 608  -0.815407776630630761093656466314   0.320568415165906044828017153582
 609  -0.919451938580000000000000000000   0.321109086644000000000000000000
 610  -0.900927388540362172320376435711   0.369990164458033977973361941007
 611  -0.866496137892688245062071095460   0.330867521150571675044954554790
 612  -0.495154380556824965702545558996   0.315923049025198985117211724610
 613   0.260593013100925412997734954975  -0.090164225045324389780262043061
 614  -0.000044000616054237718996619515   0.270866356261970901003990757119
 615   0.286728506757074378453778445586  -0.586633085961297318678684886396
 616  -0.879846261978195132823708470861   0.417652291387030405789788946779
 617   0.026063339203055119743176152210  -0.045066895718612459337570296679
 618   0.312793615820624323925145138979  -0.631762924538796326184953255891
 619   0.338844647965654465399576472929  -0.586624958648600549412790730617
 620  -0.825134724654053651970153327403   0.422307125506975799708350871858
 621   0.260663397693524432982411752193  -0.541503247383798311172416516901
 622  -0.677567913246115172011306334420   0.361028505664607684825797626769
 623   0.453048073037245993455216583406  -0.862154466864887242751773121885
 624   0.208490948810865130048872287076  -0.180440156825715943324587093607
 625   0.312779538902104519928209779536  -0.541495120071101541906522361123
 626   0.078207634248674814682844898440  -0.225594377341305258628537930437
 627  -0.755749163518245204428471055157   0.406150216929409923066171840485
 628  -0.729684054454695258957104361764   0.361020378351910915559903470990
 629   0.364909757029204410870943166322  -0.631754797226099556919059100112
 630   0.364895680110684606874007806879  -0.541486992758404772640628205344
 631   0.078179480411635206688974179553  -0.045058768405915690071676140901
 632  -0.703618945391145313485737668370   0.315890539774411908053635101496
 633   0.400931931828665906509418556063  -0.862162594177584012017667277673
 634   0.234541980955895271523303621025  -0.135302190935520166552424568334
 635  -0.130341392096764357081959367594   0.315979940214076369978470815057
 636  -0.130313238259724749088088648707   0.135444331278686801421609025522
 637  -0.781800195663275345902902389107   0.361012251039214146294009315212
 638   0.390932635337194944351503781385  -0.406081222400514211590034785303
 639  -0.781814272581795149899837748550   0.451280055506908930572440209980
 640   0.390904481500155336357633062498  -0.225545613465124643033172995767
 641   0.390946712255714748348439140829  -0.496349026868208995868465680071
 642  -0.729698131373215062954039721207   0.451288182819605699838334365758
 643   0.338760186454535641417964316268  -0.045018131842431843742205362009
 644  -0.703633022309665117482673027814   0.406158344242106692332065996264
 645  -0.000001769860494825728190541184   0.000062942858886548168698072816
 646  -0.651516881101085030536875000471   0.406166471554803461597960152042
 647  -0.469103348411794824228114225046   0.361061014915394761889374249883
 648  -0.832991542428925936711636885695   0.370786618376529945787727837163
 649   0.442900717749873342954526603222  -0.767261731016555982230533008800
 650  -0.234573674513924530973555422280   0.315963685588682831446682503501
 651  -0.026109109679604183190363312908   0.315996194839469908510259126614
 652   0.078193557330155010685909538996  -0.135326572873610474350107035669
 653   0.390890404581635532360697703055  -0.135277808997429858754742100999
 654   0.026049262284535315746240792766   0.045200908749082324940860598089
 655   0.364825295518085586889331009661  -0.090147970419930851248473731504
 656   0.390960789174234552345374500272  -0.586616831335903780146896574839
 657   0.443091007301334443288107887058  -0.676876508490901795159433313829
 658   0.530648016976562293019553720187  -0.816685718802944289116365889607
 659  -0.000058077534574041715931978958   0.361134160729665685282421651887
 660   0.443020622708735423303431089841  -0.225537486152427873767278839988
 661  -0.234587751432444334970490781724   0.406231490056377615725113398269
 662  -0.130355469015284161078894727038   0.406247744681771154256901709825
 663   0.417025898237784497816741193665  -0.631746669913402787653164944334
 664   0.338774263373055445414899675712  -0.135285936310126628020636256777
 665   0.495207148509914530233905914402  -0.676868381178205025893539158051
 666   0.312709154309505499943532982318  -0.090156097732627620514367887282
 667  -0.677581990164634976008241693864   0.451296310132302469104228521537
 668   0.443076930382814639291172527615  -0.586608704023207010881002419061
 669   0.469142039446364584762539221008  -0.631738542600706018387270788556
 670   0.417011821319264693819805834222  -0.541478865445708003374734049566
 671   0.443062853464294835294237168172  -0.496340899555512226602571524293
 672  -0.182443456386824640030822035494   0.225704008433684816434145764511
 673  -0.364856989076114846339582810916   0.270809465073093516142731666671
 674  -0.651502804182565226539939641027   0.315898667087108677319529257274
 675   0.130295621620215293634772206896  -0.045050641093218920805781985123
 676   0.416941436726665673835129037005  -0.090139843107234081982579575726
 677   0.495178994672874922240035195515  -0.496332772242815457336677368514
 678   0.443006545790215619306495730398  -0.135269681684733089488847945220
 679   0.182411762828795380580570234239  -0.045042513780522151539887829344
 680  -0.312740847867534759393784783573   0.270817592385790285408625822450
 681   0.052114371348085261217607486159   0.000071070171583317434592228594
 682   0.234527904037375467526368261582  -0.045034386467825382273993673566
 683  -0.260624706658954672447986756230   0.270825719698487054674519978228
 684   0.390876327663115728363762343611  -0.045010004529735074476311206231
 685   0.442992468871695815309560370954  -0.045001877217038305210417050452
 686  -0.312754924786054563390720143017   0.361085396853485069687056717218
 687  -0.260638783577474476444922115674   0.361093524166181838952950872996
 688  -0.208522642368894389499124088331   0.361101651478878608218845028774
 689  -0.156406501160314302553326060988   0.361109778791575377484739184552
 690  -0.625465848956054889062443666521   0.451304437444999238370122677315
 691   0.469127962527844780765603861565  -0.541470738133011234108839893788
 692  -0.625451772037535085065508307077   0.361036632977304454091691782547
 693   0.443048776545775031297301808728  -0.406073095087817442324140629525
 694   0.521258180654944671708337248351  -0.631730415288009249121376632777
 695  -0.599400739892504943591076973127   0.406174598867500230863854307820
 696  -0.573349707747474802116645639178   0.451312564757696007636016833093
 697  -0.286689815722504617919353449624   0.315955558275986062180788347723
 698  -0.573335630828954998119710279734   0.361044760290001223357585938325
 699  -0.521233566538894715170847611834   0.451320692070392776901910988872
 700   0.416997744400744889822870474778  -0.451211060978013219096303154798
 701  -0.495168457475344769699480918440   0.406190853492893769395642619377
 702  -0.417001284121734541279251557147   0.451336946695786315433699300429
 703  -0.547298675602444660642214305228   0.496450530647891784408179358366
 704   0.104216435638145544166470154059   0.090347001951974870978917279140
 705  -0.364885142913154454333453529804   0.451345074008483084699593456207
 706   0.469113885609324976768668502121  -0.451202933665316449830408999019
 707  -0.260652860495994280441857475117   0.451361328633876623231381767764
 708  -0.390950251976704399804820223197   0.496474912585982092205861825702
 709  -0.078253404725223878130032059138   0.496523676462162707801226760371
 710  -0.026165417353683399178104750682   0.677067412710249045623982705685
 711   0.026035185366015511749305433322   0.135468713216777109219291492857
 712   0.078151326574595598695103460666   0.135476840529473878485185648635
 713   0.130267467783175685640901488009   0.135484967842170647751079804413
 714   0.416983667482225085825935115335  -0.360943256510318434817872260030
 715   0.478531875767982206073755692844  -0.816693846115641058382260045385
 716  -0.026151340435163595181169391238   0.586799608242554261345551810917
 717  -0.052216449498713540652536084632   0.631929446820053268851820180412
 718   0.495016858958453429900324630565  -0.767253603703859212964638853022
 719   0.469156116364884388759474580452  -0.722006347068400802665701683324
 720  -0.338834110768124312859022195854   0.496483039898678861471755981480
 721  -0.234601828350964138967426141168   0.496499294524072400003544293037
 722  -0.078267481643743682126967418582   0.586791480929857492079657655139
 723  -0.260681014333033888435728194005   0.631896937569266191788243557299
 724   0.130281544701695489637836847452   0.045217163374475863472648909645
 725   0.495193071591394726236970554958  -0.586600576710510241615108263283
 726  -0.104332590707293627598334111975   0.631921319507356499585926024634
 727   0.495164917754355118243099836071  -0.406064967775120673058246473746
 728  -0.078281558562263486123902778025   0.677059285397552276358088549907
 729   0.521244103736424867711401888908  -0.541462610820314464842945738009
 730   0.078165403493115402692038820109   0.045209036061779094206754753867
 731   0.052100294429565457220672126716   0.090338874639278101713023123362
 732   0.547295135881455009185833222858  -0.496324644930118688070783212736
 733   0.052086217511045653223736767272   0.180606679106972885991454018130
 734  -0.856245804697597990340980861273   0.464118522745648036713816061865
 735  -0.547270521765405052648343586339   0.315914921712502215851317568831
 736  -0.364871065994634650336518170360   0.361077269540788300421162561439
 737   0.104230512556665348163405513502   0.000079197484280086700486384372
 738   0.469099808690805172771733142678  -0.360935129197621665551978104251
 739  -0.443052316266764682753682891097   0.406198980805590538661536775156
 740   0.521230026817905063714466529464  -0.451194806352619680564514843241
 741  -0.052188295661673932658665365745   0.451393837884663700294958390877
 742   0.495150840835835314246164476627  -0.315797163307425888779815578978
 743   0.573346168026485150660264556807  -0.451186679039922911298620687462
 744  -0.703647099228184921479608387257   0.496426148709801476610496891032
 745  -0.182499764060903856018563473268   0.586775226304463953547869343583
 746  -0.130369545933803965075830086481   0.496515549149465938535332604593
 747   0.286644045245955554472166288925  -0.045026259155128613008099517788
 748   0.104202358719625740169534794615   0.180614806419669655257348173908
 749  -0.208550796205933997492994807218   0.541637260414268176775706818310
 750  -0.104318513788773823601398752532   0.541653515039661715307495129866
 751   0.469085731772285368774797783234  -0.270667324729926881273547209483
 752  -0.052202372580193736655600725188   0.541661642352358484573389285644
 753   0.651485187543055771086623199213  -0.225504976901640796703702216875
 754   0.703601328751635858032421226557  -0.225496849588944027437808061097
 755   0.156318499928205827115332821958   0.180622933732366424523242329686
 756   0.495108610080275902255358398297  -0.044993749904341535944522894674
 757   0.625377847723946413624450427490   0.090428275078942563637858836924
 758  -0.130383622852323769072765445925   0.586783353617160722813763499361
 759   0.651471110624535967089687839770  -0.135237172433946012425271322107
 760   0.677522142769566108564119173720  -0.090099206543750235653108796834
 761  -0.026137263516643791184234031795   0.496531803774859477067120916150
 762  -0.026123186598123987187298672351   0.406263999307164692788690021382
 763   0.156346653765245435109203540846   0.000087324796976855966380540150
 764  -0.599414816811024747588012332571   0.496442403335195015142285202588
 765   0.677536219688085912561054533163  -0.180367011011445019931539691602
 766   0.729652360896665999506852560506  -0.180358883698748250665645535824
 767   0.260578936182405609000799595532   0.000103579422370394498168851707
 768  -0.469117425330314628225049584490   0.451328819383089546167805144650
 769  -0.000100308290133453706738057289   0.631937574132750038117714336190
 770   0.703587251833116054035485867113  -0.135229045121249243159377166329
 771   0.208462794973825522055001568189   0.000095452109673625232274695929
 772   0.729638283978146195509917201063  -0.090091079231053466387214641055
 773   0.312695077390985695946597622875   0.000111706735067163764063007486
 774  -0.651530958019604834533810359914   0.496434276022498245876391046810
 775  -0.778420544261518923842841995294   0.503285582603689963601296616199
 776   0.364811218599565782892395650218   0.000119834047763933029957163264
 777  -0.830193593682829705400407406805   0.509255808239659051794437761527
 778  -0.521247643457414519167782971278   0.541588496538087561180341883639
 779   0.469071654853765564777862423791  -0.180399520262232096995116314715
 780   0.651499264461575575083558558657  -0.315772781369335580982133111643
 781   0.677550296606605716557989892606  -0.270634815479139804209970586370
 782   0.234513827118855663529432902138   0.045233417999869402004437221202
 783   0.078137249656075794698168101222   0.225744644997168662763616543403
 784  -0.495182534393864573696416277885   0.496458657960588553674073514145
 785   0.495136763917315510249229117184  -0.225529358839731104501384684210
 786   0.390862250744595924366826984168   0.045257799937959709802119688537
 787  -0.000072154453093845712867338402   0.451401965197360469560852546655
 788  -0.000086231371613649709802697845   0.541669769665055253839283441423
 789   0.573303937270925738669458478477  -0.180383265636838558463328003159
 790  -0.130397699770843573069700805368   0.677051158084855507092194394129
 791  -0.104346667625813431595269471418   0.722189123975051283864356919402
 792  -0.052230526417233344649471444075   0.722197251287748053130251075180
 793   0.025950723854896687767693276661   0.677075540022945814889876861464
 794  -0.000114385208653257703673416732   0.722205378600444822396145230958
 795   0.416927359808145869838193677561   0.000127961360460702295851319042
 796   0.025978877691936295761563995548   0.496539931087556246333015071928
 797   0.182397685910275576583634874795   0.045225290687172632738543065424
 798   0.026007031528975903755434714435   0.316004322152166677776153282392
 799   0.156332576846725631112268181402   0.090355129264671640244811434918
 800  -0.737731752503366398011602155654   0.535851123682989878137783844256
 801   0.521272257573464475705272607795  -0.721998219755704033399807527546
 802   0.547133000167033516846122657908  -0.767245476391162443698744697244
 803   0.547323289718494617179703941745  -0.676860253865508256627645002273
 804   0.573374321863524758654135275695  -0.631722287975312479855482476999
 805   0.547309212799974813182768582301  -0.586592449397813472349214107504
 806   0.469057577935245760780927064348  -0.090131715794537312716685419947
 807  -0.625479925874574693059379025964   0.541572241912694022648553572083
 808  -0.801764226211083865044101142521   0.552934902846602436578717117161
 809  -0.573363784665994606113580998621   0.541580369225390791914447727861
 810   0.573360244945004954657199916251  -0.541454483507617695577051582231
 811   0.495122686998795706252293757741  -0.135261554372036320222953789442
 812  -0.719930451450418295914256700704   0.584832813336861353667271457560
 813   0.521215949899385259717531170021  -0.360927001884924896286083948473
 814   0.208448718055305718058066208745   0.090363256577368409510705590697
 815  -0.312797155541613975381526221348   0.631888810256569422522349401521
 816   0.625448232316545433609127224707  -0.360910747259531357754295636916
 817   0.052015832918446633239059970054   0.631945701445446807383608491969
 818  -0.286746123396583833907094887398   0.677026776146765199294511926794
 819  -0.234629982188003746961296860055   0.677034903459461968560406082572
 820  -0.182513840979423660015498832712   0.677043030772158737826300238351
 821   0.547266982044415401191962503970  -0.315789035994729119513921423200
 822   0.599397200171515292134695890757  -0.406048713149727134526458162189
 823   0.521187796062345651723660451134  -0.180391392949535327729222158937
 824   0.026021108447495707752370073879   0.225736517684471893497722387624
 825   0.078123172737555990701232741778   0.316012449464863447042047438171
 826   0.130253390864655881643966128565   0.225752772309865432029510699181
 827  -0.599428893729544551584947692015   0.586710207802889799420716097356
 828   0.521201872980865455720595810577  -0.270659197417230112007653053705
 829   0.521173719143825847726725091691  -0.090123588481840543450791264169
 830   0.625434155398025629612191865263  -0.270642942791836573475864742148
 831   0.052058063674006045229866048385   0.361142288042362454548315807665
 832   0.573289860352405934672523119034  -0.090115461169143774184897108391
 833   0.104131974127026720184857997398   0.631953828758143576649502647747
 834   0.547224751288855989201156425641  -0.044985622591644766678628738896
 835   0.104188281801105936172599435172   0.270882610887364439535779068676
 836   0.130239313946136077647030769122   0.316020576777560216307941593949
 837   0.469043501016725956783991704904   0.000136088673157471561745474821
 838   0.182383608991755772586699515352   0.135493095154867417016973960191
 839   0.547238828207375793198091785084  -0.135253427059339550957059633664
 840   0.208434641136785914061130849302   0.180631061045063193789136485465
 841   0.234499750200335859532497542695   0.135501222467564186282868115970
 842   0.260564859263885805003864236088   0.090371383890065178776599746475
 843   0.286615891408915946478295570038   0.135509349780260955548762271748
 844   0.547252905125895597195027144527  -0.225521231527034335235490528432
 845   0.052072140592525849226801407829   0.270874483574667670269884912898
 846  -0.685404167607000000000000000000   0.545678167452000000000000000000
 847   0.547281058962935205188897863414  -0.406056840462423903792352317968
 848  -0.771039106252431415429351955329   0.595030736892886494609559666580
 849   0.599246530488923795429785819427  -0.767767202291701868444277689896
 850   0.390805943070516708379085546394   0.406329017808738846915843267609
 851  -0.547312752520964464639149664672   0.586718335115586568686610253134
 852   0.599383123252995488137760531314  -0.315780908682032350248027267422
 853   0.312681000472465891949662263431   0.090379511202761948042493902253
 854   0.104146051045546524181793356841   0.541686024290448792371071752979
 855   0.208378333462706698073389411528   0.541702278915842330902860064536
 856   0.573318014189445542666393837920  -0.270651070104533342741758897927
 857   0.260494474671286785019187438871   0.541710406228539100168754220314
 858   0.286559583734836730490554132264   0.496580567651040092662485850820
 859   0.573532293532068088271294830141  -0.722306121289241662807712615835
 860   0.312624692798386675961920825657   0.451450729073541085156217481325
 861   0.364740834006966762907718853000   0.451458856386237854422111637103
 862   0.599354969415955880143889812427  -0.135245299746642781691165477885
 863   0.338675724943416817436352159607   0.496588694963736861928380006598
 864   0.599425354008554900128566609644  -0.586584322085116703083319951726
 865  -0.495196611312384377693351637328   0.586726462428283337952504408912
 866  -0.469131502248834432221984943935   0.541596623850784330446236039418
 867   0.338746109536015837421028956825   0.045249672625262940536225532759
 868   0.390791866151996904382150186950   0.496596822276433631194274162376
 869   0.156262192254126611127591384184   0.541694151603145561636965908758
 870   0.599340892497436076146954452984  -0.044977495278947997412734583117
 871  -0.390964328895224203801755582641   0.586742717053676876484292720470
 872  -0.364913296750194062327324248691   0.631880682943872653256455245743
 873  -0.443094547022324094744488969429   0.677002394208674891496829459459
 874   0.390834096907556316372956265281   0.225793408873349278358981478073
 875   0.685355176480529073022599558853  -0.545704472351716992216966858709
 876  -0.651545034938124638530745719358   0.586702080490193030154821941578
 877   0.286587737571876338484424851151   0.316044958715650524105624061284
 878  -0.443080470103804290747553609985   0.586734589740980107218398564691
 879  -0.737954529693000000000000000000   0.635571847349000000000000000000
 880   0.312610615879866871964985466214   0.541718533541235869434648376093
 881   0.729624207059626391512981841620   0.000176725236641317891216253712
 882   0.286629968327435750475230929482   0.045241545312566171270331376980
 883   0.104117897208506916187922637954   0.722221633225838360927933542515
 884   0.442978391953176011312625011511   0.045265927250656479068013844315
 885  -0.702234946000027073140919178101   0.674854770920513530981055975292
 886  -0.686812131594057561365484023436   0.625072956607203389709884867597
 887   0.104174204882586132175664075728   0.361150415355059223814209963444
 888   0.208406487299746306067260130415   0.361166669980452762345998275000
 889   0.573332091107965346663329197364  -0.360918874572228127020189792695
 890   0.521145565306786239732854372804   0.090412020453549025106070525367
 891   0.599411277090035096131631250201  -0.496316517617421918804889056957
 892  -0.599808571935590117473443887393   0.676764872045295421300780108126
 893   0.052029909836966437235995329498   0.541677896977752023105177597201
 894   0.625476386153585041602997943594  -0.541446356194920926311157426452
 895   0.364768987844006370901589571887   0.270923247450848285865249847568
 896   0.625462309235065237606062584151  -0.451178551727226142032726531684
 897   0.495066379324716490264552319967   0.225809663498742816890769789630
 898   0.651527418298615183077429277544  -0.496308390304725149538994901179
 899   0.312638769716906479958856185101   0.361182924605846300877786586557
 900   0.599369046334475684140825171870  -0.225513104214337565969596372653
 901  -0.651200976537927001810474410394   0.685420101084181323942396145694
 902  -0.638038135023185661259808727083   0.735846600504463047957240045965
 903   0.639457513455157365907572681468  -0.734613483202960937228488515320
 904   0.651088772699472020351668383944  -0.683811848889511767935214205039
 905   0.599439430927074704125501969088  -0.676852126552811487361750846494
 906  -0.573377861584514410110516358065   0.631848173693085576192878622629
 907  -0.521261720375934323164718330722   0.631856301005782345458772778407
 908   0.025992954610456099758499354992   0.406272126619861462054584177160
 909  -0.629954355512068910086853416752   0.634252238945404129670669275854
 910  -0.597763223034153963040249726270   0.768922629661567471071072943579
 911   0.521159642225306043729789732247   0.000144215985854240827639630599
 912   0.052043986755486241232930688942   0.451410092510057238826746702433
 913   0.629450561285000000000000000000  -0.634118268209000000000000000000
 914   0.495052302406196686267616960524   0.316077467966437601169200684397
 915   0.573275783433886130675587759590   0.000152343298551010093533786377
 916  -0.574465289925785988913081834267   0.722303979387198924700159053806
 917   0.260508551589806589016122798314   0.451442601760844315890323325547
 918  -0.469145579167354236218920303379   0.631864428318479114724666934186
 919   0.521117411469746631738983653917   0.270947629388938593662932314903
 920   0.547210674370336185204221066197   0.045282181876050017599802155872
 921   0.651541495217134987074364636987  -0.586576194772419933817425795947
 922   0.312652846635426283955791544544   0.270915120138151516599355691789
 923  -0.495210688230904181690286996772   0.676994266895978122230935303680
 924   0.573261706515366326678652400147   0.090420147766245794371964681145
 925   0.703643559507195270023227304887  -0.496300262992028380273100745401
 926   0.390820019989036512376020905837   0.316061213341044062637412372841
 927   0.469015347179686348790120986017   0.180671697608547040118607264356
 928   0.599312738660396468153083734097   0.135558113656441571144127206418
 929   0.078066865063476774713491304004   0.677083667335642584155771017242
 930   0.078095018900516382707362022892   0.496548058400253015598909227706
 931   0.677578450443645324551860611494  -0.451170424414529372766832375906
 932   0.651513341380095379080493918100  -0.406040585837030365260564006411
 933   0.078109095819036186704297382335   0.406280253932558231320478332938
 934   0.338732032617496033424093597381   0.135517477092957724814656427527
 935   0.625406001560986021618321146377  -0.090107333856447004919002952612
 936   0.104160127964066328178728716285   0.451418219822754008092640858212
 937   0.130225237027616273650095409678   0.406288381245255000586372488717
 938   0.364797141681045978895460290774   0.090387638515458717308388058032
 939   0.390848173826076120369891624724   0.135525604405654494080550583305
 940   0.078080941981996578710426663448   0.586815862867947799877340122474
 941   0.781782579023765890449585947293  -0.270618560853746265678182274814
 942   0.495080456243236294261487679410   0.135541859031048032612338894862
 943   0.416856975215546849853516880344   0.451466983698934623688005792882
 944   0.130211160109096469653160050235   0.496556185712949784864803383485
 945   0.729666437815185803503787919949  -0.270626688166443034944076430592
 946   0.416871052134066653850452239787   0.361199179231239839409574898114
 947  -0.547383910124000000000000000000   0.677714704606000000000000000000
 948   0.495094533161756098258423038854   0.045274054563353248333908000094
 949   0.208392410381226502070324770971   0.451434474448147546624429169768
 950  -0.417043514877293953270057635479   0.722140360098870668268991984732
 951   0.703573174914596250038550507670  -0.044961240653554458880946271561
 952   0.729680514733705607500723279393  -0.360894492634137819222507325360
 953   0.442922084279096795324883573737   0.406337145121435616181737423387
 954   0.468987193342646740796250267130   0.361207306543936608675469053892
 955  -0.390978405813744007798690942086   0.677010521521371660762723615237
 956   0.599326815578916272150019093540   0.045290309188746786865696311650
 957   0.182369532073235968589764155908   0.225760899622562201295404854959
 958   0.781796655942285694446521306736  -0.360886365321441049956613169581
 959   0.025964800773416491764628636105   0.586807735555251030611445966696
 960   0.625420078479505825615256505820  -0.180375138324141789197433847380
 961   0.781754425186726282455715228406  -0.090082951918356697121320485277
 962   0.442950238116136403318754292624   0.225801536186046047624875633851
 963  -0.364927373668713866324259608136   0.722148487411567437534886140510
 964   0.469029424098206152787056345461   0.090403893140852255840176369588
 965  -0.312811232460133779378461580792   0.722156614724264206800780296289
 966  -0.338876341523683724849828274186   0.767286453301763214307048665783
 967   0.364754910925486566904654212444   0.361191051918543070143680742335
 968   0.807833611168796031924017281243  -0.225480594963550488906019749540
 969  -0.208578950042973605486865526105   0.722172869349657745332568607845
 970   0.729610130141106587516046482176   0.090444529704336102169647148481
 971  -0.286760200315103637904030246842   0.767294580614459983572942821562
 972   0.286573660653356534487489491707   0.406312763183345308384054956052
 973   0.781768502105246086452650587849  -0.180350756386051481399751380045
 974   0.156276269172646415124526743628   0.451426347135450777358535013990
 975   0.833870566395306369401513255750  -0.090074824605659927855426329498
 976   0.130197083190576665656224690791   0.586823990180644569143234278252
 977  -0.234644059106523550958232219498   0.767302707927156752838836977340
 978   0.130183006272056861659289331347   0.677091794648339353421665173020
 979   0.234457519444776447541691464364   0.406304635870648539118160800274
 980   0.416913282889626065841258318118   0.090395765828155486574282213810
 981   0.338703878780456425430222878494   0.316053086028347293371518217062
 982   0.651457033706016163092752480327  -0.044969367966251228146840427339
 983   0.755689316123176336984348535013  -0.044953113340857689615052115782
 984   0.833884643313826173398448615193  -0.180342629073354712133857224267
 985   0.442964315034656207315689652067   0.135533731718351263346444739083
 986  -0.182527917897943464012434192155   0.767310835239853522104731133118
 987   0.416899205971106261844322958674   0.180663570295850270852713108578
 988   0.338689801861936621433287519051   0.406320890496042077649949111830
 989   0.338717955698976229427158237938   0.225785281560652509093087322294
 990  -0.130411776689363377066636164812   0.767318962552550291370625288896
 991   0.547182520533296577210350347310   0.225817790811439586156663945408
 992   0.859921598540336510875944589700  -0.044936858715464151083263804225
 993   0.130168929353537057662353971904   0.767359599116034137700096067788
 994   0.416885129052586457847387599231   0.270931374763545055131144003346
 995   0.182313224399156752602022718134   0.586832117493341338409128434031
 996   0.737871227425000000000000000000  -0.635669106237000000000000000000
 997   0.182327301317676556598958077578   0.496564313025646554130697539263
 998  -0.471666634045737545410985497169   0.723489102663532012530249021449
 999   0.651442956787496359095817120883   0.045298436501443556131590467429
1000  -0.523165027629648475670573521106   0.731489583824216830287594576071
1001  -0.546462960738016449797741413108   0.778108234098585376658508465845
1002  -0.443259550093308951552603578979   0.767182692832406268301359581048
1003  -0.494350755532698299100508111272   0.777467680303277757061436550468
1004  -0.417029437958774149273122276036   0.631872555631175883990561089964
1005  -0.468299723387668157626076777322   0.822605646193473533833599075742
1006   0.260522628508326393013058157758   0.361174797293149531611892430779
1007   0.182341378236196360595893437021   0.406296508557951769852266644495
1008  -0.338862264605163920852892914741   0.677018648834068430028617771016
1009   0.686796772404247701803446258652  -0.624957930936717152144070266983
1010   0.364712680169927154913848134113   0.631994465321627422978973426639
1011  -0.390992482732263811795626301530   0.767278325989066445041154510005
1012   0.442936161197616599321818933180   0.316069340653740831903306528619
1013   0.521131488388266435735919013360   0.180679824921243809384501420135
1014   0.719912584849819221949200744894  -0.584715724155830973079082276817
1015   0.677564373525125520554925252050  -0.360902619946834588488401481138
1016  -0.078295635480783290120838137469   0.767327089865247060636519444675
1017   0.703629482588675466026291945443  -0.406032458524333595994669850633
1018   0.234443442526256643544756104921   0.496572440338343323396591695041
1019   0.703615405670155662029356586000  -0.315764654056638811716238955865
1020  -0.417208517948278810078172245029   0.812320658722602045073522106322
1021   0.390777789233477100385214827507   0.586864626744128415472705057144
1022   0.737716806742185490984885711899  -0.535735096114397522849088944190
1023   0.547196597451816381207285706754   0.135549986343744801878233050640
1024   0.755745623797255552972089972786  -0.406024331211636826728775694854
1025   0.815297245257000000000000000000  -0.320464329468000000000000000000
1026   0.052001755999926829242124610611   0.722213505913141591662039386737
1027   0.521103334551226827742048294473   0.361215433856633377941363209671
1028  -0.312825309378653583375396940237   0.812424419191958991079211191056
1029   0.755717469960215944978219253900  -0.225488722276247258171913905318
1030   0.469001270261166544793185626574   0.270939502076241824397038159124
1031   0.807805457331756423930146562356  -0.044944986028160920349157960004
1032  -0.260709168170073496429598912892   0.812432546504655760345105346835
1033   0.495038225487676882270681601080   0.406345272434132385447631579165
1034   0.770983006115335993510330675782  -0.595103424203893752688950503085
1035   0.625391924642466217621385786933   0.000160470611247779359427942156
1036  -0.260695091251553692432663553449   0.722164742036960976066674452067
1037   0.625363770805426609627515068046   0.180696079546637347916289731691
1038  -0.156462808834393518541067498762   0.722180996662354514598462763624
1039  -0.026179494272203203175040110126   0.767335217177943829902413600453
1040   0.778396639068798724917938475219  -0.503158363890239371733411409155
1041   0.651414802950456751101946401996   0.225834045436833124688452256965
1042   0.781810732860805498443456666180  -0.451154169789135834235044064349
1043   0.547168443614776773213414987867   0.316085595279134370435094840176
1044   0.234429365607736839547820745477   0.586840244806038107675022589809
1045   0.025936646936376883770757917217   0.767343344490640599168307756231
1046   0.755703393041696140981283894457  -0.135220917808552473893483010550
1047   0.807819534250276227927081921800  -0.135212790495855704627588854772
1048   0.468973116424126936799314907687   0.451475111011631392953899948660
1049  -0.208593026961493409483800885549   0.812440673817352529610999502613
1050  -0.078309712399303094117773496912   0.857594894332941844914950339443
1051   0.495024148569157078273746241636   0.496613076901827169726062473934
1052   0.833898720232345977395383974636  -0.270610433541049496412288119035
1053   0.547154366696256969216479628423   0.406353399746829154713525734944
1054   0.156248115335606807130656024741   0.631961956070840345915396803526
1055  -0.130055731136000000000000000000   0.866612058614000000000000000000
1056   0.859935675458856314872879949143  -0.135204663183158935361694698993
1057   0.338661648024897013439416800164   0.586856499431431646206810901366
1058   0.573219475759806914687846321816   0.361223561169330147207257365449
1059   0.078052788144956970716555944561   0.767351471803337368434201912010
1060   0.677508065851046304567183814277   0.000168597923944548625322097934
1061   0.573205398841287110690910962373   0.451491365637024931485688260217
1062   0.651428879868976555098881761440   0.135566240969138340410021362197
1063   0.260550782345366001006928876645   0.180639188357759963055030641243
1064  -0.364941450587233670321194967580   0.812416291879262221813317035278
1065   0.234471596363296251538626823808   0.316036831402953754839729905506
1066   0.364783064762526174898524931331   0.180655442983153501586818952800
1067  -0.156476885752913322538002858205   0.812448801130049298876893658391
1068   0.286601814490396142481360210595   0.225777154247955739827193166516
1069   0.702399292234285781182393566707  -0.674683715148523602640650229256
1070   0.156290346091166219121462103071   0.361158542667755993080104119222
1071   0.156304423009686023118397462515   0.270890738200061208801673224454
1072   0.729694591652225411497658638837  -0.451162297101832603500938220127
1073   0.755731546878735748975154613343  -0.315756526743942042450344800087
1074   0.182355455154716164592828796465   0.316028704090256985573835749727
1075   0.703559097996076446041615148226   0.045306563814140325397484623207
1076   0.781726271349686674461844509520   0.090452657017032871435541304259
1077   0.599256430986317252165342296323   0.496629331527220708257850785490
1078   0.781740348268206478458779868963   0.000184852549338087157110409491
1079   0.234401211770697231553950026590   0.767375853741427676231884379345
1080  -0.104360744544333235592204830862   0.812456928442746068142787814170
1081   0.364726757088446958910783493557   0.541726660853932638700542531871
1082  -0.052244603335753148646406803519   0.812465055755442837408681969948
1083   0.599270507904837056162277655766   0.406361527059525923979419890722
1084   0.677493988932526500570248454833   0.090436402391639332903752992702
1085   0.703530944159036838047744429340   0.225842172749529893954346412743
1086   0.208364256544186894076454052084   0.631970083383537115181290959304
1087   0.156219961498567199136785305853   0.812497565006229914472258593061
1088   0.208420564218266110064195489858   0.270898865512757978067567380232
1089   0.801712094535499233814646683119  -0.553010486965068750387922758708
1090   0.260536705426846197009993517201   0.270906992825454747333461536011
1091   0.182299147480636948605087358691   0.677099921961036122687559328799
1092   0.573247629596846522681717040703   0.180687952233940578650395575913
1093   0.885972412267501366776251169323   0.000344083131770181470261819159
1094   0.703545021077556642044679788783   0.135574368281835109675915517975
1095   0.234485673281816055535562183251   0.225769026935258970561299010738
1096  -0.520411928592986308323310079158   0.823246199988781153430670991118
1097   0.312666923553946087952726903988   0.180647315670456732320924797021
1098   0.755661162286136728990477816126   0.135582495594531878941809673754
1099   0.521089257632707023745112935030   0.451483238324328162219794104439
1100   0.625349693886906805630579708603   0.270963884014332132194720626460
1101  -0.286774277233623441900965606286   0.857562385082154767851373716329
1102   0.078038711226437166719620585117   0.857619276271032152712632806778
1103   0.208350179625667090079518692640   0.722237887851231899459721854072
1104   0.129876052113000000000000000000   0.866223401273000000000000000000
1105   0.729581976304066979522175763289   0.270980138639725670726508938016
1106   0.599284584823356860159213015210   0.316093722591831139700988995955
1107   0.860629972924186057029510019093   0.135181890172144107766187922116
1108   0.234415288689217035550885386034   0.677108049273732891953453484577
1109   0.651400726031936947105011042553   0.316101849904527908966883151733
1110  -0.182541994816463268009369551598   0.857578639707548306383162027886
1111   0.286545506816316926493618772820   0.586848372118734876940916745588
1112   0.825210046909388861943853468769  -0.422299503257735651393120139973
1113   0.807777303494716815936275843469   0.135590622907228648207703829532
1114   0.677465835095486892576377735946   0.270972011327028901460614782238
1115   0.807763226576197011939340484026   0.225858427374923432486134724300
1116   0.833856489476786565404577896306   0.000192979862034856423004565269
1117  -0.234688293509000000000000000000   0.862170258475000000000000000000
1118   0.442908007360576991327948214293   0.496604949589130400460168318155
1119   0.260480397752766981022252079427   0.631978210696233884447185115082
1120   0.156234038417087003133720665297   0.722229760538535130193827698293
1121   0.260466320834247177025316719984   0.722246015163928668725616009850
1122   0.833828335639746957410707177419   0.180728588797424424979866354805
1123   0.286531429897797122496683413377   0.677116176586429661219347640355
1124  -0.000128462127173061700608776176   0.812473183068139606674576125726
1125  -0.026193480357300528541255127362   0.857708790240105290022811258503
1126   0.051987679081407025245189251167   0.812481310380836375940470281505
1127   0.312596538961347067968050106770   0.631986338008930653713079270861
1128   0.104103820289987112190987278510   0.812489437693533145206364437283
1129   0.599298661741876664156148374653   0.225825918124136355422558101186
1130   0.677479912014006696573313095390   0.180704206859334117182183887470
1131   0.912037521331051312247617862717  -0.044785755445728826036006550336
1132   0.390763712314957296388279468063   0.677132431211823199751135951912
1133   0.260452243915727373028381360540   0.812513819631623453004046904618
1134   0.920482691814861599890594091965   0.039397032394136028306699446714
1135   0.729596053222586783519111122733   0.180712334172030886448078043248
1136   0.573233552678326718684781681260   0.270955756701635362928826470681
1137   0.025922570017857079773822557774   0.857611148958335383446738650999
1138   0.807791380413236619933211202913   0.045322818439533863929272934764
1139   0.312582462042827263971114747327   0.722254142476625437991510165629
1140   0.703516867240517034050809069896   0.316109977217224678232777307511
1141   0.830145579741347429100095335682  -0.509334072739829483746966932718
1142   0.182285070562117144608151999247   0.767367726428730906965990223566
1143   0.208336102707147286082583333197   0.812505692318926683738152748840
1144   0.832968168983280255519176853789  -0.370764041850928879124942790248
1145  -0.339037230435650952398983727066   0.857759562787851366557505575096
1146   0.755675239204656532987413175570   0.045314691126837094663378778986
1147   0.364698603251407350916912774670   0.722262269789322207257404321407
1148   0.866529421281685097373817689231  -0.330892566023105714928642415023
1149   0.833842412558266761407642536863   0.090460784329729640701435460037
1150   0.755633008449097120996607097239   0.316118104529921447498671463289
1151  -0.442248691242638016151645443373   0.867743612083669310605761601015
1152   0.286517352979277318499748053933   0.767383981054124445497778535123
1153   0.547140289777737165219544268980   0.496621204214523938991956629712
1154   0.338633494187857405445546081276   0.767392108366821214763672690902
1155   0.781712194431166870464909150076   0.180720461484727655713972199027
1156   0.755647085367616924993542456683   0.225850300062226663220240568522
1157   0.856202045972188404603119405085  -0.464199243526826859999006395342
1158  -0.197801503565125285755017366658   0.907410754184814655852520421705
1159   0.182270993643597340611216639803   0.857635530896425691244421118334
1160   0.198299072520396328406693109222   0.907225781228975750418468557805
1161   0.912360242957001175588682660262  -0.135246496265261824492216084906
1162   0.781698117512647066467973790632   0.270988265952422439992403093795
1163  -0.391157485803248668603740911080   0.857458624612797821845684631595
1164   0.815148594245238349735088092454   0.320674026283458591186421577986
1165   0.879806883766544762853241815718  -0.417735237315265670374979375258
1166   0.625335616968387001633644349160   0.361231688482026916473151521228
1167   0.390790285788000000000000000000   0.769638242217000000000000000000
1168   0.234622583687000000000000000000   0.862551087739000000000000000000
1169   0.884741163026576973795894770285  -0.282061994624204045420217966498
1170   0.866320999017582846882460283999   0.330594106870137024621183012320
1171   0.824886970864362751315840397334   0.422114265179867652767751239080
1172   0.946547800878411545361960785379  -0.005732806183362979199568922826
1173   0.625307463131347393639773630272   0.541767297417416485030013310763
1174   0.912748191269792920412181288375   0.136074790779808615841927980234
1175   0.313286959678962427240815783262   0.812929405485943987339922265148
1176   0.677451758176967088579442376503   0.361239815794723685739045677006
1177   0.286516250196266253651193309423   0.857644295112543227404084872633
1178   0.863929703073000000000000000000  -0.227743392909000000000000000000
1179   0.862106297623846278415772013040   0.046674427533056292689148469535
1180   0.833814258721227153413771817976   0.270996393265119209258297249573
1181   0.651386649113417143108075683109   0.406369654372222693245314046501
1182   0.900892503597099337579129802083  -0.370075098027940934062723802577
1183   0.338625835281666554350943465093   0.858470964788591461751025286384
1184  -0.365435039735808194748294413501   0.902784643728020010727360625686
1185   0.703502790321997230053873710453   0.406377781684919462511208202279
1186   0.625321540049867197636708989716   0.451499492949721700751582415995
1187   0.729567899385547175525240403846   0.361247943107420455004939832784
1188   0.677437681258447284582507017059   0.451507620262418470017476571774
1189  -0.000046434780878328190264804059   0.902796357050023182046499122005
1190   0.729662518016002789436038113940   0.451578351268036249399192208677
1191  -0.266812011949130046196945197750   0.905703845438456600380102453893
1192  -0.146425974626202202871927877223   0.916165596660367714374380216673
1193   0.755618931530577316999671737796   0.406385908997616231777102358057
1194   0.338647571106377209442481440720   0.677124303899126430485241796134
1195   0.651372572194897339111140323666   0.496637458839917477523744941268
1196   0.864423188982000000000000000000   0.228321087216000000000000000000
1197   0.781684040594127262471038431189   0.361256070420117224270833988562
1198   0.781807455464785885469669322822   0.451444242906819489395932625547
1199  -0.095136518273711158731153046211   0.906919845874639860097082294090
1200   0.917761677485462612991808784917  -0.221654447534038970098147989293
1201   0.703488713403477426056938351009   0.496645586152614246789639097047
1202   0.778715998764593969534468423588   0.503468613503653331986178399402
1203   0.095504971601929996084825782229   0.906721434971249806626491980898
1204   0.832950995995685574039355894784   0.370625783563031590853892258076
1205   0.856594007497093056884732852067   0.463475552254819389603193027916
1206   0.416842898297027045856581520900   0.541734788166629407966436687650
1207   0.830575691334924343953719632185   0.508632384125659282412831530358
1208   0.046878445214037786529784596274   0.925471186222226278713791583695
1209   0.468959039505607132802379548243   0.541742915479326177232330843428
1210   0.372383409821000000000000000000   0.818403238360000000000000000000
1211   0.918998145479217463920698271444   0.221063146846370502236824298643
1212   0.919463627365000000000000000000  -0.321050943403000000000000000000
1213   0.400743037345032367401138876319   0.862245583200235404530625926516
1214  -0.046671113122312184845184800478   0.926082224224850487379004878965
1215   0.416828821378507241859646161456   0.632002592634324192244867582418
1216   0.935587392298333221999343149850  -0.270627257663089932141478442076
1217   0.884785848003642650631584179453   0.281858682459879988324628676419
1218  -0.316620666228409576906174367682   0.921039757521312319788007296750
1219   0.268171750094259733707478245276   0.906425147468086933463789300368
1220   0.442893930442057187331012854850   0.586872754056825184738599212923
1221   0.495010071650637274276810882193   0.586880881369521954004493368701
1222   0.885944461113257193162543140222   0.180769894429106582260020120915
1223   0.886000784522406260344246642536  -0.180334501760657942867963068488
1224   0.521075180714187219748177575586   0.541751042792022946498224999207
1225   0.318368994780014733521557943662   0.920436887776996194241966423590
1226   0.468944962587087328805444188800   0.632010719947020961510761738196
1227   0.737858499636617209879915931611   0.535822237806554073327339455035
1228   0.573191321922767306693975602929   0.541759170104719715764119154985
1229  -0.181182854496000000000000000000   0.956885975778000000000000000000
1230  -0.129162220419691772391658188681   0.965339319635378103286050730735
1231   0.885986707603886456347311283093  -0.090066697292963158589532173720
1232   0.416814744459987437862710802013   0.722270397102018976523298477186
1233   0.901204910436580314323117316896   0.369313675109431858657296973768
1234   0.685428982676000000000000000000   0.545944736457000000000000000000
1235   0.955974145321920531075604837045  -0.186215774556999603060181449464
1236   0.442879853523537383334077495406   0.677140558524519969017030107691
1237   0.547126212859217361222608909536   0.586889008682218723270387524480
1238   0.442865776605017579337142135963   0.767408362992214753295461002459
1239   0.938102630394601257718984556110  -0.089915594023227833542274919830
1240   0.599242354067797448168406936879   0.586897135994915492536281680258
1241   0.964566424887885803123726099819  -0.134812807985155067222775415719
1242   0.521061103795667415751242216143   0.632018847259717730776655893974
1243   0.468930885668567524808508829356   0.722278524414715745789192632964
1244   0.720256739251456985419565759560   0.584875986612015163625486660269
1245   0.494995994732117470279875522749   0.677148685837216738282924263469
1246   0.651358495276377535114204964222   0.586905263307612261802175836036
1247   0.521047036836448719689964171748   0.722286645979476508163743730684
1248   0.686958555654473022471586348922   0.624967422226961896381848421681
1249   0.547131868443562007039213011276   0.677168204067610637622179459018
1250   0.573526798085754059275517565428   0.722433389071360672930597092529
1251   0.026819838230629821963398223750   0.973572584605340343775119810823
1252   0.146859710438089557218583913403   0.915597416021010789587940301929
1253  -0.025296287658713587729050739180   0.973613362196990058009376757270
1254   0.547161010281705528632781520949   0.767388227231427014304105458447
1255   0.078859168837390754443022058588   0.970744102587348008066561410500
1256   0.771485617421002116341383420774   0.594451699745551144452107618965
1257   0.947092530166311925276468689932   0.084207842958502687462532943847
1258   0.426280354404559093438180278236   0.816815002333080773711134255772
1259   0.972612909941961490833327478772  -0.050862644760861986705837292321
1260   0.452859178555029324617508999834   0.862253701422211236071101752355
1261   0.895054176559296909187234745782   0.087054243210951106059638751859
1262   0.573177245004247502697040243486   0.632026974572414500042550049753
1263   0.182112058070710153695053447838   0.956764380358659687648187297919
1264   0.367148616899720785748158040066   0.902089116621224843034083083648
1265   0.478396495614556050654550401752   0.816823120555056605251610081610
1266   0.629094684651000000000000000000   0.634128368788000000000000000000
1267   0.919669759422640118072241212350   0.320578250699174822360742637867
1268   0.973157639229861870747835383297   0.039078004381003679956264574336
1269   0.599288900523960404793707140339   0.677129897831841021269278557810
1270   0.494981927772898774218597478355   0.767416484556975515670012100179
1271   0.964786544876807936501415232525   0.133228390527360197244822172221
1272  -0.233272278875837399546230255135   0.945593424853363328025880028490
1273   0.639485649180204243775076980649   0.734588991008177632166696710197
1274   0.880159572889532348178298661684   0.416991615585680245492517902905
1275   0.737989237491700042075451970453   0.635548620257127456598245447242
1276   0.935638243318543375061503110080   0.270451398328109884627161878326
1277   0.530512614007568310218987585930   0.816773681993180146717242663567
1278   0.650982016610612145731623747482   0.683756660976681657368142415511
1279  -0.077339980763700381222077663963   0.970866318600717649656556083327
1280   0.702317333299211198375923104716   0.674769030532169892011721552777
1281   0.956278702823119278762823532599   0.184645400009781069748463015628
1282   0.599275936053365338160642322944   0.767744250180489800304651913191
1283   0.802179124626510482744525597085   0.552332810207111540085598876401
1284   0.130672695988403382506944252020   0.965136015150694726817659042043
1285   0.233678483404754947332843959320   0.945493124042419147935691985500
