   1   0.008708281465298553631488814541  -0.932478085659374701512475373879
   2  -0.125985720428420203145387271549  -0.923969053945630232107629910564
   3   0.216424921380552638391434959865  -0.907056485455273405566468239655
   4  -0.266765868449428988521589743786  -0.893498026806143342896997358182
   5  -0.394880594842614546514538109160  -0.844784309879032911774056850554
   6   0.102211038748678655455196404129  -0.835153309023330319068028535780
   7   0.448588289962934916126339189993  -0.817532727485071897089464018117
   8   0.313686410352162667138947634405  -0.813487898152290135981222028827
   9  -0.027452479337731944066925911660  -0.797706682415507652364630835838
  10  -0.162364122799660298256601187493  -0.794001790345265181550650787228
  11  -0.512689155299545565414464276684  -0.778935841028829186949348293131
  12  -0.292208425072775246312226602685  -0.757186916529664814725996197017
  13   0.199472527720288684202709078669  -0.741584721720347049482782324951
  14   0.569808357952679595392791627346  -0.738120036093941295826913273118
  15   0.069809009633878084680586762880  -0.704138095112524382779384625009
  16  -0.405109161708354823299525183949  -0.683238952162860770037735376114
  17   0.438591886259640590404029549248  -0.682940938434434099019755196789
  18  -0.059854508452532514841535552909  -0.666691468504701716075986925068
  19  -0.194766151914460869031210828742  -0.662986576434459245262006876457
  20  -0.669698986928718333465106804090  -0.648917931103540516444049381620
  21   0.307972911674457420652227498163  -0.645965740534591344953487463125
  22  -0.534772679794765422821647499738  -0.645792325555038103334337676173
  23   0.678680112780476017082286183239  -0.639518974634319477831291334192
  24   0.178266561758611455684036777663  -0.608298620515147083009002346070
  25   0.548361468021240385581721744646  -0.604420134269333505050256897753
  26  -0.307985481472230371629842844244  -0.589527327994662352484055457074
  27   0.048603043672200856161914461874  -0.570851993907324416305604646129
  28   0.405191568816632083953671767992  -0.552176659819986480127153835183
  29  -0.437648999558640971151965160033  -0.552080701386839685780657757132
  30   0.763886412245764744595124663728  -0.534853964729948097761273479446
  31  -0.081060474414209743360207853915  -0.533405367299501749602206946187
  32  -0.702234629075237016354700452471  -0.517935834017853656031839367041
  33   0.275528050730221484431549452203  -0.514730033212163813423756135242
  34  -0.567312517645051570674087475822  -0.514634074779017019077260057190
  35   0.631505440438885636554094181005  -0.498109468682740233553833088439
  36  -0.210723992500620342882330169704  -0.495958740691679082898809246245
  37   0.145864532643810884909427136414  -0.477283406604341146720358435300
  38   0.502453057788242112701184442531  -0.458608072517003210541907624355
  39  -0.340387510587030942404452485493  -0.458512114083856416195411546303
  40  -0.817764183132575461905399159869  -0.448166213794126372994414560746
  41   0.016201014557400285387304820625  -0.439836779996518480016960735358
  42   0.372789539701831513179062126742  -0.421161445909180543838509924413
  43  -0.470051028673441541926574801282  -0.421065487476033749492013846361
  44   0.728766929410495665301606855545  -0.404540881379756963968586877610
  45  -0.113462503529010314134817495164  -0.402390153388695813313563035416
  46   0.243126021615420913656939810953  -0.383714819301357877135112224471
  47  -0.599714546759852141448697117071  -0.383618860868211082788616146420
  48   0.857936788342557662661582604125  -0.365425343414367498835914856741
  49   0.599714546759852141448697117071  -0.365039485214019940956661413526
  50  -0.243126021615420913656939810953  -0.364943526780873146610165335474
  51   0.113462503529010314134817495164  -0.346268192693535210431714524529
  52  -0.729378064846262740970819432860  -0.346172234260388416085218446478
  53   0.470051028673441541926574801282  -0.327592858606197274253263713584
  54  -0.372789539701831513179062126742  -0.327496900173050479906767635533
  55  -0.873892135395117975132784569373  -0.325428563736516218548406559934
  56  -0.016201014557400285387304820625  -0.308821566085712543728316824588
  57   0.340387510587030942404452485493  -0.290146231998374607549866013642
  58  -0.502453057788242112701184442531  -0.290050273565227813203369935591
  59   0.696976035731462170196209791611  -0.271470897911036671371415202697
  60  -0.145864532643810884909427136414  -0.271374939477889877024919124646
  61   0.210723992500620342882330169704  -0.252699605390551940846468313701
  62  -0.632116575874652712223306758320  -0.252603646957405146499972235649
  63   0.826671271539729485565216593442  -0.234134272789200114219360643178
  64   0.567312517645051570674087475822  -0.234024271303214004668017502755
  65  -0.275528050730221484431549452203  -0.233928312870067210321521424704
  66  -0.785506017108805254198204842365  -0.223434584202778261639210445666
  67   0.081060474414209743360207853915  -0.215252978782729274143070613759
  68   0.437648999558640971151965160033  -0.196577644695391337964619802814
  69  -0.405191568816632083953671767992  -0.196481686262244543618123724762
  70  -0.915252399381729811503376493565  -0.178379162437959303805568825580
  71  -0.048603043672200856161914461874  -0.177806352174906607439672913817
  72   0.307985481472230371629842844244  -0.159131018087568671261222102872
  73  -0.534855086903042683475794083781  -0.159035059654421876914726024820
  74   0.729508877539616532279552161063  -0.140413453926245732843119722192
  75  -0.178266561758611455684036777663  -0.140359725567083940736275213875
  76   0.922140481372574939947570885922  -0.138737691400018531100841938595
  77   0.178321963385819772107720528455  -0.121684391479746004557824402930
  78  -0.664518604989453282997916399570  -0.121588433046599210211328324879
  79   0.599659145132643825025013366279  -0.102995368167189995662561796721
  80  -0.307930079845022055206159093452  -0.102913098959261274032877513934
  81  -0.795447340456874185437147094279  -0.088838715555409442356291759164
  82   0.048658445299409172585598212666  -0.084237764871923337854426702988
  83   0.469995627046233225502891050490  -0.065548741559367328959164096779
  84  -0.437593597931432654728281409241  -0.065466472351438607329479813992
  85  -0.081005072787001426936524103123  -0.046791138264100671151029003047
  86  -0.931419780117196725189737800223  -0.044370551726948532988005305920
  87   0.827849369571674756211756735528  -0.042176498355396493932352151607
  88   0.340332108959822625980768734701  -0.028102114951544662255766396837
  89  -0.567257116017843254250403725030  -0.028019845743615940626082114050
  90   0.696920634104253853772526040819  -0.009426780864206726077315585892
  91  -0.210668590873412026458646418912  -0.009344511656278004447631303105
  92   0.210668590873412026458646418912   0.009344511656278004447631303105
  93  -0.696920634104253853772526040819   0.009426780864206726077315585892
  94   0.567257116017843254250403725030   0.028019845743615940626082114050
  95  -0.340332108959822625980768734701   0.028102114951544662255766396837
  96  -0.827849369571674756211756735528   0.042176498355396493932352151607
  97   0.931421412148711923572639841601   0.044384930849308509949839019274
  98   0.081005072787001426936524103123   0.046791138264100671151029003047
  99   0.437593597931432654728281409241   0.065466472351438607329479813992
 100  -0.469995627046233225502891050490   0.065548741559367328959164096779
 101  -0.048658445299409172585598212666   0.084237764871923337854426702988
 102   0.795447340456874185437147094279   0.088838715555409442356291759164
 103   0.307930079845022055206159093452   0.102913098959261274032877513934
 104  -0.599659145132643825025013366279   0.102995368167189995662561796721
 105   0.664518604989453282997916399570   0.121588433046599210211328324879
 106  -0.178321963385819772107720528455   0.121684391479746004557824402930
 107  -0.922140481372574939947570885922   0.138737691400018531100841938595
 108   0.178266561758611455684036777663   0.140359725567083940736275213875
 109  -0.729508379670709287500180728431   0.140413402850261088880662675906
 110   0.534855086903042683475794083781   0.159035059654421876914726024820
 111  -0.307985481472230371629842844244   0.159131018087568671261222102872
 112   0.048603043672200856161914461874   0.177806352174906607439672913817
 113   0.915248777251646784795040056339   0.178397343381091042221959713020
 114   0.405191568816632083953671767992   0.196481686262244543618123724762
 115  -0.437648999558640971151965160033   0.196577644695391337964619802814
 116  -0.081060474414209743360207853915   0.215252978782729274143070613759
 117   0.785506017108805254198204842365   0.223434584202778261639210445666
 118   0.275528050730221484431549452203   0.233928312870067210321521424704
 119  -0.567312517645051570674087475822   0.234024271303214004668017502755
 120  -0.826671271539729485565216593442   0.234134272789200114219360643178
 121   0.632116575874652712223306758320   0.252603646957405146499972235649
 122  -0.210723992500620342882330169704   0.252699605390551940846468313701
 123   0.145864532643810884909427136414   0.271374939477889877024919124646
 124  -0.696976035731462170196209791611   0.271470897911036671371415202697
 125   0.502453057788242112701184442531   0.290050273565227813203369935591
 126  -0.340387510587030942404452485493   0.290146231998374607549866013642
 127   0.016201014557400285387304820625   0.308821566085712543728316824588
 128   0.873892135395117975132784569373   0.325428563736516218548406559934
 129   0.372789539701831513179062126742   0.327496900173050479906767635533
 130  -0.470051028673441541926574801282   0.327592858606197274253263713584
 131   0.729378064846262740970819432860   0.346172234260388416085218446478
 132  -0.113462503529010314134817495164   0.346268192693535210431714524529
 133   0.243126021615420913656939810953   0.364943526780873146610165335474
 134  -0.599714546759852141448697117071   0.365039485214019940956661413526
 135  -0.857936788342557662661582604125   0.365425343414367498835914856741
 136   0.599714546759852141448697117071   0.383618860868211082788616146420
 137  -0.243126021615420913656939810953   0.383714819301357877135112224471
 138   0.113462503529010314134817495164   0.402390153388695813313563035416
 139  -0.728766929410495665301606855545   0.404540881379756963968586877610
 140   0.470051028673441541926574801282   0.421065487476033749492013846361
 141  -0.372789539701831513179062126742   0.421161445909180543838509924413
 142  -0.016201014557400285387304820625   0.439836779996518480016960735358
 143   0.817764183132575461905399159869   0.448166213794126372994414560746
 144   0.340387510587030942404452485493   0.458512114083856416195411546303
 145  -0.502453057788242112701184442531   0.458608072517003210541907624355
 146  -0.145864532643810884909427136414   0.477283406604341146720358435300
 147   0.210723992500620342882330169704   0.495958740691679082898809246245
 148  -0.631505440438885636554094181005   0.498109468682740233553833088439
 149   0.567312517645051570674087475822   0.514634074779017019077260057190
 150  -0.275528050730221484431549452203   0.514730033212163813423756135242
 151   0.702234629075237016354700452471   0.517935834017853656031839367041
 152   0.081060474414209743360207853915   0.533405367299501749602206946187
 153  -0.763886412245764744595124663728   0.534853964729948097761273479446
 154   0.437648999558640971151965160033   0.552080701386839685780657757132
 155  -0.405191568816632083953671767992   0.552176659819986480127153835183
 156  -0.048603043672200856161914461874   0.570851993907324416305604646129
 157   0.307985481472230371629842844244   0.589527327994662352484055457074
 158  -0.548361468021240385581721744646   0.604420134269333505050256897753
 159  -0.178266561758611455684036777663   0.608298620515147083009002346070
 160  -0.678680112780476017082286183239   0.639518974634319477831291334192
 161   0.534772679794765422821647499738   0.645792325555038103334337676173
 162  -0.307964493050869308082366368698   0.645986523918169603719642073457
 163   0.669698986928718333465106804090   0.648917931103540516444049381620
 164   0.194766151914460869031210828742   0.662986576434459245262006876457
 165   0.059854508452532514841535552909   0.666691468504701716075986925068
 166  -0.438591886259640590404029549248   0.682940938434434099019755196789
 167   0.405109161708354823299525183949   0.683238952162860770037735376114
 168  -0.069809009633878084680586762880   0.704138095112524382779384625009
 169  -0.569815415929334083500179457778   0.738114587476314546293304035508
 170  -0.199472527720288684202709078669   0.741584721720347049482782324951
 171   0.292208425072775246312226602685   0.757186916529664814725996197017
 172   0.512689155299545565414464276684   0.778935841028829186949348293131
 173   0.162364122799660298256601187493   0.794001790345265181550650787228
 174   0.027452479337731944066925911660   0.797706682415507652364630835838
 175  -0.313686410352162667138947634405   0.813487898152290135981222028827
 176  -0.448588289962934916126339189993   0.817532727485071897089464018117
 177  -0.102211038748678655455196404129   0.835153309023330319068028535780
 178   0.394880594842614546514538109160   0.844784309879032911774056850554
 179   0.261359962445027052229056407640   0.895094253420713422474300228333
 180  -0.216424921380552638391434959865   0.907056485455273405566468239655
 181   0.125985720428420203145387271549   0.923969053945630232107629910564
 182  -0.008708281465298553631488814541   0.932478085659374701512475373879
