   1   0.074341975212865234342559236906  -0.921232733918292896891648943993
   2  -0.089692709279660885696862098762  -0.919838777845592828708842926656
   3   0.223888029604914559288591351535  -0.896699854756735984826333562386
   4  -0.238834261531312910460817981172  -0.892835189069021256955558977927
   5   0.367414641441056748429581637101  -0.848058347388823367614813398882
   6  -0.381528398031444430401081436253  -0.841803160374610507811022445900
   7  -0.001787729117188559465994971977  -0.790197804747464872186301734158
   8   0.501062961292332985449185703418  -0.776615984990059630490626292937
   9  -0.151809900358445996793601648646  -0.768768089857990526341664273834
  10  -0.513964780780961225363688414254  -0.768138453299859855134273102289
  11   0.256740410097480279816897180688  -0.744534924625209892972554284916
  12  -0.294504036858577516733865103728  -0.717736061163579777197127741807
  13   0.114303879224341993830283618059  -0.692788241475361027765810389357
  14   0.621239727002397054826062290996  -0.684293563403244125949901142616
  15   0.390388729948756516836501247006  -0.673092562226446155848367178972
  16  -0.426940419608094311696472081729  -0.644071354088829124520378398195
  17  -0.028101081311612839334975405111  -0.640954741121454046772779033406
  18  -0.577897859885124666468364379486  -0.630739596170529596139387303235
  19  -0.178123252552870276662582081781  -0.619525026231979700928141573081
  20   0.230302679895398422385529688091  -0.595268177965015387564803101758
  21   0.510565495658820586213377834583  -0.580770140639630651307642028650
  22  -0.720352112599284065122725624859  -0.579041719736040160039974893414
  23   0.724713871957178572916738892804  -0.573573258715882507969097944731
  24  -0.310941618937037883141226011697  -0.546551290578483484319371110596
  25   0.087897719359443589220270664921  -0.543434677611108406571771745807
  26   0.363973291936850430422149465595  -0.523867533565619705352818171662
  27  -0.453395871651197281795587257070  -0.494853414143994048219958700775
  28  -0.061194315566809897864281935645  -0.493067208209730955322093125608
  29  -0.604353311928227636567479554827  -0.481521656225694519838967605815
  30  -0.805293912573928902456042880666  -0.453539627477573190368000456962
  31   0.634336647632694412951937463253  -0.451891501727309691787047680585
  32   0.808703395383004898427114046404  -0.447431891595940845802551335522
  33   0.203896520030500017775516734953  -0.445914614100762766370764458208
  34  -0.203153807856739165097031944805  -0.440025836687391513652789944452
  35   0.484150057646914499799026053172  -0.431545111978804200812093021341
  36   0.054804485104246530690964134388  -0.395547144699385315121085838009
  37  -0.345608060570898563751393190177  -0.388327960252902077553377534631
  38   0.337629006544553996752397945847  -0.374629927140983675181770750430
  39  -0.689295111902872473900796810634  -0.356019563967227550166993169362
  40  -0.491755715330401447676299931008  -0.348243704584591575570608206607
  41  -0.087155007185682736541785874772  -0.342505773177045873451782656853
  42   0.721175531082943851595307158529  -0.323719493206549706002371626607
  43  -0.868584620009528666239253422930  -0.315843691094226548989759259011
  44   0.570550902420738122282744268176  -0.307042989239651822172704901099
  45   0.871784408166040286568191275354  -0.306901327790723934262179084385
  46   0.170803285775302959246210204420  -0.298027081189039674920078550410
  47  -0.229609259899842135196147120146  -0.290807896742556437352370247031
  48   0.428761578736288655034206283611  -0.253548389201033476388374443967
  49   0.028843793485373692013460195260  -0.244985709666700233250775369254
  50  -0.372063512614001533850508365518  -0.239110020308067001252957837210
  51  -0.595043643806934313236992587241  -0.237349663377626989063826621775
  52  -0.752585819338472237684007352898  -0.218323627583880908788751971412
  53   0.286802086446359387801456274451  -0.200507017678694034719071262811
  54  -0.113610459228785706640901050113  -0.193287833232210797151362959433
  55   0.759609162953401641273817123742  -0.177129109874519839072378109490
  56  -0.909237133730741032703256549079  -0.165641321812740175311182120931
  57   0.910218040036498076246701240567  -0.160310944458694067332185567268
  58   0.545983923177244888793003799554  -0.157502532924194829376916200082
  59   0.144842594156430120568706265291  -0.147465646156354593049768081655
  60  -0.256064711942945105295262295485  -0.141589956797721361051950549611
  61  -0.482743289380178794421747517491  -0.135592526331568049161360505364
  62   0.403717007781238461591760394037  -0.104087176808443857029808524514
  63   0.002388341442270721914345019919  -0.095767769721865156950355671834
  64  -0.632797197497533093099946800442  -0.090582658475583683051660783683
  65  -0.782916584591651009258701929432  -0.069844911185395392189923740959
  66   0.662590797505780697329344736954  -0.060710377232143083444246220896
  67   0.261757515491309194359010384876  -0.051045805286104415360505343358
  68  -0.140065911271888676740016225453  -0.044069893287375720850943262012
  69  -0.366744488709122365866501447459  -0.038072462821222408960353217765
  70  -0.924109087616921953264865532652  -0.014794374097695840000477524139
  71   0.924179594435826019632614845067  -0.009410448956061819950133071680
  72   0.520631929116117535382064513622  -0.007667335938193679340545786217
  73   0.119798023201379927126260375716   0.001995566236235026308797837798
  74  -0.509198741423281764520862692832   0.013625413613267027139059192057
  75   0.779506852955159463986359829586   0.035708088438822237979248030167
  76   0.378672436826188268149314504462   0.045374035584145762328757394939
  77  -0.022656229512779471528100869656   0.053693442670724462408210247619
  78  -0.250745688038065937311255377427   0.059447600689123231240654069834
  79  -0.653625855484918319462693771420   0.059524142005373415323328693627
  80  -0.805837672494361261417307848063   0.079956651802250228378254065610
  81   0.637547984565496302039079606253   0.088751129732771642082948464846
  82   0.236712944536259000916564495302   0.098415407106485203998060576095
  83  -0.393199940752225335965616622800   0.111145477123612667340066479656
  84   0.495589116175833140091799382921   0.141794171026721046186648899525
  85   0.913279546034919155124076521757   0.141834234365977785495343018076
  86   0.094753452246329733683814486142   0.151456778628824645667363757251
  87  -0.134185132482559350143488983634   0.156295530108274940057142565949
  88  -0.537550289205649184256175894595   0.162531536345411059023106182272
  89   0.768577422815719029383927169068   0.186858450995491018239514916694
  90   0.353629623885903872859049373761   0.194835542549060487855952080681
  91  -0.903183611127724765802364017890   0.196101616289630202387130185773
  92  -0.712349576391850231142273674167   0.199228863282179577758931643996
  93  -0.276334575728852901932881319000   0.208825715039932063485075240675
  94   0.612505171625211906748814475552   0.238212636697686367610143150588
  95   0.211670131595974605626299364601   0.247876914071399929525255261837
  96  -0.017617936243102979292259444030   0.253135466627550896686225278748
  97  -0.418792361213717969307515664048   0.260513855835800280602970995825
  98   0.470546303235548744801534252220   0.291255677991635771713843585267
  99   0.876457010918127921433099422823   0.293290960197519729944542685318
 100  -0.159767379489396531081651779396   0.305665651559208020114157953474
 101  -0.560941804460011521096907999414   0.313044040767457404030903670551
 102   0.730343960109445578446488889035   0.333501169442992958204178179582
 103  -0.858995725404295944055835887897   0.341061318619203588839397587746
 104   0.328586810945619477568784243060   0.344297049513975213383146766423
 105   0.099297696274286688326808248102   0.349554445139273495939738054189
 106  -0.707732976495528566964228900191   0.350703519741874548634969476226
 107  -0.301916822735690082871044114762   0.358195836490865143542090628200
 108   0.587462358684927511458549344851   0.387674143662601093137337836330
 109  -0.042661404782505822751532677357   0.402596863742997628278286714930
 110  -0.444374608220555150245678459810   0.409883977286733360659986383350
 111   0.445092571908096352355739322986   0.443504951176577837831522444156
 112   0.216213328802006086001713520858   0.445973423638470481024904231357
 113  -0.184810848028799374540925012723   0.455127048674654751706219389656
 114  -0.604188845061016613708830590506   0.469801506052011244657311016132
 115   0.795649886540464021054300662002   0.470252844084189712170206063948
 116  -0.791712922842457294139163095788   0.476851263105568141503615177252
 117   0.074254227734883844867535014776   0.499015842254720227531799490371
 118  -0.326960291275092926330317348089   0.507657233606311875134152064382
 119   0.567319613047729735928475325001   0.537874524295875383612890266327
 120   0.337505462247105792272197443077   0.550233103096863193388627134234
 121  -0.067631326214094747748716118198   0.553119103236320725489386833885
 122  -0.469418076759957993704951693137   0.559345374402180092252047819532
 123   0.708106501046792354171681618849   0.593954259599501119336655157072
 124   0.192887373916554007416029569470   0.595712477905776386418320022495
 125  -0.703144165563748425939655351239   0.599820607977737333068713285415
 126  -0.210393095035636555479087808485   0.604497170125587831763234777181
 127   0.457766011741079006130339150931   0.642583134185075727619339255407
 128   0.050928272865369291661744941336   0.648754896524508838587316138250
 129  -0.365245074574141137047484083907   0.669617409891987618785491320705
 130  -0.570184117481811124206756928312   0.672535875688406248813433998128
 131   0.600975894579821613809919284236   0.702122591475578229701469306330
 132  -0.084180413417340035346290608045   0.717395463503124050959696624115
 133   0.335599635298474155421701557496   0.732256212704044234985034599620
 134   0.184777505508847389062532810725   0.747040315987852384492135948293
 135  -0.231081636280051970331955731006   0.754623346408618003550988093462
 136  -0.476694807357748309864428911669   0.791807135582448345471294935507
 137   0.474341987552759953876261882153   0.793218858932148580523554173129
 138   0.042818404457662673308248182590   0.800082734606584836661132064047
 139  -0.340891570103842620253296170177   0.859063104057705100339188650214
 140   0.291204298589965190367105458309   0.877152515702855922890227788541
 141  -0.195923138856965954506583462594   0.903222344155389319207063427685
 142   0.143947688013038007657195553149   0.912948816986376067469699093748
 143  -0.045687127731863248999246028379   0.923097592717441182798901027580
