   1   0.025324158361399196070331463662  -0.913567303910246758820388317317
   2  -0.146457510503109473768453399450  -0.902106828146080471656959473941
   3   0.196207152135390284890916353907  -0.892608136430242383017373810751
   4  -0.313041860877105852741127746428  -0.858633405539959813527830975998
   5  -0.468517335740027532713114385109  -0.784689771745252652002616887033
   6   0.479521792187892471937734504353  -0.778013741901428148517932968064
   7   0.308124855642981910866352721688  -0.761784927846277575638764969644
   8   0.092359094260187650707678183985  -0.754990503489560779073375806394
   9  -0.079422574604321019131106679127  -0.743530027725394491909946963018
  10  -0.310993441411731934876002687168  -0.686482052828717293258626440553
  11  -0.631879466816057613907477558793  -0.660283932249456705205406252779
  12  -0.466468916274653614847989325850  -0.612538419034010131733412351589
  13   0.521647138325933922144997606316  -0.611083398717910591603670043046
  14   0.178440863907739550640934676338  -0.605892504854560441080443249295
  15   0.693119967451511679289519090792  -0.595677129400286592857686849111
  16   0.350250201781023361073615823651  -0.594854584662760018724502044627
  17  -0.165504344251872919064363171479  -0.594432029090394153917014405919
  18   0.006659195043230880802149813226  -0.594432029090394153917014405919
  19  -0.764974807123998077222688101804  -0.495613472375361507750869076074
  20  -0.590523018906657984769550440935  -0.493161436818907723570962994179
  21   0.792686425072546318873876441515  -0.446595923999445649282501830125
  22   0.437065951214962333392369444713  -0.446182765164778911890645657931
  23  -0.252098483552536011098347486075  -0.445631023376742789685295563486
  24  -0.424262022831633440200139677744  -0.445628675733907094311910405480
  25   0.609227410302202623312858468457  -0.445336439241013131441879042182
  26  -0.079422574604321019131106679127  -0.445334030455393815924081848820
  27   0.092740964690782780735406305578  -0.445334030455393815924081848820
  28   0.264904503985886580601919290283  -0.445334030455393815924081848820
  29  -0.675413814758456958875295744186  -0.343382142381175308766664231130
  30  -0.847570654265150678024337755635  -0.341863302796738925512954478486
  31   0.695313352156238899627574384262  -0.296240849508384770631283502286
  32  -0.337667883530970096132689096084  -0.296238379481711883751062692409
  33  -0.509831422810067525234481287754  -0.296236031838876188377677534403
  34  -0.165504344251872919064363171479  -0.296236031820393477931149291721
  35   0.006659195043230880802149813226  -0.296236031820393477931149291721
  36   0.178822734338334680668662797931  -0.296236031820393477931149291721
  37   0.350986273633438480535175782635  -0.296236031820393477931149291721
  38   0.523149812928542280401688767340  -0.296236031820393477931149291721
  39   0.867288806609455024289716258949  -0.288195519917464557831843342907
  40  -0.761947307995600417579370880166  -0.192501571298267592010032568508
  41   0.609234165029183606891943257387  -0.147139524165379489941596663948
  42  -0.423749653194528618864132648536  -0.147138033185393139938216734622
  43  -0.251586113899424818997619663831  -0.147138033185393139938216734622
  44  -0.079422574604321019131106679127  -0.147138033185393139938216734622
  45   0.092740964690782780735406305578  -0.147138033185393139938216734622
  46   0.264904503985886580601919290283  -0.147138033185393139938216734622
  47   0.437068043280990380468432274988  -0.147138033185393139938216734622
  48  -0.595913112552458095605196720805  -0.146972128009718943135079455229
  49   0.803051150972619496308911685013  -0.128465097452299572843780254573
  50  -0.908238510351725998886561734387  -0.101731706388068087129340405046
  51  -0.729401334212896499682366182512  -0.011083002916149158529097157594
  52   0.913912435529295342280560700634   0.003254528454626293203175390179
  53  -0.340456552930194291926044562389   0.003535599912678465158592250888
  54  -0.168293013635090492059531577684   0.003535599912678465158592250888
  55   0.003870525660013307806981407020   0.003535599912678465158592250888
  56   0.176034064955117107673494391725   0.003535599912678465158592250888
  57   0.348197604250220907540007376430   0.003535599912678465158592250888
  58   0.520361143545324707406520361135   0.003535599912678465158592250888
  59   0.692524682840428507273033345840   0.003535599912678465158592250888
  60  -0.512620012288123768667108634658   0.003701505088352661961729530281
  61  -0.911202217754403747331130304231   0.070406321662238284782624755423
  62   0.803385967397104353244682361461   0.135255225819604331205547895639
  63  -0.254374783282642391992788070037   0.152633598547678803151524807986
  64  -0.082211243987538592126275085332   0.152633598547678803151524807986
  65   0.089952295307565207740237899373   0.152633598547678803151524807986
  66   0.262115834602669007606750884078   0.152633598547678803151524807986
  67   0.434279373897772807473263868782   0.152633598547678803151524807986
  68   0.606442913192876607339776853487   0.152633598547678803151524807986
  69  -0.598701781935675668600365127010   0.152799503723352999954662087380
  70  -0.426538242640571868733852142306   0.152799503723352999954662087380
  71  -0.770097116140413759214249668490   0.169045231637573627862677668300
  72   0.864598343713532186630876403315   0.296169268862195163603180152708
  73  -0.168293013635090492059531577684   0.301731597182679141144457365085
  74   0.003870525660013307806981407020   0.301731597182679141144457365085
  75   0.176034064955117107673494391725   0.301731597182679141144457365085
  76   0.348197604250220907540007376430   0.301731597182679141144457365085
  77   0.520361143545324707406520361135   0.301731597182679141144457365085
  78   0.692524682840428507273033345840   0.301731597182679141144457365085
  79  -0.340456472993019968800595649953   0.301897502358353337947594644479
  80  -0.513050421136361528166774917120   0.302145999022745005177582865407
  81  -0.856914912097568089581577860288   0.317715856065396178833664930052
  82  -0.684753476568001271841097632424   0.318566960650954487413371013844
  83  -0.082211243987538592126275085332   0.450829595817679479137389922184
  84   0.089952295307565207740237899373   0.450829595817679479137389922184
  85   0.262115834602669007606750884078   0.450829595817679479137389922184
  86   0.434279373897772807473263868782   0.450829595817679479137389922184
  87   0.606442913192876607339776853487   0.450829595817679479137389922184
  88  -0.426538242640571868733852142306   0.450995500993353675940527201578
  89  -0.254374703345468068867339157601   0.450995500993353675940527201578
  90   0.787214629452735597199615487427   0.455994501996532593133385311726
  91  -0.597934014391087823980631874264   0.467236612059465718384170456022
  92  -0.773009187128912795750528549211   0.480302272252050515435011362665
  93   0.003870525660013307806981407020   0.599927594452679817130322479283
  94   0.176034064955117107673494391725   0.599927594452679817130322479283
  95   0.348197604250220907540007376430   0.599927594452679817130322479283
  96  -0.340456472993019968800595649953   0.600093499628354013933459758677
  97  -0.168292933697916168934082665248   0.600093499628354013933459758677
  98   0.686577150421615415366588470961   0.603206721024795003857931561464
  99  -0.666756512704604816212136444632   0.625045825949221537552420344399
 100   0.517079049061342682931680034349   0.633384161238959310813069148175
 101  -0.499524060801220811481539506473   0.665955376093400656539827185716
 102   0.089952295307565207740237899373   0.749025593087680155123255036382
 103  -0.254374703345468068867339157601   0.749191498263354351926392315775
 104  -0.082211164050364269000826172896   0.749191498263354351926392315775
 105   0.284706918569868804088165974865   0.759956395280704153607942826696
 106   0.453588363380990579479838632784   0.793412962066983647290689495588
 107  -0.413442291153668911548283014121   0.815053374728400994532759742815
 108   0.179379327570410032106323892819   0.896141500328457014268465817263
 109  -0.168292933697916168934082665248   0.898289496898354689919324872874
 110   0.005543196936246931586120613785   0.912196594959497062068078377801
