   1  -0.972656954493463406795338526450  -0.044054760549697762939919856876
   2  -0.433105396602860898040263347039  -0.872021839454189999583485234876
   3  -0.798804004496090624242732721722  -0.556698825006358792212181268995
   4  -0.633395370272061630659867955057  -0.739467834303499976387118317369
   5  -0.672471357115821631660690574610  -0.704119767447552662636768506034
   6  -0.582163077334819235565331739335  -0.780441237018933943112460433986
   7  -0.767486859343189366860443775788  -0.599137958893540654761338309363
   8  -0.733951009544639124794829796129  -0.639779875144565327430627786683
   9  -0.712033967155797673552513614705  -0.591862635750043101805627801954
  10  -0.539090518510828073138710332571  -0.810792073162606274339742489127
  11  -0.187611675038431112417114282095  -0.955407887993847722536558447248
  12  -0.617783298067569723118518908398  -0.688759871417549646540488819387
  13  -0.682805614791730988697273026504  -0.652451385466362906882424749764
  14  -0.745569816954347915618127594365  -0.551220719499018429136338324634
  15  -0.659251389648248750254548095685  -0.592868228057367441545459852054
  16  -0.829507222003770349043528193028  -0.509823637834867561948941883256
  17  -0.632119295805908748479954296237  -0.638052925620473083192846087702
  18  -0.529415974092890704683322521468  -0.730791158788910633165085586326
  19  -0.776825431592850077032144541450  -0.508800145105975669476354550873
  20  -0.804052697502119251211065944542  -0.463688122657717219164087683815
  21  -0.582023162803816148301134036561  -0.727749691186701616379819935437
  22  -0.684777018977155637663992420085  -0.546768541300181396018729116988
  23  -0.902291381928925440021658581468  -0.365886095866432935981701010648
  24  -0.553095290412694023530332808134  -0.683708837684649910354221574539
  25  -0.632085289720992070360880960611  -0.546784234017667345217989354680
  26  -0.579427566549126199177784230402  -0.638068616259454016942689623013
  27  -0.526735837292343649875614164567  -0.638084306898434950692533158316
  28  -0.135651586982260720718666705061  -0.964158192414909009305213490715
  29  -0.749568481498292076290282866633  -0.463706049244461031067160285805
  30  -0.718312868775705879729606399744  -0.506126625049156723349439639669
  31  -0.658417564057076609736241092293  -0.501144011553754998217419080560
  32  -0.605759842685558374825235652670  -0.592428394834258123531157671486
  33  -0.553068113428775825523065586835  -0.592444085473239057281001206790
  34  -0.476348394869000000000000000000  -0.824553247079000000000000000000
  35  -0.951711397003804076251972698749  -0.205542671639390190308620705339
  36  -0.579393560464209521058710894775  -0.546799924656648278967832889983
  37  -0.500430738139829672235429963598  -0.774989280535041697177285477585
  38  -0.605725834800294060434071026457  -0.501159702192735931967262615863
  39  -0.474071285019479298580711320031  -0.729364749748826737515597061369
  40  -0.526701831207426971756540828940  -0.546815615295629212717676425294
  41  -0.857371213050000000000000000000  -0.461422456590000000000000000000
  42  -0.691953413855626851801855071953  -0.460502095302730325548129603240
  43  -0.324198438726564174276107686245  -0.918094627682162600274115610946
  44  -0.553034105543511511131900960622  -0.501175392831716865717106151173
  45  -0.526674538325680930668555782252  -0.455550796216774839669465866845
  46  -0.421406732744385420084502826099  -0.820645192597932191273471899009
  47  -0.385296811789319804537548980256  -0.894174893338308857593375246037
  48  -0.083294215546876309382817808314  -0.970084762640884417591404870860
  49  -0.395046982871381012382780950758  -0.775020833261072788010183472131
  50  -0.881176517514833390617582223751  -0.414162188076146171124104177858
  51  -0.368745306624819271034333973426  -0.822476812482907438194823794352
  52  -0.500403561155911474228162742299  -0.683724528323630844104065109842
  53  -0.447739008883047122933259897763  -0.775004971174022630927129012895
  54  -0.828563676509631900026289586283  -0.417044468358772116671260979766
  55  -0.288208145265591687473485158882  -0.878845857824633371840724885713
  56  -0.474044108035561100573444098731  -0.638099997537415884442376693627
  57  -0.447711831899128924925992676463  -0.683740218962611777853908645153
  58  -0.421379555762696749278541254195  -0.729380440387807671265440596680
  59  -0.500376384171993276220895520999  -0.592459776112219991030844742100
  60  -0.342355034666752509703242608450  -0.775036054911712045813302741008
  61  -0.848030184415154912504272630701  -0.368080464761941559362180051183
  62  -0.368687826505914199976371188360  -0.729396131026788605015284131991
  63  -0.794325591792691763280846979221  -0.368696527471815328345401420879
  64  -0.447684654915210726918725455164  -0.592475466751200924780688277411
  65  -0.339716129955671069982588584927  -0.867739689124119213303149984046
  66  -0.316021992463864062356233555791  -0.820675834343772425170158308395
  67  -0.723189901946891334399405309421  -0.418067435059121471408500622936
  68  -0.029247639901000000000000000000  -0.973208202536000000000000000000
  69  -0.342328373182060310450176831962  -0.683770901274190069702588711882
  70  -0.315996097045628134802725409699  -0.729411122699385963114120663411
  71  -0.274056900693319217205072785601  -0.934288600077065437633237307247
  72  -0.395020102642346375623822610623  -0.683755909601592711603752180461
  73  -0.289663144564041964087563460884  -0.775050953898337065598856401250
  74  -0.474010101950644422454370763105  -0.546831305934610146467519960605
  75  -0.968849381493873660977293719287  -0.096608741998480697571832503870
  76  -0.263330217736077012699228696254  -0.820690799898726565367565131948
  77  -0.421352378778778551271274032896  -0.638115688176396818192220228938
  78  -0.315968919834974151609179755068  -0.638145589642767628350650822692
  79  -0.632058110936726236081522448733  -0.455519480767540038555730664340
  80  -0.775881632024632245978712035806  -0.418054798575455370775531665139
  81  -0.263304367562109800314276910532  -0.729426032493159415173714725745
  82  -0.447650646826442896656085116125  -0.501206075143295157565786217905
  83  -0.741633861714950851701540252836  -0.368709163955481428978370378676
  84  -0.688952848482987804214084293006  -0.367646420750393764711104018822
  85  -0.665593960735276478147136428392  -0.414877564516515365886441187020
  86  -0.605698657816046614425461937773  -0.409894949981515301064152423265
  87  -0.873336091403629528142435366041  -0.321863263962272857391375904732
  88  -0.636265390573316851355702636109  -0.366975334107047734315766253263
  89  -0.939198372933726425944345594793  -0.256727071673852673497138294331
  90  -0.579366267582463479970725848090  -0.455535105577793905919622331535
  91  -0.923934714597938237784889357235  -0.307159594042603470033856343529
  92  -0.853897972101264402439860906551  -0.272667937994556151493299779735
  93  -0.820657867925072651980102062246  -0.323056306044282031580300320284
  94  -0.767966137847331740400795335861  -0.323068942527948132213269278080
  95  -0.973615902937354348949978557751   0.008628244263507271597565302781
  96  -0.891051287129152838098986093433  -0.235304188708587739395573305507
  97  -0.715285124615368692913339376031  -0.322006199322860467946002918226
  98  -0.794300013916348388814253114918  -0.277429644226507322614137159154
  99  -0.662597666705697740054957719134  -0.321335112679514437550665152668
 100  -0.851085992431136123815265509864  -0.188789564682156624686709705703
 101  -0.820632042807992135690594097752  -0.231789280153508686170852756421
 102  -0.368660649318492486097628254235  -0.638130679848994176291056760358
 103  -0.224135412065687099337079177898  -0.917428482892792286193919798625
 104  -0.236997239600858982053076793015  -0.866330616296213911359014309936
 105  -0.236971415080523629599114961718  -0.775065863692110517658450463584
 106  -0.609905937448916583543803999586  -0.321350803323172590392451623381
 107  -0.767951029576524643813394713766  -0.230726536923855942367648680311
 108  -0.289636643698541975961728332795  -0.683785811067963521762182774216
 109  -0.741618122829142153309203746706  -0.276366394510179362006232381851
 110  -0.579339204691646346613563301250  -0.364270419197640157140837793383
 111  -0.688930619186284630998895717288  -0.275695281479986777571312961188
 112  -0.662571166061875835438810925892  -0.230070750696106713367141668039
 113  -0.795211898826837585615146075492  -0.185634812783127324605465740953
 114  -0.421318372490358357280724984443  -0.546846297607207504566356492025
 115  -0.961437139861406040246924858195  -0.153756297909092853733017762590
 116  -0.210638462598910173388050097672  -0.820705694891045877147470104429
 117  -0.715263571666854463292916690789  -0.230055450280449275210737141680
 118  -0.184305510117340653004021847714  -0.866345526090006586424497314602
 119  -0.210612638078591456912098763337  -0.729440942286901365802843958773
 120  -0.742184950085301493109307134156  -0.184750987342985959270020963664
 121  -0.394992925454924661745079676503  -0.592490458423798282879524808832
 122  -0.903570523055457182501042995369  -0.184121307682919046590121811595
 123  -0.236944914215023632559550185599  -0.683800720861705472391312007244
 124  -0.873285428590562397691085543865  -0.141002499356173455009707063308
 125  -0.105167543507555459551996210403  -0.911934717228905301204037403168
 126  -0.289609466487887983854453030141  -0.592520278011313685568248104194
 127  -0.157859272991073802913065720321  -0.911919807435163205295554723804
 128  -0.263277190351455808207001607873  -0.638160499436509578979780055720
 129  -0.688904118542454195481018056105  -0.184430919496574131287422510735
 130  -0.636238213581297472243059082610  -0.275710581895639293627350522785
 131  -0.583546484097779466989534959021  -0.275725491690576273309017766090
 132  -0.553006467300875162877117477728  -0.409910374497518649963660591809
 133  -0.526647475231360430769404188090  -0.364285410870762368535594964488
 134  -0.184279685597005286196936814522  -0.775080773485852468287579696611
 135  -0.342301195971406327256631177336  -0.592505368217571734939118871166
 136  -0.557187707094839823354990322179  -0.230100570285980671820721003369
 137  -0.636212389058936190227493932515  -0.184445829291511110969089754039
 138  -0.315934913523321679390098338081  -0.546876117194722907255079787387
 139  -0.131500495989168789926896025905  -0.866294886029969869110942163352
 140  -0.210585460867937413324146048218  -0.638175409230069595103889049106
 141  -0.925201287088698061260533642826  -0.066954066422027553494253852711
 142  -0.500342376286728961829730894787  -0.501191083470697799466949686484
 143  -0.263243184039803228633688331466  -0.546891026988085464291385437793
 144  -0.473982808865394865494910003589  -0.455565787889372197768302398264
 145  -0.236917737004369584493462804270  -0.592535187804857875808544660073
 146  -0.820615944387996981992681974573  -0.139471482667192628694047413286
 147  -0.157946733115391829985871950473  -0.820720604684787827776599337455
 148  -0.552980356791734321252311261889  -0.318645538752256751120587508472
 149  -0.076725912469828338727080104059  -0.867578218603419560954774851914
 150  -0.368626643006840022792276485277  -0.546861207400980956625950554360
 151  -0.421291079381876531006461504422  -0.455580697683145649827896460598
 152  -0.530828930091900179720445685336  -0.184475648881385070332424240648
 153  -0.210551454556284701604787922733  -0.546905936781178471685391961192
 154  -0.500314716192839737212004240134  -0.409925353680602001528657749966
 155  -0.848276585835555024270852708275  -0.094623879688038215174201050850
 156  -0.368599349898358187604283357226  -0.455595607476887600457025693625
 157  -0.767928800506550562353521666442  -0.138776178502104570435791261405
 158  -0.342267187859406218765458469763  -0.501235894730810560254509513266
 159  -0.157920908595073076068626346690  -0.729455852080510997595639325906
 160  -0.715237071023032557099997542852  -0.138791088297041550117458504709
 161  -0.131587956113486914410752533798  -0.775095683279494108851810487760
 162  -0.131561455247986853398102928169  -0.683830540448862980477141902106
 163  -0.184191999408851170229616021420  -0.501280624111971635675381955709
 164  -0.289575458375887748782330406634  -0.501250804524105169398824766952
 165  -0.054394762288330247659902680752  -0.926025255385090724246360170718
 166  -0.394958917342924562167636616959  -0.501220984937068609625380280239
 167  -0.394931171123216360277579561790  -0.409955123591981928496967235308
 168  -0.184253184731505246428300477181  -0.683815630655296416995129672364
 169  -0.447622942258805192630458526547  -0.409940237829011271014482640031
 170  -0.421264016264324420262355940912  -0.364315230460636327898929451097
 171  -0.236883728892369226286250154655  -0.501265714317214195937555761618
 172  -0.473955745747842425515880064501  -0.364300320665699348217262207792
 173  -0.315907620414839713829140927167  -0.455610517270168808490315358325
 174  -0.500288627308216315998787138300  -0.318660448547193730802254751776
 175  -0.609879436578357828608514445768  -0.230085660491043692139053760065
 176  -0.263215890931321191343537865304  -0.455625427063277872055802077725
 177  -0.236855872490258221604747505800  -0.409999789404683540262231380434
 178  -0.526621579788794677617766625047  -0.273020617347661149632290745751
 179  -0.157893731384418995471960964964  -0.638190319023548436817628230703
 180  -0.342239388521612061441239721344  -0.409970002739355373413580312147
 181  -0.184226007520851145758267058244  -0.592550097598262916235034020437
 182  -0.447596897824698310745263014710  -0.318675358342130710483921995081
 183  -0.210524161447803139068441283227  -0.455640336858048675877898352045
 184  -0.500262802785855033983221988205  -0.227395695943065548143993983030
 185  -0.315880557297288414570512499130  -0.364345050050527304362097299403
 186  -0.289547604816655419100564052928  -0.409984881250074429134740105030
 187  -0.473929850305276672364242501457  -0.273035527142598129313957989056
 188  -0.184163477533733964755489097854  -0.410014311951445008376203868791
 189  -0.103081501292296214233711452482  -0.821923957273797161350060052973
 190  -0.421238120821758667110718377868  -0.273050436937535108995625232360
 191  -0.921393714089108315442488835663  -0.119508047870810488126166499705
 192  -0.131534278037332935318598637677  -0.592565007392474760989113657556
 193  -0.078896226629968572149527482425  -0.775110593073240091648849674101
 194  -0.157859725072766630854254576130  -0.546920846575883982675951471938
 195  -0.263188827813770404501783574338  -0.364359959845447266943931183431
 196  -0.368572286780806416863864382060  -0.364330140255579863329651321588
 197  -0.001736877470282405008464858041  -0.927913573354986741698213253426
 198  -0.289521709374144294984690644421  -0.318720087726941649528923725271
 199  -0.105229179111554705205019940716  -0.729470761874155898582178225623
 200  -0.794593696178048931256791450645  -0.093326310385070464277973377224
 201  -0.342213438857662301799518511858  -0.318705177932010187548531073558
 202  -0.131500269924394438316331928856  -0.501295530589047066811298815568
 203  -0.210497098329323760942592190305  -0.364374866358183182195000436317
 204  -0.688878294020092913465452906010  -0.093166166892445948629161741988
 205  -0.050389771808777879745262953183  -0.821938867067570613409653644734
 206  -0.025772175656473827455468509990  -0.880999883023984057975653799784
 207  -0.105202001900900759671146014942  -0.638205228817670654400644916469
 208  -0.583520659575418184973969808926  -0.184460739086448090650756997344
 209  -0.157832431963345993952807991491  -0.455655243333663510565516840267
 210  -0.236829979889697651425499260388  -0.318734994239677564779992978103
 211  -0.447571073302337028729697864615  -0.227410605738002527825661226335
 212  -0.394905168341180305833549728799  -0.318690268137068898136877163842
 213  -0.131471601400460105481709255880  -0.409873912831682660966990049775
 214  -0.368546391338240661863066746304  -0.273065346732472109430881811801
 215  -0.342161789812939736207084467334  -0.136175672723748304530734944193
 216  -0.052537449628036408376241339535  -0.729485671668062441223707763195
 217  -0.263152329672494541225715208871  -0.273089047209186729946122429282
 218  -0.504470153088960536085901048494  -0.138850727476789468844127477927
 219  -0.473904025782915390348677351363  -0.181770774538469946655697220310
 220  -0.609853612055996546592949295673  -0.138820907886915509480792991318
 221  -0.078869725764468584023693407064  -0.683845450242866547812176183954
 222  -0.315854661854722656603670130689  -0.273080256527409068358959718969
 223  -0.105167995588311379941345260620  -0.546935753058194484245765085011
 224  -0.914460089847296821925496314660  -0.015368746222502377902780097017
 225  -0.662545341539514551846473419263  -0.138805998091978529799125748014
 226  -0.078842548553590990791986938844  -0.592579916395981621813751139205
 227  -0.157805553277402437841998575836  -0.364234658271500467890191954730
 228  -0.342187614335301018222649617436  -0.227440425327876487188995712944
 229  -0.394879343818819023476173741026  -0.227425515532939507507328469640
 230  -0.583494835053056902958404658831  -0.093195986482319907992496228598
 231  -0.368520566815879379841629104184  -0.181800594128343906019031706919
 232  -0.421212296299397385095153227773  -0.181785684333406926337364463614
 233  -0.636186564536574908211928782421  -0.093181076687382928310828985293
 234  -0.873281149741848024717271663769  -0.048242952981876607672240983344
 235  -0.210460673927965883691829844478  -0.272948775291747373617645856671
 236  -0.105140886911499330303135835589  -0.455515035218923060639074707741
 237  -0.741570023503610918718977029600  -0.093151257097508968947494498684
 238  -0.715211246500671275084432392757  -0.047526335692913367459197735963
 239  -0.052510272417382425182697515642  -0.638220138611444106460238508228
 240  -0.289495884851783012969125493847  -0.227455335122813466870662956249
 241  -0.820594705467707285591480639936  -0.047496516103039408095863249354
 242  -0.557161882572478541339425172084  -0.138835817681852489162460234623
 243  -0.847264541642240494249700632811  -0.002049446786181673723948082925
 244  -0.478111376086020892451356411652  -0.093225806072193867355830715207
 245  -0.447545248779975746714132714520  -0.136145853133874345167400457589
 246  -0.105113821745652143012364421938  -0.364237198385164071790117106875
 247  -0.315828837332361374588104980594  -0.181815503923280885700698950223
 248  -0.530803105569538897704880535241  -0.093210896277256887674163471902
 249  -0.421186471777036103079588077678  -0.090520931729278743679103694868
 250  -0.794235928464767641956936003094  -0.001871594698443806607566486633
 251  -0.451752599083081248816811774810  -0.047600884667598265867533952486
 252  -0.184138434837776328324905645919  -0.318594786152994850475184496570
 253  -0.131446703306026033495271492021  -0.318597326266658454375109648715
 254  -0.078808724872551654609629450644  -0.501155322472848497366590860761
 255  -0.662519517017153269830908269168  -0.047541245487850347140864979268
 256  -0.767902975984189280337956516347  -0.047511425897976387777530492659
 257  -0.052476450536482502728141580123  -0.546795544936769722231643706678
 258  -0.026204497146450237661078983126  -0.775125502867013543708443265862
 259  -0.078779869868709810652075101982  -0.409876452945346264866915201920
 260   0.000680269122701278655243005855  -0.834910740391160736660506037341
 261  -0.557136058050117259323860021989  -0.047571065077724306504199465877
 262   0.024973046011883209851483858606  -0.973333817364052606366107901761
 263  -0.026177996280950249535244907765  -0.683860360036639999871769775713
 264   0.025629081876362881853213774167  -0.784596440727226408064180660183
 265  -0.609827787533635264577384145578  -0.047556155282787326822532222572
 266  -0.026151003508459508800820165965  -0.592439705757634651480189261183
 267   0.050953169428739398270216155644  -0.927492223090825737878818114180
 268  -0.236804339799674765169607767068  -0.227315127106378866602112939609
 269  -0.052449155379749035473501681691  -0.455517575332586664538999859886
 270   0.000154279855481926112207159765  -0.729500581461835893283301354955
 271  -0.504444328566599254070335898399  -0.047585974872661286185866709181
 272   0.026977501349625284694755285726  -0.880571162591020597106318061793
 273  -0.078754971765333435872814340233  -0.318599673564378786664174352270
 274  -0.530777281047177615689315385147  -0.001946143673128705015902703156
 275   0.026513548762081916877167197417  -0.683720148609366657891926027210
 276  -0.394853519296457741460608590931  -0.136160762928811324849067700893
 277   0.052845824898514092524619264947  -0.729360370034562551303457606451
 278  -0.052422090204959545389907270150  -0.364239545682884404079181810430
 279   0.000181272625649741229714589540  -0.638079927184170764480394759725
 280  -0.368494742293518097826063954089  -0.090535841524215723360770938172
 281   0.000215280995267792101492573775  -0.546798085050433326131568858823
 282   0.053099689281655775743248983780  -0.829560696609543563511496981788
 283  -0.478085551563659610435791261557  -0.001961053468065684697569946460
 284  -0.263137292280253126788587253816  -0.181675295906846285432148933584
 285  -0.636160740014213626196363632326  -0.001916324083254745652568216547
 286  -0.157768775409117568194810072132  -0.272951219110999757537149845472
 287  -0.688852469497731631449887755915  -0.001901414288317765970900973242
 288   0.077594576332808592562070266404  -0.775878300778628668056872042251
 289  -0.925400145742740960772863477356   0.036174766999539284134252357945
 290  -0.184112608267929547209661280875  -0.227317667325354100122208544463
 291  -0.425393822080141605182267137968  -0.001975963263002664379237189765
 292   0.052873004157400036059348743438  -0.638082467297834368380319911870
 293   0.079443522264900353802037823437  -0.875194248323355417212873940777
 294   0.081798545242312338538016523202  -0.970212023759668695024866478979
 295   0.103372289959351322536917769717  -0.922139244381414953124407921436
 296  -0.315803197241409850026546227310  -0.090395633507781123092220921533
 297   0.026540728023290786028813987933  -0.592442245871298255380114413328
 298  -0.583469010530695620942839508736  -0.001931233878191725334235459851
 299  -0.157753829207820047633486522221  -0.181680183529861940833814954357
 300  -0.741544198981249636703411879505  -0.001886504493380786289233729938
 301   0.105065183738101486452105476017  -0.820842556660945823504188363856
 302  -0.394827694774096459445043440836  -0.044896010324683142190806932147
 303  -0.451726774560719966801246624715   0.043663867936529916790726816260
 304  -0.342136149721988211645525714058  -0.044755802308248541922256915508
 305  -0.131420876727241686014507035474  -0.227320014729394522003778960382
 306   0.079205280293832211706801351315  -0.683722688723030261791851179355
 307  -0.289470244760831488407566740554  -0.136035464707313704262184927553
 308  -0.210445560748507908828640767622  -0.181677836125821518952244538437
 309  -0.314839107549591398723015803777   0.001410135145409341053379988198
 310  -0.105076877842318750773737001529  -0.272953470669279294663521818727
 311  -0.971723418349164041288542998712   0.061285979501074105801871875103
 312  -0.367530839081336616682962289970   0.001412675364384574573475593051
 313  -0.425367997557780323166701987873   0.089288789341125518279023578981
 314  -0.026116993340801359779995296746  -0.501157862586512101266516012906
 315   0.026574738199891237842461855042  -0.501160209884232433555580716461
 316   0.079266469748698043317399809736  -0.501162367360365361733355936988
 317  -0.399035045077201961547722501126   0.043648958141592937109059572956
 318   0.135054756321556394160642780381  -0.964241974737936605089262489498
 319  -0.966985043256547578758311272058   0.113764226230055988067690958832
 320  -0.026088138328017213029617950189  -0.409878800243066597155979905472
 321   0.187020250778002104869499272617  -0.955523834789338865081953871565
 322  -0.924888549309687931220891621439   0.145454978440255018776135777178
 323  -0.794210103942406359941370852999   0.089393157905684376050694282113
 324  -0.425342173035419041151136837778   0.180553541945253700937284347727
 325   0.223493279424736190687847638065  -0.917495729924637279009383787020
 326  -0.372624619029539753882047564094   0.271803384754444903913877873169
 327   0.158229287970956984976710570633  -0.729365257445946487492447462151
 328  -0.609801963011273982561818995484   0.043708597321340855835728546174
 329  -0.289444418190242993685579227864  -0.044758342527223775442352520361
 330  -0.873234785906502726813874463336   0.135047898900153936902325531443
 331  -0.820568880945346003575915489841   0.043768236501088774562397519392
 332   0.000242576160943562148955470098  -0.455519922630306996828064563441
 333  -0.557110233527755977308294871894   0.043693687526403876154061302869
 334  -0.767877151461827998322391366252   0.043753326706151794880730276088
 335  -0.263111465709664632066599741117  -0.090398173726756356612316526387
 336  -0.662493692494791987815343119073   0.043723507116277835517395789478
 337  -0.236778513229086270447620254360  -0.136038004926288937782280532407
 338  -0.715185421978309993068867242662   0.043738416911214815199063032783
 339  -0.105062097658940479572249118351  -0.181682339228192140712221633358
 340   0.026628491340161852517985743014  -0.318603786590992583981865637130
 341  -0.504418504044237972054770748305   0.043678777731466896472394059565
 342  -0.210419734168976770871445495716  -0.090400521130796778493886942306
 343  -0.399009220554840679532157351031   0.134913710745721119767320341702
 344  -0.767851326939466716306826216157   0.135018079310279977538991044834
 345  -0.372676268074262317913177864283   0.089273879546188538597356335677
 346  -0.346317491071322674278633227441   0.134898800950784140085653098398
 347  -0.398983396032479397516592200936   0.226178463349849302425581110448
 348   0.052934307709755131758166144188  -0.455522079990083016211205692382
 349   0.105537556430264387354253418844  -0.729362910148226155203382758596
 350   0.131409016721346064510894315694  -0.866476108374757677205565322833
 351  -0.583443186008334338927274358641   0.089333518725936457324025308895
 352   0.155337784415797033245774261953  -0.913421104432817213117099303503
 353   0.026603593220794356579592723901  -0.409880957602842616539121034413
 354  -0.184086781688398409252466008959  -0.136040352330329359663850948326
 355  -0.530751456524816333673750235052   0.089318608930999477642358065590
 356  -0.052384973322640281135644027844  -0.272955528221481048184950548727
 357  -0.026063240216519234719092088609  -0.318601830859880546327465798730
 358   0.131458837834168244703557870850  -0.775237802503912983186882235405
 359   0.000269641343854655763814981474  -0.364241702978386163742473256890
 360   0.052907012535960389723949725564  -0.546800432348153658420633562378
 361   0.079232459563983383651271139721  -0.592444593169018587669179116883
 362  -0.026037413621753511414563083203  -0.227324128110653491318002010469
 363  -0.873260610428864008829439613431   0.043783146296025754244064762697
 364  -0.636134915491852344180798482231   0.089348428520873437005692552199
 365   0.079295324777477829405881453805  -0.409882913269680536390429349154
 366  -0.288408134125049085174064671059   0.047089197104823561199546344608
 367   0.105564735698092633681805895226  -0.638084814595554700669384615425
 368  -0.341099865665736946369218916460   0.047091544508863983081116760528
 369  -0.741518374458888354687846729410   0.089378248110747396369027038808
 370  -0.846901833425924365194894976589   0.089408067700621355732361525418
 371  -0.688826644975370349434322605820   0.089363338315810416687359795504
 372  -0.236752686649555132490424982464  -0.044760689931264197323922936281
 373  -0.557084409005394695292729721799   0.134958440130532058812322071616
 374  -0.262147376008903537527861558377   0.001407787741368919171809572278
 375  -0.209455644460023969466624154506   0.001405632043038719293402893279
 376  -0.078729145178362117953269631603  -0.227322170427724721882185639383
 377  -0.131369223544066957890481030192  -0.044764803312523166638145986368
 378   0.105598744084754448483591702202  -0.546802590135575337334199216691
 379  -0.478059727041298328420226111463   0.089303699136062497960690822286
 380  -0.105036271063488596271501543445  -0.090404634512055747808109992393
 381   0.052961372900535743000892813097  -0.364243658709498201396873095290
 382  -0.662467867972430705799777968978   0.134988259720406018175656558225
 383  -0.451700950038358684785681474620   0.134928620540658099448987585007
 384  -0.319958714068383030644088590599   0.180523722355379741573949861118
 385  -0.235716402576169517112827267188   0.047087041406493361321139665610
 386  -0.052344678962898696806349386907  -0.090283390249190235457341724759
 387  -0.583417361485973056911709208547   0.180598271330064639982286077641
 388   0.000307121877990728881268411075  -0.272957274260891052893239809401
 389   0.184588743382107394995574805386  -0.683727223191477167219972027624
 390   0.026654178478836388050589073335  -0.227202883847787978967233742835
 391   0.210921019518276869465783614092  -0.729367450936349246409331371091
 392   0.052998713978580628346420567613  -0.272836029998025540542471541767
 393  -0.609750313966551418530688695294   0.226238102529597221152250083666
 394  -0.314668892241194632820267783742   0.092770606468278203227283116939
 395  -0.907485697562000000000000000000   0.094999179955000000000000000000
 396  -0.820543056422984721560350339747   0.135032989105216957220658288139
 397  -0.209285429135706458220323831470   0.092766493087019233913060066852
 398   0.131897011834524809329258503104  -0.683725036020750594080915882910
 399  -0.184060955100675564429187578593  -0.044762845629594397202329615281
 400  -0.715159597455948711053302092568   0.135003169515342997857323801529
 401  -0.609776138488912700546253845389   0.134973349925469038493989314920
 402   0.131958201305385834621538686487  -0.501164322910846629911486639771
 403   0.105626039266438604584454874092  -0.455524035656920936062514007122
 404   0.079320083440751751983137899551  -0.318482542328127071631097369496
 405   0.157802698718212966181991585334  -0.820871370365264741435505665135
 406  -0.530725632002455051658185084957   0.180583361535127660300618834336
 407  -0.504392679521876690039205598210   0.134943530335595079130654828311
 408  -0.131395050139518841191228605088  -0.136042508028659559542257627327
 409  -0.478033902518937046404660961368   0.180568451740190680618951591032
 410  -0.078703318582910234652522056687  -0.136044465711588328978073998413
 411  -0.372650443551901035897612714189   0.180538632150316721255617104423
 412  -0.955225680457063520237070721874   0.188537191150527451733787575764
 413  -0.235546197600403292181349039204   0.138447896501426392268142784207
 414   0.158256467246068508435081546789  -0.638086992270833799232908619235
 415   0.158317631367028504049607030629  -0.455402791394055423711745739488
 416  -0.183024671019560910574120718788   0.047085083723564591885323294521
 417  -0.182854605499813392716196882667   0.138569140764291904618911051842
 418  -0.157728002620097202810208091845  -0.090402676829126978372293621306
 419   0.131986916878067728871033610343  -0.409761669006815024039661081520
 420  -0.156763912903415362927917606105   0.001403674360109949857586522191
 421   0.211009362717592013024645066174  -0.455397737062413564345562739041
 422  -0.898529772306748287586346984597   0.191079899844850620264432539899
 423  -0.636109090969491062165233332136   0.180613181125001619663953320946
 424  -0.346291666548961392263068077346   0.226163553554912322743913867144
 425   0.079345910049422294421101006564  -0.227204419929227275878688095861
 426   0.184090670967000000000000000000  -0.867968029268000000000000000000
 427  -0.846876008903563083179329826494   0.180672820304749538390622294164
 428  -0.943627467428136078004959735975   0.239936607808713791713804639531
 429   0.236820763553550602446885872937  -0.866517335039525158058098594896
 430   0.158845760484622424542092448062  -0.272580519654157854845059841454
 431  -0.688800820453009067418757455725   0.180628090919938599345620564250
 432  -0.794184279420045077925805702904   0.180657910509812558708955050859
 433  -0.156593837035116558755171674933   0.092887737349884746263828334487
 434   0.000321225998258026431609586588  -0.181563052648255397797269736809
 435   0.184150569374860842326015022639  -0.775240149801633315475946938959
 436  -0.891039166571791131423032558078   0.243236485277465480599422870994
 437   0.184615922669448901426593528298  -0.592448706195649555691629781815
 438  -0.741492549936527072672281579315   0.180643000714875579027287807555
 439  -0.293599937065443387009543953757   0.226148643759975343062246623839
 440  -0.557058584483033413277164571704   0.226223192734660241470582840362
 441  -0.078677631443477058425328873654  -0.044643559049657654287377718733
 442   0.210494470627173499651470222764  -0.820873662104267059827541622741
 443  -0.715133772933587429037736942473   0.226267922119471180515584570275
 444  -0.261977160692315064759030379871   0.092768450769948003348876437940
 445  -0.130333078918971011108968562250   0.047206327986430104236091562156
 446  -0.662442043450069423784212818883   0.226253012324534200833917326971
 447   0.131924191112489864273310980675  -0.592446757967516648705488986014
 448  -0.451675125515997402770116324525   0.226193373144786282107248353753
 449  -0.820517231900623439544785189652   0.226297741709345139878919056885
 450  -0.504366854999515408023640448115   0.226208282939723261788915597057
 451  -0.846850184381201801163764676399   0.271937572908877721048883062910
 452  -0.794158454897683795910240552809   0.271922663113940741367215819605
 453  -0.261806945367995418878787749814   0.184129311813926626026360581667
 454  -0.767825502417105434291261066062   0.226282831914408160197251813580
 455  -0.104072320802825463462765449567   0.001524918622975462208354789826
 456   0.158290475641453791715332325222  -0.546804545374768544113173695576
 457  -0.319932889546021748628523440504   0.271788474959507924232210629865
 458  -0.209115353267405519413635593277   0.184250556076792138377128849302
 459  -0.156423621696819613043123660047   0.184249019995352841465674496274
 460   0.106154030684327472677233012414  -0.272566774875709021313430249441
 461   0.132011814791315349148604358175  -0.318477487997404603217877307387
 462  -0.929265648625631939439738430792   0.290633321104057349782070930461
 463   0.273369246880803675484543852588  -0.934490036282577365422693324179
 464   0.289534032479699426637675877223  -0.775244262828620118472554577214
 465  -0.688774995930647785403192305631   0.271892843524066782003881332996
 466   0.236842300919022986835859418693  -0.775242417878731111980482439662
 467   0.323522689114507640855051346768  -0.918332969396018249117510579978
 468  -0.881093807435110367334189822408   0.311984955575015185615065063888
 469  -0.182684379812965160689326772730   0.229930429358807483493411268604
 470   0.184649793405975734086690843024  -0.501043078647981117560718372138
 471  -0.052370366102331873033542569950  -0.181684296911120910148038004444
 472  -0.530699807480093769642619934862   0.271848114139255842958879603083
 473  -0.636083266447129780149668182041   0.271877933729129802322214089692
 474  -0.235376111383551067059838705959   0.229931965440246780404865621633
 475   0.184678657924530636854425245244  -0.409756609081535611826513173249
 476   0.105652965001125642466044969634  -0.364122414446632689046104827656
 477   0.210982067742043691180484481759  -0.546683301111903031762405427942
 478  -0.741466725414165790656716429220   0.271907753319003761685548576301
 479   0.237280474939888873026569998693  -0.683729149047440096367963653019
 480   0.158344696351689239631511428257  -0.364117360115910220632884765546
 481   0.263186415113577475982944967143  -0.820895050475651395355091345807
 482  -0.103731892213301607604515837674   0.184234110200416515876181528156
 483  -0.026011726482320335187369900150  -0.135923221448722816627305730778
 484   0.385007284495007112709555306253  -0.894299594060833288610835133441
 485  -0.583391536963611774896144058452   0.271863023934192822640546846387
 486  -0.478008077996575764389095811273   0.271833204344318863277212359778
 487  -0.425316348513057759135571687683   0.271818294549381883595545116474
 488   0.287882042663651877132612311292  -0.879523654807490301908305829722
 489   0.315984829141699028324117609470  -0.820815898022145667722421150548
 490   0.263612751076288948788543022642  -0.729369370472654509914191921241
 491  -0.346265842026600110247502927252   0.317428306159040505402174635890
 492  -0.398957571510118115501027050841   0.317443215953977485083841879194
 493  -0.504341030477154126008075298020   0.317473035543851444447176365804
 494   0.132585002368476876895889335379  -0.226899110290703212817323069124
 495   0.184703544591610301013463793823  -0.318491232775853436749506899400
 496   0.000347052607687209564162546322  -0.090284926330629532368796077785
 497   0.316304343176878848253695179179  -0.729248126209788997563423653608
 498   0.210948198803502078081086681461  -0.638088927622218020410901188185
 499   0.339312218226206979870098581014  -0.868062606868013492568616570658
 500  -0.051380589232239557092253516338   0.001523382541536165296900436798
 501  -0.451649300993636120754551174431   0.317458125748914464765509122499
 502  -0.767783568255979132549374295789   0.317556875557065728200127227951
 503   0.185276731382459746320088365340  -0.226915596139833984731146185796
 504  -0.820475297739497137802898419378   0.317571785352002707881794471255
 505  -0.715099551655491725357065468573   0.318458525769616581110864168198
 506  -0.905095868942014642280028021037   0.358892520228117885161949543551
 507  -0.852407473442175975546488026149   0.359485443426185077802152650575
 508   0.211036426151984191496370863906  -0.364131104894359054164514357560
 509  -0.051210375981012647131135618114   0.092871291473508469670706738167
 510   0.211537489498605293966291478022  -0.272597005503288626758882958126
 511   0.342225624580289326102828033761  -0.775123018565754606121786309581
 512   0.026680005088265571183142033080  -0.135924757530162113538760083805
 513   0.237307514770038800891745684836  -0.592327461932784043340861514182
 514   0.368582600003269747394370536772  -0.823961224501213923740890674209
 515  -0.662416218927708141768647668789   0.317517764928662383492178095717
 516   0.263639790904091977546238837999  -0.637967683359352508060132920551
 517  -0.288237929157011898720055587605   0.138449854184355161703959155295
 518   0.263673799092607200155522517304  -0.546678246780261172396222427494
 519   0.289972067040478772491722155231  -0.683607904784574584017195385385
 520   0.394917355930852835077866069305  -0.775117964234112746755603309132
 521  -0.130162873929227486345684949436   0.138567604682852607707456698814
 522   0.237341524756539243061728878569  -0.501038024316339258194535371690
 523   0.053012957568843932802121519817  -0.181564588729694694708724089835
 524  -0.557032759960672131261599421610   0.317487945338788424128843609108
 525  -0.025985899872891152054816940425  -0.044645095131096951198832071761
 526   0.053038782091205214817686669912  -0.090299836125566512050463321078
 527   0.263701092979911145568449815902  -0.455409578904661077064242907831
 528   0.079374204223291315477751346663  -0.135938242313678025412541597737
 529   0.421252965725798447523117997000  -0.820756262131762155173415057525
 530  -0.267241268885282331717595373770   0.271896597163354817272599785207
 531  -0.208945137929110708335529885413   0.275611838722262125521148040935
 532  -0.609724489444190136515123545199   0.317502855133725403810510852413
 533  -0.024949617864867099484932505431   0.047189882110053827642969965837
 534   0.289999246120602309866783720381  -0.592322407601142183974678513734
 535  -0.129992650329447155250718950357   0.229915519563871157903918300487
 536   0.316331522254655486521276873543  -0.637962629027710648693949920103
 537   0.290033255018858375605533628297  -0.501049866158586770913215540480
 538  -0.156253408445592702896922063039   0.275596928927325799931655072817
 539  -0.583365712441250492880578908357   0.363127776538321005298807615133
 540   0.316365529354926332699327267032  -0.546690088622508685114902596285
 541  -0.293574221365860693336574860518   0.317536428362887398442563791232
 542  -0.425290523990696477120006537588   0.363083047153510066253805885220
 543  -0.372598768802888251641449385505   0.363068152189246092948513376819
 544   0.237624008935813876283439061746  -0.409623071437686558951169886400
 545   0.368996074527442357228733214724  -0.729243071878147138197240653159
 546   0.290315738152562063757938991533  -0.409638895947509525926207915199
 547   0.079414873683222380721320870544  -0.044684922220180840895364266267
 548   0.317511097802988415469513513103  -0.364507631930752937894407382514
 549   0.133702006786039003533909915787  -0.044747179746567883248513139815
 550   0.342663798391042281466760190775  -0.683602850452932724651012384937
 551   0.342690976382921442410588470109  -0.592334249443389696693358682524
 552   0.237396583378987691885561067734  -0.318506980911164803420950517240
 553   0.342725098402816006623542501262  -0.501065624813322254690599900082
 554  -0.636057441924768498134103031946   0.363142686333257984980474858438
 555  -0.530673982957732487627054784767   0.363112866743384025617140371830
 556  -0.884355234049151396686430064689   0.407330569760558488177747339934
 557  -0.477982253474214482373530661178   0.363097956948447045935473128524
 558   0.212472091032886098031662886909  -0.181784332123077396699345653110
 559   0.369023252516974619065081623272  -0.637974470869958161412630088894
 560  -0.831666838549312729952890069800   0.407923492958625680817950446958
 561   0.238732849149031645677865999592  -0.227465741486532038727082425441
 562   0.264054980036416516111735878853  -0.363957486584054883898471142867
 563   0.316392824066748049529748862527  -0.455425402349400340488912844277
 564  -0.861024584224471709434087428700   0.454575668522487215613055196213
 565   0.343689631595089917711997150613  -0.410236211033563747146204094665
 566  -0.103902105464530652384659741703   0.092886201268445449352373981459
 567   0.291250339686842867823310400423  -0.318826222567298295866670610182
 568  -0.077641347348385104738456629021   0.047204791904990807324637209128
 569   0.395355528653361414010564940504  -0.683614692295180237369692553728
 570  -0.834317953107000000000000000000   0.501899574664000000000000000000
 571   0.105704687052412348639247317779  -0.181579498346477869132610201392
 572   0.106506647135612651822335394217  -0.089878443763324471280313672501
 573   0.159015973266314198673885252657  -0.181234186776379342703409413465
 574  -0.077471143297054720235590996724   0.138552695548240258803102700161
 575   0.369121692453039410916767900016  -0.546668677351654993673468481459
 576   0.395382705639703980677147856643  -0.592349940082407689826833240327
 577   0.264591943029414043597135589304  -0.273375716894408215389149984555
 578   0.396317437365958544697968395536  -0.501537645490000658660015646702
 579   0.132065932822886263053474889660  -0.135956003306149176074003834639
 580  -0.799734662846633892209300463029   0.366009834884443310897592267638
 581  -0.747042933363115886955776339439   0.365994925089506331215925024334
 582  -0.077300929998451832217143601284   0.229881069216995970916329743342
 583  -0.103561688114597379863346713966   0.275562478580450612944066515672
 584  -0.319907148142148834730521318771   0.363176274393092985988902532162
 585   0.448910726686676291112841505326  -0.592859129647321819532651811939
 586   0.291791614523041508412433066139  -0.045050362431490031828583698722
 587   0.369920843315735140404742996781  -0.455934592951667919677147065324
 588  -0.776221005118264748199163032098   0.413184564150941118658462038726
 589   0.317712101251582119532656342425  -0.273260953412413298475014067471
 590   0.159261292473312614765049411230  -0.090824739289392588042203301953
 591   0.186211332916740550385459774227  -0.136102922759622754671608880780
 592   0.432823039299323911617375980797  -0.872162020328382827063936696832
 593   0.291424422124089382242894646858  -0.227595030621384446062235282849
 594  -0.694358916762628479763467512223   0.366896575302057184126661964580
 595  -0.504315205954776127841392194422   0.408737788147989271874084998400
 596  -0.723275961691454585251856996931   0.413022041052795796852494988720
 597  -0.398931746987740122795240250209   0.408707968558096013514904932488
 598  -0.716182050396906098468326724210   0.499393865628167255447049311859
 599   0.238929845195630463116107994874  -0.136216735928742008909519054032
 600   0.477243691481000000000000000000  -0.824535064339000000000000000000
 601  -0.662390394405330143601964565190   0.408782517532800210919086728314
 602   0.265190603311776010762311107557  -0.181898145292196650937255826363
 603  -0.346240126327000705884312183475   0.408816090761942906555294087830
 604   0.500300815449954505888230205568  -0.775145496715378252607758035726
 605   0.212669087079484915469904882191  -0.090535326565287366881782281702
 606   0.291621490707831787104118227649  -0.136314960127892417136766282888
 607  -0.267205356765193739889532731196   0.363167201196635469179156612995
 608  -0.609698664921812138348440441601   0.408767607737863231237419485009
 609   0.239099974475540691811712002284  -0.044952141400983133081292738227
 610  -0.689849378341352994418422549508   0.453753872632101640830330083086
 611   0.265360732591686239457915114966  -0.090633550764437775109029510558
 612  -0.024779422966059397202015647651   0.138518245201365071815514143016
 613   0.421687804789761489772537964452  -0.729254913720394650915920821951
 614   0.026705829610626853198707183165  -0.044660004926033930880499315053
 615   0.186393612446474275672519210735  -0.044862380403733040462683605477
 616  -0.051040171882306284570940488601   0.184199659853541328888592971011
 617   0.447609086193171967621670819034  -0.775129806076360259474283477924
 618   0.317882243347501306310356881490  -0.181996372639594767895628771613
 619   0.343972859367727667178859455105  -0.318942362775867940502750839803
 620  -0.240882491873114574967560288063   0.317521551216165568670376629413
 621   0.370221050238786042345356079999  -0.364630994340653435528907690783
 622  -0.557006935438294133094916318011   0.408752697942926251555752241706
 623   0.421714981773757157331641009806  -0.637990161508976154546104646696
 624   0.422578450552623114458348352163  -0.547218908220753354813380405569
 625   0.422779169110745000991628777682  -0.455972359017366840454733645523
 626   0.474379534046544028039097350986  -0.729270604359412644049395379752
 627  -0.129822446230742927509549826649   0.321243887943905254971803288002
 628  -0.050108612432479774913151914205   0.275014166204213158607446589075
 629   0.106685427907656796190476427668   0.000491333093426957665954025620
 630   0.448047257910143952277124327038  -0.683630382934198230503167111530
 631   0.344143006940122125916611519934  -0.227677778854801262556155047045
 632  -0.451623476471258122587868070832   0.408722878353052292192417755096
 633   0.501575278959463161820297846506  -0.684139572497758309035942544995
 634   0.530036893152000000000000000000  -0.731100713352000000000000000000
 635   0.318222496454396777366951017311   0.000532825901457711451862113113
 636   0.160147576311894327564787825630   0.000827488992978407693734994665
 637   0.212839216359395144165508889486   0.000729267962471508946444034037
 638   0.265530856406895960766229953456   0.000631046931964610199153073608
 639  -0.530638331840006317722236889486   0.454383287618326432681432026347
 640   0.344313130755332603704839291504  -0.136413181158399315884057243383
 641   0.370573888871478151351042404187  -0.182094590521853957911794015714
 642   0.001311140251278448161270607252   0.001508472746599185615233193506
 643   0.396382575060521596698403378928  -0.410369306479034101471865064145
 644   0.054002860582273771194845956325   0.001474022399723998627644636362
 645  -0.076369370548625322559355026887   0.320695575567667800635183361406
 646  -0.319871414955767125523829791722   0.454446772259392731722797319946
 647  -0.292531431661405573280853231916   0.500612281526021517887215601435
 648  -0.023847854316334227266948801522   0.229332756840758516579709816745
 649  -0.214513631863814557809730043576   0.363140645903326601749108167918
 650  -0.023677730501124505958633963032   0.320597354537160901887892400911
 651   0.475243002823063086058324822558  -0.638499351072543895489714276773
 652   0.449040182297409570752008734309  -0.501653621748119536608098404391
 653   0.475372458431462747406501887472  -0.547293843174688001327369810760
 654   0.501704734567849542351985204704  -0.592934064599910077284432275594
 655   0.475471427874049829635405469410  -0.456070644272601765818346779825
 656  -0.182514166561738250543125175722   0.321278338290780441959391845148
 657  -0.240821850754172665227075659810   0.408794738787571170065363837912
 658   0.370403765056267673562814632614  -0.273359188218255904583891819377
 659  -0.425254872872970312676084945273   0.454353468028433174322251960434
 660   0.318052372639187056058636178821  -0.090731771794944673856320471053
 661  -0.636021790807042328229285136665   0.454413107208200392044766512956
 662  -0.293548396835093885411464062333   0.408801210642901102255947963692
 663   0.344483254570542325013154129994  -0.045148583461996930575874659218
 664  -0.267179523938445268348000141761   0.454420297880883140456229842083
 665  -0.609788943376241460690664054635   0.500145650510111635612354278144
 666   0.370744012686687872659357242677  -0.090829992825451572603611431548
 667  -0.451587825353531958143946478517   0.499993299227975400260863830310
 668   0.371500618117644183892674671929   0.000089460762195137799418742585
 669   0.027742102466128223548642843642   0.047155431763178640655381408692
 670   0.396664499364030184260285163380  -0.319040611268368197944666600349
 671   0.396834646987623698997245516867  -0.227775999885308599939530788045
 672  -0.346204475200894549992811368808   0.500086541281515480443348026497
 673  -0.207843232279940009669741942150   0.457616526171226555663954200991
 674  -0.188130137084503442050414371157   0.408751278232820662322776361990
 675   0.528037010704249618113958228652  -0.638574286025124490830660543817
 676   0.422912690235088559426781788274  -0.364729242833153692970823451329
 677  -0.102630128664770870205558139570   0.366376984931122442662920133736
 678  -0.808336188724633042700547433812   0.455168591720554408253258303237
 679   0.397004770802833420305560355360  -0.136511402188906214631348203879
 680   0.001481344349982675902439730960   0.092836841126633282683118181023
 681   0.055104543847312136979975375016   0.183553126446796975804682083920
 682   0.449210414687385259875025512783  -0.410389381541849069664982020957
 683  -0.749608633747007689301761171633   0.458662034048861411469214217492
 684   0.501803704008103006289898622573  -0.501710865699170230537618186194
 685   0.475641308334605636331648144402  -0.364806200002211544694304218092
 686   0.528135980144489801235381939805  -0.547351087124392306494680651028
 687  -0.663490321005992870786348162003   0.499378632079768029094339877999
 688  -0.477946602356488312468712765897   0.454368377823389452999764783042
 689   0.501902321521270206092028101029  -0.410487462732964240847668976960
 690  -0.583330061323524322975761013076   0.454398197413263412363099269652
 691   0.397761376233789731538877784611  -0.045591948601259504228318029746
 692  -0.556971284320584679341216376232   0.500023118817859013851396032373
 693   0.423095405103768488533499726548  -0.273457409248763677780047222812
 694   0.528234597655323382746521254192  -0.456127684159532705566940383329
 695   0.002412894599912660101976039428   0.183651342188582259506630988750
 696  -0.049938488617270053604837075715   0.366278763900615543915629173241
 697   0.539126879911054047342901677393  -0.810767895521870339673758209211
 698  -0.156083204346888475155752939332   0.366925297307359896999540060333
 699  -0.128890886780916417851761252253   0.412058394294577084690656906066
 700   0.582198077534669627643096408779  -0.780415127715067657847943488075
 701  -0.372563252212230895765156878539   0.454461590232280067362641115777
 702  -0.239852046512040271367066758421   0.499471685825934855791277471165
 703  -0.504279555636824541653454388809   0.500040628336265964769497088935
 704   0.449356139411530999230970257314  -0.319138832298875971140822003784
 705  -0.781568326076056523434381384524   0.500554714131409995096359671508
 706   0.502072190280617732766566310429  -0.319223011677762392471961648580
 707  -0.076199246733415601251040188398   0.411960173264070185943365945572
 708  -0.023507606685914784650319124543   0.411861952233563287196074985077
 709  -0.398896204692792541233018411783   0.500101421431822293301252985653
 710  -0.155151644897061965497964364936   0.457739803658031726718393678397
 711   0.054934420032100280852634530721   0.092288528750395828346498254425
 712  -0.181604200023788966653683918023   0.503310418153929132197346739968
 713   0.081195178148245828498837643404   0.046607119386941186318761482095
 714   0.554266840447872712509780372847  -0.684273461180555588934865606205
 715   0.528333203467282302526946267056  -0.364904274408515088625326407448
 716  -0.748141742725954932600946937101   0.541286545710715839074194765874
 717   0.107626060079603232272381600381   0.092190307719887691749208539259
 718   0.554468256280889876997354963753  -0.592991308549606720040908919251
 719   0.554566873791710177692004571424  -0.501767905584754781524002848163
 720   0.554665479601335479181439420219  -0.410544495835083553344597813818
 721  -0.049768364802060332296522237226   0.457543361597017929223811757407
 722  -0.128720762965706696543446413764   0.503322991990979469998839490232
 723  -0.477887149562277185159744204111   0.545652516527766391469932380852
 724   0.028673661915954733206431418039   0.137969938113850470374235026756
 725   0.555350567014384161406466808989  -0.319666230184323020250033005645
 726  -0.102460004849561148897243301081   0.457641582627524827971102717902
 727   0.580899149928110253453977595373  -0.547408127009969195070231116386
 728   0.581682843148437338060959962152  -0.365306451610891484969304412015
 729   0.081365301963457684626178487698   0.137871717083342333776945311589
 730   0.580997755737722274126922737452  -0.456184717260305629301660278652
 731  -0.023337482870705063342004286054   0.503126549929965672504257569243
 732   0.475787045151269305134220790403  -0.273555630279270576527338183309
 733   0.581781448945739430827234656955  -0.274083041851375277239936777139
 734  -0.076029122918205879942725349909   0.503224770960472571251548529737
 735   0.002583027615021041687569149650   0.274915945173706259860155628581
 736   0.584028511317394991234193967728  -0.727755199017496452231404464479
 737  -0.583270207695297330388811435967   0.545682566992330179277555452996
 738   0.582226478828000000000000000000  -0.639548550022000000000000000000
 739   0.529089553827719591646086852362  -0.273984967453570324096668246777
 740   0.618259308750035315384561413505  -0.687696853003316457280245266686
 741  -0.804950822629951854629055219905   0.547774174454176271461218253351
 742   0.107796183894812953580696438871   0.183454905416290077057391123425
 743   0.607159896303144022504458474329  -0.593089543123005538351609784058
 744  -0.688581068787099638341216116461   0.545712992483804162890794271598
 745  -0.372503799409639777008609094402   0.545745758581306471652416577039
 746  -0.721578880526905472347977602931   0.586792951084690775440042498402
 747   0.607844962227386342772053627685  -0.501530488478647913224137254177
 748  -0.635925073275246663884937433830   0.547653279813543010113421378821
 749   0.608015119284824133006443279384  -0.410946673036113560926366876848
 750  -0.555199382614108362119812115288   0.592398666772640599191175427765
 751   0.608113725079792607481727810118  -0.319723263277943741959208183509
 752   0.133886818195746640499526714081   0.046508898356431819838962140886
 753   0.633590789950364398961081105949  -0.547506361583368013380931981193
 754   0.634446001216179402427211127350  -0.365363484703165817916270648343
 755   0.134056942010958501226899551553   0.137773496052835435029654351094
 756   0.239270098290750413120026840773   0.046312456295419252226889845939
 757  -0.530578637190867707443782843767   0.545812859136943222011617347801
 758  -0.319812095206734243892168359429   0.545692032798547423691673544955
 759   0.423265528918978967951763468042  -0.182192811552360856659084976211
 760   0.634860026466142827264953714080  -0.456287267834733149537415295150
 761  -0.425195528901537768248816137377   0.545760638731613284510321536195
 762  -0.260353616415101881152787910700   0.548011403684366048689277793339
 763  -0.049598240986850610988207398737   0.548807959293420314531994341573
 764  -0.291777975050025565072071633087   0.590307127613031970035365699094
 765   0.424022134349935279185080897294  -0.091273357964714146256054802076
 766   0.608212330877094699781752608127  -0.228499853518427533959490965303
 767   0.449526287035124515597966580722  -0.227874220915815498686821748543
 768  -0.154981521081852244189649526447   0.549004401354434112026576262563
 769   0.502804408698371164013741332336  -0.228317586055078508152044781506
 770   0.450282892466080826831284009974  -0.136954767328168788283791574408
 771   0.134227065826168222535214390043   0.229038093749237820337836935260
 772   0.424192258165145000493395735784  -0.000008760268311760947872217910
 773   0.450453016281290548139598848467  -0.045690169631766402975608990241
 774  -0.774138774417951744874431226124   0.590518019195233509853415587168
 775  -0.735941228669038101567242476680   0.637489514420980199992913939185
 776   0.635094564429674868987068972776  -0.637766974729206977456977389841
 777   0.160317700127104048873102664236   0.092092086689380793001917578764
 778  -0.207673163117730836239184817015   0.549101549844169355412689605203
 779   0.476543650582226374477487122654  -0.182636176691623430311528346740
 780   0.635835455315582141890449639275  -0.737370766178872117247900970644
 781   0.476713774397436095785801961149  -0.091371578995221045003345762571
 782   0.476883898212645817094116799639  -0.000106981298818659695163178405
 783  -0.502507894985517839835773475633   0.592238324163463768649490460816
 784   0.660600593352174278231324330729  -0.502263803096233301285125677323
 785  -0.607890953118537985064840707489   0.592268374628027556457113532960
 786   0.529235290629727191078208186509  -0.182734397722130329058819307235
 787   0.634544607011147876436245761290  -0.274140074944995998678762371673
 788  -0.449816274324778422924845408899   0.592346446367310661689879616159
 789  -0.102289881034351427588928462592   0.548906180323927213279285302068
 790  -0.344432840629974898568197630951   0.592277840434244800871231624919
 791  -0.685051841348532906911074829181   0.651152926747695324782047963155
 792   0.502974532513581643432005073829  -0.137052988358675687031082534903
 793  -0.397124544832880431684638365924   0.592331566217003848831974657003
 794   0.186578458243249596519305776918   0.046410677325926150974180806433
 795   0.213009340174604865473823728091   0.091993865658873894254626618269
 796  -0.663085918556000000000000000000   0.593760249570000000000000000000
 797  -0.234957484034644072580232463196   0.594179087602670723558307179322
 798  -0.634021908803622824019883308560   0.638024158232402184523365746088
 799   0.239440222105960134428341679263   0.137577053991821637535072430104
 800  -0.128550639150496975235131575275   0.594587589687381855307022074398
 801   0.555520435759074861066854700328  -0.228401779120622581086572018271
 802  -0.075858999102996158634410511420   0.594489368656874956559731113903
 803   0.581951317690430130021372651500  -0.182818590787674837806126206436
 804  -0.023167359055495342033689447565   0.594391147626368057812440153409
 805   0.503144656328791364740319912321  -0.045788390662273301722899950736
 806  -0.528714778026956885870306126169   0.637950662317605044554686997858
 807   0.529405414444936912386523025004  -0.091469800025727943750636723066
 808  -0.423331427874319477719171016460   0.638043904371145124737171194045
 809  -0.181242279197997791835852639130   0.594685810717888754054313034893
 810   0.634813081553140667930408553844  -0.091652214121779351245234582765
 811   0.660876883147534671381729078522  -0.319780296370218074635824836507
 812   0.674794422477046533180988658399  -0.701893767208015451995483874679
 813   0.582267178307647450295558927349  -0.000303423359832457189745099395
 814   0.160487823942313770181417502725   0.183356684385783178310100162930
 815  -0.370639723671413944602730281487   0.637990178588386076776428161961
 816   0.634958818355148266896279991204  -0.000401644390339355937036059890
 817  -0.476023157366217468959378059435   0.638058784521451937595076153201
 818   0.028843785731166589333772262333   0.229234535810251617832418856250
 819   0.029013909546376310642087100822   0.320499133506654003140601440416
 820   0.265700980222105682074544791946   0.091895644628366995507335657774
 821   0.686234870796481125478450839220  -0.650459005416824351853396105181
 822   0.529575538260146633694837863494  -0.000205202329325558442454138900
 823  -0.313882736858217762208429381116   0.638138059902391680180898046498
 824  -0.208527506098238519530887632365   0.639762800094605179412465718757
 825  -0.261219148083262593177883094031   0.639859976163027375062812217739
 826   0.002753151430230762995883988140   0.366180542870108645168338212747
 827   0.002923275245440484304198826629   0.457445140566511030476520796912
 828   0.082632278840043159784440432419   0.502584963760196200104523238219
 829   0.670231747087492933221444042854  -0.598465751556310333149969735299
 830   0.029354157176795753258716777801   0.503028328899458773756966608748
 831  -0.154811397266642522881334687958   0.640268999050836497334758846728
 832   0.661290908397498096685721562046  -0.410704079501785406527319066644
 833   0.186748582058459317827620615408   0.137675275022328536282363390600
 834   0.186918705873669039135935453898   0.228939872718730921590545974765
 835   0.660975488942503145390763712462  -0.228556886612048255398316559838
 836  -0.581366944216465327691851596299   0.639992223930344122571903643166
 837   0.213179463989814586782138566581   0.183258463355276279562809202435
 838   0.291961738338251229720747904629   0.046214235264912353479598885443
 839   0.686276896633331259310038899455  -0.548276258236991362587292512246
 840  -0.102119757219141706280613624103   0.640170778020329598587467886234
 841  -0.049428117171640889679892560248   0.640072556989822699840176925739
 842   0.608382199621785398975890602672  -0.137235402454727094525680394600
 843   0.292718343769207540954065333881   0.137133688852559063882629059576
 844   0.029184033361586031950401939312   0.411763731203056388448784024582
 845   0.081535425778667405934493326188   0.229136314779744719085127895755
 846   0.345239860001498636246471559246   0.045770870125649779827155514915
 847   0.713292238566076181072408811727  -0.502359212312320590490439029573
 848  -0.553272816901687936978588568424   0.684569556608369000258577951181
 849   0.055274667662521858288290213505   0.274817724143199361112864668086
 850   0.687697810787894308866788110304  -0.456301163667445742209391843049
 851  -0.395197762546144995711012723742   0.684609072879150032480319115284
 852   0.719584794797471168432811359839  -0.414353114498989584314183225852
 853   0.266457585653061993307862221198   0.182815098216013705910365831906
 854   0.450623140096500269447913686956   0.045574428064635982332573593925
 855   0.292888467584417262262380172370   0.228398286548961449190811643742
 856   0.397931500048999452847192623101   0.045672649095142881079864554420
 857   0.634643212808449968736270559299  -0.182916665185479790679045153468
 858   0.555666172561082460032726137684  -0.137151209389182585778373495398
 859   0.424362381980354721801710574273   0.091255837428090624360310366256
 860  -0.342376906457207620691066852063   0.682460750221575011799597055739
 861   0.398271747679418895463822300080   0.228201844487947651696229722752
 862   0.081705549593877127242808164677   0.320400912476147104393310479921
 863   0.107966307710022674889011277360   0.274719503112692462365573707591
 864   0.661074094739805237690788510471  -0.137333476852532047398599341632
 865   0.055444791477731579596605051995   0.366082321839601746421047252252
 866   0.134397189641377943843529228532   0.320302691445640205646019519426
 867   0.160657947757523491489732341215   0.274621282082185563618282747096
 868   0.477054022027855538402431638128   0.091157616397583725613019405761
 869   0.503825151589630249973579266280   0.319270000123336239509830385928
 870   0.556006420191501902649355814666   0.045377986003622184837991672935
 871   0.240196827536916445661659108515   0.228496507579468347938102604237
 872   0.529915785890566076311467540473   0.182323993063479212173911029432
 873   0.135323918887543976385161496274   0.502486742729689301357232277725
 874   0.161754800818899245339679447446   0.548069931062637044637678089560
 875   0.713738647010245209290764980866  -0.228613919704322588074933212836
 876   0.266627709468271714616177059688   0.274079695912416091218548416072
 877  -0.447889466749050528827453458714   0.684662798661909080441062147368
 878   0.582097054492437728987244088859  -0.091568021056234842497927683561
 879  -0.022410753624539030800372018312   0.685310601214014768215470327541
 880   0.687307765078889940336247029694  -0.274197108037270331355379024672
 881   0.529745662075356355003152701983   0.091059395367076826865728445266
 882   0.555836296376292181341040976176  -0.045886611692780200470190911230
 883   0.108136431525232396197326115850   0.365984100809094847673756291757
 884   0.213936069420770898015455995833   0.274177916942922989965839376567
 885  -0.101907325148014932460113047821   0.731460921064392419593045706577
 886   0.003093399060650205612513665118   0.548709738262913415784703381078
 887   0.608698060239002719250076878521   0.045279764973115286090700712441
 888   0.425042877241193607034969928232   0.456314228213700165593040702920
 889   0.736984040201240154834781928585  -0.636283661223708765939966662570
 890   0.030110762607752064492034207054   0.593947782487105484159996782880
 891   0.109063160771398428738958383591   0.548168152093143943384969050055
 892   0.240707198982545609586603623984   0.502290300668675503862650356735
 893   0.477564393473484702327376153597   0.364951409486790881537567158259
 894   0.661243963484495936884926505017  -0.046069025788831607964788770929
 895   0.188015558935044792985882560129   0.502388521699182402609941317230
 896   0.608527936423792997941762040031  -0.045984832723287099217481871725
 897   0.582437302122857171603873765838   0.090961174336569928118437484771
 898   0.582777549753276614220503442817   0.273490369729374698734802653103
 899   0.056371520723897612138237319736   0.548266373123650842132260010550
 900   0.635128942170357988204594829693   0.090862953306063029371146524276
 901   0.608868184054212440558391717010   0.136544362669517671398883296606
 902   0.240366951352126166969973947005   0.319761105275870733246285188403
 903   0.635299065985567709512909668183   0.182127551002465414679329108442
 904   0.609038307869422161866706555500   0.227808960365920056707065880772
 905   0.687406370873858414345281663634  -0.182973698279100512117870748002
 906  -0.500581196240948520067660501689   0.684677678812215893298967106525
 907   0.081875673409086848551123003167   0.411665510172549489701493064087
 908   0.345750231447127800171416074715   0.319564663214856935751703267413
 909  -0.421497086754890222726810449336   0.730268290178941023689387665826
 910   0.056541644539107333446552158226   0.639530970820053227440442594716
 911  -0.287881085028495933170289947215   0.776474420993424183970391622386
 912   0.187675311304625350369252883150   0.319859326306377631993576148898
 913   0.661559824101713257159112780865   0.136446141639010772651592336111
 914   0.266797833283481435924491898177   0.365344293608818476526731000238
 915   0.135153795072334255076846657785   0.411222145033286916049049693559
 916  -0.208376877126718399790722456342   0.731038696080585937474494583728
 917   0.161414553188479802723049770467   0.365540735669832274021312921228
 918   0.082802402655252881092755270908   0.593849561456598585412705822385
 919   0.214106193235980619323770834322   0.365442514639325375274021960733
 920   0.161584677003689524031364608957   0.456805333366234659329495505394
 921   0.687504976671160506645306461643  -0.091750288519584304118153529797
 922   0.240537075167335888278288785494   0.411025702972273118554467772569
 923   0.108893036956188707430643545102   0.456903554396741558076786465889
 924   0.687674845415851205839444456189  -0.000485837455883864684342959094
 925   0.692244371984275757210007962909  -0.368062530863769747063560553216
 926   0.713568523195035487982450142377  -0.319878517400724973383115797002
 927   0.371670741932853905200989510418   0.091354058458597523107601326751
 928   0.318979101885353088600268446563   0.091452279489104421854892287245
 929  -0.340572793096047172500496774153   0.776524212460377219600274790431
 930   0.503314780144001086048634750811   0.045476207034129083585282633430
 931   0.503484903959210807356949589301   0.136740804730531468893465217596
 932   0.661389700286503535850797942376   0.045181543942608387343409751946
 933   0.345409983816708357554786397736   0.137035467822052165135338099081
 934   0.293228715214836704879009849349   0.410927481941766219807176812074
 935   0.713837252805213683299799614806  -0.137390509946152768837424936167
 936  -0.289042165695640196050784510073   0.684607023766277708500814134209
 937  -0.182096624166883250576369681194   0.685345988427552922692911530592
 938   0.372181113378483069125934025887   0.365147851547804679032149079249
 939   0.135494042702753697693476334763   0.593751340426091686665414861891
 940   0.214276317051190340632085672812   0.456707112335727760582204544899
 941   0.687820582217858804805315893548   0.090764732275556130623855563781
 942  -0.234788264214384067177090745049   0.685444209458059821440202491087
 943  -0.208720016262907551905397135294   0.821981569109749607835551024939
 944  -0.155665742235527981621851730021   0.730929176760500665973357342428
 945   0.713935858602515775599824412816  -0.046167100186636560837707717961
 946   0.398101623864209174155507461591   0.136937246791545266388047138586
 947   0.003850004491606516845831094371   0.639629191850560126187733555210
 948   0.319489473330982252525212962032   0.365246072578311577779440039743
 949  -0.154884154005725724964443931621   0.822584454791073961566494287164
 950  -0.128380515335287253926816736786   0.685852187383784240615204658564
 951   0.424702629610774164418340251252   0.273785032820895394976675534588
 952   0.714105727347206474793962407361   0.045097350877063878596102852742
 953   0.055614915292941300904919890484   0.457346919536004131729229836417
 954   0.319149225700562809908583285053   0.182716877185506807163074871412
 955   0.161924924634108966647994285936   0.639334528759039429945860673726
 956   0.319319349515772531216898123543   0.273981474881909192471257455577
 957   0.319659597146191973833527800522   0.456510670274713963087622623909
 958   0.450793263911709990756228525446   0.136839025761038367640756178091
 959   0.424532505795564443110025412763   0.182520435124493009668492950422
 960   0.714251464149214073759833844720   0.136347920608503873904301375617
 961   0.723800854012702876312931066927  -0.585267759975327534989651008769
 962   0.739999405126390756936968093549  -0.274295329067777230102669985167
 963   0.030280886422961785800349045543   0.685212380183507869468179367046
 964   0.398441871494628616772137138570   0.319466442184350037004412306918
 965  -0.075688875287786437326095672931   0.685753966353277341867913698069
 966   0.450963387726919712064543363935   0.228103623457440752948938762257
 967   0.398611995309838338080451977059   0.410731039880752422312594891084
 968   0.740169528941600478245282932038  -0.183030731371374844794487401001
 969   0.188185682750254514294197398618   0.593653119395584787918123901396
 970   0.345920355262337521479730913204   0.410829260911259321059885851579
 971   0.109233284586608150047273222081   0.639432749789546328693151634221
 972  -0.474222444906821693703673939134   0.730302615046383858946970024081
 973   0.745957340343729423159051705894  -0.459970078664492307828240902869
 974  -0.393234269540683898815147019911   0.774738861812129958712556559605
 975   0.750390896745475586997646464612  -0.539777231227734956019345609882
 976  -0.102117454300676408428429586362   0.821690510829804637646656858491
 977   0.082972526470462602401070109398   0.685114159153000970720888406551
 978   0.372010989563273347817619187398   0.273883253851402293723966495083
 979   0.556176544006711623957670653155   0.136642583700024570146174257101
 980   0.774212359311320760056699392239  -0.415487446356323105101395306394
 981   0.424872753425983885726655089742   0.365049630517297780284858118754
 982   0.740366740533871044554342363988  -0.000583911853688817557261906126
 983   0.824499344129845202223967941632  -0.225264975612785735211188877171
 984   0.187845435119835071677567721640   0.411123924002780017301758733064
 985   0.266967957098691157232806736667   0.456608891305220861834913584404
 986   0.477224145843065259710746476618   0.182422214093986110921201989927
 987  -0.618003508971431590860696767182   0.688222061028059709570410969934
 988   0.345580107631918078863101236225   0.228300065518454550443520683247
 989   0.371840865748063626509304348908   0.182618656154999908415783910916
 990   0.030451010238171507108663884032   0.776476977879910254776361951212
 991   0.372351237193692790434248864377   0.456412449244207064340331663414
 992   0.740536609278561743748480358533   0.090680539210011621876548664577
 993   0.162095048449318687956309124425   0.730599126455441815254043257892
 994   0.797627652079277390411450090619  -0.368258972924783544558142474206
 995   0.214446440866400061940400511301   0.547971710032130145890387129065
 996   0.744936012031776573810729026764  -0.368160751894276645810851513711
 997   0.346090479077547242788045751694   0.502093858607661706368068435745
 998   0.766260163242536304583171206232  -0.319976738431231872130406757497
 999  -0.673986426626398123030128667963   0.702669673299602001637056738698
1000   0.083142650285672323709384947887   0.776378756849403356029070990717
1001  -0.262558480849035246431487968434   0.822682475441069843914769576670
1002   0.109573532217027592663902899059   0.821961945182351099309516802553
1003  -0.313688949185301748459487459497   0.835414081230610860784749676747
1004   0.055115256561422584722564138436   0.823045847594487455138140663267
1005  -0.125223127923539651900688365398   0.869046042974422624746890214043
1006   0.451133511542129433372858202425   0.319368221153843138257121346423
1007   0.503655027774420528665264427790   0.228005402426933854201647801762
1008   0.293058591399626983570695010860   0.319662884245363834498994227908
1009   0.241217570428174773511548139452   0.776084093757882659787198109233
1010  -0.050132151225713983186034185113   0.830289745823135608954439582913
1011   0.136004414148382861618420850231   0.867545133515298842589962614388
1012   0.398782119125048059388766815549   0.501995637577154807620777475250
1013   0.740268134736568952254317565979  -0.091807321613205025556979124331
1014   0.766430287057746025891486044721  -0.228712140734829486822224173331
1015   0.503995275404839971281894104769   0.410534597819738624818012970094
1016   0.267138080913900878541121575156   0.547873489001623247143096168570
1017   0.776446085850090955392191525588  -0.587480934856326837016223792437
1018   0.240877322797755330894918462473   0.593554898365077889170832940901
1019   0.807090456102587281658994683445  -0.544616717260596200139286392778
1020   0.530085909705775797619782378962   0.273588590759881597482093613598
1021  -0.583297945401698056229264183537   0.727869790289310097251851105922
1022   0.782512308635037567517247240143  -0.498008421375318381189184238879
1023   0.766600410872955747199800883211  -0.137447543038427101514041589165
1024   0.477394269658274981019061315107   0.273686811790388496229384574093
1025   0.766699016667924221208835517151  -0.046224133280257282276533312496
1026  -0.634986667929175293909655628633   0.738101825362729891664746041185
1027   0.451303635357339154681173040914   0.410632818850245523565303930589
1028  -0.529019784105000000000000000000   0.731539418462000000000000000000
1029   0.293398839030046426187324687839   0.502192079638168605115359396240
1030   0.556346667821921345265985491645   0.227907181396426955454356841267
1031   0.792691045173891573537689157404  -0.274393550098284128849960945661
1032  -0.366934945331938671799349294317   0.729079644512338967503488009063
1033   0.810792949639207804492175293527  -0.453549182485527760461916289683
1034   0.834096758967704384996958219027  -0.406290838787855690555406241730
1035   0.556516791637131066574300330135   0.319171779092829340762539425433
1036  -0.445878322902944311432307333020   0.776979893685554306280961439655
1037  -0.261581760819750706154492221620   0.730815203693633192761323071844
1038   0.530256033520985518928097217452   0.364853188456283982790276197764
1039   0.214616564681609783248715349791   0.639236307728532531198569713231
1040   0.766797622465226313508860315160   0.044999276479258925723183905710
1041   0.319829720961401695141842639011   0.547775267971116348395805208075
1042  -0.582022495678369756725258840369   0.780546082929068710580310799333
1043   0.792861168989101294846003995894  -0.183128952401881743541778361496
1044   0.214786688496819504557030188280   0.730500905424934916506752297397
1045  -0.538944470794018509344601338099   0.810889160398722977591746201071
1046   0.835371097106757518633922736829  -0.500157478370805579412018443582
1047   0.819292050920456563800521947066  -0.137545764068934000261332549660
1048   0.241047446612965052203233300963   0.684819496061480274479015525067
1049   0.188525930380673956910827075597   0.776182314788389558534489069727
1050  -0.498570028961196536059396827729   0.777031767927442783713529618831
1051   0.582607425938066892912188604328   0.182225772032972313426620068937
1052   0.582947673568486335528818281307   0.364754967425777084042985237269
1053   0.477734517288694423635690992086   0.456216007183193266845749742425
1054   0.609208431684631883175021393990   0.319073558062322442015248464938
1055   0.635469189800777430821224506672   0.273392148698867799987511692608
1056   0.818951803290037121183892270087  -0.320074959461738770877697717992
1057   0.293568962845256147495639526328   0.593456677334570990423541980406
1058  -0.314273468887301945484699048558   0.730864995160586228391206239889
1059   0.609378555499841604483336232479   0.410338155758724827323431049104
1060   0.793031292804311016154318834383  -0.091864354705479358233595777330
1061   0.819462174735666285108836785555  -0.046281166372531614953149965494
1062   0.845377444295270873213944903748  -0.273643932936695458607854004687
1063  -0.494288036947936803005199444530   0.838857383338637374595915263293
1064  -0.448183979627686524471221892788   0.864368841095443479957609675251
1065  -0.235178558932957987238097676678   0.776414430752778516647860879407
1066   0.451473759172548875989487879404   0.501897416546647908873486514755
1067  -0.417615505688737987520643903595   0.821450465318743241304130333433
1068   0.661729947916922978467427619355   0.227710739335413157959774920277
1069   0.850930226061200471178485892804  -0.179681787279837991930743065335
1070   0.477904641103904144944005830576   0.547480604879595652153932326591
1071   0.056711768354317054754866996715   0.730795568516455612748625178882
1072   0.425213001056403328343284766721   0.547578825910102550901223287086
1073   0.793129898599279490163353468323  -0.000640944947309538996087500660
1074  -0.364954029244101261205993657836   0.823235815966990502191848564260
1075   0.740682346080569342714351795892   0.181931108941451617184747187452
1076   0.863371780486416330425693096843  -0.450101701520118544678523528168
1077  -0.181926509994937904293630515411   0.776610580580354561146477457124
1078   0.903610725681853089531068728835  -0.194862571655863358307290908134
1079   0.135664166517963419001791173253   0.685015938122494071973597446056
1080  -0.286239884999638568546346444367   0.880426556301424209205083544871
1081   0.188355806565464235602512237108   0.684917717091987173226306485562
1082   0.109403408401817871355588060570   0.730697347485948714001334218387
1083   0.346260602892756964096360590183   0.593358456304064091676251019911
1084   0.845722932851811832755039898238  -0.091962575735986256980886737825
1085   0.372521361008902511742563702866   0.547677046940609449648514247580
1086  -0.048671511740684578446575130995   0.730992010577469410243207099871
1087  -0.235049614950669860326865769466   0.867623335193103689872053365381
1088   0.267308204729110599849436413646   0.639138086698025632451278752736
1089   0.855420910178464115769400398495  -0.358106825324810916874961485516
1090   0.425383124871613049651599605210   0.638843423606504936209405871251
1091   0.372691484824112233050878541355   0.638941644637011834956696831746
1092   0.451643882987758597297802717893   0.593162014243050294181669098921
1093   0.793228249873677160727194348300   0.090582612393404925699212395131
1094   0.886779362185000000000000000000  -0.402020537655000000000000000000
1095   0.504165399220049692590208943259   0.501799195516141010126195554260
1096  -0.129234869926703975394606656602   0.776512370672959960008111389439
1097  -0.182357886705017090406441778725   0.867604553486478227937175029503
1098   0.319999844776611416450157477500   0.639039865667518733703987792241
1099   0.267478328544320321157751252135   0.730402684394428017759461336902
1100   0.346430726707966685404675428673   0.684623054000466476984433604077
1101   0.478244888734323587560635507555   0.730009800272400422770297494922
1102  -0.073329130007237281432974591151   0.777558312123621775576113895044
1103  -0.021343826932274856190579189902   0.786157547116952746883896619465
1104   0.293739086660465868803954364818   0.684721275030973375731724564572
1105   0.889316907365816465655823682052  -0.302725579439917826754032748811
1106   0.372861608639321954359193379845   0.730206242333414220264879415912
1107   0.795539255328417351599080672747   0.180645059229628200131011431284
1108   0.635639313615987152129539345162   0.364656746395270185295694276774
1109   0.398952242940257780697081654038   0.593260235273557192928960059416
1110   0.399122366755467502005396492528   0.684524832969959578237142643582
1111   0.504335523035259413898523781748   0.593063793212543395434378138426
1112   0.890108313950794531577980830664  -0.245794913598004580956733118552
1113   0.889730936218373186334259577918  -0.144031773681449284031291772577
1114   0.004020128306816238154145932860   0.730893789546962511495916139377
1115   0.320169968591821137758472315990   0.730304463363921119012170376407
1116   0.819560526007730337381687501462   0.044942390966836460979940988762
1117   0.214956812312029225865345026769   0.821765503121337301814934881563
1118   0.425553248686822770959914443700   0.730108021302907321517588455417
1119   0.162265172264528409264623962914   0.821863724151844200562225842058
1120   0.293909210475675590112269203307   0.775985872727375761039907148738
1121  -0.349868176307022329045486268061   0.873721810256764103238354407417
1122   0.830457912483560184066674579174   0.141184877264160555249107219965
1123   0.661900071732132699775742457845   0.318975337031815543267957504443
1124   0.872153815330781702087550775321  -0.046379093189138311130486234940
1125   0.003415312815409376771338820128   0.833266477738002339906246468465
1126  -0.400767323981849688770865730663   0.887348818154404079123584389221
1127   0.270759756404036325406261096238   0.823320018483386716693138913483
1128   0.241613788270500476709004541305   0.867216842056683435717497879583
1129   0.556686915452340787882615168624   0.410436376789231726070722009599
1130   0.451814006802968318606117556383   0.684426611939452679489851683087
1131   0.898414573446927249733753888004  -0.092060502552592953158223007271
1132  -0.154907059990649375626427131025   0.912580888274497376933068269787
1133  -0.222101336859222297886282685175   0.918699363550179034863461415571
1134   0.845892802144117132327170818694  -0.000697830458385614977121476072
1135   0.767056465854236965814526556967   0.136315054920630612146962371268
1136  -0.073237824848577226658292964148   0.877645277967753596054672938465
1137   0.032085075533311502084382825937   0.879977918897105573083931693691
1138   0.872252255264512871082438682016   0.044926700327803135116586247364
1139   0.530426157336195240236412055941   0.456117786152686368098458781930
1140   0.687990706033068526113630732038   0.182029329971958515932038147947
1141   0.907767014810517527327026750397  -0.352081552873183350344060148446
1142   0.478074764919113866252320669065   0.638745202575998037462114910756
1143  -0.020606327418296181003415828668   0.880164019024818689284165124427
1144   0.346600850523176406712990267162   0.775887651696868862292616188243
1145   0.530596281151404961544726894431   0.547382383849088753406641366096
1146   0.934047777021340124019859608968  -0.274876560101226949102911862676
1147  -0.322441785234376198469460744109   0.918713049970696218075715993284
1148   0.845919979130459694427945528853   0.090566921754371599835857653734
1149   0.583117797383696056837133119796   0.456019565122179469351167821435
1150   0.530766404966614682853041732920   0.638646981545491138714823950261
1151   0.556857039267550509190930007114   0.501700974485634111378904593765
1152   0.583287921198905778145447958286   0.547284162818581854659350405601
1153   0.635809437431196873437854183651   0.455921344091672570603876860940
1154   0.557027163082760230499244845603   0.592965572182036496687087177931
1155   0.504505646850469135206838620238   0.684328390908945780742560722592
1156   0.662240319362552142392372134824   0.501504532424620313884322672775
1157   0.941487425725247441840461520335  -0.122410922234637429485860868237
1158   0.135834290333173140310106011742   0.776280535818896457281780030222
1159  -0.102921756915686950384031729776   0.921180123267828348240850994210
1160   0.158749909124289395529871877523   0.915074714163219946668416685174
1161   0.900929060804227532997560802842   0.000707941196085166817059971003
1162   0.568307372118673343279474181790   0.690758560201966850048388938657
1163   0.609548679315051325791651070969   0.501602753455127212631613633270
1164   0.322146018954904188360076732050   0.834976372944344942278323327104
1165   0.609718803130261047099965909458   0.592867351151529597939796217436
1166   0.635979561246406594746169022141   0.547185941788074955912059445106
1167   0.532213576176934084810875538395   0.729146793721918146855873423775
1168   0.373071419527160428951024176608   0.821447804844894451697758004309
1169   0.924845455378282518688271839176  -0.046477314219645209877777195435
1170   0.583432689441304000994737540707   0.640284375174807128233155567551
1171   0.636093620242808766155855585167   0.638483001980448894364882288393
1172   0.947550188752398681972947507139  -0.223944218159085726453469652258
1173   0.662070195547342421084057296334   0.410239934728217928576140088609
1174   0.855301727229784192580758260524   0.188475956102238953881045506548
1175   0.083312774100882045017699786377   0.867643354545805741337253574883
1176   0.188681544222018719975138740752   0.868785514695371370575053643213
1177   0.400567023273536293310019811408   0.776498829852259667167872888453
1178   0.958277506219269506812893487476  -0.172356009833624434026520258018
1179   0.620968302920178108440592226250   0.688957187007608616180115659502
1180   0.453282789668932320370897568099   0.777622782202427807018682105112
1181   0.883089254644346691461478888519   0.143706860752308514819581524149
1182   0.970490957654765725910693655232  -0.078419858211592486804748719568
1183   0.106058269076788578929150813668   0.915172935193726845415707645669
1184   0.293000050821368339662820177117   0.878873196517641661302682293205
1185   0.233733049420200773680074108555   0.919315906668628270617693683488
1186   0.898539158097090619822735989112   0.093331082231603577366290867544
1187   0.580509176649426642432403565585   0.750216999066612876253545121599
1188   0.688160829848278247421945570527   0.273293927668360901240220732113
1189   0.505952818060788537164672425712   0.774828203085372788883610196106
1190  -0.050547379892049498432116747937   0.926954481210673860411192959367
1191   0.425746175618041535551472781063   0.822785208685329141348546617804
1192   0.369138882279993122093558575291   0.873992583168395517501993187217
1193   0.693457129316833640453314010547   0.367916431012010814321898690378
1194   0.664292030016210286658235648879   0.593971135799235639437668063665
1195   0.819804869459250727181018390958   0.227416830086842119586522970565
1196   0.924871434231143796477229142275   0.047690860805035112647019461174
1197   0.714421587964423795068148683210   0.227612518304906259212483959783
1198   0.714587520603822496039530948963   0.319647132878259468561260863293
1199   0.468565722736742279682388153473   0.853491966293640581186088978196
1200   0.907966664814552985104425386912   0.190156113076641380914165911987
1201   0.767113228011924611668869747065   0.227514297274399360465192999288
1202   0.740848278719968043685734061646   0.273965723514804826533524090962
1203   0.054830570509218035995833853228   0.927507499545026677162385764477
1204   0.746445101567909859241866083399   0.367989845317653065893791788366
1205   0.719888011248188909407831961720   0.413499619344958557602344502214
1206   0.767279223282716497246083610659   0.319591932649451679825262687063
1207   0.890736312914000000000000000000   0.243594673177000000000000000000
1208   0.002139167557610352908035198624   0.927693599672739793362619195213
1209   0.686267442047640634704630150580   0.654576671038907994926657765287
1210  -0.272269364343957765798980658348   0.934811085883841950129439932813
1211   0.846224604091800391951766526468   0.273006480230398623142274421792
1212   0.941636157521518287324475941520   0.123647203666858236134773294417
1213   0.688501077478697690038575247506   0.455823123061165671856585900445
1214   0.421707634829079980382401546047   0.877590476121097089231470633914
1215   0.671411233141201549684803514885   0.705130717713674454229866683066
1216   0.793532962644474276439617882575   0.273103947417955864020944450514
1217   0.819963192428597327341921758281   0.318687513884662705953142322728
1218   0.335065244466868412890648393124   0.914184694141150154342516512085
1219  -0.184833797002995197228289837570   0.955949183030691289140172494662
1220   0.746318893179544178362349912892   0.459082807677906300882790314049
1221   0.632282108619453600384542584227   0.740419953925694813192134217907
1222   0.970402991067686589282716230053   0.079500993569124232208401613153
1223   0.933654496114492598858749283141   0.276209440346964744238164115076
1224   0.714931959410052958993093198679   0.501406311394113415137031712280
1225   0.799135191837391685717825523810   0.367573953913459324390918583846
1226   0.773794118728188481142380458155   0.414121106184076018131296286339
1227  -0.132848493928032771985894436321   0.964548418024022260447955219084
1228   0.834372768776529905055122913149   0.406770531315846514308283972998
1229   0.086220079024040685727810987436   0.969829093719444328294607815593
1230   0.138559334867304937337021967882   0.963744615431246186516210788056
1231   0.973312150236008032469137629251  -0.025803706217306843615472756335
1232   0.285119311971068636633889744367   0.930972261129586496202878097110
1233   0.781832522093623937689375423456   0.498008387180583763138235296973
1234   0.958030527537515986910549646453   0.173723577437777205131941763171
1235   0.750445588324132718320118709241   0.540331890896790877392476695202
1236   0.807482237456936036903520130947   0.544035669090851905341554957289
1237   0.688671201293907411346890085996   0.547087720757568057164768484611
1238   0.810081156028932048496245423509   0.453528804684171044533853049179
1239   0.947229589487884012320998292647   0.225296422186872032742458229539
1240   0.888864150554868298306579473700   0.303962701829458462097893315627
1241   0.973282799386996246842908989561   0.026888017201024122785218682914
1242   0.835730871392244147710390131001   0.499556086594439186737172709495
1243   0.854815734797688915932439794522   0.358206102785038455235385882017
1244   0.724184830207987170673915596558   0.586013300260245519420213467532
1245   0.558031812833980974635131119295   0.797873968065640914175838938102
1246   0.907281449704612075827949705996   0.353330927139824570345675374663
1247   0.776868726861584574160525309269   0.586921932011448395857763720204
1248   0.736063181055593498938598280114   0.637348700905486379547876906922
1249   0.886838483683453064950632824624   0.401895355670632629418573465644
1250   0.514051520221167172924780355322   0.826893830917789292966421794213
1251  -0.080474116904395320033979454482   0.970322775966867772618297184242
1252   0.194154085414479265419435126389   0.954099871170967950823897238999
1253   0.028646036471661281509973344401   0.973232643126017841333950773860
1254   0.862744943838975364553482175634   0.451300987416085877648138713197
1255  -0.025015434376000000000000000000   0.973326182719000000000000000000
