   1  -0.028761488290400480677605525756  -0.943483027363105244058477297944
   2   0.083348821965986244193115945836  -0.940234236777097567321446377366
   3  -0.140465733669274724703945549461  -0.933411390436007709022309475641
   4   0.224462564646874421706153439534  -0.916844590540336101775735811679
   5  -0.299357070388980993733522305636  -0.895194275305118068522277820851
   6   0.331625715139231254520728062674  -0.883748737588531036077166750799
   7   0.139778308971913025985151422230  -0.843306483773620987876669003454
   8  -0.426099283389224819846427445742  -0.842274804814983124868524983383
   9  -0.201944871057992443108958945008  -0.839605250061327578490077840374
  10   0.024249911205707302537329185123  -0.838137692899109725237961016214
  11  -0.089966801768191491052541803572  -0.833265825467284402683844670466
  12   0.450661040597854165367117207752  -0.829376088692646766569046423014
  13   0.245806305415581340303930862685  -0.806736820441885462163619298349
  14  -0.328561772290052353614381058740  -0.786905948635413815132888451951
  15  -0.524325436222826475630061092094  -0.784901447992467120942588310679
  16   0.352969455907938173118505485825  -0.773640967490080396465050237468
  17   0.548986055874423168714775221144  -0.767855296645385891104493672613
  18  -0.029248573349422985179106833627  -0.738965385151550589210149819823
  19   0.161122049740619944582928845381  -0.733198713675170348264552490123
  20  -0.231149572959063802989817698111  -0.731316923391623325100688471474
  21  -0.426457920116828034522161316236  -0.730118005262960258503989385853
  22   0.449371167236154527542605347577  -0.716317443880254515642182262195
  23  -0.632668592582109685660945609707  -0.700512596668397782418578164823
  24   0.636186598054691667595662023104  -0.697319194190527804926420775503
  25   0.267249987544715266613014188395  -0.696648470455160323398181767944
  26  -0.128354769589661382575352486121  -0.686455974824958850537960763534
  27   0.064142731078754924076687613422  -0.676857893145686918064972963254
  28  -0.328920409017655568290114929233  -0.674749149083390948768352854422
  29  -0.524002998886285468618090476275  -0.672744538529790560789929996927
  30   0.365261420743995045819994998655  -0.642122923522753124628090267089
  31   0.532414569727403916848788734053  -0.640931307165793697601059048545
  32  -0.034963465161483473319558039073  -0.624348482819095179392783906965
  33   0.161424972258279912363927234751  -0.621041749807547232554060618499
  34  -0.231508209686667017665551568605  -0.619160123839600458736152873945
  35  -0.426135482780287027510190700418  -0.617961095800283698351331072101
  36  -0.632104000949352422463520858989  -0.588356644787352953637976070261
  37   0.629826769058392467473352094682  -0.585342281922003207568859068068
  38   0.267459591322369765809189928289  -0.584491293367327841063218761783
  39   0.741968971586455277663521301662  -0.583497636099639021930342473343
  40  -0.744012536686503424226519249463  -0.580889655084546361841276194460
  41  -0.131811072859714760746696648983  -0.567781556181840840644381792880
  42   0.448304823235244435126178385132  -0.566736786808292306586967053439
  43   0.059921642377325114825259627662  -0.564548042407642086048098807886
  44  -0.328597971681114561278144313415  -0.562592239620714388615694540669
  45  -0.523438407253528205420665725557  -0.560588586648745732009327902365
  46   0.545717022566232985750741745760  -0.511147761564501816554767072963
  47   0.351457215537013147699039775221  -0.510169860171037967838564939354
  48   0.157333841708313665449822988290  -0.508959017163851596015898827409
  49  -0.036925965320906172601878982248  -0.507981115770387747299696693801
  50  -0.231185772350126010653580952787  -0.507003214376923898583494560193
  51  -0.425570891147529764312765949700  -0.505805143919238869570728977539
  52   0.805940403363159933902018267547  -0.491373088760216809014181716404
  53  -0.807660207857524950811409004396  -0.488541129051043597361427840997
  54  -0.681591666045500599155358291894  -0.487707515087258179031011255294
  55   0.656251025657809224339245149169  -0.476076155854729871677900689123
  56   0.448869414868001698323603135850  -0.454580834927247477806364958877
  57   0.254746041039302216074386348918  -0.453369991920061105983698846933
  58   0.060486234010082378022684378380  -0.452392090526597257267496713324
  59  -0.133773573019137460029017592158  -0.451414189133133408551294579716
  60  -0.328033380048357298080719562697  -0.450436287739669559835092446107
  61  -0.534940795723928639225016904435  -0.449022591087683212764126485298
  62   0.740938910497978268112976888816  -0.399972420100995504735220654029
  63   0.546281614198990248948166496478  -0.398991809683456987774164978400
  64   0.352158240370290766698949709547  -0.397780966676270615951498866456
  65   0.157898433341070928647247739008  -0.396803065282806767235296732847
  66  -0.036361373688148909404454231530  -0.395825163889342918519094599239
  67  -0.230621180717368747456156202068  -0.394847262495879069802892465630
  68  -0.429904057475566504088763405571  -0.393731507520536292374221816070
  69   0.858533283102859969156835993588  -0.392311162134794910087941800660
  70  -0.742011504206533703219133478754  -0.390676971171030928689063301062
  71  -0.859905046182624786959776891767  -0.389295206341648618775267152831
  72  -0.629343434078965404951344755434  -0.388463378925839793431955620124
  73   0.643891020856910917346653303500  -0.343749796342669933583717789346
  74   0.449570439701279317323513070175  -0.342191941432480125919298885979
  75   0.255310632672059479271811099637  -0.341214040039016277203096752370
  76   0.061050825642839641220109129098  -0.340236138645552428486894618762
  77  -0.133208981386380196831592841440  -0.339258237252088579770692485154
  78  -0.327468788415600034883294811979  -0.338280335858624731054490351545
  79  -0.526751665173797791515902015481  -0.337164580883281953625819701985
  80  -0.803138259320465694878418437831  -0.292564610275040901008252115267
  81   0.741105186119569068989987401346  -0.287815170408999726140607459262
  82   0.547116155787089936854529571697  -0.286837541613121141859071345802
  83   0.352722832003048029896374460265  -0.285625014795225787170896771893
  84   0.158463024973828191844672489727  -0.284647113401761938454694638285
  85  -0.035796782055391646207029480812  -0.283669212008298089738492504677
  86  -0.230056589084611484258731451350  -0.282691310614834241022290371068
  87  -0.424316396113831322310433421889  -0.281713409221370392306088237460
  88   0.853009816551840912973657691779  -0.280289880124121615742234055018
  89  -0.621154303528834557242229866479  -0.276605368721438534293648836811
  90  -0.908821712936955862508902296574  -0.255010862955416539876749685666
  91   0.644394460479099779565628974382  -0.231014537911210596957055986019
  92   0.450135031334036580520937820893  -0.230035989551435297138696791417
  93   0.255875224304816742469235850355  -0.229058088157971448422494657808
  94   0.061615417275596904417533879817  -0.228080186764507599706292524200
  95  -0.132644389753622933634168090722  -0.227102285371043750990090390591
  96  -0.326904196782842771685870061260  -0.226124383977579902273888256983
  97  -0.521164003812062609737572031799  -0.225146482584116053557686123375
  98  -0.717832148472715054857308543090  -0.219748789479788560733124422642
  99   0.923900736417730590772045205069  -0.193377546208715622852718050108
 100  -0.823515602089205222487792401833  -0.182195042160164199601621993040
 101   0.741940613993443762779901675092  -0.175660908937031681317030643680
 102   0.547547230665025131145501181522  -0.174446964307644807106496810940
 103   0.353287423635805293093799210983  -0.173469062914180958390294677331
 104   0.159027616606585455042097240445  -0.172491161520717109674092543723
 105  -0.035232190422634383009604730093  -0.171513260127253260957890410114
 106  -0.229491997451854221061306700632  -0.170535358733789412241688276506
 107  -0.423751804481074059113008671170  -0.169557457340325563525486142898
 108  -0.620253984005222955232142405071  -0.164451609396080089322636906120
 109  -0.932653222312752752115670538544  -0.145414624575961528926675285077
 110   0.839218478770358349490875620665  -0.119837138637101715330249256912
 111   0.644959801346561643294648346550  -0.118858589804306342020391791656
 112   0.450699622966793843718362571612  -0.117880037670390468358094696854
 113   0.256439815937574005666660601073  -0.116902136276926619641892563246
 114   0.062180008908354167614958630535  -0.115924234883462770925690429638
 115  -0.132079798120865670436743340003  -0.114946333489998922209488296029
 116  -0.326339605150085508488445310542  -0.113968432096535073493286162421
 117  -0.520599412179305346540147281080  -0.112990530703071224777084028812
 118  -0.738151376094863670786710614819  -0.109447360228421489959409616328
 119   0.941099151020012640858422754887  -0.072937192709483157223067266978
 120  -0.847347111465002112094560643803  -0.072598803780709188651547592451
 121   0.742371629326046445319845206072  -0.063268913821700219491935839251
 122   0.548111822297782394342925932240  -0.062291012426599978325894716378
 123   0.353852015268562556291223961702  -0.061313111033136129609692582769
 124   0.159592208239342718239521991163  -0.060335209639672280893490449161
 125  -0.034667598789877119812179979375  -0.059357308246208432177288315552
 126  -0.228927405819096957863881949914  -0.058379406852744583461086181944
 127  -0.423187212848316795915583920452  -0.057401505459280734744884048336
 128  -0.640573211627371571161544476799  -0.054150180144713018548922099807
 129  -0.943776226303723284949998333508  -0.014796637971101381324121878581
 130   0.849542270285751294442845096611  -0.008155915350455525313501617571
 131   0.645524021628770944967489292868  -0.006701987182809488293694735901
 132   0.451264214599551106915787322330  -0.005724085789345639577492602292
 133   0.257004407570331268864085351792  -0.004746184395881790861290468684
 134   0.062744600541111430812383381253  -0.003768283002417942145088335075
 135  -0.131515206488108407239318589285  -0.002790381608954093428886201467
 136  -0.325775013517328245291020559824  -0.001812480215490244712684067859
 137  -0.520034820546548083342722530362  -0.000834578822026395996481934250
 138  -0.738739935261103454889713636276   0.002708468439387200570015496496
 139  -0.844681804851773628033892415118   0.039526895533553744010075164367
 140   0.742936220959759495592052653497   0.048887038060981001738505244576
 141   0.548676413930539657540350682958   0.049864939454444850454707378185
 142   0.354416606901319819488648712420   0.050842840847908699170909511793
 143   0.160156799872099981436946741882   0.051820742241372547887111645401
 144  -0.034103007157119856614755228657   0.052798643634836396603313779010
 145  -0.228362814186339694666457199195   0.053776545028300245319515912618
 146  -0.422622621215559532718159169734   0.054754446421764094035718046227
 147   0.942324961736871940281873462757   0.054862254555067899733420456194
 148  -0.617014809074127067946135558634   0.055505088653435962375713767187
 149  -0.938504267020630928999796997154   0.100981121577238999623100490947
 150   0.840809080707414175468873277878   0.103660933584952444864402510341
 151   0.646088613261528208164914043587   0.105453964698235340486907358662
 152   0.451828806232308370113212073048   0.106431866091699189203109492270
 153   0.257568999203088532061510102510   0.107409767485163037919311625878
 154   0.063309192173868694009808131972   0.108387668878626886635513759487
 155  -0.130950614855351144041893838567   0.109365570272090735351715893095
 156  -0.325210421884570982093595809105   0.110343471665554584067918026704
 157  -0.519470228913790820145297779644   0.111321373059018432784120160312
 158  -0.713862416772358355373274168544   0.112072015290690301124115881273
 159  -0.819804286363028528517452947387   0.148890442384856844564175549144
 160   0.744238633300079486754061196462   0.161050044881150066443349242205
 161   0.549241005563296920737775433677   0.162020891335489679235309472747
 162   0.354981198534077082686073463138   0.162998792728953527951511606355
 163   0.160721391504857244634371492600   0.163976694122417376667713739964
 164  -0.033538415524362593417330477939   0.164954595515881225383915873572
 165  -0.227798222553582431469032448477   0.165932496909345074100118007180
 166  -0.422058029582802269520734419015   0.166910398302808922816320140789
 167  -0.616450217441369804748710807916   0.167661040534480791156315861750
 168   0.927617811525804447387752060544   0.174678681787463636641395039031
 169  -0.919901747476080119805716892526   0.211585021023188136259016099733
 170   0.646653204894285471362338794305   0.217609916579280169267509453224
 171   0.452393397865065633310636823767   0.218587817972744017983711586832
 172   0.258133590835845795258934853228   0.219565719366207866699913720441
 173   0.063873783806625957207232882690   0.220543620759671715416115854049
 174  -0.130386023222593880844469087849   0.221521522153135564132317987657
 175  -0.324645830251813718896171058387   0.222499423546599412848520121266
 176  -0.518905637281033556947873028925   0.223477324940063261564722254874
 177  -0.713297825139601092175849417826   0.224227967171735129904717975835
 178   0.855488517832484435977000965842   0.260566057445110835515638435875
 179  -0.819239694730271265320028196669   0.261046394265901673344777643706
 180   0.744048275773309673464009211750   0.273228946366978501754668207200
 181   0.549805597196054183935200184395   0.274176843216534508015911567309
 182   0.355545790166834345883498213857   0.275154744609998356732113700917
 183   0.161285983137614507831796243318   0.276132646003462205448315834526
 184  -0.032973823891605330219905727220   0.277110547396926054164517968134
 185  -0.227233630920825168271607697759   0.278088448790389902880720101743
 186  -0.421493437950045006323309668297   0.279066350183853751596922235351
 187  -0.615885625808612541551286057198   0.279816992415525619936917956312
 188   0.452957989497822896508061574485   0.330743769853788846764313681394
 189   0.648133029343657782458175055969   0.331362773080813302900341328011
 190   0.258698182468603058456359603947   0.331721671247252695480515815003
 191   0.064438375439383220404657633408   0.332699572640716544196717948611
 192  -0.129821431589836617647044337130   0.333677474034180392912920082219
 193  -0.324081238619056455698746307669   0.334655375427644241629122215828
 194  -0.518604048270304755215398496620   0.335634292401401258470057125256
 195  -0.738110419623487902694103237264   0.338491317593251477429357487993
 196  -0.872728876748661508936617040573   0.359627242877883810225514765984
 197   0.867493272454363542681914141291   0.372079115750062255251797393962
 198   0.746436023311867097657295911360   0.385360899742219118498829527475
 199   0.550370188828811447132624935113   0.386332795097579336796513661871
 200   0.356110381799591609080922964575   0.387310696491043185512715795480
 201   0.161850574770371771029220994037   0.388288597884507034228917929088
 202  -0.032409232258848067022480976502   0.389266499277970882945120062696
 203  -0.226669039288067905074182947040   0.390244400671434731661322196305
 204  -0.420928846317287743125884917579   0.391222302064898580377524329913
 205  -0.615724816951212412238262060007   0.391974250078890429244164771212
 206   0.453522581130580159705486325203   0.442899721734833675544915775956
 207   0.259262774101360321653784354665   0.443877623128297524261117909565
 208   0.649882554145519918274088795642   0.444555543322879818958488814552
 209   0.065002967072140483602082384126   0.444855524521761372977320043173
 210  -0.129256839957079354449619586412   0.445833425915225221693522176782
 211  -0.323516646986299192501321556950   0.446811327308689070409724310390
 212  -0.517776812700008861242420081099   0.447788614597945515445130320518
 213  -0.712368570860474593953522619156   0.448888757336539540415701759648
 214  -0.823912453649976070297931748394   0.460603641813007028140196552342
 215   0.817236881795361747971286527180   0.472346615489433535407728096249
 216   0.550934780461568710330049685832   0.498488746978624165577115756433
 217   0.356674973432348872278347715293   0.499466648372088014293317890042
 218   0.162415166403129034226645744755   0.500444549765551863009520023650
 219  -0.031844640626090803825056225784   0.501422451159015711725722157259
 220  -0.226104447655310641876758196322   0.502400352552479560441924290867
 221  -0.420364965857946859672001885252   0.503378257526045690747012231288
 222  -0.614757284776845567706555847185   0.504127449710227686717298929270
 223   0.454087172763337422902911075922   0.555055673615878504325517870519
 224  -0.763463742743567918799658757761   0.555077075411074769667402597031
 225   0.259827365734117584851209105383   0.556033575009342353041720004127
 226   0.065567558704897746799507134845   0.557011476402806201757922137735
 227  -0.128692248324322091252194835694   0.557989377796270050474124271344
 228  -0.322952055353541929303896806232   0.558967279189733899190326404952
 229  -0.517476186311568137273069963873   0.559945584643634587040471334383
 230   0.643353274040691539833125416080   0.562034780297948314522362865732
 231   0.755442451416222279097301013937   0.565945358430632845601931902188
 232  -0.663176846277395730816475000037   0.605294748627167556831177941905
 233   0.357239565065106135475772466012   0.611622600253132843073919984604
 234   0.162979758035886297424070495473   0.612600501646596691790122118212
 235  -0.031280048993333540627631475065   0.613578403040060540506324251821
 236  -0.225539856022553378679333445604   0.614556304433524389222526385429
 237  -0.419799663052794963065284301833   0.615534205825238917372259485470
 238   0.546505666342460252405986806170   0.618601706935202653270764979817
 239   0.066132150337655009996931885563   0.669167428283851030538524232298
 240  -0.128127656691564828054770084975   0.670145329677314879254726365906
 241  -0.322387463720784666106472055514   0.671123231070778727970928499514
 242  -0.516647990742394161005163340297   0.672099899755244194573933679790
 243   0.262850592424224184819043216393   0.672213879100600082926301511044
 244   0.662283531861695369769320111975   0.672583057737650403750296291729
 245   0.473943743316131187156186110713   0.704123889044735606699783080872
 246  -0.622301306464084298353829674197   0.709738353271135176667044117927
 247   0.363491313313697716446744138693   0.723605598739024685527726491656
 248   0.163544349668643560621495246191   0.724756453527641520570724212774
 249  -0.225171928328631330112310857222   0.727109282827335910901637860599
 250  -0.029775998046004825569638134781   0.727312964481162942936746449504
 251  -0.424447010013733377764182225575   0.735961120059339115963177475442
 252   0.577832739768476683295653104612   0.746389155188219992629453021143
 253  -0.127528649799110283178225587905   0.782301103032045996854481200510
 254  -0.322760229314356858566274262590   0.783279984553871627946748419396
 255  -0.525852939478084565467070182980   0.783878901472151356278200677156
 256   0.069522184300127830675200884096   0.785910642775258097123434707159
 257   0.278287566178929375289667121879   0.796541171543037668574742274124
 258   0.467771540881318778973106199217   0.819746173529152193213707235852
 259   0.173479495575057762874169161754   0.836472921346281775408880160711
 260  -0.031031199030674400606044074309   0.839463313462087238181361726968
 261  -0.415134849429040557540847382869   0.847731944440219520165967695805
 262   0.366965770963789516127703055274   0.869508455034035888961190369819
 263  -0.193310294892382252259450886731   0.873141905950546395002594293469
 264  -0.303552436421103207328359089778   0.893780378210296658391671792252
 265   0.260465440624167225188891835351   0.907273498109245589568620443783
 266   0.121824067760485198749490971368   0.936026892052369162847355031242
 267  -0.102082040088261591908454052424   0.938385157183524187452338333482
 268   0.009941190459895437868320794634   0.943868962760810843368962681721
