   1   0.063474837391860168992229284292  -0.944010419136180220092815068953
   2  -0.138678910154987603674106723341  -0.935923547250422917914416987354
   3   0.188913777117351563446274377764  -0.927090238992324501190815063439
   4  -0.246395874239128649566289573641  -0.913300291498452665271330210683
   5  -0.036122631718891319864327955674  -0.902985168602640606742782339857
   6  -0.360388273357518308435274870980  -0.874817134517823904016155210743
   7   0.382541154149456846083210743087  -0.865359458145336988589720354313
   8   0.274872253397541473838420643281  -0.862175930937822234594604191183
   9   0.114542579880433680170758145729  -0.849169432681338171008081486929
  10  -0.170004003654097075280693240884  -0.832863052627707086419871432128
  11  -0.468867305584169249317639807352  -0.821458978885378916195498328834
  12   0.482261920019212941525356074474  -0.814007473503144198251515244473
  13  -0.275060629643476163327397450417  -0.809075821382046997030991965488
  14   0.014945110769682191314200905764  -0.808144182147798557658048757834
  15   0.201611959009131310599938047131  -0.783209759061947007737026407025
  16  -0.374658098754227652183954690383  -0.768050570848507383680959236392
  17  -0.084661893827811098805844082060  -0.767128187056791996330187953834
  18  -0.560783343416670460945263096698  -0.762041185347623049931994022209
  19   0.390298447259689494472388711529  -0.757923191278842011782305819911
  20   0.586269527669166983008128710677  -0.742612124427120832519095147023
  21   0.102014489898379821743380807166  -0.742184508528407394386993677929
  22  -0.184273829050806419029373060286  -0.726096488958390566084675457777
  23   0.288334437937083995877414281360  -0.719240172443563918706806542131
  24  -0.465973056590081426745610927504  -0.710916469735047686275362705020
  25   0.484850596798712933882396973298  -0.706322628761007587571742217931
  26  -0.289330455040185507076077269819  -0.702309257712730476695795991137
  27   0.002417020787628332886823567200  -0.701159257994867781036960948833
  28   0.187342134521269809493050528085  -0.676443195271158940874744388443
  29   0.670480251537790207067206117051  -0.667323315886508812192571542735
  30  -0.610377474663153366982817903980  -0.666421369511608090710164953782
  31  -0.097183970316108126288041671761  -0.660142558886331511425646456199
  32   0.372267247346063443457485188613  -0.651727132668921647239613872284
  33  -0.380645412876039281637733506941  -0.645175156599270779290199459765
  34   0.566987687371319317716495746832  -0.636636006035593172470082493783
  35   0.087744665410518320636493288120  -0.635417944737619327524711659347
  36  -0.709974943773904855839375143945  -0.625396118978068477360132224686
  37  -0.196777916525026802184498612374  -0.619108756806317007809809446410
  38   0.272669778235311954600927948648  -0.610701882135382033889581143188
  39  -0.480242881986790770494290746906  -0.604149906065731165940166730669
  40   0.465957246006355662115049473098  -0.598309568746175559474544126388
  41  -0.011852803700233168220063951846  -0.594392694204079714174678930251
  42  -0.296375385635778291041055852339  -0.578083506272777394459776717315
  43   0.749686954212740883186193935118  -0.577195111814725522696447052866
  44   0.173072309124560465744370708683  -0.569676631601842420539548414092
  45  -0.579840351097542259350847986871  -0.563124655532191552590134001573
  46   0.643260789351959573153269398947  -0.560575891988494604886857305420
  47  -0.111450272810984657076621191811  -0.553367443670540100824646201155
  48   0.357997421949354099708805369212  -0.544960568999605126904417897933
  49  -0.395972854746529779897613092305  -0.537058255739237781109743988219
  50   0.073474840013808976887813468717  -0.528651381068302807189515684996
  51  -0.787114442672506534598204363407  -0.525010076623238887946579725157
  52   0.542471334895994427463509274291  -0.522485190058398858307319466620
  53  -0.679437820208293748207405226836  -0.522099404998651939240101272477
  54  -0.211047741921736145933178431776  -0.512342193137000487474613472060
  55   0.258399952838602610852248129246  -0.503935318466065513554385168837
  56  -0.495570323857281268754170332270  -0.496033005205698167759711259123
  57  -0.026122629096942511968743771248  -0.487626130534763193839482955901
  58   0.443644185990111673208985383889  -0.479635544361618309386804895819
  59  -0.310645211032487634789735671741  -0.471316942603460874124580742964
  60   0.734932692695140981415599932964  -0.470494414527045814010794339292
  61   0.158802483727851121995690889281  -0.462910067932525900204352439742
  62  -0.595167792968032757610727572235  -0.455007754672158554409678530027
  63   0.628506527834359671382675396794  -0.453875194700814896201204591845
  64  -0.125720098207694000825301011213  -0.446600880001223580489450226805
  65   0.838011233423689523681583572530  -0.439228754836584321115905093947
  66   0.343727596552644755960125549809  -0.438194005330288606569221923582
  67  -0.410242680143239123646292911707  -0.430291692069921260774548013868
  68   0.059205014617099633139133649315  -0.421884817398986286854319710646
  69  -0.802391295816418986028297646273  -0.418382946901830173910861826553
  70  -0.694765262078784246467284812200  -0.413982504138618941059645800931
  71   0.528651589171033114943067870208  -0.413480662160505922794854021920
  72  -0.225317567318445489681858251178  -0.405575629467683967139417497709
  73   0.244130127441893267103568309844  -0.397168754796748993219189194487
  74  -0.509840149253990612502850151672  -0.389266441536381647424515284772
  75  -0.040392454493651855717423590650  -0.380859566865446673504286981550
  76   0.429055240266686901068002970372  -0.372452692194511699584058678328
  77   0.759395107501396491130552956051  -0.365592949825863111642906759971
  78  -0.324915036429196978538415491144  -0.364550378934144353789384768613
  79   0.144532658331141778247011069878  -0.356143504263209379869156465391
  80  -0.609437618364742101359407391637  -0.348241191002842034074482555676
  81   0.621991384374589116925864775752  -0.346356452426244932424245421087
  82  -0.881071472320012407761682944474  -0.344815584165558494128837017059
  83   0.882504427932472404987568065444  -0.341131442554287808872566264736
  84  -0.139989923604403344573980830615  -0.339834316331907060154254252454
  85   0.329457771155935412211445730407  -0.331427441660972086234025949232
  86  -0.424512505539948467394972731109  -0.323525128400604740439352039517
  87   0.044935189220390289390453829913  -0.315118253729669766519123736295
  88  -0.711718887493642807918091395292  -0.307601102234213962246238786228
  89   0.514383596609790002869416921715  -0.306712303991232229165565368927
  90  -0.239587392715154833430538070580  -0.298809065798367446804221523358
  91   0.229860302045183923354888490442  -0.290402191127432472883993220136
  92  -0.524109974650699956251529971074  -0.282499877867065127089319310421
  93   0.702118243959572234059523071908  -0.274367471271798882935506251337
  94  -0.054662279890361199466103410052  -0.274093003196130153169091007199
  95   0.414785414869977557319323150970  -0.265686128525195179248862703977
  96  -0.810983822628324916396625208823  -0.263020422968198612680929734093
  97   0.809150687742270502546115375203  -0.262252067336711779546843171147
  98  -0.339184861825906322287095310546  -0.257783815264827833454188794262
  99   0.130262832934432434498331250476  -0.249376940593892859533960491040
 100  -0.623707443761451445108087211039  -0.241474627333525513739286581325
 101   0.599710527694771191283757811498  -0.240970065922957885613732187818
 102  -0.915736868918724705375399560354  -0.237930059728736568029461589970
 103   0.916716740788073340418574647348  -0.233364021335563799901429738266
 104  -0.154259749001112688322660650017  -0.233067752662590539819058278103
 105   0.315187945759226068462765911005  -0.224660877991655565898829974881
 106  -0.438782330936657811143652550511  -0.216758564731288220104156065166
 107   0.030665363823680945641774010511  -0.208351690060353246183927761944
 108  -0.723304912872202933964644451005  -0.200449376799985900389253852230
 109   0.500113058584019702427200571533  -0.199944815389418272263699458722
 110  -0.253857218111864177179217889983  -0.192042502129050926469025549007
 111   0.215590476648474579606208671039  -0.183635627458115952548797245785
 112  -0.538379800047409300000209790476  -0.175733314197748606754123336071
 113   0.727308165380370542330704719112  -0.169638321110915805918396512593
 114  -0.068932105287070543214783229454  -0.167326439526813632833895032848
 115  -0.841631453817971457577146818690  -0.159756442137174120197318783876
 116   0.400515589473268213570643331568  -0.158919564855878658913666729626
 117   0.834340609163068810817297022408  -0.157522917175828702529733432403
 118  -0.353454687222615666035775129948  -0.151017251595511313118992819912
 119   0.115993007537723090749651431074  -0.142610376924576339198764516689
 120  -0.637977269158160788856767030441  -0.134708063664208993404090606975
 121   0.585440702298061847535077992096  -0.134203502253641365278536213467
 122   0.937599102890718381352928539971  -0.126856803830578320154697323326
 123  -0.168529574397822032071340469419  -0.126301188993274019483862303752
 124   0.300918120362516724714086091602  -0.117894314322339045563634000530
 125  -0.939227785853519895119473696173  -0.114174833918356620118913297199
 126  -0.453052156333367154892332369913  -0.109992001061971699768960090816
 127   0.016395538426971601893094191109  -0.101585126391036725848731787593
 128  -0.752525710199721683146888720686  -0.096768759903674474384374556450
 129   0.485843233187310358678520752131  -0.093178251720101751928503484371
 130  -0.268127043508573520927897709385  -0.085275938459734406133829574657
 131   0.201320651251765235857528851637  -0.076869063788799432213601271434
 132   0.675543322972561490160321347807  -0.075176010504507903863498581620
 133  -0.552649625444118643748889609878  -0.068966750528432086418927361720
 134  -0.083201930683779886963463048856  -0.060559875857497112498699058498
 135   0.859551714354763607146793909973  -0.052618456749541389344228072174
 136  -0.850954789172900163590973212395  -0.052444735168799389578433456538
 137   0.386245764076558869821963512166  -0.052153001186562138578470755275
 138  -0.367724512619325009784454949350  -0.044250687926194792783796845561
 139   0.101723182141013747000971611672  -0.035843813255259818863568542339
 140  -0.652949579663518757184188912205  -0.028037744677445216513171566687
 141   0.571170876901352503786398172694  -0.027436938584324844943340239116
 142  -0.182799399794531375820020288822  -0.019534625323957499148666329402
 143   0.286648294965807380965406272200  -0.011127750653022525228438026179
 144   0.760870966686603635268198768371  -0.009434697368730996878335336365
 145  -0.467321981730076498641012189315  -0.003225437392655179433764116465
 146  -0.946001142776531023122118036332  -0.000996137393088684547088162303
 147   0.002125713030262258144414371707   0.005181437278279794486464186757
 148  -0.753363848634355556124427307951   0.010945605907451026915557403156
 149   0.946071573869179075424947125748   0.011545715061622825728360072134
 150   0.471573407790601014929840932729   0.013588311949214768406692489980
 151  -0.282396868905282864676577528787   0.021490625209582114201366399694
 152   0.187050825855055892108849032235   0.029897499880517088121594702916
 153   0.661273497575852146411641528405   0.031590553164808616471697392731
 154  -0.566919450840827987497569429281   0.037799813140884433916268612631
 155  -0.097471756080489230712142868259   0.046206687811819407836496915853
 156   0.371975938679849526073283692763   0.054613562482754381756725219075
 157   0.847390826201019103546351984146   0.054729474442433218194252807943
 158  -0.851554601807148775981611923275   0.055269550139188357561041218359
 159  -0.381994338016034353533134768752   0.062515875743121727551399128790
 160   0.087453356744304403252291792270   0.070922750414056701471627432012
 161  -0.666518964674538502601089470045   0.078820099325835618732937577269
 162   0.556901051504643160037718353292   0.079329625084991675391855735235
 163  -0.197069225191240719568700108224   0.087231938345359021186529644949
 164   0.272378469569098037216726452798   0.095638813016293995106757948171
 165   0.746601141289894291519518948968   0.097331866300585523456860637986
 166  -0.481591807126785842389692008717   0.103541126276661340901431857886
 167  -0.012144112366447085604265447695   0.111948000947596314821660161108
 168  -0.938677729100035725750348567973   0.118612171850909497607319133349
 169   0.457303582393891671181161113327   0.120354875618531288741888464330
 170  -0.765841243422486184508613041358   0.120507171409657595341126448490
 171   0.938261306467509358349631358172   0.121297013299246655497225501582
 172  -0.296666694301992208425257348189   0.128257188878898634536562374045
 173   0.172781000458346548360169212833   0.136664063549833608456790677267
 174   0.647003672179142802662961709003   0.138357116834125136806893367082
 175  -0.581194597815424346488700442620   0.144565665475016950806101172780
 176  -0.111741581477198574460822687661   0.152973251481135928171692890204
 177   0.357706113283140182324603873361   0.161380126152070902091921193426
 178   0.833121000804309759797672164744   0.161496038111749738529448782294
 179  -0.396264163412743697281814588154   0.169282439412438247886595103141
 180   0.073183531347595059503611972868   0.177689314083373221806823406363
 181  -0.852964370715373134277349686057   0.183849793121378735387404363480
 182   0.542631226107933816289038533890   0.186096188754308195727051709585
 183  -0.685611431158599107533401692311   0.192381396683452540634765094285
 184  -0.211339050587950063317379927626   0.193998502014675541521725619300
 185   0.258108644172388693468046633396   0.202405376685610515441953922522
 186   0.732331315893184947770839129566   0.204098429969902043792056612337
 187  -0.495861632523495186138371828120   0.210307689945977861236627832237
 188  -0.026413937763156429352945267098   0.218714564616912835156856135459
 189   0.443033756997182327432481293924   0.227121439287847809077084438681
 190   0.918448644518351904905549585307   0.227237351247526645514612027549
 191  -0.310936519698701552173937167591   0.235023752548215154871758348396
 192   0.158511175061637204611489393431   0.243430627219150128791986651618
 193   0.632733846782433458914281889601   0.245123680503441657142089341432
 194  -0.595459101634246674994929068085   0.251332940479517474586660561332
 195  -0.126011406873907918209502507063   0.259739815150452448506888864555
 196   0.343436287886430838575924053959   0.268146689821387422427117167777
 197   0.818851175407600416048992345342   0.268262601781066258864644756645
 198  -0.796518883308674790378724885553   0.275592007973795765781808374806
 199  -0.410533988809453041030494407556   0.276049003081754768221791077491
 200  -0.904192715673667145469351029027   0.278604126570782630516074729980
 201   0.058913705950885715754932153466   0.284455877752689742142019380714
 202   0.536044978021392605967980870846   0.293797264707326209846896588083
 203  -0.691588800916126044744041571528   0.299931376159920092688554164371
 204  -0.225608875984659407066059747028   0.300765065683992061856921593650
 205   0.243838818775679349719366813994   0.309171940354927035777149896873
 206  -0.510131457920204529887051647522   0.317074253615294381571823806587
 207  -0.040683763159865773101625086500   0.325481128286229355492052109810
 208   0.428763931600472983683801474522   0.333888002957164329412280413032
 209  -0.325206345095410895922616986993   0.341790316217531675206954322746
 210   0.660496314685057341057882621273   0.349200442609891567590822445013
 211   0.144241349664927860862809574029   0.350197190888466649127182625969
 212   0.874866678972554650730160959188   0.360267984204984201752625828194
 213   0.767210521113834240954852736616   0.363856676126152840205288086658
 214  -0.140281232270617261958182326465   0.366506378819768968842084838905
 215   0.329166462489721494827244234557   0.374913253490703942762313142128
 216  -0.866666006755222310078958140498   0.379571810273822496533819404347
 217  -0.424803814206162384779174226959   0.382815566751071288556987051842
 218  -0.759037677902421640978566531432   0.383915755825988672789226478783
 219  -0.624586460927582027952244879693   0.384272430639137653998712969778
 220   0.044643880554176372006252334063   0.391222441422006262477215355064
 221   0.514091575314515128791678895085   0.399629316092941236397443658287
 222  -0.239878701381368750814739566430   0.407531629353308582192117568001
 223   0.229568993378970005970686994592   0.415938504024243556112345871224
 224  -0.524401283316913873635731466924   0.423840817284610901907019780938
 225  -0.054953588556575116850304905902   0.432247691955545875827248084160
 226   0.414494106203763639935121655120   0.440654566626480849747476387383
 227   0.611683083940496472560302612579   0.445221250453218145687494882930
 228  -0.339476170492120239671296806395   0.448556879886848195542150297097
 229   0.129971524268218517114129754627   0.456963754557783169462378600319
 230   0.718397290369273372457272727922   0.459877483969479418301960524575
 231   0.826322079476892293237938144443   0.460726607333858611376500278414
 232  -0.692035337913877624186769839596   0.468256810305206234099385284191
 233  -0.154551057667326605706862145867   0.473272942489085489177280813256
 234  -0.817056848717327533338648070593   0.476937594544491572676555113980
 235   0.314896637093012151078564415155   0.481679817160020463097509116478
 236  -0.439073639602871728527854046361   0.489582130420387808892183026193
 237   0.030374055157467028257572514661   0.497989005091322782812411329415
 238   0.515821578055482330161362878833   0.508113494298457825378602471868
 239  -0.254148526778078094563419385832   0.514298193022625102527313542352
 240   0.215299167982260662222007175190   0.522705067693560076447541845574
 241  -0.549120024718152445343562609508   0.528682177720964852677918350427
 242  -0.069223413953284460598984725304   0.539014255624862396162444058511
 243   0.400224280807054296186441835736   0.547421130295797370082672361736
 244   0.638718660441858409954706347345   0.549489196811846479051094085286
 245  -0.353745995888829583419976625798   0.555323443556164715877346271448
 246   0.764720618307944277324012324253   0.557123956004680473579826854879
 247   0.115701698871509173365449935224   0.563730318227099689797574574670
 248  -0.757520569063520287505667902085   0.566815365073784818936258892105
 249  -0.649677414132849609266294134113   0.567294850105918216156419559838
 250  -0.168820883064035949455541965269   0.580039506158402009512476787607
 251   0.300626811696302807329884595771   0.588446380829336983432705090832
 252  -0.463792381004110300235685188945   0.594423490856741759663081595682
 253   0.016104229760757684508892695263   0.604755568760639303147607303776
 254   0.486142544377210147468385587830   0.612388653102935547208200478946
 255  -0.268418352174787438312099205234   0.621064756691941622862509516703
 256   0.201029342585551318473327355805   0.629471631362876596782737819927
 257  -0.563389850114861789092242428910   0.635448741390281373013114324778
 258   0.696440390372271737840136084391   0.640433844419318220203842571835
 259   0.588819150240770877154891716500   0.644950005085704869581493282165
 260  -0.083493239349993804347664544706   0.645780819294178916497640032862
 261   0.385954455410344952437762016334   0.654187693965113890417868336086
 262  -0.378464737290068155127807768382   0.660164803992518666648244840937
 263   0.101431873474799829616770115840   0.670496881896416210132770549023
 264  -0.663947239529558953014973953515   0.674061413775234736491615534189
 265   0.286356986299593463581204776368   0.695212944498653503767901065182
 266  -0.179016950767479785067387256105   0.699837420593484615276542402521
 267  -0.478062206400819643984365008347   0.701190054526058279998277570033
 268   0.471872718980500803719705768427   0.719155216772252067543396453296
 269  -0.293137093576026010019930347819   0.725906117128295573633408086192
 270   0.186759517188841974724647536403   0.736238195032193117117933794278
 271  -0.581027441461817303931618382263   0.746628714541542986406023209687
 272   0.025441483685505065827623337743   0.746839449932066120429467579861
 273   0.574549324844061533406211897098   0.751716568755021389916689256515
 274  -0.082069131250286085892033667103   0.753487360185283279219065512263
 275   0.373574181322058868140362503303   0.763202061481250939611010629660
 276  -0.392734562686777498876487587784   0.766931367661835186983440815288
 277   0.273132211629574984805084603768   0.802113984575605172938634058033
 278  -0.492332031797528987733044827749   0.807956618195374800333473544383
 279   0.460869136625821049096674081322   0.826307669893823529049045404409
 280  -0.160549312658285118529735334981   0.827268036251407478657125642139
 281  -0.268210635422081560326291839827   0.830698286294252080019936072686
 282   0.173534742518823495948527363802   0.843139235109144786288666787129
 283   0.065876926336521840423259371514   0.846677829387179086591350079364
 284  -0.041633688599269311296397633332   0.853325739640396245380948011766
 285  -0.367808104532833049182849079792   0.871723536827791693369968801782
 286   0.360946939429114611779974172278   0.873642558633733114721090642930
 287   0.259228737044563524354678845814   0.909873997865132999431855684611
 288  -0.211409290361747255564741112556   0.922220601791313368992984653945
 289   0.122770346966136627260254768311   0.938142935977990600773428191506
 290  -0.105216906842537950929237902335   0.940273433068316800808017271053
 291   0.013561090232513016800620399483   0.945988157550537324699249011505
