   1   0.015083924909750932817103247597  -0.938671144881045064751565537291
   2   0.137094793830189643950842303937  -0.928728195182870871953961992841
   3  -0.147751991380120790069193236215  -0.927092439871118575234660015294
   4  -0.268505480611427024231135066467  -0.899350178157344472160544014029
   5   0.243249904081528643659872148837  -0.867764214415970808037477433404
   6   0.365626046655400254095247761433  -0.864666778030772948130896030337
   7  -0.384976568498790439270768221590  -0.856226654998471191592747227026
   8  -0.059863239687875785023585246677  -0.841880458850843028226727981761
   9   0.475027346938504444034935380163  -0.809740737942423538873770073076
  10  -0.177603355804354340394580037955  -0.808372557688594055818116749434
  11   0.146422818719460724244593826821  -0.792864081414034745105332169442
  12  -0.527480907048872069384402588004  -0.776591872042113303999992623367
  13  -0.294897056800282581161472048827  -0.773333977664587921568539887004
  14   0.029129980161871689207259393520  -0.757822614456667588299742933066
  15   0.357891418373004179434933399905  -0.742496037226134876069565510535
  16  -0.411723977008385954328205457232  -0.736769170840124224004959046222
  17   0.586588293448919490517697826302  -0.732124220412867516551391781827
  18  -0.088162858395717345830075039780  -0.722781147499300431494153696689
  19   0.236694537141157565847622743927  -0.710145089999195096884110497677
  20  -0.624045942598056997920911020371  -0.701354193364435121007257525030
  21  -0.205902974512195901201069831058  -0.689273246337051459085542464362
  22   0.467292718656108369374621018635  -0.687569997137785466812439553274
  23   0.118127602578624429842641242331  -0.673763724038566486059640635120
  24  -0.322730788017048115981182601984  -0.652711293775729330559340645490
  25   0.680576463489305893657879693149  -0.646642652759129693534055660591
  26   0.000834764021035394805306809031  -0.638722257081199329254051398744
  27   0.324413660985960939110820315829  -0.624747346601758202938244822801
  28  -0.440023630898499610862029987471  -0.617669841291449620340883118538
  29   0.563283624931716858620545259848  -0.611601185801762536728466424215
  30  -0.116458074536553640232027624269  -0.603680790123832172448462162368
  31  -0.679361007711784023593479094394  -0.592149074643355756742668724023
  32   0.207120822428371904073485882529  -0.589705879644391046132655586425
  33  -0.557316465132224708135933485655  -0.582628359860996581283590350972
  34   0.433814961269065129050507934559  -0.569821306513408793681118865540
  35  -0.233750913094142675269362057570  -0.568639323166465015642872925991
  36   0.089827983870782869036151449228  -0.554664412687023889327066350049
  37   0.733668450159439394498922678627  -0.536339636776613304533569194080
  38  -0.351043754730741266858254792642  -0.533597866515339247013586012383
  39  -0.779990921850219657252183220941  -0.522441580326661432939864155669
  40  -0.027464854686806166001182984072  -0.519622945729656732521477113672
  41   0.296114042278119378304330522726  -0.505648035250215606205670537730
  42   0.616375611601850359461588245326  -0.501298169819246147727979957703
  43  -0.468336590209320334302795741093  -0.498556389251731137206820268074
  44  -0.144757693244395201038517417372  -0.484581478772289575715887877296
  45   0.178821203720530343266996089426  -0.470606568292848449400081301353
  46   0.499082773044261324424253812026  -0.466256702861878990922390721327
  47  -0.588661084367270742904575988223  -0.464217330274620524429010167925
  48   0.822661670009186868729767318824  -0.452281792382437864606584145384
  49  -0.262050531801984236075851850673  -0.449540011814922418910298640919
  50   0.061528365162941308229661656125  -0.435565101335481292594492064977
  51  -0.706439958067240907880935217608  -0.424585716373519372764071435341
  52   0.385107262127866852535175162924  -0.421590190856040166278685489034
  53   0.705368831451597833692432885524  -0.417240325425070707800994909008
  54  -0.841339384624074615219989344859  -0.416508202684362913960715355459
  55  -0.379343370359573271113186283973  -0.414498544857555262104709404543
  56  -0.055764473394647726807672777175  -0.400523634378114135788902828600
  57   0.267814423570277817497840729623  -0.386548723898673009473096252658
  58   0.588075992894008798655098452224  -0.382198858467703550995405672632
  59  -0.496636208917162401753124092888  -0.379457077900188425305720835430
  60  -0.173057311952236761845007210475  -0.365482167420746978983313592224
  61   0.150521585012688782460506296323  -0.351507256941305852667507016281
  62  -0.613929047474751341187855150573  -0.344415610942820948493530931791
  63   0.474100481977614326766019803121  -0.337532346461864726351700440339
  64   0.794362051301345307923277525721  -0.333182481030895267874009860313
  65  -0.290350150509825796882341643775  -0.330440700463379822177724355847
  66  -0.767788420841095865848741341526  -0.318652338731220853784922635132
  67   0.033228746455099747423171863023  -0.316465789983938695861917779905
  68   0.356807643420025291728685369821  -0.302490879504497569546111203962
  69   0.677069212743756272885943092421  -0.298141014073528111068420623936
  70  -0.407642989067414831919676077076  -0.295399233506012665372135119471
  71  -0.890364070774117260304210382171  -0.295187187548768681631686156736
  72  -0.084064092102489287614162570278  -0.281424323026571539056328543528
  73   0.899155834791476267228710386953  -0.269907072496106215363916018213
  74   0.239514804862436256691350936520  -0.267449412547130412740521967586
  75  -0.524935827625003866957010510376  -0.260357766548645508566545883095
  76   0.563093701827361800996864443318  -0.253474502067689286424715391643
  77  -0.201356930660078322651497003578  -0.246382856069204382250739307152
  78  -0.675277510248606299155661274491  -0.238482233300522429514382131581
  79   0.122221966304847221654016503220  -0.232407945589763255934932731209
  80   0.445800863269772765959530010018  -0.218433035110322129619126155267
  81   0.766062432593503747116787732619  -0.214083169679352671141435575241
  82  -0.318649769217667357688831436878  -0.211341389111837225445150070776
  83  -0.806443379327200271769308807634  -0.202500246335696423154643527836
  84   0.004929127747258186616682069920  -0.197366478632396099129343494833
  85   0.328508024712183730922195576718  -0.183391568152954972813536918890
  86  -0.435942607775256392726165870179  -0.176299922154470068639560834399
  87   0.652086921677109275227709083516  -0.169416657673513846497730342948
  88  -0.923736217884789306806643240934  -0.167458779378329266349054291459
  89  -0.112363710810330848420652363381  -0.162325011675028942323754258457
  90   0.870856216083634706422220593850  -0.150807761144563618631341733141
  91   0.211215186154594695884861143418  -0.148350101195587816007947682514
  92  -0.553235446332845427763500303479  -0.141258455197102911833971598023
  93   0.534794083119520240190374650216  -0.134375190716146689692141106572
  94  -0.229656549367919883457986796681  -0.127283544717661785518165022080
  95  -0.673035005392883334965523135128  -0.116087439475813699712719440175
  96   0.093922347597005660847526710117  -0.113308634238220659202358446138
  97   0.417501244561931205153040216915  -0.099333723758779532886551870195
  98  -0.346949387925508918495321229981  -0.092242077760294628712575785704
  99   0.749551169756621558898794746134  -0.087355029433654352626199744869
 100  -0.790357785281646360484114645067  -0.081146350445937120194159413123
 101  -0.023370490960583374189807723183  -0.078267167280853502396769209761
 102   0.300208406004342170115705783615  -0.064292256801412376080962633819
 103  -0.464242226483097953532655663281  -0.057200610802927471906986549327
 104   0.623787302969267714421219290413  -0.050317346321971249765156057876
 105   0.937556230516942889334065541507  -0.048159709735794151574437068944
 106  -0.907650623839235395521449078368  -0.046104883488569963388570176746
 107  -0.140663329518172409227142156483  -0.043225700323486345591179973385
 108   0.182915567446753135078371350315  -0.029250789844045219275373397442
 109  -0.581535065040686988569990096582  -0.022159143845560315101397312951
 110   0.506494464411678679383884857113  -0.015275879364604092959566821500
 111  -0.257956168075761444264476589784  -0.008184233366119188785590737008
 112  -0.701334624100724895772012928231   0.003011871875728897019854844897
 113   0.065622728889164100041036917014   0.005790677113321937530215838934
 114   0.389201625854089644346550423812   0.019765587592763063846022414877
 115   0.837678620432754104246188512075   0.022621484004433555872732054896
 116  -0.375249006633350479301811023084   0.026857233591247968019998499368
 117   0.715532022015657356928417350561   0.030728448822008483148616892575
 118  -0.818657403989487921290604438170   0.037952960905605476538414871949
 119  -0.051670109668424934996297516286   0.040832144070689094335805075311
 120   0.271908787296500609309215990512   0.054807054550130220651611651253
 121  -0.492541845190939514339145456384   0.061898700548615124825587735744
 122   0.599524215765467309720379802440   0.069814293733424512424608408598
 123  -0.935950242547076956327938871470   0.072994427862972633344004108326
 124  -0.168962948226013970033631949586   0.075873611028056251141394311687
 125   0.154615948738911574271881557212   0.089848521507497377457200887630
 126  -0.609834683748528549376479889685   0.096940167505982281631176972121
 127   0.933590559722625529001742856897   0.098689968182027875734271651703
 128   0.482185418199991924762140905000   0.104701554579029562065709916284
 129  -0.286255786783603005070966382886   0.110915077985423407946983548063
 130  -0.729634242808566456578502721334   0.122111183227271493752429129969
 131   0.037323110181322539234547123912   0.124889988464864534262790124006
 132   0.364892579642402889724806471700   0.139743021536396718871299152660
 133   0.819757350352518513405725175221   0.143717902044490182110646093600
 134  -0.403548625341192040108300816187   0.145956544942790564752572784440
 135   0.697632888962545072958798319017   0.152419989675888627348113748171
 136  -0.846957022697329482097094231273   0.157052272257148073270989157021
 137  -0.079969728376266495802787309389   0.159931455422231691068379360382
 138   0.247599741084813854687472038400   0.174784488493763875676888389036
 139  -0.520841463898781075145635249487   0.180998011900157721558162020816
 140   0.574827413192288400629530802612   0.189712510259285825613238578935
 141  -0.197262566933855530840121742689   0.194972922379598847873968596759
 142   0.130306902527224819650137605100   0.209825955451131032482477625413
 143  -0.638134302247402013920915586520   0.216039479556995050143635493465
 144   0.453905838891604365783825354668   0.223805629281760890522671920769
 145   0.910382169369210017816670002247   0.227951575041132420003423369116
 146  -0.314555405491444565877456175989   0.230014389336966004679557833135
 147  -0.757933861451147045433905651154   0.241210494594320986364676787598
 148   0.013014063969635784612803171799   0.244867422408498189288066861789
 149   0.336592960934561328918316678597   0.258842332887939315603873437732
 150   0.788567618191415449481735214361   0.262093216156595297525417670311
 151  -0.431845725457794712156799799977   0.265064285565230411794754944770
 152  -0.899896042932896468214558632428   0.267428784794549473345133670468
 153   0.666467773627122722034617480982   0.270876287418770903352816671161
 154  -0.104278774587953250424531261501   0.279908889365865346093656098166
 155   0.219300122376972293880982245297   0.293883799845306472409462674108
 156  -0.549141081896379649870253086443   0.300097323420463724237267581048
 157   0.542887665326367531772336644472   0.307887663695540362997009693149
 158  -0.221571613145542285461865694801   0.314950356323232502899245334542
 159   0.102007283819383258843647811997   0.328925266802673629215051910485
 160  -0.676713088958281682840732392579   0.334407689828440103985252491180
 161   0.425586180784308803149161318795   0.342900177282114755530858486427
 162  -0.338864451703131320499200128102   0.349991823280599659704834570919
 163  -0.810958737851936016072265213772   0.351545787525014527847133984637
 164   0.869525725586594964327239972672   0.353915322592962129770551806358
 165  -0.015285554738205776193686621304   0.363966733760040786020641146861
 166   0.735124058745562213986949094107   0.372226318978491905976551194479
 167   0.308293342226719768111826885494   0.377941644239481912336447722804
 168  -0.456154654944913811371767078919   0.385042110111412547651465856822
 169  -0.132578393295794811231021054604   0.399008200717407942826230383238
 170   0.617219679279530241700026699751   0.405151562882688538379396287722
 171   0.191000503669130733074492452194   0.412983111196849069142036959180
 172  -0.573450128041467742462269503144   0.420074757377591166363950555562
 173  -0.249871231853383846268355487904   0.434049667674775099631819619614
 174   0.499918194737471513076851374074   0.440164076469262930913245081000
 175   0.073707665111541698037158018894   0.448024578154216225947626195557
 176  -0.688564328332580119544935348826   0.461718907924319363622397092666
 177   0.816082166140741728832453852418   0.464048425414858738221685330526
 178  -0.367841069888993482678067737107   0.469813715487219987797971335071
 179  -0.810366124994896408316156985004   0.473959688669543741174993405943
 180   0.382625356179882478039516940773   0.475205543426630087718834317377
 181  -0.043585173446047337000176414406   0.483066045111583382753215431933
 182   0.265332517622293443002182507473   0.510247010383997244524423553753
 183  -0.160878012003636372037510847707   0.518107512068950539558804668309
 184  -0.504874472776408434307316061288   0.521495976027346778008728424502
 185   0.588890663224822109849694517402   0.524243885191026233349422071763
 186   0.711268088744225593558456327559   0.527290211940367524368480114942
 187  -0.278170850561225407074845281007   0.553148979026317696364393904686
 188   0.471597824667233074812360084102   0.559285352148393390155011308139
 189  -0.620003649519154809625959123823   0.563133639122815537168653898480
 190   0.045408046403700137230668225791   0.567123889505758822680200480628
 191  -0.741805446181471098397180760001   0.575374419868039914721250211757
 192   0.166803395296510203043473527327   0.582893596244116933939164881092
 193  -0.401739520616068579855480296913   0.587442771466088285757989663892
 194   0.354304986109644039775025650801   0.594326819105760546960600544516
 195  -0.071884792153888897806666207509   0.602165356463125979485789717005
 196  -0.189177630711477932844000640810   0.637206823420493136291378953381
 197  -0.527728319974498108444537635920   0.643574784942886408456039022267
 198   0.558810320660850352345662967007   0.645189338819468147711240604711
 199   0.681223222363607024405817559005   0.645961271544601594474582389274
 200   0.255821707359445427626583227001   0.667035540659860078367809058851
 201  -0.306470469269066967881335074110   0.672248290377860293096968189758
 202   0.441517482103261317308328533707   0.680230805776835304516829841087
 203  -0.643836212858646186433141779240   0.683222276774654296783743815013
 204   0.017108427695858576424178432688   0.686223200857301419412774765700
 205   0.138503776588668642236983734224   0.701992907595659530671739166164
 206  -0.423578067406915506824236474738   0.707903932873895513265478858805
 207  -0.100184410861730458613156000612   0.721264667814668576218364002077
 208   0.343034203353062705159886109907   0.752939527330934835924038355422
 209  -0.217477249419319493650490433912   0.756306134772035733023953238453
 210  -0.544359991788577035843506594567   0.764855046634926271285031817609
 211   0.542099658540334001432601768236   0.766458742029489921387825725934
 212   0.231251142835420416054241915532   0.802840046012908682718661069071
 213  -0.011191191011982984382311360415   0.805322512208844016145349050772
 214   0.110204157880827081430493941122   0.821092218947202127404313451236
 215  -0.317825655046934936303314702813   0.826418272604343033524017024055
 216  -0.440209739220994434223205433385   0.829184194565935376094471654146
 217   0.437759950998980602223806319194   0.830480143245065794508609805714
 218  -0.128484029569572019419645793715   0.840363979166211172950938287148
 219   0.325976890481338313118162124819   0.880380661927039641303232519363
 220  -0.228832435197187462072470062615   0.910476116998518473451002072751
 221   0.192143816093244999817973200100   0.918861607564047066535744878845
 222   0.068742178158115483382864034277   0.936272159131655911337383042678
 223  -0.053669195891428156834671632587   0.937256987402784002421421098029
