   1  -0.008631093457684505743435945144  -0.941768295368692051370730091853
   2   0.111451286856437976130215549152  -0.935190156382097113356706523284
   3  -0.221068419891502534214663387235  -0.915494823394759346506173626224
   4   0.248394744327913339576387522509  -0.908422548671851578838309575112
   5  -0.109238014988259303941003109431  -0.883257145156425192051009977673
   6   0.359580430962499591776491871703  -0.870461907038297881834992788470
   7  -0.400045068453465650702278190348  -0.852622988865529745437330906622
   8   0.045959578763884433690505341546  -0.838981302682754827349284342052
   9   0.162024744182772091987480585570  -0.830368246587039700592200318446
  10  -0.288203171090084004509196162340  -0.820425203954444687858715623134
  11   0.464197050734242645411728834353  -0.819465140213760549996277463637
  12  -0.502152482820204156722611039320  -0.796771549400097397735417228054
  13   0.272376727860329974776730760351  -0.793385182118966078740373390304
  14  -0.176372766186840774235535884536  -0.788187525716110533403551974584
  15  -0.060640912218349576585855543499  -0.775516677227497142237711774019
  16   0.376993347632073028411967723001  -0.742388415294428746901658065471
  17  -0.376379044359000187761080848178  -0.738670250142048986804655587459
  18  -0.596591583492771502052105270215  -0.728752701841656795950237994001
  19   0.043046769785480855043352226457  -0.722633449660548085246130673636
  20   0.162776909838250202575075585891  -0.712876342633529219317617038692
  21   0.618481384681970843884128484031  -0.710269522602370486507837303997
  22   0.502100134319899449200558239538  -0.709425767197914968063737379923
  23  -0.264537146995618541567998820171  -0.706472465230963929226040303971
  24  -0.478486458725738693781413697151  -0.682818810676616639102741908891
  25   0.273832108513902318154676260525  -0.677009973306371897555463356130
  26  -0.152706742092375311294338542367  -0.674234786992629774770876655421
  27  -0.681920201660440222850830461950  -0.649605154307839384885027713327
  28  -0.040876337189132081020678264563  -0.641997108754295620315713006870
  29   0.701363161836423097138098534974  -0.628563229241691056007834122053
  30   0.378448728285645371789913223175  -0.626013206481834565716748031297
  31  -0.348382490220804719477031224702  -0.625703439461173423582965968830
  32  -0.571491478196389347944424114178  -0.612851863392305429527506652986
  33   0.074495527771697476620533511342  -0.610578628344613324186083897617
  34   0.189998257748854556165065606198  -0.596280840863830488788937386051
  35   0.490419943806576490787245690468  -0.593629046568209001433789480293
  36  -0.236540592857423073283949196694  -0.593505654550088366004350685342
  37  -0.450489904587543225497364073674  -0.569851999995741075881052290262
  38   0.603407126118756178968009961776  -0.565714820944417098654739293222
  39  -0.124710187954179843010288918890  -0.561267976311754211549187036792
  40  -0.756835293659012968173054396767  -0.560537560033226393839059861121
  41   0.294614877520597609800302568848  -0.545284074039293156950222061219
  42   0.773534501578932652991485214659  -0.537258217994810681134951654527
  43  -0.012879783050936612736628641087  -0.529030298073420057094023388241
  44  -0.646406570194962093266648048995  -0.523784269117692438481538800780
  45   0.406445282423840840073962846651  -0.513046395800959002495058412668
  46  -0.322365670240830580130083122003  -0.512264326113301608267646482488
  47   0.098950621852306617537031636717  -0.496792619835085902638859739691
  48  -0.535064313168491478696788072116  -0.489899033995695039388844939809
  49   0.518416497944771959071295313944  -0.480662235887333438212099861664
  50  -0.208544038719227604999899573217  -0.480538843869212802782661066713
  51   0.210781026755549847810691914521  -0.464554941596751748183696091140
  52  -0.820192839603043034471678830874  -0.462910060162688838795887442640
  53  -0.423911341815192720938672158995  -0.455397956934906969609441887084
  54   0.631403680256951647252059585253  -0.452748010263541535433049674593
  55  -0.096713633815984374726239295414  -0.448301165630878648327497418163
  56   0.322611431658793078084352192324  -0.432317263358417593728532442590
  57  -0.708708471692972582897262524284  -0.425479740082892168299874853534
  58   0.744332123815039558202443030608  -0.424597095632406652204181498350
  59   0.015116771087258855547420982390  -0.416063487392544493872333769612
  60   0.434441836562036308358012470128  -0.400079585120083439273368794039
  61  -0.292377889484275366989510227544  -0.399809711426671394016135096635
  62   0.856171958192097496450102834330  -0.392392145616392957955100076516
  63  -0.597366214666501968327402547404  -0.391594504960894769207180992562
  64   0.126947175990502085821081260194  -0.383825809154210339417170121062
  65   0.546413052082967427355344937421  -0.367695425206457874990410243035
  66  -0.180547484581032136715849949741  -0.367572033188337239560971448084
  67  -0.486213243313203210569286634283  -0.357093427900106699427777939838
  68   0.238777580893745316094741537997  -0.351588130915876184962006472511
  69  -0.796418636170217184489980923496  -0.348979842001937901866054926480
  70   0.659400234395147115536109208730  -0.339781199582665972211360055964
  71  -0.068717079677788906442189671937  -0.335334354950003085105807799534
  72   0.350607985796988546368401815801  -0.319350452677542030506842823961
  73  -0.376211740249323128979120881871  -0.319080578984129985249609126556
  74  -0.682372423474927499570842602410  -0.312100783051299614968847053824
  75   0.772328677953235026486492654085  -0.311630284951531088982491879721
  76   0.043113325225454323831470605867  -0.303096676711668930650644150983
  77  -0.896296152475292722506761770112  -0.289232129947407637371238998216
  78   0.462438390700231776642062093604  -0.287112774439207876051679175410
  79  -0.264381335346079898705460604068  -0.286842900745795830794445478006
  80   0.898032084339177306010938233019  -0.283796394327623578727368092435
  81  -0.571219452121628741812726689289  -0.277599705990511545189444001100
  82   0.154943730128697554105130883670  -0.270858998473334776195480502433
  83   0.578732214721882965079578748356  -0.255888542210190524941112121556
  84  -0.152550930442836668431800326264  -0.254605222507461676339281829455
  85  -0.461217949057748660222560936877  -0.239586857074534831011275187818
  86   0.266774135031940784378791161474  -0.238621320235000621740316853882
  87  -0.770092400132703251966544546279  -0.235612136480838138591797492533
  88   0.691035351393372262108265299975  -0.225107007615956032012723328555
  89  -0.040720525539593438158140048460  -0.222367544269127521884118180905
  90   0.378604539935184014652451439277  -0.206383641996666467285153205332
  91  -0.348215186111127660695071258395  -0.206113768303254422027919507927
  92   0.814218665903900042782908766002  -0.203046049131984839436226085060
  93  -0.656673860925043351837665606294  -0.198587989295577074036007162896
  94   0.071109879363649792115520229343  -0.190129866030793367428954532354
  95  -0.869969916437778789983325392895  -0.175864424426307874096981564269
  96   0.490434944838427244926111717081  -0.174145963758332312829989556781
  97  -0.236384781207884430421410980591  -0.173876090064920267572755859377
  98   0.926184806605258106153980145082  -0.170824897814332421189985816459
  99   0.182940284266893022389180507147  -0.157892187792459212973790883804
 100  -0.543871533945760515290970310273  -0.157649733228369048406867066413
 101   0.602265349741670475199771994885  -0.141908285519998158374825908230
 102  -0.124554376304641200147750702787  -0.141638411826586113117592210826
 103   0.294770689170136252662840784950  -0.125654509554125058518627235253
 104  -0.432049036876175422684681912722  -0.125384635860713013261393537849
 105  -0.744394681516984147494782663861  -0.122100310590453418621462390699
 106   0.714095754644913705473432272688  -0.109670607281664003919662259680
 107  -0.012723971401397969874090424984  -0.109400733588251958662428562276
 108   0.406601094073379482936501062754  -0.093416831315790904063463586702
 109  -0.320218631972932192411021634918  -0.093146957622378858806229889298
 110   0.828353366346887883936607790607  -0.087523247908985185415689346883
 111  -0.634293998385874626643464220654  -0.084375690869577418419493947698
 112  -0.938264089768416438516075212581  -0.081624235291806916305955188209
 113   0.099106433501845260399569852820  -0.077163055349917804207264913725
 114   0.518431498976622713210161340558  -0.061179153077456749608299938152
 115  -0.208388227069688962137361357114  -0.060909279384044704351066240748
 116   0.940183771250131114210268068411  -0.055285569670651030960525698333
 117   0.210936838405088490673230130623  -0.044925377111583649752101265175
 118  -0.515882887641223184674292567049  -0.044655503418171604494867567770
 119  -0.828831836507154228163935396510  -0.042002406646669178819508657145
 120   0.630261903879865943483821618361  -0.028941474839122595153136289601
 121  -0.096557822166445731863701079311  -0.028671601145710549895902592197
 122   0.322767243308331720946890408427  -0.012687698873249495296937616624
 123  -0.404052482737979954400632289245  -0.012417825179837450039703919220
 124  -0.718638788667827086393270781954  -0.004111430887406696524786710432
 125   0.742092308783109173757481896165   0.003296203399211559302027358949
 126   0.015272582736797498409959198493   0.003566077092623604559261056353
 127   0.434597648211574951220550686231   0.019549979365084659158226031927
 128  -0.292222077834736724126972011441   0.019819853058496704415459729331
 129   0.856349920485083352220657414084   0.025443562771890377806000271746
 130  -0.606322531291749324120897997675   0.028597334174562903724160198979
 131  -0.941167504752052115982415800599   0.034723852532851770133523926974
 132   0.127102987640040728683619476296   0.035803755330957759014424704904
 133   0.546428053114818181494210964034   0.051787657603418813613389680477
 134  -0.180391672931493493853311733638   0.052057531296830858870623377881
 135   0.238933392543283958957279754100   0.068041433569291913469588353455
 136  -0.494789685590709044683986462505   0.069801406317666874116722969723
 137  -0.831735251490789905630275984528   0.074345681177989507619970458038
 138   0.658258458018061411767871241838   0.084025335841752968068553329028
 139  -0.068561268028250263579651455834   0.084295209535165013325787026432
 140   0.350763797446527189230940031904   0.100279111807626067924752002005
 141  -0.376055928599784486116582665768   0.100548985501038113181985699409
 142   0.935242928696091261124558448924   0.111007577488589650370658279049
 143  -0.721859776975901051406644804134   0.112721291390072141502242969833
 144   0.774409580078129364743854701093   0.115252766532544948448161872340
 145   0.043269136874992966694008821969   0.116532887773499167780950674983
 146   0.462594202349770419504600309707   0.132516790045960222379915650556
 147  -0.264225523696541255842922387965   0.132786663739372267637149347960
 148  -0.610018988271997725957429505098   0.144922927080057539323859116145
 149   0.155099541778236196967669099773   0.148770566011833322236114323533
 150  -0.929698457361976557237759080646   0.150541676338110225032371856401
 151   0.574424607253013649778260587511   0.164754468284294376835079299106
 152  -0.152395118793298025569262110161   0.165024341977706422092312996510
 153   0.266929946681479427241329377577   0.181008244250167476691277972084
 154  -0.459889779364832248106193320095   0.181278117943579521948511669488
 155  -0.820266204100714346885619264574   0.190163504983247962518818387465
 156   0.686255012156256880051920865315   0.196992146522628531290242947657
 157  -0.040564713890054795295601832358   0.197262020216040576547476645061
 158   0.378760351584722657514989655380   0.213245922488501631146441620634
 159  -0.348059374461589017832533042292   0.213515796181913676403675318038
 160   0.914410335650519659536946746356   0.225512208076261923656650621896
 161  -0.693970582668060306388283611340   0.225714654911480753560138797694
 162   0.798085417059500110325581143118   0.229229824760962685745406596207
 163   0.071265691013188434978058445446   0.229499698454374731002640293612
 164   0.490590756487965887788649933184   0.245483600726835785601605269185
 165  -0.236228969558345787558872764488   0.245753474420247830858838966589
 166  -0.555445556960085443483751760343   0.247719074643405860957616247431
 167   0.183096095916431665251718723250   0.261737376692708885457803942162
 168   0.602421161391209118062310210988   0.277721278965169940056768917735
 169  -0.124398564655102557285212486685   0.277991152658581985314002615140
 170  -0.898833328402981978389093510345   0.281035820576149723189230130882
 171   0.294926500819674895525379001053   0.293975054931043039912967590713
 172  -0.431893225226636779822143696619   0.294244928624455085170201288117
 173  -0.783166883337716334083955683341   0.300476458701049733547705202996
 174   0.714251566294452348335970488791   0.309958957203504094511932566286
 175  -0.012568159751859327011552208881   0.310228830896916139769166263690
 176   0.406756905722918125799039278857   0.326212733169377194368131239263
 177  -0.320062820323393549548483418815   0.326482606862789239625364936668
 178  -0.639279407725133205473362414670   0.328448207085947269724142217510
 179   0.879613885930219296736696061128   0.336573067274650533255521948672
 180   0.099262245151383903262108068923   0.342466509135250294224329912241
 181   0.518587310626161356072699556661   0.358450411407711348823294887814
 182  -0.208232415420150319274823141012   0.358720285101123394080528585218
 183  -0.527449002821889975199702136866   0.360685885324281424179305866060
 184   0.211092650054627133535768346726   0.374704187373584448679493560791
 185  -0.857100022563640652396343371681   0.390360819316352448855823575905
 186   0.630417715529404586346359834464   0.390688089646045503278458536364
 187  -0.096402010516907089001162863208   0.390957963339457548535692233769
 188   0.784090297344223853999940206196   0.403060294489170257160594685468
 189  -0.728475708394789233169034486671   0.403210010875516249711708622813
 190   0.322923054957870363809428624530   0.406941865611918603134657209342
 191  -0.403896671088441311538094073142   0.407211739305330648391890906746
 192   0.015428394386336141272497414596   0.423195641577791702990855882319
 193   0.434753459861113594083088902334   0.439179543850252757589820857892
 194  -0.292066266185198081264433795339   0.439449417543664802847054555297
 195  -0.612179491748333792534244999737   0.441635471836692699046056455215
 196   0.127258799289579371546157692399   0.455433319816125857446019530870
 197  -0.180235861281954850990773517535   0.471687095781998957302218203847
 198  -0.499452448683694506915652513390   0.473652696005156987400995484689
 199   0.553991240304055416050080226854   0.479476557828534600174115225738
 200   0.239089204192822601819817970203   0.487670998054460011901183179420
 201  -0.802408847620713551481422175011   0.493094371490818965019826995721
 202   0.670897050880873949470297589821   0.499806056858255673391044889784
 203  -0.068405456378711620717113239731   0.503924774020333111757381852398
 204   0.785614210146933862139619344773   0.519434626061005407957109155054
 205   0.350919609096065832093478248007   0.519908676292794166356346827971
 206  -0.375900116950245843254044449666   0.520178549986206211613580525375
 207   0.043323427978570877973513961699   0.536512559452360872033721522762
 208  -0.699459717147130382736314363004   0.547378659215305508175291415912
 209   0.462750013999309062367138525810   0.552146354531128320811510476521
 210  -0.264069712047002612980384171862   0.552416228224540366068744173926
 211  -0.583286299448742268905263167717   0.554381828447698396167521454768
 212   0.155255353427774839830207315876   0.568400130497001420667709149499
 213  -0.471455894545499038631602889913   0.586619506686032550622685103318
 214   0.599330096768363177160594541718   0.591585566761498611149360971286
 215   0.267085758331018070103867593680   0.600637808735335575122872798049
 216  -0.160653178433752656202888005566   0.605804690783797800363654974733
 217   0.713378066116059759079208732757   0.614833478956600588533036320211
 218  -0.044900209403858094622070071419   0.617910785107978556179330015726
 219   0.378916163234261300377527871483   0.632875486973669729578036446600
 220  -0.346663677611579566459766678276   0.634783950179325049218572215972
 221  -0.671512923597518032246782190825   0.660357790426857301338169336164
 222   0.505473155419154498513874365057   0.660405490617841936900445723411
 223   0.089968761347392237943443936750   0.664748292148126943108449729995
 224  -0.555339505899129918415730995538   0.667360959659250189330399375019
 225  -0.243457244768783267318776107920   0.688636027314951547969533629727
 226   0.201799166250635468217104214554   0.696985970386461097563613378546
 227  -0.443509100995886688142070717734   0.699598637897584343785563023570
 228   0.624151279944190520471168702542   0.705292278193910183955815140162
 229  -0.123374434785114301878855470610   0.716057140330285413036488041014
 230  -0.007621465755219740298037536463   0.728163234654466168852163082006
 231   0.421639304654106736524263710730   0.741134623060383345666971693489
 232   0.304856232896734922040853443139   0.751211507512851055507353428039
 233  -0.343237510683646774608231437050   0.758682608103351709357044967399
 234   0.532395341364249186532465126243   0.776889450584555085277299816337
 235  -0.527342951760934450131681372061   0.780327770340125752552088993648
 236   0.093180593090510188410298067177   0.786337561393017184629641508851
 237  -0.236444161978432966583870848278   0.804948016686312470936980165488
 238   0.206403636517201161002597956318   0.813279161126873768939537652797
 239  -0.123353850165890846742617417814   0.832441447413736927895966441196
 240  -0.427071361448694536597842091377   0.839411740545893118123570937478
 241  -0.007600881135996285161799483667   0.844547541737917683711641482189
 242   0.395782023707831545861777738218   0.854610208016298355976181775952
 243  -0.320278012743480728573481502605   0.885677149128853879703506135566
 244   0.287353014394532626743683744917   0.896900364061863230339846236344
 245  -0.199933020580511588528008195631   0.920280957293975894824880312378
 246   0.174535869742406904105619136775   0.925494056225748458340353615831
 247  -0.075961550876294705901577363727   0.938739506319189364929033778122
 248   0.059053407590399405909735133442   0.939954633473280686100805847933
