   1  -0.023252187855733234219287686583  -0.940414119490727389827261275133
   2  -0.141392300122153752065825170575  -0.930014837432051511545175191670
   3   0.147622462524884909748196191089  -0.929046279221701286570996732777
   4  -0.257285071631529682599992935336  -0.904833560547550115812055466352
   5   0.263343855747246412919708157109  -0.903088807381517642128341993904
   6   0.374999475671233759085757443123  -0.862720318238337865765427736286
   7   0.056738127175107274806573431842  -0.852853964768815022396304886231
   8  -0.439088641988570679413488984836  -0.831937825113290065868964007182
   9   0.168164774739327839765654948114  -0.812241978776286647189145100833
  10  -0.139181308679280628004288066392  -0.811421669954156495019326829225
  11   0.480576790110193957615714572552  -0.808676016560922462697525430802
  12  -0.323294959844070163025768680189  -0.806304753329426080221073665261
  13   0.283886167961689342937166914133  -0.786284506936103002746490361960
  14  -0.540275308439590953040328748788  -0.770079198179059542631319208931
  15  -0.027296345915326502818381532915  -0.769167415514639754886487365552
  16  -0.229607328829324702719085808434  -0.733587087054281865918955304404
  17   0.389562782790915369224831915594  -0.732454364154444438451898362046
  18   0.084130301648894062140699983356  -0.728555429522111379679327580154
  19  -0.424582124721279459315364268212  -0.714231444018499272912435438380
  20   0.618350980551968984535488299508  -0.708915682735272034375069901724
  21   0.198168096754662638874936771304  -0.695983578632856554048739353211
  22  -0.118180681265104137760004292162  -0.692975101061753490711795519006
  23   0.500989430355135934183913431865  -0.691842378161916063244738576648
  24  -0.639311069378797214994735645501  -0.690001395169518081973772487808
  25  -0.320491664179102337660708567681  -0.657394772601395601744263457858
  26  -0.525768791172299732942204032163  -0.652372817084268749674790640129
  27  -0.006754033700883572800922775891  -0.652363115069225115504635733608
  28   0.306983596777335192058863015899  -0.647331457537054629265008009358
  29   0.702634109314854872668734896121  -0.625479567056285999621224512323
  30  -0.209065016614881772701627051410  -0.616782786608867226537103672460
  31   0.104672613863336992158158740381  -0.611751129076696740297475948210
  32   0.418410244341555757017944532171  -0.606719471544526254057848223960
  33  -0.721119639448117653741593289767  -0.603992401790231499158785146155
  34  -0.421642713134215973332360210928  -0.594659793597372120683180779531
  35  -0.097638369050661207742545535138  -0.576170800616338851329943887062
  36   0.531714667049658642443006159928  -0.571405967114526437553697737919
  37   0.216099261427557557117240256652  -0.571139143084168365090316162812
  38  -0.605048771280368827982141444794  -0.564168985264315993607230055434
  39  -0.299949351964659407643249810657  -0.540590472155980962362411825914
  40   0.013788278513559357216535981133  -0.535558814623810476122784101664
  41   0.775749315427152351016923575877  -0.532101851144969132686865831950
  42   0.327525908991778122076321772924  -0.530527157091639989883156377414
  43   0.643598442978074652494642745885  -0.522620336581667454483307425710
  44  -0.502260334878657607543954086176  -0.505010143695623073394879764766
  45  -0.188522704400438842684168294385  -0.499978486163452587155252040516
  46   0.125214926077779922175617497405  -0.494946828631282100915624316266
  47   0.438952556555998687035403289195  -0.489915171099111614675996592017
  48  -0.695933106630146462923764204041  -0.487976670811429729432538208888
  49  -0.813499346689680319519644453241  -0.472375055769313148282668930683
  50  -0.390833687314437042584872569904  -0.464398157703094698187719979368
  51  -0.077096056836218277725086778114  -0.459366500170924211948092255118
  52   0.236641573642000487134699013677  -0.454334842638753725708464530869
  53   0.550379204120219251994484805467  -0.449303185106583239468836806619
  54  -0.593144670228435242485576845423  -0.428817829242736809220187918220
  55  -0.279407039750216477625791053633  -0.423786171710566322980560193970
  56   0.034330590728002287233994738158  -0.418754514178395836740932469720
  57   0.796872361232050994216165831408  -0.415401173642297814434395683266
  58   0.348068221206221052093780529948  -0.413722856646225350501304745471
  59   0.678434791658252754997257659916  -0.409255174365528959271589850264
  60  -0.481718022664214677526495329151  -0.388205843250208434013028132822
  61  -0.167980392185995912666709537361  -0.383174185718037947773400408572
  62   0.145757238292222852193076254429  -0.378142528185867461533772684323
  63   0.459494868770441617052862046220  -0.373110870653696975294144960073
  64  -0.695435841217647776729854608682  -0.367050943559689822627786313218
  65  -0.866469551801630604432022425426  -0.366264789705862635307271090822
  66  -0.370291375099994112567413812880  -0.347593857257680058805868347424
  67  -0.056553744621775347707628021090  -0.342562199725509572566240623175
  68   0.257183885856443417152157770701  -0.337530542193339086326612898925
  69   0.572355087930846631365377381927  -0.332742686595928536271128077051
  70   0.880447958884790845568756777247  -0.331256354011819749168340461802
  71  -0.572602358013992312468118088399  -0.312013528797322169838336286276
  72  -0.258864727535773547608332296608  -0.306981871265151683598708562027
  73   0.054872902942445217251453495182  -0.301950213732981197359080837777
  74   0.368610533420663982111239286972  -0.296918556200810711119453113527
  75   0.683283247004016046569739580772  -0.290757395169383341886654179265
  76  -0.789132870107731837605924154103  -0.276352227412071201588314173953
  77  -0.461175710449771747509036572127  -0.271401542804793794631176500879
  78  -0.147438079971552982649250780337  -0.266369885272623308391548776629
  79   0.166299550506665782210535011454  -0.261338227740452822151921052379
  80   0.480037180984884547070320803244  -0.256306570208282335912293328129
  81  -0.905667774020455440496181456074  -0.254332977567659634332859095178
  82  -0.673553205775500020891712374221  -0.249770798057972086159563594884
  83   0.798096024273544822253305195887  -0.245913574238464575160403498420
  84  -0.349749062885551182549955055856  -0.230789556812265419424016715481
  85  -0.036011432407332417690169264065  -0.225757899280094933184388991231
  86   0.277726198070886347169616527725  -0.220726241747924446944761266981
  87   0.915065498816557146575103652842  -0.217778805714463983833020860784
  88   0.591463828549105112029402319515  -0.215694584215753960705133542731
  89  -0.552060045799549382450659331374  -0.195209228351907530456484654333
  90  -0.238322415321330617590873539584  -0.190177570819737044216856930083
  91   0.075415215156888147268912252206  -0.185145913287566557977229205833
  92   0.389152845635106912128698043997  -0.180114255755396071737601481583
  93   0.703825559218458976587198337796  -0.173953094723968702504802547321
  94  -0.440633398235328817491577815103  -0.154597242359379155249324868935
  95  -0.788133525802571750504377512689  -0.150642535246241326667606331507
  96  -0.126895767757110052631792023313  -0.149565584827208669009697144685
  97   0.186841862721108712227993768478  -0.144533927295038182770069420435
  98   0.500579493199327477087779560268  -0.139502269762867696530441696185
  99  -0.930470982514066020780507195651  -0.138358704377090228256258647740
 100  -0.653010893561057090874253617197  -0.132966497612557446777711962940
 101   0.831661693340414052483977199944  -0.132165708088141738353859394395
 102  -0.329206750671108252532496298831  -0.113985256366850780042165083537
 103  -0.015469120192889487672710507041  -0.108953598834680293802537359287
 104   0.298268510285329277187075284749  -0.103921941302509807562909635037
 105   0.612006140763548042046861076540  -0.098890283770339321323281910787
 106   0.937420670369260006511447407129  -0.078497561376424782129368893428
 107  -0.531517733585106452433200574350  -0.078404927906492891074633022389
 108  -0.217780103106887687573414782560  -0.073373270374322404835005298139
 109   0.095957527371331077286371009231  -0.068341612842151918595377573889
 110   0.409695157849549842146156801021  -0.063309955309981432355749849639
 111   0.727969675890125473909624621853  -0.057839818894702316163733963750
 112  -0.851397591599052963378146644945  -0.049969621098328522367708285450
 113  -0.732892353856797994443386584482  -0.045307022969605637024598532248
 114  -0.420091086020885887474119058079  -0.037792941913964515867473236991
 115  -0.106353455542667122614333266288  -0.032761284381794029627845512741
 116   0.207384174935551642245452525502  -0.027729626849623543388217788491
 117   0.521121805413770407105238317292  -0.022697969317453057148590064241
 118   0.838063203428459859280608350315  -0.013741673947047771456431180271
 119  -0.622402068934884087374823333597  -0.002212613453606626899941175843
 120  -0.308664438456665322515037541807   0.002819044078563859339686548407
 121   0.005073192021553442344748249983   0.007850701610734345579314272657
 122   0.318810822499772207204534041774   0.012882359142904831818941996907
 123   0.633847892152921291434745797258   0.017691535005689884527786893115
 124  -0.940267810911205624630908708031   0.028562635414955430816277314672
 125  -0.510975421370663522415741817326   0.038399372538921748307218609555
 126  -0.197237790892444757555956025536   0.043431030071092234546846333805
 127   0.939490284585697777976632668475   0.047721960842813253021835561706
 128   0.116499839585774007303829766255   0.048462687603262720786474058055
 129   0.430237470063992772163615558045   0.053494345135433207026101782305
 130   0.744826325874855436462664428969   0.059553045219564207989196632224
 131  -0.713286404284661722316446092845   0.073979700999279637274750670703
 132  -0.831853461156353957148110217627   0.076641320514394619887187599853
 133  -0.399548773806442957456660301054   0.079011358531450123514378394953
 134  -0.085811143328224192596874509264   0.084043016063620609754006119203
 135   0.227926487149994572262911282526   0.089074673595791095993633843453
 136   0.541664117628213337122697074317   0.094106331127961582233261567703
 137  -0.601859756720441157357364576573   0.114591686991808012481910456101
 138  -0.288122126242222392497578784783   0.119623344523978498721538180351
 139   0.025615504235996372362207007008   0.124655002056148984961165904601
 140   0.339353134714215137221992798798   0.129686659588319471200793628851
 141   0.653090765192433902081778590588   0.134718317120489957440421353101
 142  -0.928669152439010190394933150274   0.148614874677067360488707256071
 143   0.881227607641508900959920286157   0.151021000862338233981841686779
 144  -0.490433109156220592398283060302   0.155203672984336387689070241499
 145  -0.176695478678001827538497268511   0.160235330516506873928697965749
 146   0.137042151800216937321288523279   0.165266988048677360168325689999
 147   0.450779782278435702181074315069   0.170298645580847846407953414249
 148   0.765368638089298366480123185994   0.176357345664978847371048264168
 149  -0.692744092070218792298987335820   0.190784001444694276656602302647
 150  -0.811311148941911027130651460603   0.193445620959809259269039231797
 151  -0.379006461592000027439201544030   0.195815658976864762896230026897
 152  -0.065268831113781262579415752240   0.200847316509035249135857751147
 153   0.248468799364437502280370039551   0.205878974041205735375485475397
 154   0.562206429842656267140155831341   0.210910631573376221615113199647
 155  -0.581317444505998227339905819549   0.231395987437222651863762088045
 156  -0.267579814027779462480120027759   0.236427644969393138103389812295
 157   0.046157816450439302379665764032   0.241459302501563624343017536545
 158   0.359895446928658067239451555822   0.246490960033734110582645260795
 159   0.673633077406876832099237347613   0.251522617565904596822272985044
 160   0.901769919855951830977379043181   0.267825301307752873363693318723
 161  -0.900706757282728961487797227972   0.271379287645224649678309924886
 162  -0.469890796941777662380824303277   0.272007973429751027070921873443
 163  -0.156153166463558897521038511487   0.277039630961921513310549597693
 164   0.157584464014659867338747280303   0.282071288494091999550177321943
 165   0.471322094492878632198533072094   0.287102946026262485789805046192
 166   0.785910950303741296497581943018   0.293161646110393486752899896112
 167  -0.672201779855775862281528578796   0.307588301890108916038453934591
 168  -0.358464149377557097421742787006   0.312619959422279402278081658841
 169  -0.790546959317562731018870961235   0.315311623184461574569261253984
 170  -0.044726518899338332561956995215   0.317651616954449888517709383091
 171   0.269011111578880432297828796575   0.322683274486620374757337107340
 172   0.582748742057099197157614588365   0.327714932018790860996964831590
 173  -0.560775132291555297322447062525   0.348200287882637291245613719989
 174  -0.247037501813336532462661270734   0.353231945414807777485241444239
 175   0.066700128664882232397124521056   0.358263602946978263724869168489
 176   0.380437759143100997256910312847   0.363295260479148749964496892738
 177   0.694175389621319762116696104637   0.368326918011319236204124616988
 178   0.856872743355198969833869360647   0.388186143586467703503069889582
 179  -0.449348484727334732363365546253   0.388812273875165666452773505387
 180  -0.135610854249115967503579754463   0.393843931407336152692401229637
 181   0.178126776229102797356206037328   0.398875588939506638932028953886
 182   0.491864406707321562215991829118   0.403907246471677125171656678136
 183  -0.721887742488387350911116204149   0.415275517059455163504335144767
 184  -0.840232921950174219648458586588   0.422998838353807822035142464160
 185  -0.337921837163114167404284029981   0.429424259867694041659933290785
 186  -0.024184206684895402544498238191   0.434455917399864527899561015034
 187   0.289553423793323362315287553599   0.439487574932035014139188739284
 188   0.603291054271542127175073345390   0.444519232464205500378816463534
 189   0.765137182672777435452983522266   0.463351415487393452954294610459
 190  -0.540522615576104096262315045145   0.465055184058829717889044771568
 191  -0.226495189598893602445202513710   0.470036245860222416867093076182
 192   0.087242440879325162414583278080   0.475067903392392903106720800432
 193   0.400980071357543927274369069871   0.480099560924563389346348524682
 194  -0.429095968011883531303233528873   0.505667170051358093096204556966
 195  -0.115068542034673037486120997438   0.510648231852750792074252861580
 196  -0.655062709909405406657906274915   0.513253301349958199351761322362
 197   0.198669088443545727373664794352   0.515679889384921278313880585830
 198   0.512406718921764492233450586142   0.520711546917091764553508310080
 199  -0.780332825632275641900349536797   0.525357080106804023876338745077
 200  -0.317669320447662966344152012602   0.546279156043886468303364342364
 201  -0.003641894470452472527039481167   0.551260217845279167281412646978
 202   0.310095736007766292332746310624   0.556291875377449653521040371228
 203   0.623833366485985057192532102414   0.561323532909620139760668095478
 204   0.741033307449833596832220468129   0.579473051683647145912148069923
 205  -0.558612200587603789769870374182   0.582264390641632194227618777920
 206  -0.206242672883442401385070496330   0.586891142036414843510524127762
 207   0.107784753093768092432042035105   0.591872203837807542488572432376
 208   0.421522383571986857291827826895   0.596903861369978028728200156626
 209  -0.708029834944682814858498507508   0.619365104930689174212956803207
 210  -0.408553655797440601285774771849   0.622471470496772732478056188910
 211  -0.094816025319221836425988980058   0.627503128028943218717683913160
 212   0.219211400657988657391123551376   0.632484189830335917695732217774
 213   0.539282475569017731392857045992   0.644488297316221051406292734215
 214  -0.297127008233220036326693255577   0.663083456489301107685215974308
 215   0.016610622244998728533092536213   0.668115114021471593924843698558
 216   0.330775217870846531530744441179   0.673368854573092898143407579714
 217   0.653413478537892114942620952009   0.676729551076855344032273090761
 218  -0.506777677636481325841702702365   0.688934036858763242946798655522
 219  -0.624473159976545305268488781172   0.703528715012050134271741869620
 220  -0.186588560066569320181534558478   0.706054175247160099888154256460
 221   0.128037269809219293492174052485   0.708727100013999969132003483956
 222   0.442877065847528838206182544920   0.713562374726565060468759372802
 223  -0.385414004475597936755826707127   0.742270813359932243866910020753
 224  -0.074333888670944656776494054969   0.744317995541514762019433079185
 225   0.239463917373439858451255568756   0.749339086006528344339163269354
 226   0.550899676488604027426701032592   0.762514869902449721562166822196
 227   0.037092758893275908182587461303   0.784929981534043137226592864583
 228  -0.278797121635854932615658334750   0.794213777149023596104513813300
 229  -0.485663869311002704916628281121   0.805636385985305213308174982447
 230  -0.163598664789510682787897746846   0.822401482516422755038373456961
 231   0.148519406457496473141668977574   0.825541967526571512433752649981
 232   0.438801605294007824699214236251   0.832089256972471773229645805818
 233   0.320273987036031926717494437679   0.836143255461603247262826071122
 234  -0.378565878698728716842093814766   0.860826178544922611960355754042
 235  -0.008445373471526479900534626270   0.894435733412125226312977853197
 236  -0.245609162135241452833112021540   0.908072419938422685203078122971
 237   0.229368245431962710844925972895   0.912310028644353617640457086533
 238  -0.120619013088381994581814343069   0.932936457675003252080169638731
 239   0.102981274092694085058546890001   0.935047719404653601520137638595
