   1  -0.046625477306665446467194007211  -0.950082460687181222029158197283
   2  -0.143683190458076897636889148614  -0.940311521794384707487953997807
   3   0.146539229453408419405076434815  -0.939870667416897815584163273039
   4   0.049286085564386325428606424323  -0.932287994225364668424867285167
   5  -0.239229856201960021917930637658  -0.920651776265637341667922494823
   6   0.242025727211307082771523454878  -0.919920738220049910996557073900
   7  -0.332260655943251708524879653048  -0.891309976243755357582169296750
   8   0.334966956128140380359501404678  -0.890296442507624594223184424624
   9  -0.027319163289592486917438804966  -0.854463753479320462805339694621
  10  -0.421797229246599697852019442153  -0.852594695408888318329415566616
  11   0.424385497742085847713786286605  -0.851309324831864903872853320700
  12  -0.169741006543131176361656190045  -0.846308005105348453921436089757
  13   0.166578322111320222729680720500  -0.843860510583651563632330485667
  14   0.068592399581459284978361626568  -0.836669287017503909201048782505
  15   0.262209010598143897333621998611  -0.824483292734773703350257483784
  16  -0.264091169556683861063182583564  -0.821534679362839316116270941331
  17   0.351871532370298493831432092085  -0.786060602583167531595741808077
  18  -0.094725718071853856904972486756  -0.783951149631395319138300578165
  19  -0.543620373329624326308208330036  -0.780581518446628032414859504747
  20   0.482805052485859530160251502993  -0.773188735019910329886594401238
  21  -0.343978275976071861999338767497  -0.765387879910756347159327300736
  22   0.005127082570047480535728343257  -0.762469666394094016633361116595
  23  -0.448538763801894521321701412957  -0.758783388741427365446201455069
  24   0.578640248911787779701361719621  -0.754987469815749927602020637045
  25   0.198400803410946212187530742586  -0.750698581414717130108636951228
  26   0.101038645441099252431528774790  -0.744675199932277463029070204479
  27  -0.250223666542593808828326540640  -0.724977114722969518590180231209
  28  -0.620788598203877667237020173899  -0.720723018997365441336463253019
  29   0.287985085642988480496357443673  -0.712093823858190151040617656721
  30  -0.154388470116665559287216324012  -0.706775849518809116305606467015
  31   0.383820282068916730037467660300  -0.693892558654029748756043892528
  32  -0.058553273690737309746106107384  -0.688574584314648714021032702822
  33  -0.514957302645451397990283474429  -0.687339364310301165781930321497
  34   0.479655478494844979578577876928  -0.675691293449869346471470128334
  35   0.671712389027005558396865051951  -0.673522890232482276468621092506
  36   0.037281922735190939795004109243  -0.670373319110488311736458938628
  37  -0.409739219229306848651271207908  -0.669283297847684618262425581629
  38   0.575490674920773229119688093555  -0.657490028245708944186896364141
  39  -0.691341318163826705938290853899  -0.653342526132056276194420795391
  40   0.133193485606242711690804540777  -0.652578852648671758132168026512
  41  -0.313904022803378599110160991280  -0.651082032643524215977851817436
  42   0.229028682032170961231914757404  -0.634377587444511355847594262319
  43  -0.218068826377450349569050774653  -0.632880767439363813693278053242
  44   0.324863878458099210773024974032  -0.616176322240350953563020498126
  45  -0.122233629951522100027940558025  -0.614679502235203411408704289049
  46  -0.575755620623675632492890587978  -0.611055450802621404269919647021
  47   0.420699074884027460314135190659  -0.597975057036190551278446733932
  48  -0.476213552627694941216139374649  -0.597737966788720129405454860788
  49  -0.026398433525593850486830341398  -0.596478237031043009124130524855
  50   0.707578449723633282722658980809  -0.582807419561078895696005524675
  51   0.516534271309955709855245407287  -0.579773791832030148993872969739
  52   0.069436762900334399054279875230  -0.578276971826882606839556760662
  53  -0.755588390106425938903354218568  -0.577855346930235749911698949956
  54  -0.377584379064163389391995441921  -0.577186950564078913365523403663
  55   0.612369467735883959396355623914  -0.561572526627869746709299205545
  56  -0.659501615541539110788756924504  -0.561032663352843923775396497939
  57   0.165348325771386170950080306763  -0.560482505365066053235265848546
  58  -0.281749182638235139850885225294  -0.558985685359918511080949639469
  59   0.261183522197314420491190523391  -0.542281240160905650950692084353
  60  -0.185913986212306890309775008666  -0.540784420155758108796375875276
  61   0.789741611769234186865455270663  -0.530225238818010070455227973737
  62   0.357018718623242670032300740018  -0.524079974956745248666118320159
  63  -0.090078789786378640768664792039  -0.522583154951597706511802111083
  64  -0.537099931750876429214940109190  -0.521493133688794013037768754083
  65   0.452853915049170919573410956646  -0.505878709752584846381544555966
  66   0.005756406639549608772445424589  -0.504381889747437304227228346889
  67  -0.441264735324948179673829892562  -0.503291868484633610753194989890
  68  -0.810796478220970191245607329076  -0.497433099164053856119765281795
  69   0.548689111475099169114521173273  -0.487677444548424444096970791772
  70   0.101591603065477858313555641216  -0.486180624543276901942654582696
  71  -0.345429538899019930132719675935  -0.485090603280473208468621225697
  72  -0.714709703656083363131010035012  -0.480610415586662029983462829778
  73   0.648179688300236222386547680847  -0.470673567340553146130936840023
  74   0.197503165936529630209356072750  -0.468386158081460348338363670580
  75  -0.618097062087797605840148280368  -0.467131972864063327875195451753
  76  -0.249594342473091680591609459307  -0.466889338076312806184047461503
  77   0.293338362362457879750466289377  -0.450184892877299946053789906386
  78  -0.153759146047163431050499242680  -0.448688072872152403899473697310
  79   0.750796949345808485599179963468  -0.440788198405472686837889570696
  80   0.389173558788386129291576506005  -0.431983627673139543769216142193
  81   0.847873724074701533952099905490  -0.431208493959917857302870587860
  82  -0.057923949621235181509389026052  -0.430486807667992001614899933116
  83  -0.504945091585732969955664343203  -0.429396786405188308140866576117
  84   0.485008755214314378832686722632  -0.413782362468979141484642377999
  85   0.037911246804693068031721190575  -0.412285542463831599330326168923
  86  -0.857477807481239400569177419218  -0.411779585356838890820279685960
  87  -0.409109895159804720414554126576  -0.411195521201027905856292811924
  88   0.580843951640242628373796939260  -0.395581097264818739200068613806
  89   0.133746443230621317572831407203  -0.394084277259671197045752404729
  90  -0.759531333633356696685516010808  -0.393969245146686881791771234496
  91  -0.313274698733876470873443909948  -0.392994255996867503571719047730
  92  -0.662918692065070939394654256165  -0.380490802424088179683503856472
  93   0.676677184971922623935220061960  -0.377369498811519554860352842972
  94   0.229658006101673089468631838736  -0.376289810797854643441461492613
  95  -0.217439502307948221332333693321  -0.374792990792707101287145283537
  96   0.325493202527601339009742055364  -0.358088545593694241156887728420
  97  -0.121604305882019971791223476693  -0.356591725588546699002571519343
  98  -0.568625447846517760237498793844  -0.355501704325743005528538162344
  99   0.791039069299657806577311363803  -0.351927393150014680326124438130
 100   0.421328398953529588550852271991  -0.339887280389533838872313964227
 101   0.888223541886541319950695291301  -0.339831710968199614896217247696
 102  -0.025769109456091722250113260066  -0.338390460384386296717997755150
 103  -0.472790251420589510696388577217  -0.337300439121582603243964398151
 104   0.517163595379457838091962488619  -0.321686015185373436587740200033
 105  -0.823513301242124040703134677308  -0.320335158271523709550067053670
 106   0.070066086969836527290996956562  -0.320189195180225894433423990956
 107  -0.376955054994661261155278360589  -0.319099173917422200959390633957
 108   0.613711860743023092587980347783  -0.302864204544749568606251270619
 109   0.165901283395764776832107173189  -0.301987929976065492148850226763
 110  -0.727753327619378748298909639286  -0.301742192375799682146519475084
 111  -0.281119858568733011614168143962  -0.300897908713261798674816869764
 112   0.716919304925771944913351462298  -0.288508693556061548348587710402
 113   0.261812846266816548727907604723  -0.284193463514248938544559314647
 114  -0.185284662142804762073057927334  -0.282696643509101396390243105571
 115  -0.632305804107302550519333244485  -0.281606622246297702916209748571
 116  -0.910341808761760879554612659864  -0.275877524383283549675258355474
 117   0.357648042692744798269017821350  -0.265992198310088536259985550454
 118  -0.089449465716876512531947710707  -0.264495378304940994105669341377
 119  -0.536470607681374300978223027858  -0.263405357042137300631635984378
 120   0.826912163471165461608962495742  -0.261214703609958739733977835703
 121   0.453483239118673047810128037978  -0.247790933105928133975411786260
 122   0.006385730709051737009162505921  -0.246294113100780591821095577184
 123  -0.440635411255446051437112811230  -0.245204091837976898347062220185
 124   0.921317579277885483900756969050  -0.236652773812226471397381778120
 125   0.549318435544601297351238254606  -0.229589667901767731690838022067
 126   0.102220927134979986550272722548  -0.228092847896620189536521812990
 127  -0.344800214829517801896002594603  -0.227002826633816496062488455991
 128  -0.831242716089516566764348960963  -0.217229309751488140107914339924
 129   0.653953980696872413566111748117  -0.214003399289291562094486138053
 130   0.198056123560908236091382939176  -0.209891582692459787251948048797
 131  -0.697467481115172482545550631309  -0.209014427221278201801837556819
 132  -0.248965018403589552354892377975  -0.208801561429656093777914691798
 133   0.751851229636672843244742818717  -0.196311805183833530894549238929
 134   0.293967686431960007987183370710  -0.192097116230643233647657136681
 135  -0.153129821977661302813782161348  -0.190600296225495691493340927604
 136  -0.600150963942159091260057478499  -0.189510274962691998019307570605
 137  -0.933809044934369140021654658037  -0.181194052988074040553820640780
 138   0.389802882857888257528293587337  -0.173895851026482831363083372487
 139  -0.057294625551733053272671944720  -0.172399031021335289208767163411
 140  -0.504315767516230841718947261871  -0.171309009758531595734733806412
 141   0.846304475634147708025276519483  -0.165613400491215207760905784407
 142   0.485638079283816507069403803965  -0.155694585822322429078509608294
 143   0.038540570874195196268438271907  -0.154197765817174886924193399217
 144  -0.408480571090302592177837045244  -0.153107744554371193450160042218
 145   0.940709891440867730317070992791  -0.141051470693482939424309726824
 146   0.581473275709744756610514020592  -0.137493320618162026793935844101
 147   0.134375767300123445809548488535  -0.135996500613014484639619635024
 148  -0.312645374664374342636726828616  -0.134906479350210791165586278025
 149  -0.759658010163272686541114410161  -0.133861190260081143325915382454
 150  -0.856453458605255370156183580345  -0.121765236806801694937090077106
 151   0.677308472135673006151624237220  -0.119292055414001624509362079907
 152   0.230210963726051695350658705162  -0.117795235408854082355045870830
 153  -0.216810178238446093095616611989  -0.116705214146050388881012513831
 154  -0.663831320202943881541891929140  -0.115615192883246695406979156832
 155   0.773143668561601255692734453847  -0.101090790209841222224788315714
 156   0.326122526597103467246459136696  -0.100000768947037528750754958715
 157  -0.120974981812517843554506395361  -0.098503948941889986596438749638
 158  -0.567996123777015632000781712512  -0.097413927679086293122405392639
 159  -0.947455857910804818223970522535  -0.084605050381076292701642194813
 160   0.421957723023031716787569353324  -0.081799503742877126466181194521
 161  -0.025139785386589594013396178734  -0.080302683737729584311864985444
 162  -0.472160927351087382459671495885  -0.079212662474925890837831628445
 163   0.517792919448959966328679569951  -0.063598238538716724181607430328
 164   0.070695411039338655527714037894  -0.062101418533569182027291221251
 165  -0.376325730925159132918561279257  -0.061011397270765488553257864252
 166   0.889700078626957296584234029907  -0.057902989494375941761320009199
 167   0.613628115874888215869789786579  -0.045396973334556321897033666134
 168   0.166530607465266905068824254521  -0.043900153329408779742717457058
 169  -0.280490534499230883377451062630  -0.042810132066605086268684100058
 170  -0.727546178679341463642927189154  -0.041749833112734295276329960284
 171   0.709463312300816465410900003206  -0.027195708130395919612459901941
 172   0.262365803891195154609934471149  -0.025698888125248377458143692864
 173  -0.870100271581691048358499444843  -0.025176234199803947084911631139
 174  -0.184655338073302633836340846002  -0.024608866862444683984110335865
 175  -0.631676480037800422282616163153  -0.023518845599640990510076978866
 176   0.805298508726744714952010219834  -0.008994442926235517327886137747
 177   0.358277366762246926505734902683  -0.007904421663431823853852780748
 178  -0.088820141647374384295230629375  -0.006407601658284281699536571672
 179  -0.535841283611872172741505946526  -0.005317580395480588225503214672
 180   0.454112563188175176046845119310   0.010296843540728578430720983445
 181   0.007015054778553865245879587253   0.011793663545876120585037192522
 182  -0.440006087185943923200395729898   0.012883684808679814059070549521
 183   0.951056802848598211851471140650   0.017932512230198505508697312192
 184   0.549947759614103425587955335938   0.028498108744888980715294747639
 185  -0.950762690648130089834357904624   0.029680352272365484997179279353
 186   0.102850251204482114786989803880   0.029994928750036522869610956715
 187  -0.344170890760015673659285513271   0.031084950012840216343644313714
 188  -0.791192032724513462105560830422   0.032174971275643909817677670714
 189   0.645782956040031675129065552565   0.046699373949049382999868511832
 190   0.198685447630410364328100020508   0.048196193954196925154184720909
 191  -0.248335694334087424118175296643   0.049286215217000618628218077908
 192  -0.695356836298585212564450613794   0.050376236479804312102251434907
 193   0.741618152465959924670175769193   0.064900639153209785284442276025
 194   0.294520644056338613869210237135   0.066397459158357327438758485102
 195  -0.152500497908159174577065080016   0.067487480421161020912791842101
 196  -0.599521639872656963023340397167   0.068577501683964714386825199100
 197   0.852295001732235164478239834194   0.077610775693772129720227172068
 198   0.390432206927390385765010668669   0.084191925620173881043049397218
 199  -0.056665301482230925035954863388   0.085688745625321423197365606295
 200  -0.503686443446728713482230180539   0.086778766888125116671398963294
 201  -0.871854451790952503581419290203   0.087031557747813341899768581206
 202   0.486267403353318635306120885297   0.102393190824334283327623161411
 203   0.039169894943697324505155353239   0.103890010829481825481939370488
 204  -0.407851247020800463941119963912   0.104980032092285518955972727487
 205   0.944219336272219893927780089907   0.115240887922352263241890256365
 206   0.582102599779246884847231101924   0.120594456028494685612196925605
 207   0.135005091369625574046265569867   0.122091276033642227766513134682
 208  -0.312016050594872214400009747284   0.123181297296445921240546491681
 209  -0.759037192559370002846285064435   0.124271318559249614714579848680
 210   0.677937796205175134388341318552   0.138795721232655087896770689798
 211   0.230840287795553823587375786494   0.140292541237802630051086898875
 212  -0.216180854168943964858899530657   0.141382562500606323525120255874
 213  -0.663201996133441753305174847808   0.142472583763410016999153612873
 214   0.773772992631103383929451535179   0.156996986436815490181344453992
 215   0.326675484221482073128486003122   0.158493806441963032335660663068
 216  -0.937868582917335883377856632430   0.158849420572162911577549549816
 217  -0.120345657743015715317789314029   0.159583827704766725809694020068
 218  -0.567366799707513503764064631180   0.160673848967570419283727377067
 219   0.422587047092533845024286434656   0.176288272903779585939951575184
 220   0.869138274768737543249161207472   0.177518533450573154105134085974
 221  -0.024510461317087465776679097402   0.177785092908927128094267784261
 222  -0.471531603281585254222954414553   0.178875114171730821568301141260
 223  -0.839699611625809044322143524217   0.179127905031419046796670759172
 224   0.518422243518462094565396651283   0.194489538107939988224525339378
 225   0.071324735108840783764431119226   0.195986358113087530378841548454
 226  -0.375696406855657004681844197925   0.197076379375891223852874905454
 227   0.614257439944390344106506867911   0.212690803312100390509099103571
 228   0.167159931534769033305541335853   0.214187623317247932663415312648
 229  -0.279861210429728755140733981298   0.215277644580051626137448669647
 230  -0.738467550801065168163764952075   0.220648649155696902494750976334
 231   0.710092636370318593647617084538   0.230892068516260792793672867765
 232   0.262995127960697282846651552481   0.232388888521408334947989076841
 233  -0.184026014003800505599623764670   0.233478909784212028422022433840
 234  -0.631047155968298294045899081821   0.234568931047015721896055790840
 235   0.358830324386625532387761769109   0.250590153725568737232562841035
 236  -0.088190817577872256058513548043   0.251680174988372430706596198034
 237  -0.535211959542370044504788865194   0.252770196251176124180629555033
 238  -0.916668430558520168690996644024   0.254066144255512946460995960524
 239   0.816349741412950750962127805394   0.259549269611925602178108546682
 240   0.913784709497714153640522112991   0.264250112445882942984331763718
 241   0.454741887257677304283562200642   0.268384620187385290836853753151
 242   0.007644378848055993482596668585   0.269881440192532832991169962227
 243  -0.439376763116441794963678648566   0.270971461455336526465203319226
 244  -0.821379752708483490030729424668   0.274940501793419596988317894212
 245   0.550577083683605553824672417270   0.286585885391545693121427517344
 246   0.103479575273984243023706885213   0.288082705396693235275743726421
 247  -0.343541566690513545422568431939   0.289172726659496928749777083420
 248   0.646412280109533803365782633897   0.304787150595706095406001281537
 249   0.199314771699912492564817101840   0.306283970600853637560317490614
 250  -0.247706370264585295881458215311   0.307373991863657331034350847613
 251  -0.694727512229083084327733532462   0.308464013126461024508384204612
 252   0.742247476535462052906892850525   0.322988415799866497690575045731
 253   0.295149968125840742105927318468   0.324485235805014039844891254808
 254  -0.151871173838657046340347998683   0.325575257067817733318924611807
 255  -0.598892315803154834786623315835   0.326665278330621426792957968806
 256   0.390985164551768991647037535095   0.342686501009174442129465019001
 257  -0.056035977412728796799237782056   0.343776522271978135603498376000
 258  -0.503057119377226585245513099207   0.344866543534781829077531732999
 259  -0.884359466935716431006994619773   0.349764188868023358624281170278
 260   0.881916563840307433109486360619   0.356446057158146400139633230293
 261   0.486896727422820763542837966629   0.360480967470990995733755931117
 262  -0.776548683317698940183744104845   0.361576788338418116771972957330
 263   0.039799219013199452741872434572   0.361977787476138537888072140194
 264  -0.407221922951298335704402882579   0.363067808738942231362105497193
 265   0.582731923848749013083948183256   0.378682232675151398018329695310
 266   0.135634415439127702282982651199   0.380179052680298940172645904387
 267  -0.311386726525370086163292665952   0.381269073943102633646679261386
 268   0.678567120274677262625058399884   0.396883497879311800302903459504
 269   0.231469611865055951824092867827   0.398380317884459342457219668580
 270  -0.215551530099441836622182449324   0.399470339147263035931253025580
 271  -0.662572672063939625068457766476   0.400560360410066729405286382579
 272   0.796701542541231793014735022855   0.403923115555087084585134508002
 273   0.327304808290984201365203084454   0.416581583088619744741793432774
 274  -0.119716333673513587081072232697   0.417671604351423438215826789773
 275  -0.566737475638011375527347549848   0.418761625614227131689860146772
 276   0.423140004716912450906313301082   0.434782848292780147026367196967
 277  -0.023881137247585337539962016069   0.435872869555583840500400553966
 278  -0.470902279212083125986237333220   0.436962890818387533974433910966
 279  -0.843681856213434367825006300383   0.438893562775429381045544988199
 280   0.519051567587964222802113732615   0.452577314754596700630658109083
 281  -0.744393843152555480924468338858   0.453673135622023821668875135296
 282   0.071954059178342912001148200558   0.454074134759744242784974318160
 283  -0.375067082786154876445127116593   0.455164156022547936259007675159
 284   0.615852725111332704137689859972   0.471602761738588440125875858607
 285   0.167789255604271161542258417186   0.472275399963904645069548082353
 286  -0.279231886360226626904016899965   0.473365421226708338543581439352
 287   0.711986236000997006535107447770   0.488528648504422779608332931369
 288   0.263624452030199411083368633813   0.490476665168065047354121846547
 289  -0.183396689934298377362906683338   0.491566686430868740828155203546
 290  -0.633163612112395367733770535052   0.493631801377538055087954600363
 291   0.808769455357112944569089572915   0.500722063944502567950466763175
 292   0.359459648456127660624478850441   0.508677930372225449638695610740
 293  -0.087561493508370127821796466710   0.509767951635029143112728967739
 294  -0.535035059000598471278535146888   0.511014689023396999920944223418
 295   0.455294844882055910165589067068   0.526879195576385851923269374934
 296   0.008273702917558121719313749917   0.527969216839189545397302731933
 297  -0.439199862574670221737424930260   0.529215954227557402205517987612
 298  -0.779964915117305079481101401273   0.544504681729678711018664890379
 299   0.551206407753107682061389498602   0.544673662038202405527560287049
 300   0.104108899343486371260423966545   0.546170482043349947681876496126
 301  -0.343364666148741972196314713633   0.547417219431717804490091751805
 302   0.199944095769414620801534183172   0.564371747247510349966450260320
 303  -0.247529469722813722655204497005   0.565618484635878206774665515999
 304   0.656451966526668446912327406751   0.568726004090383904686616315616
 305   0.753235185882784384946309531896   0.580919419530463693028750147422
 306   0.295779292195342870342644399800   0.582573012451670752251024024513
 307  -0.151694273296885473114094280378   0.583819749840038609059239280192
 308  -0.598713088546567763985588011595   0.584911776125468166330870711486
 309  -0.695846533691402729029068105310   0.593898697919039516991612898437
 310   0.391614488621271119883754616427   0.600774277655831154535597788707
 311  -0.055859076870957223572984063750   0.602021015044199011343813044386
 312  -0.502877892120639514444477794967   0.603113041329628568615444475679
 313   0.487808481758846679614344385345   0.619672264586504323392298380026
 314   0.039976119554971025968126152877   0.620222280248359413628386808579
 315  -0.407042695694711264903367578340   0.621314306533788970900018239873
 316   0.585726937199891530841560549462   0.635909641650097624815799843572
 317   0.135811315980899275509236369505   0.638423545452519815912960572772
 318  -0.311207499268783015362257361712   0.639515571737949373184592004066
 319   0.231646512406827525050346586132   0.656624810656680218197534336966
 320  -0.215372302842854765821147145085   0.657716836942109775469165768260
 321   0.681322210842754787512573566437   0.663760420581543455831160832820
 322   0.327481708832755774591456802760   0.674826075860840620482108101159
 323  -0.119537106416926516280036928457   0.675918102146270177753739532453
 324  -0.562845696455438553729843310254   0.680051545164130630622686396956
 325  -0.660281614652969268198841896224   0.684732653369730444730354676935
 326   0.423316905258684024132567019387   0.693027341065001022766681865353
 327  -0.023798114077038269968117300665   0.694618804667064701126131191527
 328   0.072130959720114485227401918864   0.712318627531965118525288986545
 329  -0.374887855529567805644091812353   0.713410653817394675796920417839
 330  -0.472385418628901160137603982609   0.716556463525552809153220016351
 331   0.609132049077373734776505969703   0.730608488881893284136460365240
 332  -0.279052659103639556102981595726   0.731611919021555078081494182032
 333   0.167727796371379092979198352012   0.731814373971475007805977371416
 334   0.511657426137107054514331330796   0.734399110424762947336956412864
 335   0.263801352571970984309622352119   0.748721157940285923094436514932
 336  -0.184689223833369647521442303770   0.756334641626923847834958276974
 337  -0.087862893698606139886788522768   0.768180852905734436520803215875
 338   0.364714917344521773753405216384   0.772967228416278973852548402878
 339  -0.549229744206238467508421176333   0.776644902976021268192361314156
 340   0.006032716271204643475570628444   0.794624857092422971527716294434
 341   0.103044796582839315440274270192   0.804838925950491992473398109282
 342  -0.370915664774423930856314009251   0.810878046465567944140520092151
 343   0.474332034512779176209403470956   0.824523946453013146954761827482
 344  -0.253281447295469759666440289389   0.825694412456661699923713666309
 345  -0.466801510420883370937856850933   0.828810573718908065209591695167
 346   0.196587702648829991901894287710   0.832504710843707576984769743208
 347   0.293713862636510187203314439136   0.841570027996239064119716490134
 348  -0.159912764257848007033771955217   0.853942597475323606039085515096
 349  -0.062853000817051923879879251795   0.863693148733849199098601746992
 350   0.387394090771850890327658762927   0.868767193023847200366158566485
 351   0.057623062342666494025501226847   0.891167003582532096133246211027
 352  -0.321779422792770512878965274777   0.895147261799216513325060041175
 353   0.237299987695215010816757023533   0.921151091341336050229366937734
 354  -0.228410739755148760246296940605   0.923395446817878419440431889962
 355   0.141712332251777375308130134602   0.940610563478449079196066329143
 356  -0.118514941043193684930268059780   0.943808242042356191020373417245
 357  -0.019398548016736313183303890436   0.951028029857336014807475915807
