   1   0.119019053341293718889949186361  -0.843424332574188304030601014917
   2  -0.177241218766876053274424200314  -0.833136057439902850203062096735
   3   0.400863772666949715658803982059  -0.751557300277026632161434489605
   4  -0.452034086517154634620093386337  -0.721938587736570759339795154243
   5   0.634155989588580095037749649519  -0.568661868517136826252138825436
   6   0.077273071661921095192237625566  -0.549939630334921601414746176924
   7  -0.218955326332343252468869678466  -0.538771208038228355426664867993
   8  -0.672076718479575539151021127086  -0.523300128333825353379283942898
   9   0.359117790987577091961092421265  -0.458072598037759929545579651612
  10  -0.438997958294764156999797419215  -0.340132748635482949466153656647
  11   0.790639419315045378089151797236  -0.316890278269372862970852534371
  12  -0.061149849481106213520649219144  -0.287747300181801531583668438829
  13  -0.810717615701600956903873217230  -0.261279711090593452150549570906
  14   0.517960176112945444852192033457  -0.200606024126451217019550867915
  15   0.221565657169758471974419266311  -0.195478980603880794923975619237
  16  -0.281402069262939868065405635479  -0.089056001016125578163175339183
  17  -0.577638855516789574752649509359  -0.078112331392251048237419284655
  18   0.851360834800067284456267907164  -0.026737030594388369311522591608
  19   0.000646281435174745057640920288   0.002183931597390213823747716671
  20  -0.850995107478506596413062938903   0.036571394341995271542954071964
  21   0.578681591597967351219308143386   0.089547223548533276639779074848
  22   0.282287072654780378341535376239   0.094674267071103698735354323526
  23  -0.217242059771835093604653913486   0.203183106224808052271587623379
  24  -0.513569223976713016430938415485   0.211320009145506376251097013405
  25   0.803460455666350216546967903984   0.282809893774764527106279958461
  26   0.064398731447770539679240542465   0.295673441698521537183194230234
  27  -0.786925475938430038091351845029   0.326003734879752696031470370025
  28   0.418337936382256289060423792035   0.363890215499095994116431941311
  29  -0.351705692002244408919600385989   0.467371540949439368428936992887
  30   0.657880377174799615888976321278   0.541039323122465945947829005141
  31   0.189191490152213987243151965839   0.564565176063451592358126854924
  32  -0.627543661887829194893758997924   0.575950598802437767738985461831
  33  -0.100928755942163932006585763331   0.625444074221870543194515669550
  34   0.432618020631949668660340799281   0.733738228567223208592854415526
  35  -0.359730196546952158629930346195   0.771178163212491637345835516775
  36   0.096854039464621517847060591933   0.846256128412585414573908994221
