   1   0.022880125519228383410066914348  -0.947800810405888036666699531077
   2  -0.080917201480189690036032796306  -0.944617532578370129706452392380
   3   0.130620011508677922363507314689  -0.938939798952603597118899211454
   4  -0.214928952807079856892344590748  -0.923393427307713624498146870932
   5   0.232721063467949772129402416306  -0.918973135175075301290089966498
   6  -0.314630301443742138960993914509  -0.894347611258202958486663984226
   7   0.339052341487306536294151355970  -0.885377538726733591650267516093
   8  -0.135624409671683035409471878222  -0.856350099615561617455783313896
   9   0.069236412078084171633050345541  -0.854875501439898919175098638232
  10  -0.410556849600930951297674206083  -0.854571793119567180631360525762
  11   0.433851338713112854522031278477  -0.842984514832077795767580444155
  12  -0.033316887548936827315415928897  -0.838540291445480545559537871645
  13   0.260960302518379143467771409233  -0.816925717716428710314812555966
  14   0.158276132343045729145558547555  -0.801434444516511958243769819284
  15  -0.224141751083902572512608113273  -0.800714346123048835212998942763
  16  -0.328146706557968096787385003177  -0.791384874587408229382907019168
  17  -0.479639255848967549580989279381  -0.777037029968239212888367530640
  18   0.549704115431339093980040918837  -0.772447578692355531214112189645
  19   0.349370715785256282942675673928  -0.762449877420649096061718843350
  20  -0.130383167025857984951886455837  -0.752636321719474560933280856057
  21  -0.579913096202877624992711037444  -0.750033784040576245982936233544
  22   0.450880099784324699201036571022  -0.740544094848895028107922666941
  23  -0.028075644903111776857830506513  -0.734826513549393489037035413805
  24   0.075437992879429652585502559566  -0.724945385458009643886718314271
  25  -0.401566383480810180857652449991  -0.708563349257058651290832006072
  26   0.630888415063904058010313148332  -0.707693213255566610966291480633
  27   0.176539399342380639330281392137  -0.699206897209231345244544529303
  28  -0.299101338160981375141563396106  -0.691683395538024933468434196928
  29   0.279562257639963085665705448769  -0.685556311862129408827100026394
  30  -0.196960674399048943650592260727  -0.672940312647978422342310205297
  31  -0.672139915134303427163198548533  -0.668638774551016561562192749373
  32   0.381154443587873055518393290786  -0.663587280869069201452053644800
  33  -0.094653152276302735556536311402  -0.655130504477897350446064763046
  34   0.509363633384949309645723872452  -0.652312279112559669514246289872
  35  -0.570659149002151994824017423566  -0.646600796985394118475470738053
  36   0.007654369846443472537519637923  -0.637320696307816278549819320795
  37   0.705075368037584854620707692477  -0.633812749742775394970263446112
  38  -0.468241253143277094358875713391  -0.628944444167061098253685930540
  39   0.109961891969189680631575587247  -0.619510888137735206653573878543
  40  -0.365845703894986110443354014941  -0.611054111746563355647584996790
  41   0.604695981860041931152450181263  -0.607204533331843301840809792501
  42   0.212269414091935888725631536572  -0.601701079967654134757328436292
  43  -0.263538181772239902349298065617  -0.593244303576482283751339554538
  44  -0.745122212328419203749271054248  -0.586037056638294485044650396914
  45   0.314576936214682096819687485897  -0.583891271797573062861082994041
  46  -0.161230659649493694255242116292  -0.575434495406401211855094112287
  47  -0.640484980488088287512617139358  -0.569734864302254709713014438142
  48   0.416884458337428304913743435221  -0.566081463627491990964837551790
  49  -0.058923137526747486161186166967  -0.557624687236320139958848670036
  50  -0.534730733390923277236115769156  -0.549167910845148288952859788282
  51   0.519191980460174513007799384546  -0.548271655457410919068592109538
  52   0.043384384595998721932869782358  -0.539814879066239068062603227784
  53   0.781736502277640732094201323569  -0.536412077936873054887803268730
  54   0.677929066310074585718835430547  -0.533577543091268638703055800867
  55  -0.432423211268177069142059819831  -0.531358102675067217056614346030
  56   0.145691906718744930026925731682  -0.522005070896157996166357785533
  57  -0.330115689145430861048003870506  -0.513548294504986145160368903779
  58   0.247999428841491138120981681007  -0.504195262726076924270112343282
  59  -0.806938485483276614727213100862  -0.497694843248138891171268884044
  60  -0.227808167022684652953947921182  -0.495738486334905073264123461528
  61  -0.703615762886860444028877523370  -0.487281709943733222258134579774
  62   0.350306950964237346215037630332  -0.486385454555995852373866901030
  63  -0.125500644899938444859891971857  -0.477928678164824001367878019276
  64  -0.601308240764114235934821574045  -0.469471901773652150361889137522
  65   0.452614473086983554309093579657  -0.468575646385914780477621458779
  66  -0.023193122777192236765836022532  -0.460118869994742929471632577025
  67  -0.499000718641368027840765624721  -0.451662093603571078465643695271
  68   0.555595380530624185893792010912  -0.451009962575532368211424975968
  69   0.079114399345553971328219926793  -0.442309061824661857575387134774
  70   0.762766410768618227032582182153  -0.434313331724734859304260082027
  71  -0.396693196518621819746709675396  -0.433852285433490006569398253020
  72   0.658958974801052080657216289131  -0.431478796879130443119512614164
  73   0.181421921468300179422275876117  -0.424499253654580785679141692522
  74  -0.294385674395875611652653726071  -0.416042477263408934673152810768
  75   0.283729443591046387516331825442  -0.406689445484499713782896250271
  76   0.860249860912990132817571206741  -0.398522337076624724043363163973
  77  -0.192078152273129403558597776746  -0.398232669093327862776907368517
  78  -0.794864485074497504016243109537  -0.394553014371198313861394026647
  79  -0.667885748137305194633527378935  -0.389775892702156011770918486763
  80   0.386036965713792595610387774767  -0.388879637314418641886650808020
  81  -0.089770630150383195464541827422  -0.380422860923246790880661926266
  82  -0.565578226014558986539471429610  -0.371966084532074939874673044512
  83   0.488344487836538803704443724092  -0.371069829144337569990405365768
  84   0.012536891972363012629514121903  -0.362613052753165718984416484014
  85  -0.463270703891812778445415480286  -0.354156276361993867978427602260
  86   0.590652009959285011798499673416  -0.353260020974256498094159923517
  87   0.114844414095109220723570071228  -0.344803244583084647088171041763
  88  -0.884317716348105776145686339686  -0.341807040452219035350321948433
  89  -0.360963181769066570351359530961  -0.336346468191912796082182160009
  90   0.694688989550615213136612957837  -0.333972979637556121308246556963
  91   0.217151936217855428817626020553  -0.326993436413003575191925599512
  92  -0.258655659646320362257303581636  -0.318536660021831724185936717758
  93   0.796996511673281707539203770104  -0.316163171467017138233224497215
  94  -0.734463255510496153332233183825  -0.310079883630659873179947836004
  95   0.319459458340601636911681969877  -0.309183628242922503295680157260
  96  -0.156348137523574154163247632311  -0.300726851851750652289691275507
  97   0.899511116358698890503814760539  -0.299531364517091712700862484315
  98  -0.632155733387749945238177234500  -0.292270075460578801283702393753
  99   0.421766980463347845005737919205  -0.291373820072841431399434715006
 100  -0.054040615400827946069191682987  -0.282917043681669580393445833255
 101  -0.529848211265003737144121285175  -0.274460267290497729387456951501
 102   0.524074502586094053099793868530  -0.273564011902760359503189272755
 103   0.048266906721918262024864266338  -0.265107235511588508497200391004
 104  -0.427540689142257529050065335850  -0.256650459120416657491211509250
 105   0.626382024709098203154589192220  -0.255754203732463804636176356906
 106   0.150574428844664470118920215663  -0.247297427341507436600954948753
 107  -0.916395993724175971888965391011  -0.243039624415677944105983961226
 108  -0.811959009420692729646212234396  -0.239404243675572105662400779560
 109  -0.325233167019511320956009386526  -0.238840650950335585594966066999
 110   0.730419004299734042972733105303  -0.236467162395818989313480398685
 111   0.252881950967410678212976164988  -0.229487619171426364704709506501
 112  -0.222925644896765112861953437201  -0.221030842780254513698720624747
 113   0.832726526422400537375323917570  -0.218657354225280006238458338937
 114  -0.698733240760940903936883039390  -0.212574066389082662692731742993
 115   0.355189473090156886307032114312  -0.211677811001345292808464064250
 116  -0.120618122774018904767897487876  -0.203221034610173441802475182496
 117  -0.596425718638194695842827090065  -0.194764258219001590796486300742
 118   0.457496995212903094401088063641  -0.193868002831264220912218621996
 119  -0.018310600651272696673841538552  -0.185411226440092369906229740245
 120   0.930251663304889998592551989189  -0.182980106209170565044951462891
 121  -0.494118196515448487748771140740  -0.176954450048920518900240858491
 122   0.559804517335649302495144012965  -0.176058194661183149015973179744
 123   0.083996921471473511420214410773  -0.167601418270011298009984297993
 124  -0.391810674392702279654715191415  -0.159144641878839447003995416239
 125   0.662112039458315231456730099109  -0.158248386490640917794337403573
 126  -0.867485793805058028816472738123  -0.151432797738714581242306590568
 127   0.186304443594219719514270360098  -0.149791610099930226113738855742
 128  -0.289503152269956071560659242091  -0.141334833708758375107749973988
 129   0.766148942948326380052181997039  -0.138961317267851820450372575014
 130  -0.765310748134131862635588844279  -0.132878057317586524101761092234
 131   0.288611965716965927608326309423  -0.131981801929849154217493413491
 132  -0.187195630147209863466603292766  -0.123525025538677303211504531737
 133  -0.663003226011385654541532894955  -0.115068249147505452205515649983
 134   0.390919487839712135702382258747  -0.114171993759768082321247971239
 135  -0.084888108024463655372547343441  -0.105715217368596231315259089485
 136  -0.560695703888639446447476945630  -0.097258440977424380309270207731
 137   0.493227009962458343796438208089  -0.096362185589687010425002528974
 138   0.017419414098282552721508605884  -0.087905409198515159419013647234
 139   0.896213699572201604232106563728  -0.084870803006653216662509017112
 140  -0.944540195952277562894466473297  -0.081815002171159722475117072777
 141  -0.458388181765893238353420996305  -0.079448632807343308413024765480
 142   0.595534689546381566544620950819  -0.078552245877338709377232302308
 143   0.119726936221028760815564555208  -0.070095601028434087522768204983
 144  -0.356080659643147030259365046980  -0.061638824637262236516779323229
 145   0.697842358005637608209882015940  -0.060742209605986137186619824301
 146   0.222034458343774968909620504533  -0.052285792858353015626522762731
 147  -0.843935329184804079615634912745  -0.049613933950269366280652416752
 148  -0.253773137520400822165309097656  -0.043829016467181164620533880977
 149   0.801878566326881424064998937104  -0.041455356613244124175512037872
 150  -0.729580733384576613240238699844  -0.035372240076009313614544999223
 151   0.324341980466521177003676453858  -0.034475984688271943730277320480
 152  -0.151465615397654614071253148331  -0.026019208297100092724288438726
 153  -0.627273211261830405146182750519  -0.017562431905928241718299556972
 154   0.426649502589267385097732403183  -0.016666176518190871834031878229
 155  -0.049158093274908405977197199006  -0.008209400127019020828042996475
 156  -0.524965689139084197052126801195   0.000247376264152830177945885279
 157   0.528957024712013593191788352524   0.001143631651890200062213564037
 158   0.948063191528667188542630480399   0.005105018933508585662351907227
 159   0.053149428847837802116858750319   0.009600408043062051068202445776
 160  -0.422658167016337988958070851870   0.018057184434233902074191327530
 161   0.631264511646403216766427001597   0.018953641958484291023031075565
 162  -0.947822129314205527407833510336   0.021979252310286192923555930511
 163   0.155456950970584010210914699643   0.027410216213143122964447888028
 164  -0.320350644893591780864014902545   0.035866992604314973970436769782
 165   0.733571981384192652222698956006   0.036763751048621559088240712841
 166  -0.796158240757767571938944504734   0.044323768995486824976425651536
 167   0.257764473093330218304970648968   0.045220024383224194860693330279
 168   0.853728058283347008375522853775   0.048520465326917678149348886467
 169  -0.218043122770845572769958953220   0.053676800774396045866682212033
 170  -0.693850718635021363844888555409   0.062133577165567896872671093787
 171   0.360071995216076426399026598293   0.063029832553305266756938772530
 172  -0.115735600648099364675903003896   0.071486608944477117762927654284
 173  -0.591543196512275155750832606084   0.079943385335648968768916536038
 174   0.462379517338822634493082547618   0.080839640723386338653184214782
 175  -0.013428078525353156581847054571   0.089296417114558189659173096536
 176  -0.489235674389528947656776656760   0.097753193505730040665161978290
 177   0.564828572281176557814819999215   0.098767702816275620921818706092
 178  -0.882202160177787291546805506345   0.102465512010230067559369335302
 179   0.088879443597393051512208894754   0.107106225284639261555418538787
 180   0.941817631076471242006771987421   0.108763165379358451860272335652
 181  -0.386928152266782739562720707435   0.115563001675811112561407420541
 182   0.667175052254992762687371948455   0.116610267266696461911715790961
 183   0.191186965720139259606264844078   0.124916033454720333451663981038
 184   0.785421473340658236533222872677   0.126739572988783361413101637180
 185  -0.284620630144036531468664758110   0.133372809845892184457652862792
 186  -0.760428226008212322543594360299   0.141829586237064035463641744546
 187   0.293494487842885467700320793403   0.142725841624801405347909423290
 188  -0.182313108021290323374608808785   0.151182618015973256353898305044
 189  -0.658120703885466114449538410974   0.159639394407145107359887186798
 190   0.395802009965631675794376742728   0.160535649794882477244154865541
 191  -0.080005585898544115280552859461   0.168992426186054328250143747295
 192  -0.555813181762719906355482461649   0.177449202577226179256132629049
 193   0.498109682852216592813222190625   0.178345402718956448338850106095
 194   0.022301936224202092813503089864   0.186802234356135400146389189546
 195  -0.453505659639973698261426512325   0.195259010747307251152378071300
 196  -0.927627558188340513585479326977   0.195849405511915456759343102204
 197   0.600558424906375259153935752071   0.196273579466521029368972950620
 198   0.124609458346948300907559039189   0.204612042526216472042634631798
 199   0.719024544211458346997895865127   0.206586089206858264236576715301
 200   0.924272543436174125559721579915   0.211116417646424126406087152000
 201  -0.351198137517227490167370563000   0.213068818917388323048623513552
 202  -0.827005733381403281242300165188   0.221525595308560174054612395306
 203   0.226916980469694509001614988514   0.222421850696297543938880074049
 204   0.821301590498936684326857356913   0.224570086333757082198533215690
 205  -0.248890615394481282073314613675   0.230878627087469394944868955803
 206  -0.724698211258657073148244215864   0.239335403478641245950857837557
 207   0.329224502592440717095670937838   0.240231658866378615835125516300
 208  -0.146583093271735073979258664350   0.248688435257550466841114398054
 209  -0.622390689135910865054188266539   0.257145211648722317847103279808
 210   0.431532024715186925189726887163   0.258041467036459687731370958552
 211  -0.044275571148988865885202715026   0.266498243427631538737359840306
 212  -0.520083167013164656960132317214   0.274955019818803389743348722060
 213   0.533839546837982298934173467136   0.275851275206258330091204563891
 214   0.058031950973757342208853234299   0.284308051597712610633605282557
 215   0.652407916862840843464459668742   0.286249401406682831693833874959
 216  -0.417775644890418448866076367889   0.292764827988884461639594164311
 217  -0.899085056081330358182846547361   0.300149825349259666020646132281
 218   0.160339473096503550302909183624   0.302117859767793682529850724808
 219   0.754730230105346356217364764767   0.304271230147996061278899154418
 220  -0.315468122767672240772020418565   0.310574636158965533535839606562
 221   0.895638427103734721909232833608   0.310936784965982805132312074803
 222   0.262646995219249758396965132949   0.319927667937874754426096167059
 223  -0.794776823385863013802917797372   0.320243960927378316653965205305
 224  -0.213160600644926032677964469240   0.328384444329046605432085048813
 225  -0.688968196509101823752894071429   0.336841220720218456438073930567
 226   0.364954517341995966491021082273   0.337737476107955826322341609311
 227  -0.110853078522179824583908519915   0.346194252499127677328330491065
 228  -0.586660674386355615658838122104   0.354651028890299528334319372819
 229   0.467262039464742174585077031598   0.355547284278036898218587051562
 230  -0.008545556399433616489852570590   0.364004060669208749224575933316
 231   0.585689038794447883244697383807   0.365827097146420132416065488230
 232  -0.484353152263609407564782172779   0.372460837060380600230564815070
 233   0.093761965723312591604203378734   0.381813868839289821120821375567
 234   0.821582937693259246034526424384   0.383736529732885978242072641885
 235   0.687971955517145157616373145298   0.383815878767231418180003070564
 236  -0.382045630140863199470726223454   0.390270645230461672126810257321
 237   0.196069487846058799698259328059   0.399623677009370893017066817819
 238  -0.858527928680129032488511476764   0.402218438197506111515829750831
 239  -0.279738108018116991376670274130   0.408080453400542744023055699573
 240  -0.755660396255115311720024433347   0.416441276266613207273019938093
 241   0.298377009968805007792315277384   0.417433485179451964913312260070
 242  -0.177430585895370783282614324805   0.425890261570623815919301141824
 243  -0.653238181759546574357543926993   0.434347037961795666925290023578
 244   0.400684532091551215886371226709   0.435243293349533036809557702321
 245  -0.075123063772624575188558375480   0.443700069740704887815546584075
 246  -0.550930659636800366263487977669   0.452156846131876738821535465829
 247   0.503910819158447054074247390126   0.452711502470299301474760559098
 248   0.027184458350121632905497573845   0.461509877910785959711792026327
 249   0.606694731528321022593555854828   0.467526552517240090808456292760
 250  -0.448623137514054158169432028344   0.469966654301957810717780908081
 251   0.129491980472867840999553523169   0.479319686080867031608037468578
 252   0.709457585816330112817865658102   0.485415022664205455114938259009
 253   0.813287486504964708987684494763   0.487250798505523859621389447928
 254  -0.346315615391307950075376079021   0.487776462472038882614026350342
 255   0.231799502595614049093609472494   0.497129494250948103504282910829
 256  -0.244008093268561741981320129695   0.505586270642119954510271792583
 257  -0.798576258335268456394436771296   0.511004731849986241526212241479
 258   0.334107024718360257187665421819   0.514939302421029175400528353081
 259  -0.141700571145815533887264180370   0.523396078812201026406517234835
 260  -0.696275811660010942080525151016   0.528855136887241980768976903144
 261   0.437333311785256095375541585236   0.532407511541795440065731209858
 262  -0.039393049023069325793208231045   0.541205886982282098302762677086
 263  -0.515200644887245116868137833234   0.549662663373453949308751558840
 264   0.539891948247946092734311442381   0.550124934292590098771621679091
 265   0.062914473099676882300847718280   0.559015695152363170199008119337
 266   0.642675860617820061253619907083   0.564939984339530888105317412753
 267   0.165221995222423090394903667604   0.576825503322444242095253561589
 268  -0.415417658381436693420790002588   0.578426772153893251438684549268
 269   0.746615931916600845744331768624   0.584282448366174858380510995483
 270  -0.311828573036066671532536867597   0.585728809353260086823759648748
 271  -0.611421877481187625377136697794   0.588720220235778391416975339953
 272   0.267529517345169298488959616929   0.594635311492525313991499003840
 273  -0.209521050913320463438480918270   0.603538617523341158720005090989
 274   0.370755804412065136676835780346   0.612103520613291578656701860617
 275  -0.105970556396260284491914035935   0.620901896053778236893733327845
 276   0.473063326534811344770891729671   0.629913328783372650552947302868
 277  -0.706527120033475696326051468445   0.632194040629169796414755866108
 278  -0.003663034273514076397858086610   0.638711704223859308789978770096
 279   0.575370984979526036111519286854   0.647722353841215934623335711715
 280  -0.529486424731688173578133640913   0.652521473614421620139129834231
 281   0.098644487849232131696197862715   0.656521512393940380686224212348
 282   0.678154897349400004630827751556   0.662537403888156723957031445377
 283  -0.370066460194648208825040336601   0.671846722769240528825471180159
 284   0.200944901618134245089989837790   0.675038353962648260708190378266
 285   0.304178297038874177978129975457   0.691799529684787717247672511376
 286  -0.172562839246594933521623051658   0.700585559465623936720588408608
 287  -0.633146352669867557301819054485   0.705673842827320234097271561777
 288   0.406485819161620386072185924782   0.709609337854868789143917953627
 289  -0.275452111560391684248455377284   0.714650266810203443073025635309
 290  -0.457701600211291232137660657803   0.727561178561383593852205753782
 291  -0.073148689450853549974046335125   0.731570497889704974003839621074
 292   0.030581881704630403745730485667   0.736748962853428894315351314502
 293   0.577964872829731843177718116590   0.751536081718466571289330926661
 294   0.132889403827376611839786434992   0.754558771023509966211596756753
 295  -0.552169364774835359819111245794   0.770687270528058335100710625959
 296  -0.365638849796277111256296910797   0.775607701182423595577370443644
 297   0.479231240199576957605846140951   0.783718190686104253697779321471
 298   0.323057512060123762326800748538   0.793915119043772055140124909891
 299  -0.168130947783610915252974582090   0.804337073613667196311561442369
 300   0.220511209337104139523287101072   0.810294195568109731522098568915
 301  -0.271020220097407665979806907716   0.818401780958246702663998669070
 302  -0.451882314264476302393645650005   0.833453039684966347083805253993
 303   0.026124490913160043354180625029   0.840499384622612110093944346152
 304  -0.076857675860273076036579122196   0.853866945230295880891787690476
 305   0.405592248327415917157690072183   0.856939206972434857365791622895
 306   0.128432013035906251448236574354   0.858309192792693181990189788403
 307  -0.355390295164283074618306766047   0.878946878060828838950262232970
 308   0.307977157183648849934463783082   0.896660441305911418258229191667
 309  -0.239463317019752630538367258873   0.917337013398964086546865633891
 310   0.208062767319354350943162467372   0.924964735114396659659558845525
 311  -0.137698550063981675984044018901   0.938023979256453175820834481460
 312   0.071800051720550322058837647318   0.945354234624651197287140376355
 313  -0.032023155839919828596072335029   0.947535959127613253710373108692
