   1   0.027777329771476085139847100430  -0.949860232657859955720458561283
   2  -0.085509558824638590564008811952  -0.946411198678297999440781892526
   3   0.132406610171375246274558321295  -0.940995229474936171767119728589
   4   0.243333545110479571338054534636  -0.918583054197084227880161185870
   5  -0.264370095504767493160505058773  -0.912751058195430026490790925369
   6  -0.167512612190491991700071831910  -0.890114993201860669016727962772
   7  -0.358331434475726389086868703414  -0.880116256355173445224163744942
   8  -0.026378517985835784965428136291  -0.866428178469705675423704474913
   9   0.072953684309681626191454265152  -0.861243865642468217138388943041
  10   0.413927911140611258095925654019  -0.855376949661871240880297207358
  11   0.171730290548816831400514700723  -0.849541491001093529636634587395
  12   0.314649703968379999284551064514  -0.849244976648575835282404676298
  13  -0.448366723887443079555746065129  -0.837838482372657883978681773789
  14  -0.281397516223072461886028464985  -0.814751923219400304408324783677
  15   0.501072636800641888499972551423  -0.807423218816333765614193817010
  16  -0.184540032908796960425595238123  -0.792115858225830946934261821080
  17  -0.533489494303240052268690561666  -0.786380951639948089758067209970
  18  -0.085198638171029582522920222689  -0.785930629980086991405562747895
  19   0.015541810234363247885478931943  -0.776225908020015564083163611376
  20   0.114760589207672194411581922254  -0.767993723443014604253792162327
  21   0.215758026786854404495103963401  -0.760348879456627323300609887314
  22   0.413940283934615331163341102138  -0.755909551187385029820117196026
  23   0.582727372424666476943044405479  -0.750622975308590745556888640667
  24   0.314662076762384072351966512633  -0.749777578174089624222224664966
  25  -0.348268721211895150512391002737  -0.741117655003364444528060023233
  26  -0.447613973239606587475945637354  -0.736189733340152871436379724936
  27  -0.251411237897619649051957775875  -0.718481590009795087053997060637
  28  -0.140395574463782121665443350287  -0.702980958770204637363016712715
  29  -0.578411356519491570903511769226  -0.697635304944505233839139939908
  30  -0.041282886531630028770509559133  -0.694588187879009871372953940462
  31   0.057829801400522064124424232020  -0.686195416987815105382891168195
  32   0.657997469907709860025503291125  -0.685598549611308347632953627763
  33   0.156952191529004504979005586627  -0.677918020803918864159902129178
  34   0.467795952098425666037206650024  -0.672283415804971241944545245204
  35  -0.673942644944438632026992718778  -0.669930856849698707771855356424
  36   0.256055036312882573443878463400  -0.669409808999384093894965600191
  37   0.368517744926194407225832060519  -0.666151442791675836346652714144
  38  -0.393190583428146669147212210297  -0.652372008307921588609132753171
  39   0.564878443526462036926267438055  -0.650632702872287065269460684234
  40  -0.492535835455858106110766844914  -0.647444086644710015517452454874
  41  -0.296333100113871167686778983435  -0.629735943314352231135069790574
  42  -0.197220399041861041816674859569  -0.621343327594142141515650326155
  43  -0.098107724249566981896911401129  -0.612950401531962699154944246054
  44   0.001004963682585110998022390024  -0.604557630640767933164881473801
  45   0.100117651614737203892956181177  -0.596164859749573167174818701533
  46   0.686935440392708935377428785242  -0.590433653895621380490931298372
  47   0.199230339546889296787889972330  -0.587772088858378401184755929273
  48  -0.749437209843520535009232434762  -0.584242000370080239633851875758
  49   0.298343027479041389682823763483  -0.579379317967183635194693157013
  50   0.496733922583424741389132144141  -0.577118520089284274802522915814
  51  -0.650540253454731290019158879955  -0.573255670866268985340964419706
  52   0.397455715411193482577757554636  -0.570986547075988869204630384753
  53  -0.551176886243888832638304057675  -0.567098240271749791008468929313
  54  -0.452270484812016537237701265659  -0.556490994064541304414922891916
  55   0.593816414011461112278192932172  -0.555467807156600098127438354844
  56  -0.353157796879864444342767474506  -0.548098223173346538424860119657
  57   0.776672655713183716995894704605  -0.547526828111196364003949024070
  58  -0.254045108947712351447833683353  -0.539705452282151772434797347396
  59  -0.154932421015560258552899892200  -0.531312681390957006444734575136
  60  -0.055819733083408165657966101047  -0.522919910499762240454671802876
  61   0.043292954848743927236967690106  -0.514527139608567474464609030616
  62   0.142405642780896020131901481260  -0.506134368717372708474546258356
  63  -0.808746010507621061978143341743  -0.498934797465644862622490731105
  64   0.241518330713048113026835272413  -0.497741597826177942484483486096
  65  -0.709449362952934911770810591978  -0.493109053155370485252530883468
  66   0.340631018645200205921769063566  -0.489348826934983176494420713836
  67  -0.608207869510161906788623547884  -0.483246044814730377694775993258
  68   0.439743706577352298816702854719  -0.480956056043788410504357941575
  69  -0.509095181578009813893689756731  -0.474853273923535611704713220999
  70   0.538856394509504391711636645872  -0.472563285152593644514295169315
  71  -0.409982493645857720998755965576  -0.466460503032340845714650448739
  72   0.638133826404558319651254055828  -0.466418773073414179779433701324
  73  -0.310869805713705628103822174423  -0.458067732141146079724587676479
  74   0.737082908320543841658474581924  -0.456277634066781826573323940850
  75   0.836450001337635907350879712727  -0.450949737014745928189670555664
  76  -0.211757117781553535208888383270  -0.449674961249951313734524904218
  77  -0.112644429849401442313954592117  -0.441282190358756547744462131958
  78  -0.013531741917249349419020800964  -0.432889419467561781754399359698
  79   0.085580946014902743475912990189  -0.424496648576367015764336587438
  80   0.184693633947054836370846781342  -0.416103877685172249774273815178
  81  -0.764142929298928250560013616393  -0.410028506017519508329714563977
  82   0.283806321879206929265780572495  -0.407711106793977483784211042918
  83  -0.665032566276155183444612038953  -0.401608324673724684984566322338
  84   0.382919009811359022160714363648  -0.399318335902782717794148270658
  85  -0.862885132183679327964914381487  -0.398039307469038075245015268084
  86  -0.565919878344003090549678247800  -0.393215553782529918994503550081
  87   0.482031697743511115055648154802  -0.390925565011587951804085498398
  88  -0.466807190411850997654744456647  -0.384822782891335153004440777821
  89   0.581272128419506700710300907599  -0.382592906531382243442466959531
  90  -0.367694502479698904759810665494  -0.376430012000140387014378005561
  91   0.680400610659344432923212023291  -0.374388419736070986045692973164
  92  -0.268581814547546811864876874340  -0.368037241108945621024315233301
  93   0.782153795037528596410987417923  -0.367607578902070326942137731530
  94  -0.169469126615394718969943083187  -0.359644470217750855034252461041
  95   0.880968467041308596079277946440  -0.356231107166350572618888154042
  96  -0.070356438683242626075009292034  -0.351251699326556089044189688781
  97   0.028756249248909466819924499119  -0.342858928435361323054126916521
  98   0.127868937181061559714858290272  -0.334466157544166557064064144260
  99   0.226981625113213652609792081425  -0.326073386652971791074001372000
 100  -0.723747847397392022580950650735  -0.319098251476979560953909842088
 101   0.326094313045365745504725872578  -0.317680615761777025083938599740
 102  -0.622744575109996367205666738870  -0.311577833641524226284293879160
 103   0.425207000977517838399659663731  -0.309287844870582259093875827480
 104  -0.523631887177844274310732947717  -0.303185062750329460294231106903
 105   0.524319688909669931294593454884  -0.300895073979387493103813055220
 106  -0.856135725264908951956724695162  -0.298801164506701724029877910902
 107  -0.424519199245692181415799156564  -0.294792291859134694304168334643
 108   0.623432396349066788594773082951  -0.292502533458140059011276580080
 109  -0.325406511313540088520865365411  -0.286399520967939928314105562383
 110   0.722545084281218881489706874104  -0.284109762566945293021213807820
 111  -0.226293823381387995625931574258  -0.278006750076745162324042790123
 112   0.821708817510849642418965725585  -0.276343326812310010457395427065
 113  -0.127181135449235902730997783105  -0.269613979185550396333980017863
 114  -0.028068447517083809836063991952  -0.261221208294355630343917245603
 115   0.071044240415068283058869799202  -0.252828437403160864353854473343
 116   0.917199286837895703799505755703  -0.248498510776488753557546127819
 117   0.170156928347220375953803590355  -0.244435666511966098363791701083
 118  -0.778839577924803653526315292124  -0.236198695555828980572772596025
 119   0.269269616279372468848737381508  -0.236042895620771332373728928823
 120  -0.679569271875989643861655229941  -0.229940113500518533574084208242
 121   0.368382304211524561743671172661  -0.227650124729576566383666156563
 122  -0.923168316582263885100675784608  -0.225313783184132300722176650670
 123  -0.580456583943837550966721438788  -0.221547342609323767584021435978
 124   0.467494992143676654638604963814  -0.219257353838381800393603384303
 125  -0.481343896011685458071787647634  -0.213154571718129001593958663726
 126   0.566607680075828747533538754967  -0.210864582947187034403540612042
 127  -0.382231208079533365176853856481  -0.204761800826934235603895891466
 128   0.665720387515225604833718383034  -0.202472042425939600311004136903
 129  -0.283118520147381272281920065328  -0.196369029935739469613833119206
 130   0.766593223321938789757692798181  -0.193101539554964138419036624859
 131  -0.184005832215229179386986274175  -0.187976259044544703623770346945
 132  -0.084893144283077086492052483022  -0.179583488153349937633707574685
 133   0.014219543649075006402881308131  -0.171190717262155171643644802425
 134   0.113332231581227099297815099284  -0.162797946370960405653582030165
 135  -0.845874650876500691818858864307  -0.162708250248664207746613295386
 136   0.212444919513379192192748890437  -0.154405175479765639663519257905
 137   0.892891644440763751937032440314  -0.152046957997586295332912421817
 138   0.311557607445531285087682681590  -0.146012404588570873673456485645
 139  -0.748715879764917091103494623378  -0.141402459757458272125820194788
 140  -0.637282909089328470833157628317  -0.139908857605759464362176860992
 141   0.410670295377683377982616472744  -0.137619633697376107683393713385
 142  -0.538168592777679506848017197314  -0.131516851577122946213129753144
 143   0.509782983309835470877550263897  -0.129226862806181341693330941125
 144  -0.941662969896262565329424609506  -0.127580926318269370350315107606
 145  -0.439055904845526641832842347552  -0.123124080685928542893686220548
 146   0.608895671241987563772484055050  -0.120834091914986575703268168865
 147  -0.339943216913374548937908556398  -0.114731309794733776903623448288
 148   0.708008378681384421072663683116  -0.112441551393739141610731693725
 149  -0.240830528981222456042974765245  -0.106338538903539010913560676028
 150   0.806927094624332392397140087279  -0.102008376011017727072070103521
 151  -0.141717841049070363148040974092  -0.097945768012344244923497903768
 152  -0.042605153116918270253107182939  -0.089552997121149478933435131508
 153   0.056507534815233822641826608214  -0.081160226229954712943372359248
 154   0.155620222747385915536760399367  -0.072767455338759946953309586987
 155   0.947752318059997182862768792958  -0.069076662093496629481805815463
 156  -0.815746621133802165274319128882  -0.067913391019952199226505380644
 157   0.254732910679538008431694190520  -0.064374684447565180963246814727
 158  -0.694106426291542317952610507717  -0.058266600444478477685639434098
 159   0.353845598611690101326627981673  -0.055981913556370414973184042467
 160  -0.594993289543672083361915691296  -0.049879131436116766162486169138
 161   0.452958286543842194221561772826  -0.047589142665175648983121270207
 162  -0.495880601611519918488830838622  -0.041486360544922850183476549630
 163   0.552070974475994287116495563979  -0.039196371773980882993058497947
 164  -0.396767913679367825593897047469  -0.033093589653728084193413777370
 165   0.651183821930970337165172739522  -0.030803675811979453775829935107
 166  -0.949840316013015154854516194707  -0.028450232167289651515086711388
 167  -0.297655225747215732698963256316  -0.024700818762533318203351005110
 168   0.861787768243565823322876439923  -0.019038080106928061220963497167
 169  -0.198542537815063639804029465163  -0.016308047871338552213288232850
 170   0.761065220628928931743970911382  -0.013744838658394083705105894889
 171  -0.099429849882911546909095674010  -0.007915276980143786223225460590
 172  -0.000317161950759454014161882856   0.000477493911050979766837311670
 173   0.098795525981392638880771908297   0.008870264802245745756900083930
 174  -0.761137167660427392123435013221   0.015222468293027595213675380047
 175   0.197908213913544731775705699450   0.017263035693440511746962856190
 176  -0.862177195452814731833315334452   0.020052314120033486194725881113
 177   0.297020901845696824670639490603   0.025655806584635277737025628450
 178   0.949780870366885746746610638151   0.030370049706876490648674691749
 179  -0.652430196471776788740557704611   0.032048710441208782837967339973
 180   0.396133589777848917565573281756   0.034048577475830043727088400710
 181  -0.552705310809729812479036494913   0.040151365435587210605363220313
 182   0.495246277710001010460507072909   0.042441348367024809717151172970
 183  -0.453592610445361102249885538539   0.048544130487277608516795893547
 184   0.594358965642153103355440864062   0.050834119258219575707213945231
 185  -0.354479922513209009354951747386   0.056936901378472374506858665807
 186   0.693471653574305196250374655215   0.059226890149414341697276717489
 187  -0.255367234581056916460017956233   0.065329672269667140496921438067
 188   0.815925894248162362669707264026   0.069225457245695582146000711465
 189  -0.947610760040674055370927043149   0.070992176253536779255641915465
 190  -0.156254546648904823565084165080   0.073722443160861906486984210327
 191  -0.057141858716752730670150373927   0.082115214052056672477046982588
 192   0.041970829215399362224783417226   0.090507984943251438467109754848
 193   0.141083517147551455119717208379   0.098900755834446204457172527108
 194  -0.807567741979439958682431218791   0.103188173433013280634906641804
 195   0.240196205079703548014650999532   0.107293526725640970447235299368
 196  -0.708697547795086052870135475656   0.114071565106402803365222937978
 197   0.339308893011855640909584790686   0.115686297616835736437298071628
 198  -0.609529996302454441987777452959   0.121789093423455566792081879720
 199   0.438421580944007733804518581839   0.124079068508030502427360843888
 200   0.941403171899442126422378327815   0.129484012803691694679768596602
 201  -0.510417307211354378905874029610   0.130181850628283301227005564465
 202   0.537534268876159826699452372992   0.132471839399225268417423616148
 203  -0.411304619279202286010940238456   0.138574621519478067217068336725
 204   0.636646956808311919594386164147   0.140864610290420034407486388407
 205   0.748332327193538627176111007859   0.142197186053504007548383323843
 206  -0.312191931347050193116006447303   0.146967392410672833207131108985
 207  -0.893001306567299282220042927488   0.154128035566516573695822676156
 208  -0.213079243414898100221072656150   0.155360163301867599197193881245
 209  -0.113966555482746007326138864997   0.163752934193062365187256653505
 210   0.845803992072012450072141307865   0.164099388242554239588780370281
 211  -0.014853867550593914431205073844   0.172145705084257131177319425765
 212   0.084258820381558178463728717309   0.180538475975451897167382198025
 213   0.183371508313710271358662508462   0.188931246866646663157444970285
 214  -0.767206337917338528158639942870   0.194659843853513913151590909687
 215   0.282484196245862364253596299615   0.197324017757841429147507742546
 216  -0.666409556628927236631190175574   0.204102056138603262065495381155
 217   0.381596884178014457148530090768   0.205716788649036195137570514806
 218  -0.567242005136295625748832152876   0.211819584455656025492354322898
 219   0.480709572110166550043463881921   0.214109559540230961127633287066
 220  -0.468129316045195562666928729527   0.220212341660483759927278007642
 221   0.579822260042318642938397673075   0.222502330431425727117696059326
 222   0.922711012705122510670570700368   0.227179287495062852867911300822
 223  -0.369016628113043469771994938374   0.228605112551678525917340779903
 224   0.678934947974470735833331464228   0.230895101322620493107758831586
 225  -0.269903940180891376877061147221   0.236997883442873291907403552163
 226   0.778210425017388714578545051698   0.237071117050362664991162982659
 227  -0.170791252248739283982127356068   0.245390654334068057897466324423
 228  -0.916583729486001411063561311739   0.250759463381962444096222811199
 229  -0.071678564316587191087193564914   0.253783425225262823887529096683
 230   0.027434123615564901807740226239   0.262176196116457589877591868943
 231   0.126546811547716994702674017392   0.270568967007652355867654641203
 232  -0.821010560637633409743981366179   0.278319087992061790346431401283
 233   0.225659499479869087597607808545   0.278961737898847121857717413463
 234  -0.721893245175145340589836073028   0.286657030656644991493729885017
 235   0.324772187412021180492541599698   0.287354508790041887847780185723
 236  -0.622725693682513729707478050330   0.294374558973697754920588826760
 237   0.423884875344173273387475390851   0.295747279681236653837842957983
 238   0.855117445650498775176974444201   0.300151016302871278270293913199
 239   0.522997563276325366282409182004   0.304140050572431419827905730243
 240  -0.425841324879036746427983429444   0.310242832692684218627550450820
 241   0.622110251208477459177342973157   0.312532821463626185817968502504
 242  -0.525233890480794311879547510741   0.314100476464285227349781628780
 243  -0.326728636946884653533049638291   0.318635603583878984617613223080
 244   0.723256672501437564707991579875   0.320005481549188752966512556980
 245  -0.227615949014732560638115847138   0.327028374475073750607675995340
 246  -0.128503261082580467743182055985   0.335421145366268516597738767600
 247  -0.029390573150428374848248264832   0.343813916257463282587801539861
 248   0.069722114781723718046685526321   0.352206687148658048577864312121
 249  -0.879705991348415718366926715518   0.359337460362509805624846270793
 250   0.168834802713875810941619317475   0.360599458039852814567927084381
 251   0.267947490646027903836553108628   0.368992228931047580557989856641
 252  -0.780735541794436076172208625952   0.369267899801498602851618892679
 253  -0.679692568381194813343315508065   0.376728482240933221745311588942
 254   0.367060178578179996731486899781   0.377384999822242346548052628901
 255   0.466172866510332089626420690934   0.385777770713437112538115401161
 256   0.565285554442484182521354482087   0.394170541604631878528178173421
 257  -0.582058587246787588535536001811   0.395738196605290920059991299698
 258   0.862274407095720191486333286242   0.399360599586140175742569342422
 259  -0.383553333712877930189038129361   0.400273323724884677327822893998
 260   0.664398242374636275416288273240   0.402563312495826644518240945681
 261  -0.482945899314635495640602210658   0.404130967496485686050054071958
 262  -0.284440645780725837294104338208   0.408666094616079443317885666258
 263   0.763500132425764560830093931528   0.411082637625338597701789741769
 264  -0.185327957848573744399170547055   0.417058865507274209307948438518
 265  -0.086215269916421651504236755902   0.425451636398468975298011210778
 266   0.012897418015730441390697035251   0.433844407289663741288073983038
 267   0.112010105947882534285630826404   0.442237178180858507278136755298
 268   0.211122793880034627180564617557   0.450629949072053273268199527558
 269  -0.835844098610407762628960647398   0.452073759968693737626118789450
 270  -0.736517265147188089999303999135   0.458366202381938914455521259859
 271   0.310235481812186720075498408710   0.459022719963248039258262299819
 272   0.409348169744338812970432199863   0.467415490854442805248325072079
 273   0.508460857676490905865365991017   0.475808261745637571238387844339
 274  -0.638883284012780865191524492881   0.477375916746296612770200970616
 275   0.607573545608642998760299782170   0.484201032636832337228450616599
 276  -0.539770596080628772296590701728   0.485768687637491378760263742876
 277  -0.341265342546719113950092829279   0.490303814757085136028095337176
 278   0.708749174905312540952138040926   0.494125374592287800620454322442
 279  -0.440657908148476679401656910575   0.494161458528686144750326515136
 280  -0.242152654614567021055159038125   0.498696585648279902018158109436
 281   0.808052224957235194563030436463   0.500052003056192724518385946020
 282  -0.143039966682414928160225246972   0.507089356539474668008220881696
 283  -0.043927278750262835265291455819   0.515482127430669433998283653956
 284   0.055185409181889257629642335334   0.523874898321864199988346426216
 285   0.154298097114041350524576126487   0.532267669213058965978409198476
 286   0.253410785046193443419509917640   0.540660440104253731968471970736
 287   0.352523456728650341707819585100   0.549053402890872169344685379914
 288  -0.774802222131028629727331750915   0.550170481046463765551732662531
 289   0.451636160910497629209377499946   0.557445981886643263948597515256
 290  -0.596595292846622048952579192799   0.567406407778497071470473413793
 291   0.550545709883199387511548073047   0.567966625705155846419786392694
 292   0.649814838026878582409864542624   0.574253443638456087713301297079
 293  -0.497482604914469956057645401646   0.575799178669691837460536186053
 294  -0.298977351380560297711147529196   0.580334305789285594728367780353
 295  -0.398369916982317863162711610493   0.584191949560886603450598958313
 296   0.748674949816270832166770216976   0.585228042007285846591171628330
 297  -0.199864663448408204816213738043   0.588727076680480360718430552613
 298  -0.100751975516256111921279946890   0.597119847571675126708493324873
 299  -0.689872972677194822828822262672   0.601946789331013401903720013537
 300  -0.001639287584104019026346155737   0.605512618462869892698556097134
 301   0.097473400348048073868587635417   0.613905389354064658688618869394
 302   0.196575133344295038247455161028   0.622426541242678601389233010016
 303   0.295698601901194755145233054809   0.630691013011495193459392574103
 304   0.491979802442067578668898136511   0.648364374417200234839647079917
 305   0.392622419647011414532210618972   0.653041338869163777308756880301
 306  -0.554907076062850754379421073586   0.657716186284246617100086936296
 307  -0.455745728618536301327895160863   0.666086479379294318650893296107
 308  -0.256689360214401481472202229113   0.670364796821486053428640223531
 309   0.672864997443369622871799332009   0.671013216598310653049616025432
 310  -0.356081925816159046923766310410   0.674222440593087062150871401491
 311  -0.157576672282249388577268437960   0.678757567712680819418702995791
 312  -0.058463984350097295682334646807   0.687150338603875585408765768051
 313  -0.650082083917098962271012902798   0.693108451689978369405042456961
 314   0.040308194965954051918694354547   0.698890019414104270568598751203
 315   0.577475083413313164726323951741   0.699200586353339080998658683975
 316   0.139644732841126134362930663575   0.703990583632184034176177114826
 317   0.249898350269735810242818899997   0.718986542133095090864475538159
 318   0.446188465091176154615433904099   0.736853284842526853659586035565
 319   0.346822168015552469629796464160   0.741336867990763674713839844357
 320  -0.574070340767400708691394709008   0.757264343202079998953685811156
 321  -0.408455785320726973637903528251   0.758784502730691258235947044412
 322  -0.225296730614658739674715261848   0.764748409377806492022720926925
 323  -0.126184042682506646779781470695   0.773141180269001258012783699185
 324  -0.027071354750354553884847679542   0.781533951160196024002846471445
 325   0.531769428790724443373869343683   0.787545120128151020644136262274
 326   0.084218300812280382222710253964   0.788140599899234290379036024115
 327   0.183659086582222655783529429076   0.793189799868213125999938713909
 328  -0.318135871094795263039394681296   0.800450755341030382674282259860
 329  -0.491768810031409765236015910458   0.813123286540465763013019596549
 330   0.280582904328039315170506993240   0.815540125725881709849303020108
 331   0.446534391085548544128355890698   0.838816475286421374964903584568
 332  -0.402239413550055473870687257184   0.860926634313094912436017008503
 333  -0.083896051516347830540836170612   0.863171671301201716713056142363
 334  -0.214196930390374400946042255263   0.863594542065682706364194940327
 335   0.022105890144022836400577439828   0.867994127524616459958361615583
 336   0.356406910293784711946908701319   0.880897358339162732191751395282
 337   0.165450648198884558841618651608   0.890976385267277108272270672526
 338  -0.307036070870510924310721674711   0.899296888028906597015756273263
 339   0.262374465944701218228596215771   0.913326711124945692121634978725
 340  -0.148802569970596445426192386126   0.938543465591350715998135775406
 341   0.083012489670617523262586439147   0.946633492008793652224527757805
 342  -0.034718806621970440255411051243   0.949631847665622152668571286501
