   1   0.052743840647519986807546307262  -0.945376732993397061357307393250
   2  -0.053562319849493822498257134431  -0.945330713509224908816390165987
   3   0.158385142743336392944401459369  -0.933505879236811607454089552542
   4  -0.208308634019113854733720102357  -0.923648522439467026680967326483
   5   0.262029933180445812373369514064  -0.909867789367758003485258124099
   6  -0.310533792692154025102617713306  -0.894476295721550157643226340077
   7  -0.120932438927932008777494716367  -0.863097697434373064106856065309
   8   0.399694111049814992608663883241  -0.858349402984366210996082620045
   9  -0.409211663945462451725169439245  -0.853616310171807610902698946107
  10   0.094634822440973708760590249982  -0.847672344546458243339155482033
  11  -0.013845570633131712839455596008  -0.831334022510605206680408416315
  12   0.198317736450318421745504724564  -0.824202039479403562191155389504
  13  -0.217059089148040314974141950856  -0.817703105301931401266697927089
  14   0.303941032760151745091597098526  -0.812172028920184046457327465456
  15   0.493393198271473188853109676909  -0.808135033215963536070031135581
  16  -0.503606181525760020574689511980  -0.801810385278566336437887115272
  17  -0.319284247821080485343039561804  -0.788530878584014532228956940683
  18  -0.125523772626321131769602081506  -0.756890722464365471651421448681
  19   0.391563060984180238304640202006  -0.751977493891517723797531599469
  20   0.053960858639222490197838916562  -0.749455082590814141064443140115
  21   0.581921831634119727351073340123  -0.746883178398246466508406330380
  22  -0.415222610818599692513637375661  -0.742739696214850704395605729313
  23  -0.590312496527174545107418818249  -0.740304151315777967979507728891
  24   0.240711089853155941736070285341  -0.726714576364026991986603063431
  25  -0.225218141756230396602934756197  -0.711710503022590370772646545193
  26   0.485455514597714555782246060464  -0.702125622995431092825980904233
  27  -0.038135177633201109484398341568  -0.696357794709810092316972800103
  28   0.141349453632342512483042656499  -0.688922154836258761729994491538
  29  -0.327443300429270566971832367145  -0.682538276304673501734905558787
  30  -0.501928925820014217046366681930  -0.681233462252062335937226342932
  31   0.662074109023163229008258493178  -0.676859356333920522615490860093
  32   0.328876713747945108183939686814  -0.666120497976287035765424242909
  33  -0.134252528330654196033363615821  -0.650943515322016241258298430123
  34   0.049253417359918912800805398370  -0.635824866955254712982524151526
  35  -0.598376746123293806026515314836  -0.634304293976905699459005354718
  36  -0.704666346544281243339111497342  -0.632427402995359361650199820613
  37   0.565148520591652680919803455436  -0.631769197041152226784618690525
  38   0.232759363050492021634974412561  -0.620706218588493184706749872929
  39  -0.413875824718680391416497904264  -0.620647884300983918475398338739
  40   0.422513071376391087731148662824  -0.613897106449886421764998407415
  41  -0.230369879028107282582328890074  -0.605529235934222390199624060142
  42  -0.046863933337534173748159875883  -0.590410587567460861923849781545
  43   0.136642012353038935086009138308  -0.575291939200699333648075502948
  44  -0.509993175416133477965463178517  -0.575233604913190067416723968759
  45   0.652167155744453480751000305323  -0.570705631688697382537030477903
  46   0.758404128045664360716996197176  -0.566870583621001874010277883845
  47   0.320147958043612043920178152498  -0.560173290833937805372301224351
  48  -0.326487229725560369131294164327  -0.560114956546428539140949690162
  49  -0.771118142651220798686287984899  -0.549450534703217148851448987863
  50   0.503653903734185152754347166689  -0.545054642467176277096526945754
  51  -0.142981284034987260297125150136  -0.544996308179667010865175411565
  52  -0.638099795010355284619837000137  -0.532315545205832165067914372539
  53   0.040524661655585848537043864055  -0.529877659812905482589401132967
  54   0.224030607346158957371212878245  -0.514759011446143954313626854370
  55  -0.422604580423013455680259438580  -0.514700677158634688082275320181
  56   0.407536553036732066205381892436  -0.499640363079382426037852575773
  57  -0.239098634732440346846090424389  -0.499582028791873159806501041584
  58  -0.055592689041867238011921410198  -0.484463380425111631530726762987
  59   0.591587788798666401582915657566  -0.483349222777516385901885741082
  60   0.817168519044578800720054883645  -0.478283066283983752048402242763
  61   0.697530341572023998176276114975  -0.474564156512875953201968459687
  62   0.127913256648705870822247603993  -0.469344732058350103254952484390
  63  -0.518721931120466542229224712833  -0.469286397770840837023600950201
  64  -0.715148998381618383511074505588  -0.459071019506806552490513556095
  65  -0.828377801041784593303691050226  -0.458594916265242769159935833885
  66   0.311419202339278979656416618183  -0.454226083691588574979178205793
  67  -0.335215985429893433395055698642  -0.454167749404079308747826671603
  68   0.494925148029852088490585632374  -0.439107435324827046703403927196
  69  -0.151710039739320324560886684451  -0.439049101037317780472052393006
  70   0.031795905951252784273282329740  -0.423930452670556252196278114409
  71  -0.614839281817919628778189987085  -0.423872118383046985964926580220
  72   0.215301851641825893107451343930  -0.408811804303794723920503835812
  73  -0.431333336127346519944020972895  -0.408753470016285457689152301623
  74   0.398807797332399001941620358121  -0.393693155937033195644729557215
  75  -0.247827390436773411109851958704  -0.393634821649523929413378023026
  76   0.759419767149583290471226794014  -0.388130940217926403026069700144
  77   0.865632155521052630939849831358  -0.383666588771417379733472685170
  78  -0.064321444746200302275682944513  -0.378516173282762401137603744429
  79   0.593457538771974542965825394896  -0.377059496498599395781143090838
  80  -0.768339971929255696430982468367  -0.367029060539907491623434606895
  81   0.119184500944372806558486069677  -0.363397524916000872861829465832
  82  -0.527450686824799606492986247148  -0.363339190628491606630477931642
  83  -0.874563810587502645668059526419  -0.362846002075517619655196693839
  84   0.302690446634945915392655083868  -0.348278876549239344586055187234
  85  -0.343944741134226497658817232957  -0.348220542261730078354703653045
  86   0.486196392325519024226824098059  -0.333160228182477816310280908637
  87  -0.160438795443653388824648218766  -0.333101893894968550078929374448
  88   0.023067150246919720009520795424  -0.317983245528207021803155095851
  89  -0.623568037522252693041951521401  -0.317924911240697755571803561662
  90   0.680846133765094565251029134833  -0.316526568744044016446694442261
  91   0.206573095937492828843689809615  -0.302864597161445493527380817254
  92  -0.440062091831679584207782507210  -0.302806262873936227296029283065
  93   0.390079041628065937677858823806  -0.287745948794683965251606538657
  94  -0.256556146141106475373613493019  -0.287687614507174699020255004468
  95   0.903184132856302168019196344484  -0.284213831767789331177556480862
  96   0.782000578847036316682461399555  -0.280944045943638881463809681001
  97   0.573584987318639046512027837996  -0.272627300427922436975832260060
  98  -0.073050200450533366539444478829  -0.272568966140413170744480725870
  99  -0.719685388219705779590916795654  -0.272510631852903904513129191681
 100  -0.825909226877952728827993853706  -0.268327573388514032544891278625
 101   0.110455745240039742294724535362  -0.257450317773651642468706447273
 102  -0.536179442529132670756747781463  -0.257391983486142376237354913084
 103   0.293961690930612851128893549553  -0.242331669406890114192932168676
 104  -0.352673496838559561922578767272  -0.242273335119380847961580634487
 105   0.477467636621185959963062563744  -0.227213021040128585917157890079
 106  -0.169167551147986453088409753082  -0.227154686752619319685806355890
 107  -0.920825361076183013766723516403  -0.220453474480301439733066734574
 108   0.660973582311759068797231577934  -0.212094372673367057641383611482
 109   0.014338394542586655745759261109  -0.212036038385857791410032077293
 110  -0.632296793226585757305713055716  -0.211977704098348525178680543104
 111   0.197844340233159764579928275300  -0.196917390019096263134257798696
 112  -0.448790847536012648471544041525  -0.196859055731586996902906264506
 113   0.845393909655360328599073545239  -0.194987759458205366581942591218
 114   0.381350285923732873414097289491  -0.181798741652334734858483520099
 115  -0.265284901845439539637375027334  -0.181740407364825468627131985909
 116   0.564856231614305982248266303681  -0.166680093285573206582709241501
 117  -0.081778956154866430803206013144  -0.166621758998063940351357707312
 118  -0.728414143924038843854678329969  -0.166563424710554674120006173123
 119  -0.834416360342112569064596650996  -0.158530244028804514174400238342
 120   0.748362177304879091082435317872  -0.151561444918811678306934962904
 121   0.101726989535706678030963001047  -0.151503110631302412075583428715
 122  -0.544908198233465735020509315778  -0.151444776343793145844231894526
 123   0.936426526207750895201046867637  -0.140087262183269779543078622578
 124   0.285232935226279786865132015238  -0.136384462264540883799809150118
 125  -0.361402252542892626186340301587  -0.136326127977031617568457615929
 126   0.468738880916852895699301029428  -0.121265813897779355524034871521
 127  -0.177896306852319517352171287397  -0.121207479610270089292683337332
 128  -0.939733799470817756829060692175  -0.115842419448406815947218731348
 129   0.652244826607426004533470043619  -0.106147165531017827248260592924
 130   0.005609638838253591481997726794  -0.106088831243508561016909058735
 131  -0.641025548930918821569474590031  -0.106030496955999294785557524545
 132   0.189115584528826700316166740985  -0.090970182876747032741134780137
 133  -0.457519603240345712735305575840  -0.090911848589237766509783245948
 134   0.836665153951027264335312010924  -0.089040552315856136188819572660
 135   0.372621530219399809150335755175  -0.075851534509985504465360501540
 136  -0.274013657549772603901136561650  -0.075793200222476238234008967351
 137  -0.746827901664775011179668132888  -0.061864162153053317683216305834
 138   0.556127475909972917984504769366  -0.060732886143223976189586222943
 139  -0.090507711859199495066967547459  -0.060674551855714709958234688754
 140  -0.853324798736747312126933826769  -0.053919188996909890388552235116
 141   0.739633421600546026818673783557  -0.045614237776462447913811944346
 142   0.092998233831373613767201466732  -0.045555903488953181682460410157
 143  -0.553636953937798799284270850093  -0.045497569201443915451108875968
 144   0.946227837633377686715248603549  -0.034233891090292015567868586189
 145   0.276504179521946722601370480922  -0.030437255122191653406686131560
 146  -0.370131008247225690450101835903  -0.030378920834682387175334597371
 147   0.460010125212519831435539495113  -0.015318606755430125130911852963
 148  -0.186625062556652581615932821712  -0.015260272467920858899560318773
 149   0.643516070903092940269708509304  -0.000199958388668596855137574366
 150  -0.003119116866079472781763807521  -0.000141624101159330623786040176
 151  -0.649754304635251885833236124346  -0.000083289813650064392434505987
 152  -0.946643574768537335220108796291   0.001343673619358493921767126450
 153   0.180386828824493636052405206669   0.014977024265602197651988238421
 154  -0.466248358944678776999067110156   0.015035358553111463883339772610
 155   0.852575821101259113787423738339   0.016068213009611919682700713079
 156   0.363892774515066744886574220860   0.030095672632363725927762517018
 157  -0.282742413254105668164898095965   0.030154006919872992159114051207
 158  -0.746287315067281158916219781942   0.044440633804327611792960641222
 159   0.547398720205639853720743235051   0.045214320999125254203536795615
 160  -0.099236467563532559330729081774   0.045272655286634520434888329804
 161  -0.852296448925782217917295100257   0.052382007487777293218716842787
 162   0.755544088750777876270785510972   0.059494527549005607957708341393
 163   0.084269478127040549503439932417   0.060391303653396048710662608401
 164  -0.562365709642131863548032384408   0.060449637940905314942014142590
 165   0.267775423817613658337608946607   0.075509952020157576986436886998
 166  -0.378859763951558754713863370218   0.075568286307666843217788421188
 167   0.943441807805845524104058073933   0.077803717101562968635198650442
 168   0.451281369508186767171777960798   0.090628600386919105262211165596
 169  -0.195353818260985645879694356027   0.090686934674428371493562699785
 170   0.634787315198759876005946974989   0.105747248753680633537985444193
 171  -0.011847872570412537045525341836   0.105805583041189899769336978382
 172  -0.658483060339584950096997658661   0.105863917328699166000688512571
 173  -0.940175574383912520920269733681   0.112200576395132283943473075594
 174   0.171658073120160571788643672354   0.120924231407951428045111256979
 175  -0.474977114649011841262828644471   0.120982565695460694276462791168
 176   0.843723587746578193262229445393   0.122005174652109753605255814486
 177   0.355164018810733680622812686545   0.136042879774712956320885535576
 178  -0.291471168958438732428659630280   0.136101214062222222552237069765
 179  -0.755016070771614223179981316257   0.150387840946676842186083659780
 180   0.538669964501306789456981700736   0.151161528141474484596659814173
 181  -0.107965223267865623594490616089   0.151219862428983750828011348362
 182   0.725348432593102258725962301935   0.161422071552661505659650231217
 183   0.075540722422707485239678398101   0.166338510795745279103785626959
 184  -0.571094465346464927811793918724   0.166396845083254545335137161149
 185   0.259046668113280594073847412292   0.181457159162506807379559905557
 186  -0.387588519655891818977624904533   0.181515493450016073610911439746
 187   0.928321899018438859746757470180   0.186380073544140297040741728712
 188   0.442552613803853702908016426483   0.196575807529268335655334184154
 189  -0.204082573965318710143455890342   0.196634141816777601886685718343
 190   0.626058559494426811742185440673   0.211694455896029863931108462751
 191  -0.668128117027278788483920283734   0.211731642402894836626702045838
 192  -0.020576628274745601309286876152   0.211752790183539130162459996940
 193  -0.921672590657193705836772704182   0.216884106478037691742730986582
 194   0.811730478403805117623053000320   0.223382898201177222921064571998
 195   0.162929317415827507524882138039   0.226871438550300658438234275537
 196  -0.483705870353344905526590178786   0.226929772837809924669585809726
 197  -0.817210987844729996699314135454   0.236601495130211104732728957069
 198   0.346435263106400616359051152230   0.241990086917062186714008554134
 199  -0.300199924662771796692421164595   0.242048421204571452945360088323
 200   0.529941208796973725193220166420   0.257108735283823714989782832731
 201  -0.116693978972198687858252150405   0.257167069571332981221134366921
 202   0.715661280426497949389293444649   0.268898951165013433422510311573
 203   0.066811966718374420975916863786   0.272285717938094509496908645518
 204  -0.579823221050797992075555453039   0.272344052225603775728260179707
 205   0.250317912408947529810085877977   0.287404366304856037772682924115
 206  -0.396317275360224883241386438848   0.287462700592365304004034458304
 207   0.901578339388692338781253816037   0.289267312285103575518422271948
 208   0.433823858099520638644254892168   0.302523014671617566048457202712
 209  -0.212811329669651774407217424658   0.302581348959126832279808736901
 210   0.617329803790093747478423906358   0.317641663038379094324231481309
 211  -0.029305383979078665573048410467   0.317699997325888360555583015498
 212  -0.675940571748251078624520727292   0.317758331613397626786934549687
 213  -0.891551534421365271910380769636   0.318833720742378308724841901526
 214   0.803113937561831683124658229403   0.329339290652639945053212905456
 215   0.154200561711494443261120603724   0.332818645692649888831357294095
 216  -0.492434626057677969790351713101   0.332876979980159155062708828285
 217  -0.780598774858090565440684397056   0.336404038873498198184002998502
 218   0.337706507402067552095289617915   0.347937294059411417107131572692
 219  -0.308928680367104860956182698910   0.347995628346920683338483106882
 220   0.521212453092640660929458632105   0.363055942426172945382905851290
 221  -0.125422734676531752122013684720   0.363114276713682211614257385479
 222   0.058083211014041356712155329471   0.378232925080443739890031664076
 223  -0.588551976755131056339316987354   0.378291259367953006121383198265
 224   0.241589156704614465546324343662   0.393351573447205268165805942673
 225  -0.405046031064557947505147973163   0.393409907734714534397157476862
 226   0.725602110096537593479669767798   0.404841883916298990333114079163
 227   0.425095102395187574380493357852   0.408470221813966796441580221270
 228  -0.221540085373984838670978958973   0.408528556101476062672931755459
 229  -0.850192094319602876776631658730   0.416764301215887764098318981067
 230  -0.038034139683411729836809944782   0.423647204468237590948706034056
 231  -0.712682164700029869461003732973   0.423669127086175715304082824874
 232   0.619945670125345350789971962185   0.423915644429526194478875150221
 233   0.845095184748143645777474341303   0.427004928223341118997269328453
 234   0.145471806007161378997359069409   0.438765852834999119224480312654
 235  -0.501163381762011034054113247416   0.438824187122508385455831846843
 236   0.328977751697734487831528083599   0.453884501201760647500254591251
 237  -0.317657436071437925219944233226   0.453942835489269913731606125440
 238  -0.134151490380864816385775219035   0.469061483856031442007380404037
 239   0.523828319427892264241006687932   0.469329923817320045537549520201
 240   0.049354455309708292448393795156   0.484180132222792970283154682634
 241  -0.597280732459464120603078521669   0.484238466510302236514506216823
 242   0.232860401000281401282562809346   0.499298780589554498558928961231
 243  -0.413774786768891011768909507479   0.499357114877063764790280495420
 244   0.686283282889319913438257388417   0.506983827328797212379306761499
 245  -0.798115623573114738815790292321   0.509441391545698766347085907031
 246   0.416366346690854510116731823537   0.514417428956316026834703239828
 247  -0.230268841078317902934740493288   0.514475763243825293066054774018
 248   0.791902896565771247330890670118   0.519046127451367415234820917064
 249  -0.693647079695600884062682526972   0.529121971250619688208169434654
 250  -0.046762895387744794100571479097   0.529594411610586821341829052615
 251   0.136743050302828314733597535093   0.544713059977348349617603331212
 252  -0.508567325412810688861020986528   0.547475474105644880786777063251
 253   0.320248995993401423567766549284   0.559831708344109877893377609809
 254  -0.326386191775770989483705767541   0.559890042631619144124729143998
 255   0.504497683277528601374588489033   0.573863786194217017701985421786
 256  -0.142880246085197880649536753350   0.575008690998380672400503422595
 257   0.610524868832642456822018841486   0.581560395881036181278929021515
 258   0.040625699605375228184632260841   0.590127339365142200676277701192
 259  -0.605912920322972521008769160799   0.590193585358326191077175101178
 260   0.728728337709693797656206178747   0.604544530891138084789711348018
 261   0.224131645295948337018801275031   0.605245987731903728952051979789
 262   0.407637590986521445852970289222   0.620364636098665257227826258387
 263  -0.431225534019481557997996733480   0.620408657098577136087963623723
 264  -0.238997596782650967198502027603   0.620422970386174523459177792576
 265  -0.702279267559109284468373166102   0.635077090098643642770838319008
 266  -0.055491651092077858364333013412   0.635541618752936051734952071173
 267   0.128014294598495250469836000778   0.650660267119697580010726349770
 268  -0.530296530677090301330204902554   0.664914154777542336572961287655
 269  -0.335114947480104053747467301856   0.665837249773968374517852162556
 270   0.550845816543286741086061174918   0.669534327220121676822221527429
 271   0.316464178720008849702656562853   0.675214103656387604823738450132
 272  -0.151609001789530944913298287665   0.680955898140729902793626441153
 273   0.656367850192206107505587146410   0.682422395035202096011242014483
 274   0.026921938153729932921337856276   0.702690722879745198302516612924
 275  -0.626662877913227064789808907857   0.709797659517859788266624505485
 276   0.215402889591615272755039740716   0.711193194874252959345174998348
 277   0.455007060889196875304531477258   0.715533618432981039417450906918
 278  -0.443311490337257540287077984378   0.726025566432710719254714712801
 279  -0.247726352486984031462263561918   0.726370177528523753852300811134
 280  -0.069195412543723153627627417977   0.748105002267539049361190982904
 281   0.118576398064396756304987817908   0.756546659004686438657962946343
 282  -0.347200903797880036036548552754   0.771454159108101957684603251635
 283   0.364782565240683169511946300962   0.771752318723730505965334410350
 284   0.542965717252348914121602895301   0.775693320722273838543581182823
 285  -0.542506709703213229328213496972   0.775871387313233464155627626495
 286   0.264048069070863236123388137427   0.805716463918660938019914018067
 287  -0.149210089882159390397653934768   0.818263476516142654783213244539
 288   0.452592426547824559574246819260   0.831672516776059873702540854142
 289  -0.452040246041590604550839518693   0.831972773575059949647837731360
 290  -0.259812308804760013751344812816   0.831987086862657337019051900213
 291   0.061345931238657349018110464478   0.846132793781881307640167344833
 292   0.167768740224254557675316940614   0.850786328731597406266819631082
 293  -0.044820638367014469163838105708   0.851579019591910090039154309404
 294  -0.355929659502213100300310087069   0.877401366250451188077726270193
 295   0.355344138316004491213207471461   0.877638663332453699785256697086
 296   0.254723998122029787911432461889   0.911940110310018059432675495140
 297  -0.206619327701186576459590000857   0.924027885635400840474853265032
 298   0.110538273398515150388439587184   0.940372463508792275249024029572
 299  -0.101736472463764637873237573148   0.941365375495694233392042944322
 300   0.004428814003452521096009346630   0.946836556971710173051802212727
