   1   0.007836852696833632895010064219  -0.952046740210871099949410537236
   2  -0.087920142769356628675128241587  -0.948010791236974107097374946488
   3   0.103514432246618063999585954368  -0.946434981455671931817160275590
   4  -0.182786186347248544836714236904  -0.934368033425248706925990118093
   5   0.198143032848333728401332305279  -0.931232382566243180714733388256
   6  -0.275799938826067146276367475856  -0.911256717698078412924317108317
   7   0.336494948733590785790246750645  -0.890632113323518030887030188136
   8  -0.366018831463333072247173115335  -0.878911046022607418119250371040
   9  -0.037777165572746654131339324962  -0.866332318536438535699695127130
  10   0.057971574235344411781787708071  -0.862105039270248551705254869509
  11   0.424332744992902224819035555067  -0.852288761707630618113041899289
  12   0.249536260569249882071680503624  -0.850334748427425882960515878564
  13  -0.166608183258943674498376459173  -0.839901302345430556075619458788
  14   0.153896898403469880168537080573  -0.837594543415499589702581789001
  15  -0.259621935737762275938029698125  -0.816789986618260262073946449012
  16  -0.436487690662727963081916185123  -0.813950820130391336906875585505
  17   0.507968099846627558544789650213  -0.805240553213600083001977774604
  18   0.334924515864139779923445002847  -0.794802969502682240330828166810
  19  -0.529589095521002871435856458801  -0.791195172957712028747374769219
  20  -0.088179581676395775357031739730  -0.784813685600486437286102328292
  21  -0.347635676818209413869649582140  -0.777727510022718496502273237909
  22   0.082577059748946679200130859388  -0.769475340212809142027796552430
  23   0.422762312123451218952233807269  -0.756459617886794827556839877963
  24   0.247965827699798876204878755826  -0.754505604606590092404313857238
  25  -0.176747590918169450830886336472  -0.744597139387289445489083074309
  26   0.595541652591591833861114186035  -0.742822018948559100074309786611
  27  -0.606451283425417702067091296357  -0.733942267918942956639224867703
  28  -0.008091051505694315267949409915  -0.731813877674201831911066025478
  29  -0.269761343396988052270539575424  -0.721485823660119151487410064533
  30  -0.424613988838787552438126164882  -0.718847159476197606419460372318
  31   0.160956471563860915065421218438  -0.714317758065111939056759894327
  32   0.505930638789811076476556428694  -0.708828530303688578192609034781
  33   0.328547736629422536023119853367  -0.699173331045645493775297841349
  34  -0.518418197506383546814562263743  -0.694021719779974257334991945103
  35  -0.093930969401836082349578992842  -0.689144397926418658267288073489
  36   0.071406015671768086272019854340  -0.674286586470270756074636121944
  37   0.672501592383239995697094549240  -0.673940665079904698703252751406
  38  -0.346225527734130183727486328157  -0.663702438691017259681555318475
  39   0.416385532888733975051908657789  -0.660829979429758081001309552503
  40   0.241489653729616582316673849746  -0.658882645880456671195848442949
  41  -0.693149970523788943424588208188  -0.652684862831373065732049763804
  42  -0.180888542660526015105887480974  -0.648844627234869357488903366930
  43   0.580175370420417178995615741257  -0.648219860214903754200058335611
  44  -0.598372261483022238702453212334  -0.638441375413761754361599025416
  45  -0.015551557586921846484288633792  -0.633986815778721455296251415385
  46  -0.434325531294053987399160807017  -0.623498446805436077761125315671
  47   0.149785427486682322137310213390  -0.619129004322573553103599463840
  48  -0.267846115919215947862195969107  -0.608544856543320056710518660372
  49   0.494489318599358398660145641542  -0.605282794780122213071832015014
  50   0.319869065544530818181964208796  -0.603725063732759468224811784846
  51   0.736851083232686492282747174502  -0.602913669562363031378679639040
  52  -0.102509130845611779240597121924  -0.593687045087172154517866708827
  53  -0.520794836281239516233840698229  -0.582161413047981076617511675901
  54  -0.755257814609912806447800126584  -0.579689611151516439641432177545
  55   0.062827854227992389381001725258  -0.578829233631024252325214757282
  56   0.644524861269863675581268366520  -0.577192864697362086875485223245
  57  -0.354803689177905880618504457239  -0.568245085851770755932133953814
  58   0.407531745340668465903837153410  -0.564983024088572912293447308455
  59   0.228164839301596558002600572440  -0.563971422174876350132562805737
  60  -0.189466704104301711996905610056  -0.553387274395622853739482002269
  61  -0.622798526228423632939022158212  -0.545470417860584340715538878068
  62  -0.024129719030697543375306762874  -0.538529462939474951546830050724
  63   0.558838809448804895245798266804  -0.534255799262580545747258902647
  64  -0.441761262436595813374812945371  -0.527945315160221455153749247256
  65   0.141207266042906625246292084308  -0.523671651483327049354178099179
  66  -0.276424277362991644753214098188  -0.513087503704073552961097295711
  67   0.758296074904829301259636303417  -0.509501660714390983984177761050
  68   0.306544251116510793867890931490  -0.508813840027179147161526147634
  69  -0.809712140914064719727811206435  -0.500819988281917072397060269516
  70  -0.111087292289387476131615251006  -0.498229692247925650768445344166
  71  -0.708497905215807866104757958761  -0.496028377965010163697719495996
  72   0.471881236190114962489489778672  -0.493956028571031244968874196089
  73  -0.538764038788195214376702433349  -0.488018974020219003491655483637
  74   0.054249692784216692489983596176  -0.483371880791777748575793392621
  75   0.637827386091494331715168463658  -0.479949386874736257407258396854
  76  -0.363381850621681577509522586321  -0.472787733012524252182712589153
  77   0.219586677857820861111582443358  -0.468514069335629846383141441076
  78  -0.198044865548077408887923739138  -0.457929921556376349990060637608
  79   0.836675486719743537124926662468  -0.454344078566693781013141102946
  80   0.384923662931425029733181290540  -0.453656257879481944190489489531
  81  -0.625721612046885147133010921482  -0.447719203328669702713270777079
  82  -0.032707880474473240266324891956  -0.443072110100228447797408686063
  83   0.550260648005029198354780137722  -0.438798446423334041997837537986
  84  -0.450339423880371510265831074453  -0.432487962320974951404327882595
  85   0.132629104599130928355273955226  -0.428214298644080545604756734518
  86   0.715743716613021131201397179137  -0.423623911159355094147562761446
  87  -0.285002438806767341644232227270  -0.417630150864827049211675931050
  88  -0.855961128393665484169907017388  -0.416875231316734224656553325343
  89   0.297966089672735096976872802408  -0.413356487187932643412104782973
  90  -0.735916469363821259821044879235  -0.404192037636722053823956725201
  91  -0.119665453733163173022633380088  -0.402772339408679147019023979505
  92   0.463303074746339265598471649590  -0.398498675731784741219452831428
  93  -0.537296997139061443022139562585  -0.392188191629425650625943176037
  94   0.045671531340440995598965467094  -0.387914527952531244826372027960
  95   0.628640059819943434220070496772  -0.383640864275636839026800879883
  96  -0.371960012065457274400540715403  -0.377330380173277748433291224492
  97   0.211008516414045164220564314276  -0.373056716496383342633720076415
  98   0.794123128427935367066687538187  -0.368466329011657891176526103342
  99  -0.206623026991853105778941868220  -0.362472568717129846240639272947
 100   0.376345501487649332842163161458  -0.358198905040235440441068124870
 101  -0.624254570397751375778448050717  -0.351888420937876349847558469479
 102  -0.041286041918248937157343021038  -0.347614757260981944047987321402
 103   0.887174668153729427608420080720  -0.345507626533276141138935815400
 104   0.541682486561253501463762008640  -0.343341093584087538248416173325
 105  -0.458917585324147207156849203535  -0.337030609481728447654906517934
 106  -0.803761192466704912390106823704  -0.336495770295568541232629628549
 107   0.124050943155355231464255826144  -0.332756945804834041855335369857
 108   0.707165555169245434310379050055  -0.328166558320108590398141396784
 109  -0.293580600250543038535250356352  -0.322172798025580545462254566389
 110   0.289387928228959400085854673326  -0.317899134348686139662683418312
 111  -0.897657019674053539010867936887  -0.317279509007804682651574560340
 112  -0.711212143656441308534756538849  -0.311588650246327049069173762920
 113  -0.128243615176938869913651509170  -0.307314986569432643269602614844
 114   0.454724913302563568707453520508  -0.303041322892538237470031466767
 115  -0.545875158582837139913157691667  -0.296730838790179146876521811375
 116   0.037093369896665298707947338012  -0.292457175113284741076950663299
 117   0.620061898376167737329052367690  -0.288183511436390335277379515222
 118  -0.380538173509232971291558844484  -0.281873027334031244683869859830
 119   0.202430354970269467329546185194  -0.277599363657136838884298711754
 120   0.785544966984159670175669409105  -0.273008976172411387427104738681
 121  -0.215201188435628802669959997302  -0.267015215877883342491217908285
 122   0.367767340043873635951145032376  -0.262741552200988936691646760209
 123  -0.632832731841527072669466179799  -0.256431068098629846098137104817
 124  -0.049864203362024634048361150120  -0.252157404421735440298565956740
 125   0.878596506709953730717401951638  -0.250050273694029637389514450738
 126   0.533104325117477804572743879558  -0.247883740744841034498994808664
 127  -0.467495746767922904047867332617  -0.241573256642481943905485153272
 128  -0.812339353910480609281124952786  -0.241038417456322037483208263887
 129   0.115472781711579534573237697062  -0.237299592965587538105914005195
 130   0.698587393725469737419360920973  -0.232709205480862086648720032123
 131  -0.302158761694318735426268485434  -0.226715445186334041712833201727
 132  -0.925007533678158288552211556953  -0.225422879151581716171195134885
 133   0.280809766785183703194836544244  -0.222441781509439635913262053650
 134  -0.719790305100217005425774667931  -0.216131297407080545319752398259
 135  -0.136821776620714566804669638252  -0.211857633730186139520181250182
 136   0.446146751858787871816435391426  -0.207583970053291733720610102106
 137  -0.554453320026612836804175820749  -0.201273485950932643127100446714
 138   0.028515208452889601816929208930  -0.196999822274038237327529298637
 139   0.611483736932392040438034238608  -0.192726158597143831527958150561
 140  -0.389116334953008668182576973566  -0.186415674494784740934448495169
 141   0.193852193526493770438528056112  -0.182142010817890335134877347092
 142   0.777651651578178559751561048779  -0.177483291619602863345956538770
 143   0.936152604179202534280497030619  -0.173414859498357582099521143573
 144  -0.223779349879404499560978126384  -0.171557863038636838741796543624
 145   0.359189178600097939060126903294  -0.167284199361742432942225395547
 146  -0.641410893285302769560484308881  -0.160973715259383342348715740156
 147  -0.858082704631779558773798864164  -0.156817060725264080864731245183
 148  -0.058442364805800330939379279202  -0.156700051582488936549144592079
 149   0.524526163673702107681725750476  -0.152426387905594530749573444002
 150  -0.476073908211698600938885461699  -0.146115903803235440156063788611
 151   0.106894620267803837682219567980  -0.141842240126341034356492640534
 152   0.690009232281694040528342791891  -0.137251852641615582899298667462
 153  -0.310736923138094432317286614516  -0.131258092347087537963411837066
 154   0.272231605341408006303818415162  -0.126984428670193132163840688989
 155  -0.742725220065539453009974599320  -0.121988341195317065276044417892
 156   0.855644361123220035359548365470  -0.121413764655357129727017303478
 157  -0.145399938064490263695687767334  -0.116400280890939635770759885521
 158  -0.944947009056347025350358948670  -0.116316644904337607955085471999
 159   0.437568590415012174925417262344  -0.112126617214045229971188737444
 160  -0.563031481470388533695193949831  -0.105816133111686139377679082053
 161   0.019937047009113904925911079848  -0.101542469434791733578107933976
 162   0.602905575488616343547016109526  -0.097268805757897327778536785899
 163  -0.397694496396784365073595102648  -0.090958321655538237185027130508
 164   0.185274032082718073547509927030  -0.086684657978643831385455982431
 165   0.768297463808197661219219128435  -0.081964929510693863427318218695
 166   0.948844141366345939578364503008  -0.078416880842708079069692171428
 167  -0.232357511323180196451996255466  -0.076100510199390334992375178963
 168   0.350611017156322242169108774212  -0.071826846522495929192804030886
 169  -0.822869179741134178495906061696  -0.067678411814660882524729772607
 170  -0.649989054729078466451502437963  -0.065516362420136838599294375495
 171  -0.067020526249576027830397408284  -0.061242698743242432799723227418
 172   0.515948002229926410790707621394  -0.056969035066348027000152079341
 173  -0.484652069655474297829903590780  -0.050658550963988936406642423950
 174   0.098316458824028140791201438898  -0.046384887287094530607071275873
 175   0.682829965089496924184897562679  -0.038594458823822474890577936270
 176  -0.319315084581870129208304743598  -0.035800739507841034213990472405
 177   0.263653443897632309412800286080  -0.031527075830946628414419324328
 178   0.868335898310363440657415837858  -0.026415785999707626697188331333
 179  -0.736946627987768399207810926095  -0.025216591728587537820909668937
 180  -0.153978099508265960586705896416  -0.020942928051693132021338520860
 181  -0.951853421507680015305556751471  -0.020723797201782187431134358388
 182   0.428990428971236478034399133262  -0.016669264374798726221767372783
 183  -0.571609642914164230586212078913  -0.010358780272439635628257717392
 184   0.011358885565338208034892950766  -0.006085116595545229828686569315
 185   0.594327414044840646655997980444  -0.001811452918650824029115421238
 186  -0.406272657840560061964613231730   0.004499031183708266564394234153
 187   0.176695870638942376656491797948   0.008772694860602672363965382230
 188   0.780989000995341066517086600824   0.013033049144955639602510753450
 189  -0.864477488845928808620300328627   0.018660685228751302935609224225
 190  -0.240935672766955893343014384548   0.019356842639856168757046185698
 191   0.951812559413093499242556798163   0.022235441185379968278394283320
 192   0.342032855712546545278090645130   0.023630506316750574556617333775
 193  -0.658567216172854163342520567045   0.029940990419109665150126989166
 194  -0.075598687693351724721415537366   0.034214654096004070949698137243
 195   0.507369840786150713899689492312   0.038488317772898476749269285320
 196  -0.493230231099249994720921719862   0.044798801875257567342778940711
 197   0.089738297380252443900183309816   0.049072465552151973142350088788
 198   0.691244903174383776547920514018   0.056877421234440771257730719277
 199  -0.327893246025645826099322872680   0.059656613331405469535430892256
 200  -0.778554937092563029332205193026   0.061122505314824647639429327895
 201   0.255075282453856612521782156998   0.063930277008299875335002040333
 202   0.868141308870468129816446056102   0.069426027421062765821502151310
 203  -0.162556260952041657477724025498   0.074514424787553371728082843801
 204  -0.949051120805528568536522409513   0.075143783579114378173538022149
 205   0.420412267527460781143381004180   0.078788088464447777527653991878
 206  -0.580187804357939927477230207995   0.085098572566806868121163647270
 207   0.002780724121562511143874821684   0.089372236243701273920734795346
 208   0.585749252601064949764979851362   0.093645899920595679720305943423
 209  -0.414850819284335758855631360812   0.099956384022954770313815598815
 210   0.168117709195166679765473668866   0.104230047699849176113386746891
 211   0.772025153641526440964254503596   0.108454957035383993971810567120
 212  -0.860466236202534145763835941858   0.114418718401236324631969294989
 213  -0.249513834210731590234032513630   0.114814195479102672506467550360
 214   0.333454694268770848387072516048   0.119087859155997078306038698436
 215  -0.667145377616629860233538696127   0.125398343258356168899548353828
 216   0.943315981320094350920768091517   0.128877349415811468876741618728
 217  -0.084176849137127421612433666448   0.129672006935250574699119501905
 218   0.498791679342375017008671363230   0.133945670612144980498690649981
 219  -0.501808392543025691611939848944   0.140256154714504071092200305373
 220   0.081160135936476747009165180734   0.144529818391398476891771453449
 221   0.664128664415979185630270210412   0.148803482068292882691342601526
 222  -0.758361939426244889477799631844   0.154813134035524097629374931421
 223  -0.336471407469421522990341001762   0.155113966170651973284852256918
 224   0.246497121010080915630764027916   0.159387629847546379084423404994
 225   0.850404565456440676829544862646   0.163612539183081196942847225223
 226  -0.171134422395817354368742154580   0.169971777626799875477504208463
 227  -0.936200640303976273990629248830   0.173155343263679248672599385223
 228   0.411834106083685084252362875098   0.174245441303694281277075356539
 229  -0.588765965801715624368248337076   0.180555925406053371870585011931
 230  -0.005797437322213185747143307398   0.184829589082947777670156160008
 231   0.577171091157289252873961722280   0.189103252759842183469727308084
 232  -0.423428980728111455746649489894   0.195413736862201274063236963476
 233   0.159539547751390982874455539784   0.199687400539095679862808111553
 234   0.744908914883121850046604199990   0.200381017869236105405422449369
 235  -0.838313904850855693965603592119   0.207665516097014201870344436049
 236  -0.258091995654507287125050642712   0.210271548318349176255888915021
 237   0.324876532824995151496054386966   0.214545211995243582055460063098
 238  -0.687743799984042394559146212233   0.220023853639634053527836254378
 239   0.925579237906066897933866898061   0.223063861177829899998086692641
 240  -0.092755010580903118503451795530   0.225129359774497078448540866566
 241   0.490213517898599320117653234148   0.229403023451391484248112014643
 242  -0.510386553986801388502957978026   0.235713507553750574841621670034
 243   0.072581974492701050118147051652   0.239987171230644980641192818111
 244   0.655550502972203488739252081330   0.244260834907539386440763966188
 245  -0.345049568913197219881359130844   0.250571319009898477034273621579
 246   0.237918959566305218739745898834   0.254844982686792882833844769656
 247   0.823288326698036085911894559041   0.255538600016933308376459107473
 248  -0.179712583839593051259760283662   0.265429130466046379226925573124
 249  -0.914048308952297822192396899091   0.266402140959457125910974526283
 250   0.403255944639909387361344746016   0.269702794142940785026496721201
 251  -0.597344127245491321259266466158   0.276013278245299875620006376592
 252  -0.771369712392974587856222312961   0.276252440222492061999678649388
 253  -0.014375598765988882638161436480   0.280286941922194281419577524669
 254   0.568592929713513555982943593198   0.284560605599088687219148672746
 255  -0.432007142171887152637667618976   0.290871089701447777812658328137
 256   0.150961386307615285983437410702   0.295144753378342183612229476214
 257   0.736330753439346153155586070908   0.295838370708482609154843814031
 258  -0.266670157098282984016068771794   0.305728901157595680005310279682
 259   0.316298371381219454605036257884   0.310002564834490085804881427759
 260   0.898462999147662307016216594455   0.314989922011682011431698574891
 261  -0.684301700504181254015574954291   0.316313048936849176398391083150
 262  -0.101333172024678815394469924612   0.320586712613743582197962231227
 263   0.481635356454823623226635105066   0.324860376290637987997533379304
 264  -0.518964715430577085393976107108   0.331170860392997078591043034695
 265   0.064003813048925353227128922570   0.335444524069891484390614182772
 266   0.651349924571952448356794911715   0.340156601040161361085161287489
 267  -0.353627730356972916772377259926   0.346028671849144980783694986240
 268   0.229340798122529521848727769752   0.350302335526039386583266134317
 269  -0.882633332645716068854087000433   0.356949312800927633315767449834
 270  -0.188290745283368748150778412744   0.360886483305292882976346937785
 271   0.394677783196133690470326616934   0.365160146982187288775918085862
 272  -0.605922288689267018150284595240   0.371470631084546379369427741253
 273  -0.779128452213633203941089337708   0.371779886651396508064409517127
 274  -0.022953760209764579529179565562   0.375744294761440785168998889330
 275   0.560014768269737859091925464116   0.380017958438335190968570037407
 276  -0.440585303615662849528685748058   0.386328442540694281562079692798
 277   0.751790905616460211936714565910   0.390425234275747370889879243263
 278   0.142383224863839589092419281620   0.390602106217588687361650840875
 279   0.847462638385279286243804049876   0.396135804636363991555147456779
 280  -0.275248318542058680907086900876   0.401186253996842183754731644343
 281   0.307720209937443757714018128802   0.405459917673736589554302792420
 282  -0.692452066510449754601993795882   0.412680928524004817499184448081
 283  -0.109911333468454512285488053694   0.416044065452990085947383595888
 284   0.473057195011047926335616975984   0.420317729129884491746954743965
 285  -0.527542876874352782284994236190   0.426628213232243582340464399356
 286   0.055425651605149656336110793488   0.430901876909137988140035547433
 287   0.638394180084652094957215823166   0.435175540586032393939606695510
 288  -0.362205891800748613663395389008   0.441486024688391484533116350901
 289  -0.842274059735127369214912646796   0.443879285508622093124941388138
 290   0.220762636678753824957709640670   0.445759688365285890332687498978
 291  -0.196868906727144445041796541826   0.456343836144539386725768302446
 292   0.386099621752357993579308487852   0.460617499821433792525339450523
 293  -0.031531921653540276420197694644   0.471201647600687288918420253991
 294   0.551436606825962162200907335034   0.475475311277581694717991402068
 295  -0.608168343522567787475241255647   0.478447371779922184681100902265
 296   0.722242751678601630153908796712   0.481598682514236710620923194122
 297  -0.449642366671532867363435516695   0.482472592633441840115057361239
 298   0.133805063420063892201401152538   0.486059459056835191111072205536
 299   0.817914484447420704460998280679   0.487309252874853331286191407638
 300  -0.283826479985834377798105029958   0.496643606836088687504153009005
 301   0.299142048493668060822999999720   0.500917270512983093303724157081
 302  -0.699248564645103207854663403697   0.508281653824274033760468342462
 303  -0.118489494912230209176506182776   0.511501418292236589696804960549
 304   0.464479033567272229444598846902   0.515775081969130995496376108626
 305  -0.793379476935946498427943376863   0.526311141230338856023514045891
 306   0.046847490161373959445092664406   0.526359229748384491889456912094
 307  -0.370784053244524310554413518090   0.536943377527637988282537715563
 308   0.634156233517142621010550557613   0.540054441808545860622799055050
 309   0.212184475234978128066691511588   0.541217041204532394082108863639
 310  -0.205447068170920141932814670908   0.551801188983785890475189667108
 311  -0.550395611838261889460044927974   0.554919605555097602238227201935
 312   0.377521460308582296688290358770   0.556074852660680296274760815184
 313  -0.040110083097315973311215823726   0.566659000439933792667841618653
 314   0.764293778392657039848040792486   0.567723024120577486132706104470
 315   0.542858445382186465309889205952   0.570932664116828198467412766729
 316  -0.457378535276305333762111689684   0.578017539070868983541975739543
 317   0.125226901976288195310383023456   0.581516811896081694860493570198
 318  -0.641475832960797309839467076024   0.584753887599449451317594642133
 319  -0.292404641429610074689123159040   0.592100959675335191253574373666
 320   0.290563887049892363931981870638   0.596374623352229597053145521743
 321  -0.736159591834557804203072936249   0.603697734793404854509971128117
 322  -0.127067656356005906067524311858   0.606958771131483093446226325211
 323   0.455900872123496532553580717820   0.611232434808377499245797473288
 324   0.038269328717598262554074535324   0.621816582587630995638878276756
 325   0.203606313791202431175673382506   0.636674394043778897831530228301
 326  -0.385308455827943758813656467383   0.641207529049893379169539596799
 327   0.703343252572517034135246260867   0.641687370038596182441585278352
 328   0.607501241767712556469099813919   0.641692821976257097735195832685
 329  -0.214025229614695838823832799990   0.647258541823032394224611031769
 330  -0.570098476245450961842963026697   0.648714531851693221998076761225
 331  -0.048688244541091670202233952808   0.662116353279180296417262983314
 332   0.373490874788645266275847827865   0.662591043974991064773066066750
 333  -0.477081399683494406145029788408   0.671812465367464603301825298832
 334  -0.670258002698271108905359224161   0.676172035524438228787668480435
 335   0.116648740532512498419364894374   0.676974164735328198609914934859
 336   0.520543668509022623712791325787   0.681992592667806398513580539243
 337  -0.300982802873385771580141288122   0.687558312514581695002995738327
 338   0.281985725606116667040963741556   0.691831976191476100802566886404
 339  -0.135645817799781602958542440940   0.702416123970729597195647689872
 340   0.022530161959950611202758944666   0.726253936958986795716976426665
 341   0.195106512150038073356124088115   0.732362359636131986046119705966
 342   0.602253159205559351944614054144   0.737391038753022096949336382762
 343  -0.598880645982924760908855174835   0.740132679776681999468150599527
 344   0.445197072265256667936364898408   0.741225873003364351326276557059
 345  -0.222603391058471535714850929072   0.742715894662278897974032396430
 346  -0.433968031653798939844534167618   0.757409945248404529051491554079
 347   0.350911343771554894280826186972   0.758427398146322924681777504110
 348  -0.064427411298739321553549543466   0.766553707650536096495361133223
 349   0.106593392293228621564364337348   0.772287233286385839694400271854
 350  -0.339790088213223101127993173777   0.775192128301550193188600763757
 351   0.525065508444494996848254833429   0.794204396643749201750969805959
 352  -0.521434442862226695985813714607   0.796593079058120488151291120210
 353  -0.166113923026309692832612542133   0.820140897511973696739512813862
 354   0.280564615843574345278083835351   0.823519862646129382340973411764
 355   0.010138435862606481527841235896   0.827140919305820285376278396613
 356   0.184812579263696423202558951259   0.827671796609670086662688009079
 357  -0.261410676398308865262702814727   0.830349710449247396159637421860
 358   0.442557027990783670706367572571   0.842969565750924648271216981632
 359  -0.423540049334296228219798892199   0.852682964774270409658776453945
 360  -0.079512803959952904455657970424   0.861201063625697314278549737731
 361   0.097738546962990471214281899177   0.867719317927817843368858100962
 362   0.355563829844990533195257877097   0.883192376955496811055515480000
 363  -0.335666636966218528626810584439   0.890944622652904624364779322497
 364   0.256776234410337596796031295753   0.916793272629097970930419632706
 365  -0.235259233676804545002506822021   0.922554879005113944234469598817
 366   0.163290837334976704140519025642   0.937965897816810342197381594597
 367  -0.141314994406197600679966028215   0.941533049957522253727990364875
 368   0.049903084167942363876039616787   0.950770263521564401346775458542
 369  -0.045938718549374439476692465908   0.950970055230120858487790210994
