   1   0.042321117139460073650898161597  -0.953524188942872125372495040626
   2   0.133009442323543331916060534293  -0.945149694020938675443451952797
   3  -0.133630446657113617247983756255  -0.945062092976601360012420924347
   4   0.222486737786961111917036340646  -0.928169762146995398482835231934
   5  -0.044541612659319114683962804784  -0.926149553570034793160938764014
   6  -0.246078998977888464169411126690  -0.922195522715836204883207007460
   7   0.309938327050825680576848039340  -0.902738992887772306925779885058
   8  -0.333138936931424512109514975072  -0.894386427920487943860235799300
   9   0.074654362399028203981060571521  -0.868382743448470669873322570599
  10  -0.175760310290744883320812123484  -0.864318182493499585652456696307
  11  -0.417170795039202570831960185466  -0.858468394072521251886960627145
  12   0.426802640028924717659333421007  -0.853720658248020908136728791755
  13  -0.020159030324011109334652188140  -0.838399942923870414325544703390
  14   0.249365331437611711768933662681  -0.834728576830133899256647454730
  15   0.158320817624978635845034520404  -0.832404572847180357072964526973
  16  -0.261043180627983842093402090350  -0.832359128323393741659132468793
  17   0.343066970130040345381670118698  -0.817903873405204704596994598401
  18  -0.105441621603601302472213120279  -0.806440842271162966421706385155
  19  -0.515960691134931555495565349158  -0.802984446336700698190977911508
  20  -0.346538663497071803463558653234  -0.800973990138689093015871522809
  21   0.531716645841500598670623311795  -0.792639176668777976996370894021
  22   0.050254441097196416171991331122  -0.780637952546925213902766962355
  23  -0.190724491940840261244803087145  -0.774481788101057122428382157640
  24  -0.431646343650279800286796566750  -0.768551971866675789477550541993
  25   0.445097609172582102881471816998  -0.764502954881905598569018815511
  26   0.205855721063930190158151266497  -0.754719712977296042575854969403
  27  -0.035122932916457721623614117082  -0.748563502048826347190956073991
  28  -0.276007083220430454382411172464  -0.742522687448349674524551693648
  29   0.604974431329196058466269782026  -0.738124686220937900225157039178
  30   0.361361939273697730603808514689  -0.728686170039089395029284622157
  31  -0.621280092231737627386672703467  -0.724576084929400349708867677857
  32   0.120573129784339997020590334340  -0.722760612324588594672016651216
  33  -0.120405803253696680396204083939  -0.716604447878720503197631846487
  34  -0.530925746034833363119137577964  -0.713148197407137506097023214887
  35  -0.361330097666399399153905858004  -0.710671663983718374811657725019
  36   0.516963219240431504589968450039  -0.702767930469460223702372629210
  37   0.276079347994107537466247582541  -0.696727069386381947125446303946
  38   0.035290538504749803883029402201  -0.690801511671881146768178332981
  39  -0.205688394533286873533812169258  -0.684645347226013055293801382495
  40  -0.446612688945989592291466790152  -0.678712563331010926907819406808
  41   0.673036942484445849832525389598  -0.676772288075008823832999697210
  42   0.431680627960841311452407517891  -0.670808829816752775798534311000
  43   0.190796756714517344328686650385  -0.664767968733674499221607985759
  44  -0.687511565498039700811150354944  -0.662062914806084473863107330916
  45  -0.050087114566553099547605080743  -0.658727107656383883966881535324
  46  -0.291084794986509975443250761488  -0.652705277678358277557088799050
  47   0.587587026011463058886156494499  -0.645263301029218488820119118529
  48  -0.584440042631728786086786528814  -0.639454747565031282232883870041
  49   0.346398036681251118314846585743  -0.638849729164045327894695992789
  50   0.105514165434927151191125718246  -0.632808868080967051317769667524
  51  -0.135369705846143292685213166053  -0.626768007003676436063051071342
  52  -0.376367386266100168580811693636  -0.620746177025650829653250480839
  53   0.501999316647984892301006521093  -0.612931489594416156567783999843
  54   0.261115445401660925177285653595  -0.606890628511337879990857674578
  55   0.020231574121824446885611393390  -0.600849767435546484317817577067
  56  -0.220766106299366394594651758282  -0.594827937456021658326338487897
  57  -0.747483355808194209897542315821  -0.593521767625092699850266433834
  58   0.748525699328073341633743276970  -0.592206664349965539727465480275
  59  -0.462361277482166124518179886486  -0.588925855847815043119992151943
  60   0.657599567477123675851471309283  -0.587015996135252179341025736844
  61   0.416716725368394699163445588945  -0.580972388941708708663945681632
  62  -0.651880656755119584801865391867  -0.578247982771003650103596578289
  63   0.175832854122070732039724721448  -0.574931527858630432087019356367
  64  -0.065051017158999711836614162856  -0.568890666781339816832300760179
  65  -0.306048697578956587732212690434  -0.562868836803314210422500169683
  66  -0.547403035614064358115758524760  -0.556251594974128845962065684609
  67   0.572318005335128473149605524295  -0.555054149372079537337033688686
  68   0.331434134088804506025884656797  -0.549013288289001260760107363421
  69   0.090550262807734062149545772493  -0.542972427211710645505388767231
  70  -0.150447417612222813746052755077  -0.536950597233685039095588176745
  71  -0.391331288858546780869773622581  -0.530909736150606762518661851472
  72   0.487035414055538280012044592147  -0.523095048719372089433195370475
  73  -0.800649429593468120407230474128  -0.519576699580291164487835969200
  74   0.246151542809214312888323724650  -0.517054187636293812856269045210
  75   0.005267671528143869011984840345  -0.511013326559003197601550449021
  76  -0.710269443851259942999478174431  -0.508353390481377179490581595860
  77  -0.235730008891813006883613687228  -0.504991496580977591191749858530
  78   0.733562677443947410415659365788  -0.502370076781276760273271845047
  79  -0.476613880138136974007334554729  -0.498950635497899314614823533261
  80   0.642636694022272053998204527497  -0.497176809149742918106283377529
  81   0.401752822775948086874483659999  -0.491135948066664641529357052264
  82   0.160868951494877642998144775695  -0.485095086989374026274638456075
  83   0.822733531350936903311354572572  -0.483848108651786428785894557141
  84  -0.080128728925079232897453751880  -0.479073257011348419864837865581
  85  -0.321012600171403200021174619379  -0.473032395928270143287911540315
  86  -0.569690536497008624827737803007  -0.467946601942679727283907038734
  87   0.557354102742681860860643595349  -0.465217708497035470202445059318
  88   0.316470231496357893736922727852  -0.459176847413957193625518734054
  89   0.075586360215287449860583843547  -0.453135986336666578370800137864
  90  -0.165411320204669426035014684028  -0.447114156358640971960999547370
  91  -0.406295191450993393158735551527  -0.441073295275562695384073222104
  92  -0.846525718246698616782905238665  -0.440900968701595199952873690508
  93  -0.654973127776598817965298735155  -0.435987501289972279380068720523
  94   0.472071511463091667723082663201  -0.433258607844328022298606741107
  95  -0.756145732504490439375152938968  -0.429677659602681214955619317168
  96   0.231187640182021223846743778897  -0.427217746767037407043888144918
  97  -0.009810040237935652048854748679  -0.421195916789011800634087554423
  98   0.760418550570745575975948397478  -0.415345559727237103851566068419
  99  -0.250693911484259619172575616176  -0.415155055705933524057161229160
 100  -0.491577782730583586296296483675  -0.409114194622855247480234903893
 101   0.628348120820795093029029445161  -0.407225469938808384899885273283
 102   0.865103969477666788876077251844  -0.403230179734947630200424601617
 103   0.386788920183501474585521731054  -0.401299507191620574394768422897
 104   0.145905048902431030709182846749  -0.395258646114329959140049826707
 105  -0.095092631517525845186415680827  -0.389236816136304352730249236212
 106  -0.335976502763849812310136548325  -0.383195955053226076153322910947
 107  -0.576860374010173779433857415823  -0.377155093970147799576396585683
 108   0.542390200150235248571681666403  -0.375381267621991403067856429950
 109   0.301506328869164804695342782099  -0.369340406544700787813137833761
 110   0.060508648449207928799744254523  -0.363318576566675181403337243266
 111  -0.884694525489618869422633687309  -0.358210904948177296683860695678
 112  -0.180375222797116038323976612975  -0.357277715483596904826410918002
 113  -0.421259094043440005447697480473  -0.351236854400518628249484592737
 114   0.698235550551784980504199683438  -0.348804001295431004004365873237
 115  -0.662142965289763972571418347971  -0.345195993317440351672558267472
 116   0.457107608870645055434120734256  -0.343422166969283955164018111740
 117  -0.752982191500647393758607593537  -0.338658450101562591946888422881
 118   0.216223737589574611557781849951  -0.337381305891993339909299515550
 119   0.804221325533299687526558099166  -0.335496819001591583311029632447
 120  -0.024773942830382264337816677625  -0.331359475913967733499498925056
 121  -0.265657814076706231461537545123  -0.325318614830889456922572599791
 122  -0.506541685323030198585258412621  -0.319277753747811180345646274526
 123   0.899597774184983464476830171141  -0.318940904458047682054295270813
 124   0.612708888837378829420280669605  -0.317503927399654783837106118794
 125   0.371825017556308385543941785301  -0.311463066322364168582387522604
 126   0.130827337136351509648343257725  -0.305441236344338562172586932109
 127  -0.110056534109972457475377609773  -0.299400375261260285595660606845
 128  -0.350940405356296424599098477271  -0.293359514178182009018734281580
 129  -0.591824276602620391722819344769  -0.287318653095103732441807956315
 130  -0.827963546168866187039923221765  -0.286964147301251002337314577612
 131   0.527426297557788636282719737458  -0.285544826746947335933267800583
 132   0.286542426276718192406380853153  -0.279503965669656720678549204393
 133   0.045544745856761316510782325577  -0.273482135691631114268748613899
 134  -0.195339125389562650612938541921  -0.267441274608552837691822288634
 135  -0.916617102831052806817415324978  -0.266106261956950509648221643095
 136  -0.436222996635886617736659409419  -0.261400413525474561114895963369
 137   0.690491125152945221454671142873  -0.258059699187070919279934982959
 138  -0.677347164750652827653323320097  -0.255399908717073122380182182430
 139   0.442143706243451966392540788503  -0.253585726100027549351637211447
 140   0.836764619555423659534495316329  -0.250435438198778906261079164244
 141   0.201146025823495090496942260927  -0.247563896122001942941836620952
 142  -0.039737845422828876626778606571  -0.241523035038923666364910295688
 143  -0.280621716669152843750499474069  -0.235482173955845389787983970423
 144   0.925900884892302139251773383149  -0.231747723205096161114115638320
 145  -0.521505587915476810874220341567  -0.229441312872767113211057645158
 146   0.597744986244932217131318740660  -0.227667486524610716702517489426
 147  -0.762638273958171188945458498955  -0.223463427981816743372076035471
 148   0.356861114963861773254979856355  -0.221626625447320101447798893236
 149   0.115863434543904897359381328779  -0.215604795469294495037998302742
 150  -0.125020436702419069764339538719  -0.209563934386216218461071977477
 151  -0.365904307948743036888060406217  -0.203523073303137941884145652212
 152   0.760809813817703302193428611035  -0.200182358937536799150515907825
 153  -0.854226865922572137640663038420  -0.199758972423803977719881014529
 154  -0.606788179195067004011781273715  -0.197482212220059665307219326947
 155   0.512462394930595547241139791705  -0.195708385877690930120886900290
 156   0.271464714510638671345541264129  -0.189686555899665323711086309796
 157   0.030580843264314704221820396631  -0.183645694816587047134159984531
 158  -0.210303027982009262901900470867  -0.177604833733508770557233659266
 159  -0.451186899228333230025621338365  -0.171563972650430493980307334001
 160   0.668063674932075797979917743861  -0.169790146302274097471767178269
 161  -0.939587162986544167432334777252  -0.166709635594302788803905934777
 162  -0.692071031438329894826159491756  -0.165523807955370406721883733739
 163   0.427179803651005354103578859557  -0.163749285224983482217048582079
 164   0.854637550642354817756219970639  -0.161132230953723431233038505745
 165   0.186182123231048478207980331981  -0.157727455246957875807247991585
 166  -0.054701748015275488915740535517  -0.151686594163879599230321666320
 167  -0.295585619261599456039461403015  -0.145645733080801322653395341056
 168   0.943773815979233297473498037459  -0.142444515960040686086074979820
 169  -0.536469490507923423163182270513  -0.139604871997723046076469015790
 170   0.582781083617739128089738794907  -0.137831045655354310890136589133
 171  -0.777353361749791275581776157712  -0.133564010920058773347606738271
 172   0.341783403197782252194140267331  -0.131809215677328704480335998639
 173   0.100899531951458285070419399833  -0.125768354594250427903409673374
 174  -0.139984339294865682053301467665  -0.119727493511172151326483348109
 175  -0.380868210541189649177022335163  -0.113686632428093874749557022844
 176   0.738382363596833878718675212023  -0.111912806052739977342348103136
 177  -0.865147404891679022042351779173  -0.109341903689434266207445588232
 178  -0.621752081787513616300743202661  -0.107645771345015598172630697580
 179   0.497498492338148934952177862759  -0.105871945002646862986298270922
 180   0.256500811918192059056579335183  -0.099850115024621256576497680428
 181   0.015616940671868091932858467685  -0.093809253941542979999571355163
 182  -0.225266930574455875190862399813  -0.087768392858464703422645029899
 183  -0.466150801820779842314583267311  -0.081727531775386426845718704634
 184   0.653099772304882708938337798109  -0.079953705433017691659386277976
 185  -0.951354114775018649055050845070  -0.076288004665774923022293888350
 186   0.822105432300306109430302369399  -0.076066575333664539690705569526
 187  -0.707034673067103809438304134809  -0.075686670692308150268792379369
 188   0.412102091884925833042739270533  -0.073931875454992085249585687482
 189   0.171218220638601865919018403035  -0.067891014371913808672659362217
 190  -0.069665650607722101204702464463  -0.061850153288835532095733036953
 191  -0.310549521854046068328423331961  -0.055809292205757255518806711688
 192   0.953053837263892337911168675516  -0.051844374156355886050360102009
 193  -0.551433393100370035452144199459  -0.049768431122678978941880386423
 194   0.567817181025292515800776865961  -0.047994604780310243755547959765
 195  -0.792317264346694002575865066957  -0.043727570039600702364954061158
 196   0.326819500605335639905178338385  -0.041972774802284637345747369271
 197   0.085935629359011672781457470887  -0.035931913719206360768821044006
 198  -0.154948241887312294342263396611  -0.029891052636128084191894718742
 199  -0.395832113133636261465984264109  -0.023850191553049807614968393477
 200   0.723502216804918415259913200168  -0.022062374221659531864283715213
 201  -0.880111307490362055054775830675  -0.019505462815428989026492718041
 202  -0.636715984379960228589705131607  -0.017809330469971531038042068212
 203   0.482420780572069413891338273735  -0.016054535232655466018835376325
 204   0.241536909325745446767617406237  -0.010013674149577189441909051060
 205   0.000653038079421479643896538739  -0.003972813066498912864982725796
 206   0.876277638695958533538299383120  -0.002855397607047182153489274393
 207  -0.240230833166902487479824328759   0.002068048016579363711943599469
 208  -0.481114704413226454603545196257   0.008108909099657640288869924734
 209   0.638135869712436096649375869163   0.009882735442026375475202351392
 210  -0.721998575659550421727266063755   0.014149770182735916865796249999
 211   0.397138189292479220753777341587   0.015904565420051981885002941886
 212   0.156254318046155253630056474089   0.021945426503130258461929267151
 213  -0.084629553200168713493664393409   0.027986287586208535038855592415
 214  -0.953859520220483174495530862325   0.033933339650609863454432381695
 215  -0.325513424446492680617385260907   0.034027148669286811615781917680
 216   0.793820939481910021264964008174   0.035814971882125804658926558017
 217  -0.566397295692816647741106128405   0.040068009752365088192708242945
 218   0.552739469259212994739937276937   0.041822804989681153211914934832
 219   0.953371469852093095678865528683   0.045632185211246975007174047486
 220  -0.810747154734543277313952362971   0.046036295986341149961011073371
 221   0.311855598012889027616216409439   0.047863666072759429788841260097
 222   0.070971726766565060492495541941   0.053904527155837706365767585361
 223  -0.169912144479758906631225325557   0.059945388238915982942693910626
 224  -0.410796015726082873754946193055   0.065986249321994259519620235891
 225   0.708454558421340433003722354521   0.067760075637924533872857599590
 226  -0.651679886972406840878667060553   0.072027110405072536096546561156
 227   0.467456877979622801602376344789   0.073781905642388601115753253043
 228   0.226573006733298834478655477291   0.079822766725466877692679578307
 229  -0.014310864513025132645065390207   0.085863627808545154269605903572
 230   0.872833075785281207530147043659   0.088153610058380667112803881102
 231  -0.255194735759349099768786257705   0.091904488891623430846532228837
 232  -0.496078607005673066892507125203   0.097945349974701707423458554102
 233   0.623058157946356575588536280139   0.099700145212017772442665245989
 234  -0.736962478251997034016227992701   0.103986211057779984000384879366
 235   0.382174286700032608464815412641   0.105741006295096049019591571254
 236   0.141290415453708641341094545143   0.111781867378174325596517896518
 237  -0.910198331008045801364803351795   0.113859587194500357524128287316
 238  -0.099593455792615325782626322355   0.117822728461252602173444221783
 239  -0.340477327038939292906347189853   0.123863589544330878750370547047
 240   0.778773247086723258334847168092   0.125637415886699613930691709229
 241  -0.581361198285263260030068057351   0.129904450627409155327296872313
 242   0.537775566666766382450975347991   0.131659245864725220346503564200
 243  -0.822004049921351649228866894064   0.136581234878871775973258840214
 244   0.296891695420442415327254480493   0.137700106947803496923429889464
 245   0.056007824174118448203533612995   0.143740968030881773500356214729
 246   0.942846435731559058065903164725   0.146986121068840579696454230349
 247  -0.184876047072205518920187254503   0.149781829113960050077282539994
 248  -0.425759918318529486043908122001   0.155822690197038326654208865259
 249   0.693376846645614171385688127056   0.157577485419636340656765265924
 250  -0.666645384981380182993188746075   0.161865489601848601154630559515
 251   0.452492975387176189313414415843   0.163618346517432668250341882411
 252   0.211609104140852222189693548345   0.169659207600510944827268207675
 253  -0.029274767105471744934027319153   0.175700068683589221404194532940
 254   0.853829405501147133752051052729   0.177223049293302531811751884982
 255  -0.270158638351795712057748186651   0.181740929766667497981120858204
 256  -0.511042509598119679181469054149   0.187781790849745774558047183470
 257   0.608094255353909963299574351193   0.189536586087061839577253875357
 258   0.367210384107585996175853483695   0.195577447170140116154180200621
 259  -0.756358928352202923075851885515   0.199709853619211751545616665731
 260   0.126326512861262029052132616197   0.201618308253218392731106525886
 261  -0.932825762010271583632306899629   0.202078087839949044549872074816
 262  -0.114557358385061938071588251301   0.207659169336296669308032851150
 263  -0.355441229631385905195309118799   0.213700030419374945884959176416
 264   0.763695535320643737284117610514   0.215454825656691010899851781918
 265  -0.596325100877709872319029986297   0.219740891502453222461885501680
 266   0.522811664074319770162013419045   0.221495686739769287481092193567
 267  -0.844631480923577431496370441898   0.224799735524320462999002627714
 268   0.281927792827995803038292551547   0.227536547822847564058018518832
 269   0.041043921581671835914571684049   0.233577408905925840634944844097
 270   0.924710823025869119175402090334   0.236308529778283299030712065875
 271  -0.199839949664652131209149183449   0.239618269989004117211871169361
 272  -0.440723820910976098332870050947   0.245659131072082393788797494626
 273   0.678412944041053544148173354395   0.247413926309398458808004186514
 274  -0.681598831944103750499204496847   0.251723625593019189244959074692
 275   0.437529072794729577024452486897   0.253454787392476735384930511778
 276   0.196645201548405609900731619399   0.259495648475555011961856837043
 277  -0.044238669697918357222989248099   0.265536509558633288538783162307
 278   0.838751693735067612701321495150   0.267040459063293928780911957670
 279  -0.285122540944242324346710115597   0.271577370641711565115709487573
 280  -0.526006412190566291470430983095   0.277618231724789841692635812837
 281   0.593130352761463351010612422247   0.279373026962105906711842504724
 282   0.352246481515139383886891554749   0.285413888045184183288768829989
 283  -0.778986359354428705343355433349   0.287928354264660438571360453230
 284  -0.909318957914459134910745371295   0.290066352120434848231372895363
 285   0.111362610268815416763170687251   0.291454749128262459865695155254
 286  -0.129521260977508550360550180247   0.297495610211340736442621480518
 287  -0.370405132223832517484271047745   0.303536471294419013019547805783
 288   0.752371517924938220526227259546   0.306399330603896955576938569147
 289  -0.611280143256960169650605493645   0.309600965815355808475709385849
 290   0.507847761481873157873051490099   0.311332127614813354615680822935
 291   0.266963890235549190749330622601   0.317372988697891631192607148200
 292   0.026080018989225223625609755103   0.323413849780969907769533473464
 293  -0.214803852257098743498111112395   0.329454710864048184346459798730
 294  -0.455687723503422710621831979893   0.335495571947126460923386123994
 295   0.663449041448606931859211425449   0.337250367184442525942592815881
 296  -0.704080178728545731815916709309   0.339979466967112830965622514845
 297   0.891309371244232221964390241371   0.341419186026950489286440932112
 298   0.422565170202282964735490557951   0.343291228267520802519519141146
 299   0.181681298955958997611769690453   0.349332089350599079096445466410
 300  -0.059202572290364969511951177045   0.355372950433677355673371791675
 301  -0.300086443536688936635672044543   0.361413811516755632250298116940
 302  -0.540961454569816588802006490443   0.367478306037692427706459697006
 303   0.578176096646322507515854802115   0.369235211631983562599597370620
 304   0.337282578922692771597929625803   0.375250328920228250423357459357
 305  -0.877532949994001740751630346476   0.375413608610448273170812593332
 306  -0.786517753935553340022547047505   0.378690585316761209235303232670
 307   0.096398707676368804474208758305   0.381291190003306527000283784621
 308  -0.144485163569955162649512109193   0.387332051086384803577210109886
 309  -0.385369034816279129773232976691   0.393372912169463080154136435151
 310   0.733342155237962488832164287380   0.395640924081253460316971152714
 311  -0.626244045849406781939567422591   0.399437406690399875610298015217
 312   0.492883858889426545584089561153   0.401168568489857421750269452303
 313   0.824125922449937234579093749481   0.402908117534953311993142386626
 314   0.251999987643102578460368693655   0.407209429572935698327195777567
 315   0.011116116396778611336647826157   0.413250290656013974904122102832
 316  -0.229767754849545355787073041341   0.419291151739092251481048428097
 317  -0.470642765882673007953407487241   0.425355646260029046937210008163
 318  -0.711774154432348106927026685596   0.430728060497595812359543723886
 319   0.407601267609836352446528629005   0.433127669142564869654107770514
 320   0.650743850637998411770696772746   0.434007896428613266893670358452
 321   0.166717396363512385322807761507   0.439168530225643146231034095778
 322  -0.074166474882811581800913105991   0.445209391308721422807960421043
 323  -0.315050346129135548924633973489   0.451250252391799699384886746308
 324  -0.555925357162263201090968419389   0.457314746912736494841048326373
 325  -0.837757144772380242814394800016   0.457342784176074141722281348352
 326   0.563185074671223749320646358439   0.459067131075578897111665806719
 327   0.322318676330246159308967696857   0.465086769795272317557946088724
 328   0.081434805083922192185246829359   0.471127630878350594134872413989
 329  -0.159449066162401774938474038139   0.477168491961428870711798739254
 330  -0.400324077195529427104808484039   0.483232986482365666167960319320
 331   0.726080564326174503625610627606   0.486425139599819004709618975290
 332  -0.642037820307785367453765762374   0.490124134793145974951250772457
 333   0.477902483391633556183085426291   0.491026231728286345015504124930
 334   0.816864331538149249372540089707   0.493692333053518856385790209202
 335   0.237036085050655966171406764709   0.497045870447979765461784406935
 336  -0.003847786195668000952314102789   0.503086731531058042038710732200
 337  -0.761451105028591619310205908707   0.507060917573365616262687942693
 338  -0.244731657441991968076034970287   0.509127592614136318615637057465
 339  -0.485606665680574366480258088544   0.515192094592292626252275201139
 340   0.392619892112043363045524494143   0.522985332380993792919342443141
 341   0.643482259726210426564143112972   0.524792111947178811286318181027
 342   0.151753493771065773033845832561   0.529004971100687213365622725146
 343  -0.089130377475258194089875034937   0.535045832183765489942549050411
 344  -0.330906383773676675306265365815   0.542187955143888844605123160294
 345  -0.570889259754709020230571692997   0.547151187787780694089171603535
 346   0.555739684070830479261229671473   0.549836457660604823590756685214
 347   0.307337300832453169907963561995   0.554944433033701240823180761351
 348   0.066470902491475579896284900413   0.560964071753394661269461043357
 349  -0.174412968754848387227435967085   0.567004932836472937846387368622
 350   0.766091495920656587820789914437   0.569300690086657643272648238532
 351  -0.416191941675843234684661553818   0.574150559481172733491023533973
 352   0.462938580799186943894123497345   0.580862672603330412150092754297
 353  -0.655159958173851198472030000016   0.581690352193444981377482211804
 354   0.222054709552862976770402629847   0.586903533686408688727019079562
 355  -0.018811688788114613241276031735   0.592923172406102109173299361568
 356  -0.744999301076011387936974937437   0.596636821903700927451419527360
 357  -0.259695560034438580364996899233   0.598964033489180385750225686833
 358   0.377655989519596750756562565197   0.612821773256037860053931072508
 359   0.621245282352068977746360162339   0.613109841351604965580719632051
 360  -0.507420959557913015007823834770   0.613527647533947808774408035409
 361   0.137297462434477009146414623298   0.620230903081612572208580171667
 362  -0.104094280067704806378836963883   0.624882273058809557077137679779
 363  -0.345870359346207877016594190782   0.632024383862734343760379947229
 364   0.533696125551643615585150050931   0.638202661707755695446620979669
 365   0.708343519635689876745996354682   0.639725655297032019528088397244
 366   0.292370977902156955415783301531   0.644783814398595950287271819148
 367  -0.592174704771867888731068909408   0.647473042498566045082956981303
 368   0.051506999899028967607322971467   0.650800512628438728404049672725
 369  -0.189376871347294999516397896031   0.656841373711517004980975997989
 370  -0.431554433034221238178330906205   0.663919716399064436412270403948
 371  -0.680636812406378690324298174173   0.669128526855923296992631229301
 372   0.448553687055397321048077664840   0.671791317544257568502241913757
 373   0.207680537036735017913548503821   0.678280586122330594151116812227
 374  -0.033775591380561225530237960681   0.682759613281146176307887990936
 375  -0.274659462626885192653958828179   0.688800474364224452884814316200
 376   0.362692086745755598025310146413   0.702658214100867348066178986202
 377   0.644146188780594485911686211080   0.704326020628606857099514432591
 378  -0.521045148151004964248603829893   0.704350899919630827862687715441
 379   0.122333559842030396857452694352   0.710067343956656639343168801035
 380  -0.119058182660151418667798892829   0.714718713933853624211726309146
 381  -0.359434401156635247072584719671   0.722082816336637069756255974505
 382   0.555824594152347201810431694439   0.726547641006407378063171497805
 383  -0.605867595900907785191960186611   0.737511974202689341996081073642
 384   0.036543097306582355318361042521   0.740636953503482795538638302093
 385   0.281130011591277882289526199959   0.744821761396114988580000185037
 386  -0.444718619862204650097206837331   0.754037573880266231480185316314
 387  -0.199892572741813402573927874980   0.756674713147520619912654163736
 388   0.431079297172794684242005573668   0.762805482865952561715382153550
 389   0.193101257581909183204460540072   0.768183164662099894365951079489
 390  -0.288223578246209813156930094327   0.778858895721458517747452511999
 391  -0.056366245262730753001108774732   0.780780998750906440492352850996
 392  -0.527667398179414508097398631037   0.795273143499982118340663324391
 393   0.105912387025629128523036992559   0.799648868688184863736896892370
 394   0.350106382694072200501902239473   0.804493510052580302615849056111
 395   0.511269879857584743496253875300   0.805979258917687573360979092101
 396  -0.137200635344392736907237756883   0.822736997964573436193280705586
 397   0.020121924490181086983945340729   0.830218478235011019932366393428
 398   0.264413791270836298745921927996   0.835336406561531527383867848313
 399  -0.352561232752860029074386794724   0.843319509296527984662725733953
 400  -0.225531640848789147490239976231   0.844921180538511334028079053849
 401  -0.443617897437257237745256843695   0.845105092239090179213972150897
 402   0.426695730510709387528787905432   0.853774097416304889530003294034
 403   0.176118577842610405446433527469   0.857662619306991890692526461768
 404  -0.060712465591480896922183641423   0.872174477448678015633294248017
 405   0.333970818885500387160734400116   0.894126919395698710835869510462
 406  -0.289869295355439363407696676627   0.909381794113580800943352275803
 407   0.059641407115983149147376368067   0.912271601166929021517775103980
 408   0.241228687623062811392393053706   0.923418390406112872417356068055
 409  -0.201875939202572053128286891360   0.932869530548711529542816769390
 410   0.145250296212985519137078455995   0.943346069745951698328857501990
 411  -0.112044534878155510451254737467   0.947863638958174085995488922103
 412  -0.021192982965678834758752614084   0.954227600380596017218702958569
