   1   0.038406129741844473913616778429  -0.956308593365393862210047820858
   2  -0.052268301356739585924176623450  -0.955651181770590746279500814790
   3   0.133505720834234388309319262852  -0.947722205063020709276397947192
   4  -0.137684743066548090181928121340  -0.947124103839060923062421118423
   5   0.222085252001330069914612116790  -0.930956120013049454203773721123
   6  -0.239555194268938950895731064993  -0.926614518257196604317277377849
   7   0.304605969939386175081200048767  -0.907312713249148397601963174924
   8  -0.321616635592728459293081927961  -0.901423261435081743856869573602
   9  -0.006402621762564382457146300752  -0.883090731056858563552140832514
  10   0.079410282759622758916414539436  -0.880894145096443960372544685523
  11  -0.175133502994621320393566381102  -0.869882470296876993170648366689
  12   0.401809398406882976639628380436  -0.868648584813297447166957866444
  13   0.164209350662090423827194834180  -0.867560066377305727231849205520
  14  -0.089643786882140772480908339813  -0.862124377011605110274506382030
  15  -0.387050567697957741633618069441  -0.845861763060184208507899260265
  16  -0.471871783780211116623872661140  -0.832669307839749374587228804383
  17   0.242561215581745957863957130771  -0.832493489184378137801109514527
  18   0.478024453266918024818817895763  -0.829152445950145964858182393590
  19   0.328050931694226505776615172060  -0.824735395899106254904967529868
  20  -0.310320501342714358146121169929  -0.807375707279740244773954595544
  21   0.029388999413502793857675689838  -0.805067404890868968762109905336
  22  -0.224807874954093828351652090938  -0.799874354032778954571683180022
  23   0.114878715851752126637393173732  -0.797309315195382154035295582979
  24  -0.139341881818554144078744390511  -0.791859144130887398380617439511
  25  -0.544581278101130755017719009843  -0.787040270944241140167261632829
  26  -0.053852165706073596166086349223  -0.784101050845615515484475454852
  27   0.532226932014740280330274767932  -0.762588410089875490878276562365
  28   0.193230580771407660674155470323  -0.762242738002454564604555891985
  29   0.278720296883888208586813511612  -0.754484644717182681708413907326
  30  -0.456936208794217334950193411013  -0.748137608624287878393285147635
  31   0.364224549366430061985456799802  -0.746888436464558733087014123743
  32  -0.371106186372529146469036947795  -0.746763991680595163165282805548
  33   0.449699438987948297713816860383  -0.738968662692235998629120451017
  34   0.613401126094509628562040967604  -0.734670140302593977125391089199
  35  -0.274295161780495584680339769375  -0.729460018988855386839235296567
  36   0.065415151599768143266139137909  -0.727152092332505030258829322236
  37  -0.188805445744769342582938983733  -0.721701924857795342773478841073
  38  -0.103315729632288794670280942440  -0.713943831572523459877336856411
  39  -0.577277059518315336195440538452  -0.707669839107598193102804278086
  40  -0.017826013519808246757622901152  -0.706185738287251576981194871752
  41   0.143767017818820591570453425754  -0.692085518042916880046245914485
  42  -0.661597615273359068994809319840  -0.691584956466557316834009332112
  43   0.229256733931301139483111467043  -0.684327424757644997150103929826
  44   0.676760601916538214960741923659  -0.676754197799917981490787441582
  45   0.314746450138380079340522879856  -0.676569332514792936042001526171
  46  -0.498689282563081060062266619367  -0.673135205974323918666658608235
  47  -0.412859260141392871581110156149  -0.671761589030631203438656266175
  48   0.499987328133046596182289303780  -0.669399935682567339558472856710
  49   0.400236166156262223263635566117  -0.668811238187101239849866031131
  50  -0.327558897380829205745391153346  -0.662142457815612860387915431092
  51   0.584412240031826672792925727687  -0.653872095417459022759955908288
  52  -0.242628311610928665951591308338  -0.649673489406114630489029886915
  53  -0.157138595498448118038933267049  -0.641915396120842747592887902256
  54  -0.071648879385967570126275225761  -0.634157302835570864696745917592
  55  -0.720902787858330072259525444198  -0.629523889145069035702983628684
  56   0.013840836726512977786382815528  -0.626399209550298981800603932933
  57   0.099330552838993525699040856817  -0.618641116265027098904461948274
  58   0.184820268951474073611698898105  -0.610883022979755216008319963615
  59  -0.635820696605999137201224640100  -0.609705593764886220102671348110
  60  -0.549147901611329134699158959535  -0.603644424646429816805539947160
  61   0.270309985158553013469110310919  -0.603124930736903154900217559960
  62   0.355799701176435157392222997180  -0.595366836409211458708082064920
  63  -0.463071307602160489655474010423  -0.595032456777520787351490023118
  64   0.441622651371752231673843585181  -0.593605929771248547231637313035
  65   0.695086459116927160700675785576  -0.592892153165372792537672756160
  66  -0.377278153589266853647498428663  -0.592166181766329564496325193844
  67   0.527281314925123450782741455568  -0.588013709222499594907503849099
  68  -0.292347563934558521607468039041  -0.579697239475656310283525556222
  69   0.611706226823903527393377879474  -0.572485868957391278108986900677
  70  -0.206602159424663316543127860267  -0.571758176847750691985749303815
  71  -0.121112443312182768630469818979  -0.564000083562478809089607319151
  72   0.775009262196370807309924876418  -0.561570832625843012977539372466
  73  -0.035622727199702220717811777690  -0.556241990277206926193465334492
  74  -0.780813685311009211250579284767  -0.553471244913491405805674687039
  75   0.049866988912778327194846263599  -0.548483896991935043297323349833
  76  -0.695125869190970140465940764459  -0.547644526443397938971645644682
  77   0.135356705025258875107504304888  -0.540725803706663160401181365174
  78   0.220846421137739423020162346180  -0.532967710421391277505039380516
  79  -0.598024587781062537886189208484  -0.532633330724872618848192519023
  80   0.306336137250219970932820387468  -0.525209617136119394608897395853
  81  -0.512534871654621530561483012589  -0.524875237593436953174619865883
  82   0.392053402737341991209943966154  -0.517557138391982211544418125631
  83  -0.427045155556101442352200718789  -0.517117144154328852921205731407
  84   0.477834191212861271025647985614  -0.514342122258935839837204433454
  85  -0.341555324542297585855116103128  -0.509360317119596341598675869144
  86   0.562805284816983465004343674068  -0.501935337823661762127050640561
  87  -0.256065723350878515047322453475  -0.501600957574658636378610705367
  88   0.648852290772135699379099785479  -0.494928489052452665983852095129
  89  -0.170576007238397967134664412186  -0.493842864289386753482468720704
  90   0.822312768071768179666592866848  -0.489693390264329664153397661854
  91  -0.085086291125917419222006370898  -0.486084771004114870586326736044
  92   0.734606529181844256272158258724  -0.485832475518150327321673575925
  93  -0.828612670699816830174240312307  -0.478959495679919196566470546022
  94   0.000403424986563128690651670391  -0.478326677718842987690184751385
  95  -0.742813847018382827879987745542  -0.476268505658069111673611305170
  96   0.085893141099043676603309711680  -0.470568584433571104794042766726
  97  -0.657172160570722363615083029049  -0.470422043923301077463565296691
  98   0.171382857211524224515967752969  -0.462810491148299221897900782071
  99   0.256872573324004772428625794257  -0.455052397863027339001758797408
 100  -0.561998435614535357287897881715  -0.454718018157382229460634759042
 101   0.342362289436485320341283835547  -0.447294304577755456105616812756
 102  -0.476508719500089463316535383016  -0.446959924893767327304442994090
 103   0.427852081310077001373259458895  -0.439537046181551636333906024508
 104  -0.391019003389574261464175087982  -0.439201831586838463667614091579
 105   0.513341721653720167155114674547  -0.431778118012658995890783931143
 106  -0.305529287277093713551517046692  -0.431443738301566580771472106926
 107   0.598831437850569105112854924760  -0.424020025657078196142027500700
 108  -0.220039571164613165638859005404  -0.423685645016294697875330122263
 109   0.684321153878681253399861523609  -0.416261931442115236853173301657
 110  -0.134549855052132617726200964115  -0.415927551731022814979188137604
 111   0.781674414672465127467307268439  -0.414046030224785242395294706936
 112  -0.049060138939652069813542922827  -0.408169458445750932083046152944
 113   0.867060903978678733616670790815  -0.405224068063487657076737966685
 114  -0.868194760769424382204225121154  -0.402789043940829634438145606049
 115   0.036429577172828478099115118462  -0.400411365160479049186904168285
 116  -0.782395937087990379909972554389  -0.400098053918979549545286365198
 117  -0.696754250640329915645067837895  -0.394251592184211515335240356719
 118   0.121919293285309026011773159751  -0.392653271875207166290762183626
 119   0.207409009397789573924431201040  -0.384895178589935283394620198966
 120  -0.611461999540750555793685763776  -0.384560798884290173852759462455
 121   0.292898725510270121837089242329  -0.377137085304663400498478214308
 122  -0.525972283428270007881027722487  -0.376802705599018290956617477796
 123   0.378388441622750669749747283618  -0.369378992019391517602336229656
 124  -0.440482567315789459968369681198  -0.369044612313746408060475493138
 125   0.463878157735231217662405324906  -0.361620898734119634706194244989
 126  -0.354992851203308912055711639909  -0.361286519028474525164333508480
 127   0.549367873848566146081570047372  -0.353862805458262532518688432203
 128  -0.269503135090828364143053598621  -0.353528425743202642268191523821
 129   0.634857589960192313486738903312  -0.346104712163575868914602979264
 130  -0.184013418978347816230395557332  -0.345770332457930759372049539162
 131   0.731333839521258508091061615541  -0.344439323851693491264447694985
 132  -0.098523702865867268317737516043  -0.338012239172658876475907554503
 133   0.816727615982663150153949996928  -0.335688180264987158943159193204
 134  -0.013033986753386720405079474755  -0.330254145887386993579765569843
 135   0.072455729359093827507578566534  -0.322496052602115110683623585185
 136  -0.746415283485571383290555022958  -0.322161675650439702801319617709
 137   0.901412463831662098736661378582  -0.321646897035740440418810759979
 138  -0.849550541233686564235127101190  -0.318997202748988592603537009204
 139   0.157945445471574375420236607823  -0.314737959316843227787481600525
 140  -0.660925567373090807608233601103  -0.314403582365168125910861201033
 141   0.243435161584054923332894649112  -0.306979866031571344891339615867
 142  -0.575435847354485206385222315705  -0.306645486325926235349478879355
 143   0.328924877696535471245552690400  -0.299221772746299461995197631208
 144  -0.489946131242004658472564274416  -0.298887393040654352453336894696
 145   0.414414593809016019158210731689  -0.291463679461027579099055646548
 146  -0.404456415129524110559906233127  -0.291129299755382469557194910037
 147   0.499904309921496567070868772978  -0.283705586175755696202913661889
 148  -0.318966699017043562647248191839  -0.283371206470110586661052925380
 149   0.585394026033977114983526814266  -0.275947492890483813306771677229
 150  -0.233476982904563014734590150550  -0.275613113184838703764910940721
 151   0.670883742146457662896184855555  -0.268189399605211930410629692570
 152  -0.918737180783056675927988146679  -0.268184916043103839725801691151
 153  -0.147987266792082466821932109261  -0.267855019899566820868768956062
 154   0.756527864647528680860473286410  -0.262378732394207858005221465772
 155  -0.062497550679601918909274067972  -0.260096926614294937972626971403
 156   0.841921641108933322923361667796  -0.253627588807501525683932963991
 157   0.022992165432878629003383973316  -0.252338833329023055076484986743
 158  -0.795878843505661500714732991502  -0.252004453623377945534624250201
 159   0.108481881545359176916042014605  -0.244580740043751172180343002084
 160  -0.710389127393180925032328122124  -0.244246360338106368645085377132
 161   0.926606477879528680007552011725  -0.239586292800611085697593433924
 162   0.193971597657839724828700055894  -0.236822646758479289284201017425
 163  -0.624899411280700404889416908923  -0.236488267052834179742340280914
 164   0.279461313770320272741358097183  -0.229064553473207406388059032767
 165  -0.539409695168219856976758867634  -0.228730173767562296846198296255
 166   0.364951029882800820654016138471  -0.221306460187935523491917048107
 167  -0.453919979055739309064100826345  -0.220972080482290413950056311596
 168   0.450440745995281368566674179760  -0.213548366902663640595775063448
 169  -0.368430262943258761151442785056  -0.213213987197018531053914326937
 170   0.535930462107761916479332221049  -0.205790273617391757699633078788
 171  -0.282940546830778213238784743768  -0.205455893911746648157772342280
 172   0.621420178220242464391990262337  -0.198032180332119874803491094129
 173  -0.197450830718297665326126702479  -0.197697800626474765261630357621
 174   0.706916489798453506667745388674  -0.190277136969198818085523897661
 175  -0.111961114605817117413468661190  -0.189939707341202882365488372962
 176  -0.852615144737936797883368875842  -0.186672489552460903603849557489
 177  -0.939071297072230499354218069562  -0.184787054636747305625954395869
 178   0.792413477497481480944015605509  -0.182599540984376622314342794234
 179  -0.026471398493336569500810619901  -0.182181614055930999469346388303
 180   0.059018317619143978411847421387  -0.174423520770659116573204403644
 181  -0.759852691319396151306269543432  -0.174089141065014007031343667101
 182   0.144508033731624526324505462676  -0.166665427485387233677062418984
 183  -0.674362975206915603393611502140  -0.166331047779742124135201682473
 184   0.893761671696565461586156344635  -0.160277413857461990010000638859
 185   0.229997749844105074237163503965  -0.158907334200115350780920434325
 186  -0.588873259094435055480953460852  -0.158572954494470241239059697814
 187   0.315487465956585622149821545253  -0.151149240914843467884778449666
 188  -0.503383542981954507568295419563  -0.150814861209198358342917713155
 189   0.400977182069066170062479586542  -0.143391147629571584988636465007
 190  -0.417893826869473959655637378274  -0.143056767923926475446775728496
 191   0.486466898181546717975137627831  -0.135633054344299702092494480348
 192  -0.332404110756993411742979336986  -0.135298674638654592550633743837
 193   0.571956614294027265887795669120  -0.127874961059027819196352495688
 194  -0.246914394644512863830321295697  -0.127540581353382709654491759180
 195   0.657446330406507813800453710408  -0.120116867773755936300210511029
 196  -0.161424678532032315917663254408  -0.119782488068110826758349774521
 197   0.742936046583178072928894399490  -0.112358775195817703518545211117
 198  -0.075934962419551768005005213119  -0.112024394782838943862207789862
 199  -0.894847815683306951277820852397  -0.111214211370641098590558070207
 200   0.828425762631468813746315338101  -0.104600681203211178992983318008
 201   0.009554753692928779907652828169  -0.104266301497567060966065805203
 202  -0.809316255245611349810464136650  -0.103931921791921951424205068660
 203   0.952118308400261043948796384627  -0.097323601224322871466774770632
 204   0.095044469805409327820310869458  -0.096508208212295178069923820544
 205  -0.723826539133130801897806095361  -0.096173828506650068528063084001
 206   0.180534185917889875732968910747  -0.088750114927023295173781835884
 207  -0.638336823020650253985148054070  -0.088415735221378185631921099373
 208   0.266023902030370423645626952036  -0.080992021641751412277639851225
 209  -0.552847106908169706072490012781  -0.080657641936106302735779114714
 210   0.351513618142850971558284993324  -0.073233928356479529381497866566
 211  -0.467357390795689158159831971492  -0.072899548650834419839637130055
 212   0.437003334255331519470943034613  -0.065475835071207646485355881907
 213  -0.381867674683208610247173930203  -0.065141455365562536943495145396
 214   0.522493050367812067383601075902  -0.057717741785935763589213897248
 215  -0.296377958570728062334515888915  -0.057383362080290654047353160737
 216  -0.955735409408097359356154736588  -0.050704869093432692276595107555
 217   0.607982766480292615296259117190  -0.049959648500663880693071912588
 218  -0.210888242458247514421857847626  -0.049625268795018771151211176080
 219   0.693472482592773163208917158479  -0.042201555215391997796929927929
 220  -0.125398526345766966509199806337  -0.041867175509746888255069191421
 221   0.778962198705253620787908354264  -0.034443461930119119475849101439
 222  -0.039908810233286418596541765048  -0.034109082224475005358927206762
 223  -0.858821663497041601869357404326  -0.033298898812277160087277487107
 224   0.872243598480776118172568318252  -0.030174796708598275663809927598
 225   0.045580905879194129316116276240  -0.026350988939203122462785222103
 226  -0.773290103059346000402000688579  -0.026016609233558012920924485560
 227   0.131070621991674677228774317529  -0.018592895653931239566643237444
 228  -0.687800386946865452489342647290  -0.018258515948286130024782500901
 229   0.957008926422358011619512114279  -0.011622017646319849675880161161
 230   0.216560338104155225141432358818  -0.010834802368659356670501252784
 231  -0.602310670834384904576684605999  -0.010500422663014247128640516273
 232   0.302050054216635773054090400107  -0.003076709083387473774359268125
 233  -0.516820954721904356664026564710  -0.002742329377742364232498531614
 234   0.387539770329116320966748441395   0.004681384201884409121782716534
 235  -0.431331238609423808751368523421   0.005015763907529518663643453045
 236   0.473029486441596868879406482684   0.012439477487156292017924701193
 237  -0.345841522496943260838710482132   0.012773857192801401559785437704
 238   0.558519202554077416792064523973   0.020197570772428174914066685852
 239  -0.260351806384462712926052440844   0.020531950478073284455927422363
 240  -0.919709257221832009947691288517   0.027210443464931246226685475545
 241   0.644008918666557964704722565261   0.027955664057700057810208670511
 242  -0.174862090271982165013394399555   0.028290043763345167352069407020
 243   0.729498634779038422283713761047   0.035713757342972936131289497002
 244  -0.089372374159501617100736358266   0.036048137048617050248211391679
 245   0.814988350891518970196371802335   0.043471850628244819027431481661
 246  -0.003882658047021069188078316977   0.043806230333888933144353376338
 247  -0.827653868547089377069300417522   0.046683902795157195149873002712
 248   0.081607058065459478724579724311   0.051564323619160816040495360997
 249  -0.737263950873080650993537240508   0.051898703324805925582356097540
 250   0.900317176075808763944628650421   0.052835138783823965185486855282
 251   0.167096774177940026637237765600   0.059322416904432698936637345656
 252  -0.651774234760600103080879199219   0.059656796610077808478498082199
 253   0.252586490290420574549895806889   0.067080510189704581832779330316
 254  -0.566284518648119555168221157928   0.067414889895349691374640066827
 255   0.338076206402901122462553848177   0.074838603474976464728921314975
 256  -0.480794802535639007255563116639   0.075172983180621574270782051486
 257   0.423565922515381670375211889466   0.082596696760248347625063299634
 258  -0.395305086423158459342905075350   0.082931076465893457166924036145
 259   0.509055638627862218287869930755   0.090354790045520230521205284293
 260  -0.309815370310677911430247034062   0.090689169751165340063066020804
 261   0.594545354740342766200527972044   0.098112883330792113417347268952
 262  -0.224325654198197363517588992773   0.098447263036437222959208005463
 263   0.680035070852823223779519167829   0.105870976616064991738428095443
 264  -0.138835938085716815604930951484   0.106205356321709105855349990120
 265  -0.951066035105727130558042255586   0.107119341925337786389429374606
 266   0.765524786965303771692177209118   0.113629069901336874634570080102
 267  -0.053346221973236267692272910195   0.113963449606980988751491974779
 268   0.032143494139244280220385131094   0.121721542892252871647633959438
 269  -0.786659625182210295430906116509   0.122103738272179084100934157563
 270   0.850853612149593565440434057203   0.122992358056916020792625453722
 271   0.949080406510541289072556443555   0.123480923725210754699949851258
 272   0.117633210251724828133043172382   0.129479636177524754543775944097
 273  -0.701427805054356613298667924133   0.132312382163935364907973057984
 274   0.203122926364205376045701213671   0.137237729462796637439917928756
 275  -0.615748082574334753672415751148   0.137572109168441746981778665299
 276  -0.871001485928500859479942698961   0.138076530710222839671408158883
 277   0.288612642476685923958359254960   0.144995822748068520336059913416
 278  -0.530258366461854205759757709857   0.145330202453713629877920649927
 279   0.374102358589166471871017296248   0.152753916033340403232201898075
 280  -0.444768650349373657847099668568   0.153088295738985512774062634586
 281   0.459592074701647019783675337537   0.160512009318612286128343882734
 282  -0.359278934236893109934441627279   0.160846389024257395670204619245
 283   0.545081790814127567696333378826   0.168270102603884169024485867393
 284  -0.273789218124412562021783585991   0.168604482309529278566346603904
 285   0.630571506926608025275324574611   0.176028195889157047345566693884
 286  -0.188299502011932014109125544702   0.176362575594801161462488588563
 287   0.716061223039088573187982615900   0.183786289174428930241708678543
 288  -0.102809785899451466196467503413   0.184120668880073044358630573220
 289  -0.017320069786970918283809462124   0.191878762165344927254772557879
 290  -0.937566114447700002013290253924   0.192278281627665691702957735449
 291   0.899616842584326090568361850338   0.193638142998302810307088449699
 292   0.811414130251047679054111708707   0.199280035607525646459441111722
 293   0.068169646325509629628848579164   0.199636855450616810150914542538
 294  -0.773001846217707852895584541526   0.206851273022001107884336212598
 295   0.153659362437990177541506620453   0.207394948735888693047056527197
 296  -0.677652231827791323774486695941   0.214795117873680884179409628321
 297   0.239149078550470725454164661742   0.215153042021160575943198511856
 298  -0.579721930388069404263952303077   0.215487421726805685485059248399
 299  -0.857343706963998416944621123981   0.222824065460044863454810213917
 300   0.324638794662951273366822703031   0.222911135306432458839340496516
 301  -0.494232214275588856351294261786   0.223245515012077568381201233027
 302   0.410128510775431821279480744319   0.230669228591704341735482481175
 303  -0.408742498163108308438636220497   0.231003608297349451277343217686
 304   0.495618226887912369192138785608   0.238427321876976224631624465834
 305  -0.323252782050627760525978179208   0.238761701582621334173485202345
 306   0.581107943000392826771129981393   0.246185415162249102952705292324
 307  -0.237763065938147212613320137920   0.246519794867893217069627187004
 308   0.666597659112873374683788022682   0.253943508447520985848847276984
 309  -0.152273349825666664700662096631   0.254277888153165099965769171663
 310   0.752087375225353922596446063971   0.261701601732792868744989261643
 311  -0.066783633713186116788004055342   0.262035981438436982861911156320
 312   0.018706082399294431124653985947   0.269794074723708865758053140979
 313   0.104195798511774979037312027235   0.277552168008980748654195125638
 314   0.915835327257339654596280479021   0.277933103270710086588382176241
 315  -0.731244594550341027394005392726   0.281851349725986466903936324312
 316   0.189685514624255526949970068524   0.285310261294252631550337110297
 317  -0.629185494314284602768146896295   0.285644640999897741092197846840
 318  -0.912541016728420808967113580031   0.288565502675745413884945419824
 319   0.275175230736736074862628109813   0.293068354579524514446479094956
 320  -0.543695778201804054855488855006   0.293402734285169623988339831499
 321   0.831546213217627406906501375566   0.294181944054466955431997751505
 322   0.360664946849216622775286151102   0.300826447864796397342621079615
 323  -0.458206062089323506942830813715   0.301160827570441506884481816127
 324  -0.828008607136113221796501278365   0.303497056544443778759982375786
 325   0.446154662961697170687944192390   0.308584541150068280238763064275
 326  -0.372716345976842959030172772426   0.308918920855713389780623800786
 327   0.531644379074177628266935388176   0.316342634435341158559843890765
 328  -0.287226629864362411117514731137   0.316677014140985272676765785445
 329   0.617134095186658176179593429464   0.324100727720613041455985875424
 330  -0.201736913751881863204856689849   0.324435107426257155572907770104
 331  -0.116247197639401315292198648560   0.332193200711529038469049754763
 332  -0.030757481526920767379540607271   0.339951293996800921365191739420
 333   0.718046175168697124763718552940   0.342347386788506389015852136736
 334   0.054732234585559780533117434018   0.347709387282072804261333724079
 335   0.140221950698040328445775475306   0.355467480567344687157475708738
 336  -0.678649058240499801272341489513   0.355801860272989796699336445281
 337   0.886865282471460695700522194856   0.359820964118912027829416552431
 338  -0.764328838594701819806277743438   0.361060644435816286978746917841
 339   0.225711666810520876358433516595   0.363225573852616570053617693397
 340  -0.593159342128019253359683448224   0.363559953558261679595478429940
 341  -0.882867717709245650048616406378   0.369520973116700583208807574395
 342   0.311201382923001424271091557884   0.370983667137888452949759678056
 343  -0.507669626015538705447025406936   0.371318046843533562491620414599
 344   0.800880716094215008649839241746   0.374358666727506434132286972197
 345   0.396691099035481972183749599172   0.378741760423160335845901662715
 346  -0.422179909903058157534367365644   0.379076140128805445387762399227
 347   0.482180815147962429762740794958   0.386499853708433214166982489206
 348  -0.336690193790577609621709324355   0.386834233414077328283904383886
 349   0.567670531260442977675398836246   0.394257946993705097063124473865
 350  -0.251200477678097061709051283067   0.394592326699349211180046368545
 351   0.653160247372923525588056877535   0.402016040278976979959266458524
 352  -0.165710761565616513796393241778   0.402350419984621094076188353204
 353  -0.080221045453135965883735200489   0.410108513269892976972330337863
 354   0.005268670659344582028922840800   0.417866606555164859868472322520
 355   0.090758386771825129941580882089   0.425624699840436742764614307179
 356   0.734657423850436131880564442436   0.428976934155268671269156038830
 357   0.176248102884305677854238923377   0.433382793125708625660756291838
 358   0.261737818996786225766896964666   0.441140886410980508556898276497
 359  -0.669552322824968063384077703371   0.441159513574819196880291124911
 360  -0.557133189941753903954390488725   0.441475266116625618100224970116
 361  -0.760367060698723747852939467379   0.446810186057439177401238225561
 362  -0.846207440685524387966726761676   0.447139937686962094813043261229
 363   0.846115342996569919621366255995   0.447314188118421366270145491885
 364   0.347227535109266773679555005955   0.448898979696252391453040261156
 365  -0.471643473829273356038561958865   0.449233359401897500994900997699
 366   0.432717251221747231258546201740   0.456657072981525269774121087647
 367  -0.386153757716792808125903917573   0.456991452687169383891042982327
 368   0.518206967334227779171204243029   0.464415166266797152670263072306
 369  -0.300664041604312260213245876284   0.464749545972441266787184966986
 370   0.603696683768848943951717040133   0.472173259779190678685825262186
 371  -0.215174325491831712300587834996   0.472507639257713149683326951645
 372  -0.129684609379351164387929793707   0.480265732542985032579468936304
 373  -0.044194893266870616475271752418   0.488023825828256915475610920962
 374   0.041294822845609931437386288871   0.495781919113528798371752905620
 375   0.126784538958090479350044330159   0.503540012398800681267894890279
 376  -0.613524978698438086695460706518   0.506195013746209312870012726671
 377   0.212274255070571027262702371448   0.511298105684072564164036874938
 378   0.717143999588117212366843324515   0.513012400138527881686046706001
 379  -0.710439089792367821409889404364   0.516637668423550395028372671536
 380   0.297763971183051575175360412737   0.519056198969344447060178859597
 381  -0.521107037755488554542756552082   0.519390578674989556602039596140
 382   0.802632592494899335753545718830   0.521327227383303358209301947541
 383  -0.802342976949168474044138616753   0.521715166342626127422292493367
 384   0.383253687295532032754351608522   0.526814292254617325381259686088
 385  -0.435617321643008006630098510794   0.527148671960261439498181580799
 386   0.468743403408012580667009649811   0.534572385539889208277401670747
 387  -0.350127605530527458717440469502   0.534906765245533322394323565427
 388   0.554233119520493128579667691100   0.542330478825161091173543655406
 389  -0.264637889418046910804782428213   0.542664858530805205290465550086
 390   0.639722835204811239065251714750   0.550088576828534788242651206291
 391  -0.179148173305566362892124386925   0.550422951816077088186607534745
 392  -0.093658457193085814979466345636   0.558181045101348971082749519404
 393  -0.008168741080605267066808304347   0.565939138386620853978891504062
 394   0.077320975031875280845849736942   0.573697231671892736875033488720
 395   0.162810691144355828758507778230   0.581455324957164619771175473379
 396  -0.654411745665837844721272407513   0.581673168594940511018094273296
 397   0.248300407256836376671165819519   0.589213418242436502667317458038
 398  -0.569036634836633729930116604999   0.590604575164826979337224428312
 399   0.752693144481216972446427268117   0.591146501974953288504702821899
 400  -0.752393779313583795010952484045   0.591527478141521153553714962547
 401   0.333790123369316834250157015304   0.596971511527709380988398284528
 402   0.419279839481797382162815056593   0.604729604812981263884540269188
 403  -0.399591169456742657221635062694   0.605063984518625378001462163886
 404  -0.485314413853544335552090886200   0.609558975341942656261087777071
 405   0.504769555594277930075473097882   0.612487698098253146780682253847
 406  -0.314101453344262109308977021405   0.612822077803897260897604148545
 407  -0.228611737231781561396318980117   0.620580171089169143793746133204
 408  -0.143122021119301013483660938828   0.628338264374441026689888117863
 409   0.614317885012303966534459162642   0.632084113768856860745151644546
 410  -0.057632305006820465571002897539   0.636096357659712909586030102522
 411   0.027857411105660082341655143750   0.643854450944984792482172087179
 412   0.113347127218140630254313185039   0.651612544230256675378314071838
 413   0.696698731843965474919903970282   0.656210357730854403686576967613
 414  -0.696366435187053818322335487194   0.656562978312911269543436564307
 415   0.198836842551566559189060895684   0.659370646100256610815078929999
 416  -0.610991324357849703531179684680   0.665494384882797737862566719323
 417   0.284326559443100818849511247241   0.667128730800800860651817156847
 418   0.369816275555582183658620463375   0.674886824086073319491678867628
 419  -0.438560015412372804166549204529   0.681549987272736308349307365502
 420   0.457686104267702080831893348476   0.685369627468337500162947759753
 421   0.548033849503392171919180242611   0.686628647950283483424547741325
 422  -0.278075301157996759900513573334   0.690737390362261199400884731645
 423  -0.192585585045516211987855532046   0.698495483647533082297026716304
 424  -0.107095868933035664075197490756   0.706253576932804965193168700963
 425   0.635099796028137372848698764711   0.715995394979090577683274303328
 426  -0.360040592940367434459012504663   0.716239753300748590682601248591
 427   0.062368615531333095614627172081   0.722452519251431766541063606021
 428  -0.512678118892740292118195906383   0.724853408718264532941800821517
 429  -0.023421200643710304365042526509   0.725416808891085540251396773954
 430   0.147870153093799398995800501082   0.730205420859147744277665139884
 431   0.233359867980350708277360548374   0.737963527653441332963227002955
 432   0.318849585318758251216839015161   0.745721607429692516572303836068
 433  -0.594815042231189116141192863535   0.749797454037925050504376989245
 434   0.404339301431238710777618516676   0.753479700714965373055219868446
 435  -0.434718915864971744011554053294   0.767305019350640939342483954989
 436  -0.242049148971731410492050125263   0.768652702920625137904165314745
 437   0.568391863504179551445660856041   0.770020678974592046645267227374
 438  -0.156559432859250862579392083974   0.776410796205897020800307299404
 439   0.483966376355688709451299667967   0.785545391279672117271452347343
 440  -0.073529818150014671657080000069   0.798279695809197634432592569603
 441   0.098406353330712646360034754052   0.800362473857493931913234258417
 442  -0.356199493392966374304017353428   0.801994785378653221675777838078
 443   0.012149810035431752030485714484   0.803540958625209742510992977148
 444   0.183896043363475041873478481214   0.808120854520860663720747585446
 445  -0.508837019345339231963200755149   0.810608440796169163934977411004
 446   0.351250425785368402571957481885   0.825212896949191286319915915275
 447   0.265831791148719506826213877917   0.833717979501770211936905300879
 448  -0.281765628385882103691707986499   0.844753168328931551839609094303
 449  -0.196275912273401555779049945210   0.852511261614203434735751078962
 450  -0.433764968660424881826572268292   0.853140731948291307482185534274
 451   0.432131515884027237572702424302   0.853969267319391497786300063434
 452  -0.113268562895694464718892024126   0.874384979215534194471322991900
 453   0.058010553647733715716327183033   0.876104529153004207690349692872
 454  -0.027687374406411037050676526704   0.881058789909376103728775946392
 455  -0.355578575602804782677688658590   0.888574720053708293496203494249
 456   0.156957562661383869890074516366   0.889625442305098664862385808620
 457   0.315906726018861102894004701049   0.903440145777400045798900950480
 458  -0.249038843883906136716932185148   0.924110821700088656273424861672
 459   0.233687537560725776983811835924   0.928111680421623612865280330408
 460  -0.165236511729334950379324928717   0.942707829466673610536036515531
 461   0.098030640628146031101204702126   0.952045770981774229241497615570
 462  -0.078182212394416852473729288022   0.953651204530066244945546918851
 463   0.012332712574001278334200992389   0.957000031738146125279923869091
