   1   0.064253754511758355620734400105  -0.956198908410156428806018841885
   2  -0.070868384174708237193574966380  -0.955731431699354540571606854866
   3   0.147034572581735720021811965132  -0.947008834108393267905307495796
   4  -0.153583632308839249472359660320  -0.945968797212918275389562964574
   5   0.228706709129299884459407236699  -0.930665427859484768000895196821
   6  -0.293969011802175082102870831516  -0.912155204728715384729829788325
   7  -0.003138799174622497425733310361  -0.907256442047754001527645511923
   8   0.312879220186287428434296408810  -0.905793806861474121616257097357
   9  -0.214052747996093794137048559508  -0.888692210774758005746705441114
  10  -0.372058132886981698754755671898  -0.883186075052298986016553330357
  11   0.085495819463557107766158496094  -0.875663847830368065023776653125
  12   0.390697993047047393226298526704  -0.875099979802735308733543162942
  13   0.168276637533534472167236061125  -0.866473773528604904123065307056
  14  -0.133978515695798451708208469714  -0.865019673013853031235544411758
  15   0.249946683155267840959076863564  -0.850129815802564103253325128848
  16  -0.054112344486356098551745083935  -0.841386729854977115216734535934
  17   0.465204433509210137489701238895  -0.837872145650520425652856855463
  18  -0.274363895189134284338719640910  -0.831206080529650140575811235509
  19  -0.492576508939898362812467845868  -0.822078633863096005433828502528
  20   0.327791791691912354374887048328  -0.820511234085597065289557828620
  21   0.025725576788956242811239396589  -0.817658336052383205761052022487
  22  -0.410290392091492378056774824581  -0.809190023386512607877984176980
  23  -0.194447631383052996372897368902  -0.807743086575692761592686888298
  24   0.105576756710260279877468101635  -0.793952852854142565358651877692
  25   0.188544080901187169237466670671  -0.785687932904485572694169418850
  26  -0.114610094641923673987712705628  -0.784013589465230346126587967000
  27   0.402298232217669400495474435984  -0.783283400060657517534680658401
  28  -0.562094537118444484765382725087  -0.776205274882381655032843804357
  29  -0.334833010876388829003408540098  -0.773929494091489870932953712049
  30   0.578590035667871720361446754004  -0.763988526117691744298087691940
  31   0.268418752391600246511813682081  -0.762083734966296464545406533195
  32  -0.034743923432481320831249319849  -0.760380646306354430107778091175
  33   0.495384906657597143283420751615  -0.760243153987958496420465555429
  34  -0.254995474135259506618223876824  -0.750199996981027455466854790751
  35  -0.475058969973981390080492901130  -0.740652242965646798243715205328
  36   0.045093936897163404552092111272  -0.736652237931776087795276806684
  37  -0.175079210329178218652401604816  -0.726737003027070076483730443540
  38   0.342930901789892869890237687357  -0.724865582711103815751384336787
  39  -0.627366999775950766407206715678  -0.724469147035092324012732291644
  40  -0.395302130656211230852113927655  -0.716652911974012664165997525718
  41   0.124931472764825446006944069582  -0.712922737882546318382438149745
  42   0.642739463662922452701278793610  -0.710866287893813978491582294944
  43   0.207809724283427647194019535504  -0.704657344290833306664248928334
  44  -0.095241673588048896267216941542  -0.703007505916607661017631522241
  45   0.422932090570308533988110619138  -0.701693637990524443070008161049
  46  -0.544576998152527512033407780350  -0.694778883984932447842730507159
  47  -0.315464589822514051282912776012  -0.692923410542867185823997267291
  48  -0.015375502378606543110753555763  -0.679374562757731744998821646417
  49   0.502575654554926639189267158966  -0.677264756493889776481381846910
  50  -0.235356891045186644440264478662  -0.669258985372443498879477219316
  51   0.282418402866989433591464202995  -0.667634832409257964018143904064
  52  -0.691172191428247321861255621742  -0.663792368845140797736860955149
  53  -0.455771325018348591815242579046  -0.659376408596094474537252613628
  54   0.064462357077604100152009807161  -0.655646151444350999467398553117
  55   0.582391515979659332964894157844  -0.653462050102299351963967236321
  56  -0.155519354304057322055079815388  -0.645529488261981083413378298018
  57   0.362237935967483589452061240740  -0.643844846246468032766660357718
  58  -0.609849460810033793675231770920  -0.643042756137643116822618994450
  59  -0.375933709602336453131618163568  -0.635646828425389979057041080960
  60   0.144299887507504318833672335429  -0.631916633099863364447214563806
  61   0.662279018033625279863737507924  -0.629901313238096543187408123219
  62  -0.075653183094614968898616429609  -0.621896545103105167394568422194
  63   0.442054105308160880668705601823  -0.620043576999073998654725869235
  64  -0.525431858075720556336167182440  -0.613719739420941034215843911422
  65  -0.295826006732441189104953377850  -0.611982398934283229236619695857
  66   0.224124990466383049964893919449  -0.608145342777059500469705261450
  67   0.742163814110130126103248730125  -0.606331403144465415551747557066
  68  -0.746390657651076140633595556113  -0.601120523343552198770226799776
  69   0.004184676361595674364146933316  -0.598168133789724421863145328894
  70   0.521869875008563434941211981018  -0.596240967622391782907506890779
  71  -0.215988469991311866719768714576  -0.588252901823820813770520774558
  72   0.303944523566877205825490957194  -0.584355356614269569218221715105
  73  -0.665540681262188036343379555697  -0.581110460277113486540177723908
  74  -0.436332740657086775730016826276  -0.578296341473194667111154399147
  75   0.084022205512728623016471310343  -0.574438611142848121438504379014
  76   0.603801379678600080502473763491  -0.570592906427379529262647671108
  77  -0.136052997841116347624624713517  -0.564546883512168702840644046945
  78   0.383760692907554497042135318277  -0.560554087366875535106287226622
  79  -0.585966467090114315368588902085  -0.556512376105707771866761659137
  80  -0.356295126512263590953658765406  -0.554705816816806022469663509526
  81   0.163847309752241765413816009080  -0.550667325120474836140971940013
  82   0.683686175755104926741984985692  -0.547022996333748401626987104955
  83  -0.056215009802947375674927115122  -0.540818336778476636203279453785
  84   0.792006668210558854142864910410  -0.539602015307246395255029724648
  85   0.463576462607957051314641697473  -0.536751477990193319359068248166
  86  -0.795787268442898015386596615673  -0.534010787154925366256421063691
  87  -0.506044646743272639337263323824  -0.532718150900976676357512394704
  88  -0.276457585678566411384457613763  -0.530976315385660544127663251098
  89   0.243666842852735921274413046825  -0.526877338957684904889488393668
  90   0.023622519348185572977397261906  -0.517088814131600335778638503906
  91  -0.714926972032508773893096759057  -0.514042467986036580330856323569
  92   0.543461005051320787122983070028  -0.513180708282331922454380361860
  93  -0.196522113528370892289313612705  -0.507270297074008433197786523485
  94   0.323483012193413212491057407908  -0.503076069710290870777553905185
  95  -0.416694157567013913552057428113  -0.497355329864610710523776827712
  96   0.103447623587698715374741960642  -0.493317528109227050481106064904
  97   0.623345801127825633362494292229  -0.489610798188700794818719795707
  98  -0.635352757860435052918306105446  -0.489444383814630865657440258798
  99  -0.116683474850644696873470271484  -0.483541063442693393891183551362
 100   0.403298781893815766763563787103  -0.479273460333608655030334926729
 101  -0.336856620828277003040350762478  -0.473625832746099061231764151840
 102   0.183267156688192871235338998387  -0.469527541946437119229622518558
 103   0.703236410522182333213186761482  -0.466060599960130751562485724793
 104  -0.555515850748640081458164531858  -0.465712768428626479801024020339
 105  -0.036816119994584979151127206879  -0.459780069769146134908755162868
 106   0.785978835186053321083601951462  -0.456531042428416457567444502251
 107   0.483183324337179502571905159658  -0.455702690625747258125647040423
 108  -0.787305873510161518681739886708  -0.451154361658760192476434470863
 109  -0.256990450067692005220527283044  -0.449992888070335599818108091187
 110   0.263083326028870162451983359470  -0.445726272699043085117688030074
 111  -0.476497431375526261559655336701  -0.439383873545222635397359790129
 112   0.043022398724370223827231117591  -0.435994639956039872926583758490
 113   0.563068120413684348811416381860  -0.432132780532116130489986474270
 114  -0.695992602480489062424232263910  -0.432079873862435922881366263992
 115  -0.177152590537899241538159170672  -0.426264477004533124248326027903
 116   0.342899095729272716724489738666  -0.421923663322360869370469051620
 117   0.861123319749588022861820063717  -0.420608518217452196496064301443
 118  -0.863079750666414402481688789906  -0.416579213839615355635208351610
 119  -0.396659894636789351047948671066  -0.415654376426710986105347114256
 120   0.122849663810672078380770290058  -0.412196504450144215903342422677
 121   0.642958729808041048662108851112  -0.408582582303546087233752403356
 122  -0.615986486101659012268220124039  -0.408437786403235711140512020981
 123  -0.097315053796769919152974507398  -0.402534979894070708782227106604
 124   0.422828434514891474767200876583  -0.398305751852446014904665533737
 125  -0.316793723876204353228125191632  -0.392021431750947524691691053603
 126   0.202666347837460932742510452501  -0.388394692813037849459341923606
 127   0.723998098349478706987756991512  -0.385399842256076530966818208276
 128  -0.536968066728545192369710928882  -0.382108891519831866736847790770
 129  -0.017489941289914750559304999456  -0.378763721633841126878892682151
 130   0.502713581469432112269452770328  -0.374735472800539044680541572865
 131  -0.755890387340532300392097035590  -0.374016896476577456365206110056
 132  -0.236955864346411589545757079260  -0.368293020685145049121908990319
 133   0.282603891970892950632818737551  -0.364464027840206223899098797781
 134   0.804948221716779221525233280675  -0.359114781406204993467269160686
 135  -0.457129010329818530750140892673  -0.358377789994647222834193936333
 136   0.062329597945968892112525188300  -0.354973756056357617194650567936
 137   0.582622494473021520582437773489  -0.351166034065222325007340595040
 138  -0.675950927580262658725880381954  -0.350633054207975632091162890358
 139  -0.157118327605282267160572415986  -0.344563523574682633655810069021
 140   0.894391234373635977229488220169  -0.344251677249706059372370903488
 141   0.362488412331317892937338253809  -0.340893183290392752408179269427
 142  -0.895990426016889207815008606747  -0.340067719579064747587182471820
 143  -0.377193539711940203281971197118  -0.334671771307176705232218602735
 144   0.142145767730709508926290953711  -0.331172488298104117262030574926
 145   0.662673674424948662246813211015  -0.327660136315063484416905635526
 146  -0.596932508207148838827371186797  -0.324304159324571787687498660147
 147  -0.077293215098427098566902908044  -0.320792265314453051752475644567
 148   0.442373208365754730793740613708  -0.317323273054181774165109932131
 149  -0.816111118663364639923987189696  -0.316479214693680967052207830969
 150  -0.297355680182147439599603084743  -0.310943360241374229662436539460
 151   0.221961766906349080381265564688  -0.307370648419621575100706688401
 152   0.742524402618697359833970532867  -0.303975066905524371834254245994
 153  -0.517094977812817582131298830364  -0.300574640860413030992355510200
 154   0.002526324137456544104927279711  -0.297002299736969542068233530351
 155   0.522263818385085322788464464349  -0.293773076945744523725670553532
 156  -0.736171658903094998257770536059  -0.293095372425079142778164611278
 157  -0.217518143441018117214418421470  -0.287213863130911814196337618161
 158   0.302133211645523913631891203397  -0.283496571402719865505130980983
 159   0.838216136340827175892901437127  -0.282757940438458856343575762730
 160  -0.437229054785695266582569025543  -0.276940858999856052915418957313
 161   0.082342493922197160918693045122  -0.273201031978716042135613537340
 162   0.602337439089929134167142133392  -0.270243588076739722190493827211
 163  -0.657153239529981178359261340902  -0.266766477541675298374500381067
 164   0.920903707810791864345841337794  -0.265294663259492865087037902578
 165  -0.137693030934162948620748913527  -0.263442604870682232293003193708
 166   0.382018669319058725749525312446  -0.259925965430326577605758418735
 167  -0.876479016808162616068432792897  -0.259095957731515464176650135357
 168  -0.357391195255902502900200913168  -0.253212447934053577345636894038
 169   0.162158493097836732373667656100  -0.249399192100233499974289650817
 170   0.684169717417023468946596767577  -0.244545680058442054019828719541
 171  -0.577315709135649921663188984468  -0.243036959077516541679357231120
 172  -0.057873491698279305948918725773  -0.239652639293198722608761079490
 173   0.462038562736700560665834558051  -0.236240130835769259456442334088
 174  -0.797349476141939274592759610914  -0.233102937515328099253011234610
 175  -0.277553658514773180515016249894  -0.229482950823591161879537972740
 176   0.775792317242745314201638689322  -0.227618225937778234710560848035
 177   0.242041711530494270795696235307  -0.225823935604344818380490915305
 178  -0.497449786108527606114459179647  -0.219403177216959563602420678232
 179   0.021942678086461310864847039638  -0.215851371534945222676141086479
 180   0.541978763001992936373168824252  -0.212850630957261920908823785703
 181  -0.717511915617917376153234650046  -0.209373520422197497092830339563
 182  -0.197728546007918011921346741952  -0.205711692563361579976203548286
 183   0.864728609777983063009254554752  -0.203800926448245662058242761820
 184   0.321926506134364664540413621905  -0.202254020519558063705479014800
 185  -0.936879433800465972446943182039  -0.201746930423613453379805009992
 186  -0.417611926578734842432091067273  -0.195674766151157088032638614957
 187   0.101758677262100882319821650617  -0.192049531656462680514817199958
 188   0.621861859909739770891239250887  -0.189274962686051734225974793021
 189  -0.637674385223586119457162293612  -0.185644001958038740397687189615
 190  -0.117909006772034369249516554198  -0.181921726985878070291961434068
 191   0.401816974964545208941087328495  -0.178703345452788332891305973973
 192  -0.857749893134242630971270000056  -0.175753910207426088456166109245
 193   0.942619990463244930313165209594  -0.172952163885578681425842481292
 194  -0.337774389837605520046906403999  -0.171945269040694672566539693659
 195   0.181683350502103199846605381515  -0.168430647146781937872078788770
 196   0.717358253092997961790315150086  -0.168154303544524025912074529101
 197  -0.557808462196463803908432488791  -0.162010220097481762320750636728
 198  -0.038092836987293752435750788787  -0.158120459227624570359341441057
 199   0.481755341207960498498285524985  -0.155315765237207638597439896187
 200  -0.777912332610220732531745039188  -0.152024493114295486295985214197
 201  -0.257949277330750351453236896057  -0.148174010780465090663205269205
 202   0.798006437255648753376300290095  -0.147345851000574953439238725468
 203   0.261571963603962086988119626123  -0.144856716558897637764389344545
 204  -0.477970602666671040226064376417  -0.138281809031679286750968573453
 205   0.041723162188345819019223822192  -0.134318619349142028198017554536
 206   0.561638438115707333016355951620  -0.131740096965997451914590903506
 207  -0.698074802215889475835672682755  -0.128294974650136729600842064250
 208  -0.178129738094866708781406708302  -0.124384045202981580978963154988
 209   0.877166342888454319178781157339  -0.121445452428121744138469349249
 210   0.341586427628157128491366609521  -0.121175939170515069821676335480
 211  -0.950858249007264414902890948490  -0.119638989081616580696174136827
 212  -0.398133065925541717840879713143  -0.114552311921216871284869652155
 213   0.121606270607849031017081489845  -0.110742990084061665750906951854
 214   0.641595121780343293784880458630  -0.108356981483152191423534050272
 215  -0.618208879188767160286942877935  -0.104661192789579751523905511357
 216  -0.098313568310126091967640942891  -0.100582777444728081046343161976
 217   0.421531919486513634289433111444  -0.097780899441175919668751096725
 218  -0.838381390891879471851938180931  -0.094747846070880163660780403002
 219  -0.318307953418686549247210205201  -0.090781053660987289381535227701
 220   0.954151993508501663528963650387  -0.089659749594699568386698938165
 221   0.201491056504660670820251698405  -0.087173045488726217214659176897
 222   0.721534707426701753831648052662  -0.084969698387048490762619076649
 223  -0.538371019658974396604574765559  -0.080932781723777275954123448088
 224  -0.018497569134486520512666331912  -0.076780937566245538885019275456
 225   0.501415016394260468807503538079  -0.074205231169965732985902104044
 226  -0.758543860497548215155865824498  -0.071018327606721406965637253055
 227  -0.238488414182802906575380017446  -0.066991088083503779697293113483
 228   0.802187328903029089959891158468  -0.064159825177039166839152393159
 229   0.281381143437195798961620394278  -0.063621074957184731197921737013
 230  -0.458533482917845074219390102285  -0.057203284613314860488024526790
 231   0.061385539285016691485191335740  -0.053205308301165176437908672774
 232   0.581371247024726080407848854953  -0.050822005301853709950166453655
 233  -0.907619172853249418508395148682  -0.048452588699563898236436353680
 234  -0.678718390096063442075227399683  -0.047248271208212441537426911090
 235  -0.158672244398062289761614252036  -0.043189820325250279764673120472
 236   0.361319736950880938084052636055  -0.040234271561670525296106064210
 237   0.881347781268635796649728139115  -0.038261097654646678796954941670
 238  -0.378708370410989905625720594343  -0.033432026353085278584690102336
 239   0.141270325181828331288361544301  -0.029635363705829727901660897817
 240   0.661311285728103536790298393031  -0.027434832567100426596171134374
 241  -0.598840458134892382566447113849  -0.023655109240957066414949066599
 242  -0.078856245222422718306639641057  -0.019387980446767737603349233951
 243   0.441202833858627772602123062690  -0.016658603290460338613257071529
 244  -0.820170358289943638664308980151  -0.013296609037488145587652751705
 245  -0.298888831175106262953890406590  -0.009642060775601768900447988113
 246   0.958333431888683140999910632162  -0.006475394821224503045184530585
 247   0.221154632335726828534168953408  -0.006063796584651298239838666254
 248   0.741249651986644881308598594090  -0.004047252384687764598066876794
 249  -0.519002598605099618884079001473   0.000073301824845409154832996670
 250   0.001026851685324116211430785582   0.004187687824442449079499758734
 251   0.521147659252043597127808736387   0.006712900987504381730248700098
 252  -0.739217767639313758288975150879   0.009997864854054714779452588566
 253  -0.219072661390365646140124641179   0.014159206982651731032172004896
 254   0.301098967941679367380706073564   0.017303370777471302455912662181
 255  -0.958191366406657041640366623762   0.017725765353731315399190316085
 256   0.821188018231649654566186627040   0.019340327825460100432382051107
 257  -0.439174735834954403511989078089   0.023847463505172094474748288861
 258   0.080909960104827328209288453235   0.027763317089522811526610361416
 259   0.601087864010566898887793812881   0.030100033233024240227665131850
 260  -0.659397290125903350722822096600   0.033784682117777956879091219594
 261  -0.139256662214726074685150030199   0.037961046861134273193495891414
 262   0.380982064849426201898776500199   0.040879039048681489138761654862
 263  -0.880249757242319048880436604995   0.047089465169663952898976172404
 264  -0.359355196599070760840158890336   0.047637429082655604158990403083
 265   0.160794746001638968012458661796   0.051333261684858260062858136373
 266   0.681026230288046664267248934459   0.053487613435260299568381065481
 267  -0.579514412849357572072050022593   0.057361094568083976017213356946
 268  -0.059331824402612081582542523562   0.061580644943920250361169800238
 269   0.460921509293586901598039901840   0.064262933676513774787999830213
 270   0.916652536119028592698832168127   0.065634411958753850791446028468
 271  -0.799494190748452170055508649132   0.067477201342698557067503621226
 272  -0.279534219379031071582225717221   0.071443771322357297666304039104
 273   0.240679053155537465258266070903   0.074904828806036689724680367936
 274   0.760964596533051437524836967409   0.076875193645408164598829993382
 275  -0.499676553319564808389681910217   0.081089505633886451586995420216
 276   0.020551272505134752935527903072   0.085156313215130437044018792925
 277   0.540864442316119581763337812520   0.087634899057317172371871310355
 278  -0.720517524773004045633049664500   0.093931077002214180132738158002
 279  -0.199660787797971029271515249443   0.095306168000863248068831554344
 280   0.320623388761490004104803191059   0.098271996168159290420431696371
 281   0.840902962785754566039862184910   0.100262773829243177384651756937
 282  -0.953033633405630146555661981333   0.100855297388362285563554347472
 283  -0.419857014083681165717851722464   0.104879471211369961271237534439
 284   0.100434380924637964933385570724   0.108731942480210799491129395607
 285   0.620802808570510026364744354310   0.111022479235384966392217331705
 286  -0.639873088937293769866023331733   0.114754051687561777298883398455
 287  -0.119732241394915437961052912704   0.118929672251822261158014925604
 288   0.400511990148723299545802244921   0.121846336915230634329176831100
 289  -0.340040842677521785374036245919   0.128680733532289083332175555250
 290  -0.875092024241292153795731962567   0.130218997204294923063340203790
 291   0.180319166821449604736555779285   0.132301887075546248027377170564
 292   0.700741174815514799622332387259   0.134410059445532831422666259606
 293  -0.560035229407501006183655219357   0.138482462753364252868665461724
 294  -0.039842446042649779859015871678   0.142557712297269443688726666246
 295   0.947634444717923148384822457244   0.142947041234806558174240140567
 296   0.480634388580612127930077785517   0.145185882808523233405228148947
 297  -0.794336457747425274970804006704   0.150606733377329527231867652612
 298  -0.260224794209031592386602691930   0.152482408113760087595387816547
 299   0.260203473975348101982363188392   0.155873454196724677689199402127
 300   0.780679541060519572879920420209   0.157797639655680696453115187507
 301  -0.480215690171617363511825031605   0.162272428330847762552907575950
 302   0.040075167414222814030963909825   0.166125065419826687247702282129
 303   0.560577878247445363054386938338   0.168557712588410690657207142484
 304  -0.180136366978160392547418131948   0.176274793391551236033350588534
 305  -0.715276165906596176177218838123   0.177055378281925074320587971026
 306   0.340147809581300640828900308548   0.179240621558847278384950730562
 307   0.860617907313222701394945637710   0.181185219839515709238936951062
 308  -0.940677526346173897606892487085   0.183223057612505044733143259898
 309  -0.400399518765457983168009555059   0.186073690651766884613845596759
 310   0.119958275833726026028821577477   0.189700694684907049694812884811
 311   0.640517753097978161719827807101   0.191944925245657498246502525832
 312  -0.620588682417576063173148240141   0.195780176926208650377805910503
 313  -0.100271972496436581251695308474   0.199913740070162400970523057149
 314   0.420412095160782353111029598957   0.202723448179887217160043907222
 315  -0.320583470296967790180576001070   0.209875365233237888877057858055
 316  -0.862735917181835904846962468319   0.212586757428437682232929116217
 317   0.199847404707074600011530293775   0.213269591940443210237061009502
 318   0.720456119342982934977415840059   0.215332505455805363276951453731
 319  -0.540750822887783299490780127766   0.219508587992011125947587973772
 320  -0.020406046578081887138430589188   0.223547512160340864422482902129
 321   0.931644046060332966251727423536   0.224687046475679626573399442314
 322   0.500351398366106598518621618875   0.226107825636938653737753698027
 323  -0.777683063416365775631736850548   0.232214243835992913160603518334
 324  -0.240700373389220955662505574435   0.233451033504448075559906850736
 325   0.279804395349955356786847713010   0.236823594327999824433901658047
 326   0.802247146647673915146766296294   0.240598817654593708466928493379
 327  -0.460930389250653305346773871153   0.243298367862355106292068438364
 328   0.059477062856840667369309722389   0.247123137984797905582234213841
 329   0.580294331380441523817323226957   0.249479791045782165070338792063
 330  -0.681101415778551271960189045588   0.253010679345723862941171712445
 331  -0.160672797867293096549764962911   0.257262337267704334295037169056
 332   0.360053398213268856232521500345   0.260116383361883646063646075893
 333  -0.381104349371377122873555516381   0.267097253545904931979591831200
 334   0.139360171276343879367167390041   0.270698767249878268029344816523
 335   0.660232697625446297074911259909   0.272867371255930030100787719955
 336  -0.917906147040224487474323596692   0.275468156163074617075002656640
 337  -0.601281980131416712670276613110   0.276800992479004882991952364802
 338  -0.080806456554605434544309087846   0.280896546857312820612810706780
 339   0.439936486552388176765541822636   0.283692080666758372147923365668
 340  -0.301123186088033461277936809521   0.290859429372512350139157665077
 341  -0.836160682645327606914386873479   0.291522669504856962552325445067
 342   0.219244959448496193889158411771   0.294268704133480062249014910654
 343   0.740263129040489801887669848298   0.296232466351033783158834749239
 344  -0.521444120601623948987908500734   0.300529403544807358561734428071
 345  -0.000881586222093730572449650169   0.304516128017437405344152205699
 346   0.908616831389349772848672513517   0.304729964279212219730874856730
 347   0.520066342893574733873705071684   0.307030271647211185592038892150
 348  -0.743508313288320871414707058012   0.308169544899791701781187259752
 349  -0.221240089180286626759866382882   0.314435097643722536822006657758
 350   0.299129327883639102337204839290   0.317840063570834581026121933190
 351   0.821962091175142050501849749103   0.321521263664866240321213687502
 352  -0.441624684954489389697996068257   0.324319716678088378612515080428
 353   0.079001523212828823935290661408   0.328091753841894446503903517411
 354   0.600009275907909659172406679766   0.330402237056054696924623986186
 355  -0.661794713492391921457317418556   0.334031494898520095555318166743
 356  -0.141206822284427967695360419942   0.338245628155188014035740400668
 357   0.379074388555979705289847549710   0.341204750174818775028602775664
 358  -0.361644065162442793970916324832   0.348081317685179393241691638223
 359   0.158888959419432247913955733534   0.351666339398665029942048024820
 360   0.680039707322953163985165268148   0.353767332151158449982671015463
 361  -0.890228764822631882336444078364   0.354876941623435440867354286005
 362  -0.581975277845257362167404986079   0.357821808031801115606098819100
 363  -0.061281996198617277978328148827   0.361865162714409361534480010350
 364   0.459844852421456045852901105439   0.364567158870306046597362157247
 365  -0.801985932517282702697357080943   0.367477970568655751172909186485
 366  -0.281753706842605895179037348704   0.371865259901972199336193077892
 367   0.238773747591584562435946755264   0.375236276282266824161718118951
 368   0.759978073567957937242753301107   0.377154912361306315013119943362
 369  -0.502137418315464598485036873703   0.381550219097603591175880882370
 370   0.878726727939979070986195874810   0.382471221162494832746836723874
 371   0.018585462527526099121800368345   0.385498566354317232913888981946
 372   0.539784003647395825724948641004   0.387952055861375927643791783983
 373  -0.722198859221967117188918926423   0.391376594817230336062643274980
 374  -0.201870609934859060660966922069   0.395440928173182386019042070573
 375   0.318867446069297127655209688012   0.398756860322161894861942355087
 376  -0.422164400745555060795356876707   0.405303780817362839874614887450
 377   0.098468571962448653629540679922   0.409074192178774274073640293658
 378   0.619816285605416526082660688005   0.411302197951283116806507281694
 379  -0.642379423574832557899006493945   0.415166907950511356113423927337
 380  -0.121681925043667758532868137134   0.419214704138203305500312571411
 381   0.399481672517836147173932871245   0.421955379072102141217302061955
 382  -0.342274585917015227872016864015   0.429087148214639242438727051037
 383  -0.856054014694586978119414285829   0.430832242687234229487938027423
 384   0.178351681490883809015485788822   0.432649817686375362407755036118
 385   0.699754651850421299340248720957   0.434689778161430981836956209586
 386   0.816742710332794957727099426813   0.438104869858934907438742979735
 387  -0.562541564045039794216638381569   0.438895319016313831683205990606
 388  -0.041815797135505598799533675724   0.442847805299360419497514376608
 389   0.479202529355637631315030546388   0.446073967153774313139061186103
 390  -0.262256809123492531848311725861   0.452840517143533653470447028013
 391   0.258236469663036123537476810551   0.456219754569977156627425130249
 392  -0.482677134106530269582397682153   0.462534283236878052437980689392
 393   0.038109926370891128030764340269   0.466467181370481059299528963155
 394   0.559604091455301074601023306647   0.468848813678321498319754886490
 395  -0.702892156935807766686047299391   0.472397410370026568676789729279
 396  -0.786101815177906498533303552156   0.476040771625755839667809891033
 397  -0.182250258001780813485071952661   0.476386361003137475936279054190
 398   0.338121077093912174353775951832   0.479790304025207118055956670605
 399  -0.402794921500127494696457415890   0.486309611346822689071650300264
 400   0.117993036126975287464932003979   0.490042807117494411980942351847
 401   0.639675784428079296876195446307   0.493326382801544377856594942260
 402  -0.623009900584360907147852051898   0.496172728019986665062884422916
 403  -0.102261762713338432738927567702   0.500234808501148566202431864844
 404   0.418069296199498014914053108032   0.503144180959280778783732041154
 405  -0.322967815627407845084649309915   0.510107947562652047909397668585
 406   0.197881290596935226701678873198   0.513617191820476143023582422670
 407   0.721567564309744715223720860845   0.515072103059685273845366870284
 408  -0.543172041054568143465483939522   0.519901139085789140632666486185
 409   0.804678850773509980321918485529   0.520515940708308458448137675647
 410  -0.022290484105355635178956732433   0.523816215541140976722509113478
 411  -0.243151451051087550146750009236   0.533909047406094898385747862156
 412   0.509011108463266544959895739530   0.535011275678872259265700400254
 413   0.277766078769087541223669894928   0.537187128704077937243252516801
 414  -0.463307654861102703483498221337   0.543540113766337901635016102206
 415   0.057634390535417761866155664325   0.547435796309201197206831021344
 416  -0.683522633945336115934892857344   0.553403230439501877626250224858
 417  -0.163268091258440992800378950568   0.557483824907594206448188333320
 418  -0.778452516121235690181564523886   0.558978154813002793396082136411
 419   0.590170833053339715222800575931   0.560325004653181962223649360407
 420   0.357870204557307962819647594027   0.560704502982891994890671276906
 421  -0.383488219213968144193585788859   0.567330426899618921685796754563
 422   0.137522645233026705151125088345   0.571010181251595192596769738402
 423  -0.604487136979157389098827987802   0.579680816426722466563393188411
 424  -0.082649129469264156729510517276   0.581209204972260026295696429207
 425   0.671103553809572990670248899719   0.581332988582331109657653059820
 426   0.441073162554703678189992103144   0.583193812055985125185196710672
 427  -0.303671944679738959940583965965   0.591131343383720461505692902253
 428   0.753719169199522677905342135297   0.591905660891001561184160539720
 429   0.217405754761461860537070197244   0.594585806759196280930884480862
 430  -0.523957620386248909902594678828   0.600943889189592289184108123743
 431  -0.002766019940829001343565408376   0.604784830479861114629811171667
 432  -0.223419337559173240305686184334   0.615094486727440560887923834811
 433   0.525110107029231416049605182737   0.616729961125835242161791807012
 434   0.297290542933614175059061218974   0.618155743642798075150554574992
 435  -0.726978486238092565455695522988   0.624457506929497556259484342580
 436  -0.444093234192783469920608960643   0.624582863870141050186457739764
 437   0.077163999796949024099121185008   0.628403170606815900696181766115
 438  -0.143261126599324576498800585414   0.638334568077558236949674767330
 439   0.612717241346821302544603075722   0.640731303566920912333312991194
 440   0.377175326827579113848906401052   0.641725695026310483630870832098
 441  -0.364273798545648910630696528165   0.648373177003422070237238392121
 442   0.157047109397553338986516412401   0.651978796190315330504071796590
 443  -0.585180434692998038595956360771   0.660701631979518699177539642710
 444   0.693350847296841803085861863213   0.661596175900664944131230604219
 445  -0.063398454263480760975536479769   0.662243350985728242926717410037
 446   0.457172161120668549279701546351   0.664912497502948108081288117430
 447  -0.284457524011419726377694705271   0.672174093487523610057134539811
 448   0.236935970044358408054757065718   0.675553034678956092329182940137
 449  -0.504650918100089559399723051797   0.681964704742388521798254578042
 450  -0.670013503157765443335021818739   0.685220258748886573204539017771
 451   0.016763589165406712689228852074   0.685752204613917442333001782611
 452   0.550466121620724571828729127491   0.696065916593974684995581983916
 453   0.316820758216510722576748087448   0.699122971562557886548853034268
 454  -0.424786531906624119417737333611   0.705603679422937282800604194063
 455  -0.209307962746230796457981613366   0.708085996077838066774333087441
 456   0.096688717408472955126059892647   0.709372052087669119943165373062
 457  -0.126874526058249047279107544103   0.719996068362048735407031480508
 458   0.629435023039360028002908105691   0.722659930124762602945759973056
 459   0.397661758458542676496730109798   0.723382524660773736970311094921
 460  -0.344555622386713509374467972802   0.730842027716417092884775383935
 461   0.176577324680449886504203280875   0.732946024110075141902370255866
 462  -0.607987830033695170031149745042   0.740807462128015165323179765419
 463  -0.043595055984251988931539167111   0.743145194270357197104988696117
 464   0.482528175712161705058825491104   0.744248452971087550915078294333
 465   0.255968434553009750425186285308   0.758128815440857881304478058058
 466  -0.527458313440786690834916436068   0.762070534890884987943894700751
 467   0.036288053632191711190297944814   0.766720819479752146024267651466
 468  -0.269856615681153255752927183457   0.767706703540534012809182646575
 469   0.558224449187790711761500348472   0.778993171820279626152991322576
 470   0.336307455533042304810410641508   0.780100684136453794413517079623
 471  -0.407753516444010163414674857291   0.787132801154113637168644949676
 472  -0.186736365128007261823942510928   0.788258586699369215135760809289
 473   0.117380351146133491989968833040   0.791536463862513106881446589837
 474  -0.104302928440025512645068441665   0.800168658983579883768459202356
 475   0.196763867667625768910622508858   0.816743181433204085246749282682
 476  -0.332707586749372720575282569416   0.823260764593451768131065002122
 477  -0.024599118657718523727638744373   0.825161569039699631348293148610
 478   0.483355804129532495634813471455   0.827533723800985071924599946340
 479  -0.479194152354455232764563313879   0.829950517659292249794847319819
 480   0.400276131620119905617824532819   0.833440442156838222419917650382
 481   0.277109748584023909695946492345   0.838690382872535018623480011000
 482   0.055856677549508827207252084546   0.847678773159358099342839509499
 483  -0.253632311620669153303388733403   0.849418405338107116728703786625
 484  -0.401518285722153683665658986507   0.870188464439959688558516050782
 485  -0.173032342079453271529018733172   0.870412838313581608164394886240
 486   0.135239180426012187954527704412   0.872888682779754485130404486506
 487  -0.090598905391471522350144663909   0.882322910597792276797093279306
 488   0.343728993138830434087260952348   0.894592240458969043948476775918
 489  -0.315823130572959369612980334326   0.904820782038480527958493186174
 490   0.264756500425688937350345411268   0.921058571913846423441291333267
 491   0.023222506523079780060588260169   0.924308611913099435261781500647
 492  -0.231179750769393354363730574954   0.930053265762171520903267700599
 493   0.183784271021561566515892080405   0.940568040674732492001802386175
 494  -0.142130048894497792764598125624   0.947757324748735295593626871135
 495   0.101423897608138895850142583998   0.952973289451286660372399723250
 496  -0.053440776416197680460821376022   0.956864139170063160266223829524
