   1   0.040782729580852313685215690342  -0.956522897143661008262221826914
   2  -0.098137421007012880766085425716  -0.952348849104286958032912837746
   3   0.125675636482049588153059030244  -0.949107432373700964471318754811
   4  -0.182431972199512824977576637925  -0.939849913183782659826922354162
   5  -0.265534575459383234752040974123  -0.919718596166488922148539237287
   6   0.270068297814107762555999073654  -0.918510967984573398851889046417
   7  -0.027196042953889572275746634545  -0.905135337904486312664105955810
   8   0.189039528672421876036149974837  -0.892126629234602054606709658165
   9  -0.349075903944589764435302274462  -0.891484883257946872018668672905
  10   0.350672904321099834869014776329  -0.890857899985835217790504753236
  11  -0.117864106727954542842899903523  -0.869447385725423357100934483090
  12   0.108010759523360745884262600122  -0.865742290486193507093138958973
  13  -0.202158657920454487054391115731  -0.856948449804919058894943999506
  14  -0.438683794231247758097538089255  -0.850973449921349719641581674469
  15   0.026981042973246554434339132200  -0.839358152495458852143612857642
  16  -0.284677102843229855311075630453  -0.835676378739393858290375531980
  17   0.252403420862794163919240919430  -0.835145826095503144742100561519
  18   0.475960196533083966992971189227  -0.830699208563698890357655033267
  19   0.391966770660425187712487636334  -0.816315218503077978716919816424
  20  -0.054047726168439332085509966616  -0.812973813745487507898433469391
  21   0.171374651713733033767353544716  -0.808761487347094597228529862326
  22  -0.513214880670458759951564395351  -0.808213938292686460926761899733
  23  -0.365208086054195352326539408323  -0.807809633271631397618013413560
  24  -0.135528983679268141479658057747  -0.786082243836353102991145998192
  25   0.547940947356223571860662982759  -0.785085983827588053843816507572
  26   0.090344935163618842317430076793  -0.782377349356359942279003760996
  27   0.315767313053166451802331864023  -0.778165022956404234877491464873
  28  -0.219823534871768085691149269955  -0.773583307915848804785155514608
  29  -0.439326901885671340800845731164  -0.765759711754111168477435667372
  30   0.009316166021932955797580977977  -0.755993010606388598033824372744
  31   0.234738543904105321650444489309  -0.751780684207995687363920765680
  32  -0.301921678512668610314506440623  -0.750742783171265305052848374832
  33   0.460367753227791379719819433569  -0.746921702801942633765805408761
  34  -0.560547362358080412501206257570  -0.737351882598677503441804990925
  35   0.616882399854411286696655647375  -0.732150475962286064096670793823
  36  -0.071712603119752930722268120840  -0.729608671856417253788644984493
  37   0.153708827353991130200521021387  -0.725396546217261032414394664350
  38   0.379131205238497696198879254735  -0.721184219811699575034242155028
  39  -0.641488037261272558318965586793  -0.710698516843005528434957867075
  40  -0.376040494344144598788812763464  -0.708692861653745075912270628644
  41  -0.153193860630581740116416211970  -0.702717101947282848881357513294
  42   0.532348504050930984587511227101  -0.701308478065831797251966883066
  43   0.072680058212305243680671922570  -0.699012207467289688169215276098
  44   0.298102436094477609533535433902  -0.694799881068896777499311669034
  45  -0.237488411823081684327907424179  -0.690218166026778550675367029710
  46  -0.458343453051094318631453005214  -0.682466812448268024669755040633
  47   0.681158560774648886487651803017  -0.672772100250580086672759541656
  48  -0.008348710929380642839177176247  -0.672627868717318343924035887847
  49   0.217072719544363418083611965980  -0.668415743078162122549785567703
  50   0.442703272547062510776533694221  -0.663556476945054181682504608376
  51  -0.539037222072265847715902082089  -0.654895175019642772083134159354
  52  -0.313208800738666540493235969908  -0.651125743968757632428646714447
  53  -0.702142570594234211612093184324  -0.650841835127005683766657571491
  54   0.599405907098862753123140498114  -0.648724265070322417332808137260
  55  -0.089377480071066529359026275064  -0.646243529967346999678856499595
  56   0.136043950402677531563762867163  -0.642031404328190778304606179452
  57   0.361466724557768827255593515387  -0.637818993954811122950941354643
  58  -0.619977896975457993533661411311  -0.628241809263970797076287035504
  59  -0.394808330251086425339530709425  -0.625569079886672113522031288147
  60  -0.170148812025469229778677963742  -0.619081300784130986648175116395
  61   0.514684023370202115644225487753  -0.617943252208943345168666082681
  62   0.055015181260991645043913768346  -0.615647065578219434059426791200
  63   0.280436611734735705966702910573  -0.611434939939063212685176471057
  64   0.745671428628707334592481304449  -0.600477646810428944727609597450
  65  -0.475484392339185869107328662781  -0.598125177725226667716521017164
  66  -0.251177581167155116298527062558  -0.592696962034159642402995728138
  67   0.661108270108880096825766690561  -0.589948307750429193495194197407
  68  -0.026013587880694241475935330471  -0.589262726828248089814247402949
  69  -0.757234351119074610982731032823  -0.585828832746768832524745754052
  70   0.199407842593049819446853811756  -0.585050601189091868439997082806
  71   0.425037051914401677370734034000  -0.580191619790207361552130628144
  72  -0.556425067683091768768593154608  -0.571471811476184827022248312958
  73  -0.332547671110031153166903309999  -0.567384845912070394328491448478
  74   0.580138177174246819013390700791  -0.563376334486880953767182985800
  75  -0.106784919835096941895587019149  -0.562100497645032076783566019748
  76   0.118379073451363932927004712939  -0.558666262439120524194817694554
  77   0.343800503925107993849793855166  -0.554454136799964302820567374411
  78  -0.643703188169131202440447191964  -0.545192534045333096213769933544
  79  -0.413223733198130596934701263356  -0.539940943750624948522981177495
  80  -0.187813688976782828415436117964  -0.535716158895060732538386631492
  81   0.497017802737541282238425827532  -0.534578395054096525038292102449
  82   0.037350304309678046407155614122  -0.532281923689149179949638306302
  83   0.796112372674146893109363300551  -0.531793544401685901302224114887
  84   0.262771734783422107329944756349  -0.528069798049992958575387986159
  85   0.711549214154319655342648686663  -0.521264205341686150069808714844
  86  -0.494164408096019550945775362651  -0.513287577978848293613218085791
  87  -0.809813197893661154234119025238  -0.510687642604958300633086460694
  88  -0.268842458118468714935285216780  -0.509331820145089388293207243236
  89  -0.724673487871041111861605212348  -0.507078690242562989246945500436
  90  -0.043421027644724654012496074556  -0.505119694505933166918956923102
  91   0.181742965641736220810095657532  -0.501685459300021614330208597908
  92   0.406051663411599229153717900681  -0.496259739282013327161557942301
  93   0.630581265621527664197826814481  -0.494693806957751188009582521361
  94  -0.575683762197974592016997787120  -0.488460381868736861734523880494
  95  -0.349871227260154601455134315595  -0.482947481395118044048027854979
  96  -0.124449796786410540532345173371  -0.478735355755961822673777534846
  97   0.100714196500050334290246558715  -0.475301120550050270085029209656
  98   0.325022894269913342633868801865  -0.469875400532041982916378554050
  99   0.549769353131329985229509468392  -0.467652550338161580557999910596
 100  -0.655178194961670124921149695494  -0.457761360394622143732229754989
 101  -0.430811902158043555466208414891  -0.456294115623341389138264763274
 102  -0.205478565928096427052194272187  -0.452351017005990478428598146589
 103   0.019942864545647633870594870037  -0.448138891366834257054347826456
 104   0.809927217580687546348188802345  -0.447704634192918811079864327024
 105   0.243994125128227456114019703048  -0.443491061782070638671199165798
 106   0.469415555601971517036808845274  -0.439278936142914417296948845655
 107   0.694101735698765839534115252141  -0.437778360192990023927217214230
 108  -0.852015890370446736055601113011  -0.436655706877194623249979425902
 109  -0.766806807698538079959965287021  -0.432840207195493125557263271482
 110  -0.511845941376532623907728877882  -0.429925967265403132859146653748
 111  -0.286507335069782313572043371002  -0.425966678256019134183418758333
 112  -0.061085904596038252649254228778  -0.421754552616862912809168438200
 113   0.162965355986541569594170604228  -0.417106723032099294426019777543
 114   0.388386786460285630516959746458  -0.412894597392943073051769457403
 115   0.613263249760099295192235164896  -0.410816647505664728857534378518
 116  -0.591891695009378842219946283601  -0.400694612776779913425149050850
 117  -0.367448009967671267583117470297  -0.399313312484242479273655666628
 118  -0.142114673737724139169103327593  -0.395370213866891568563989049943
 119   0.873785257016497885566963886204  -0.391278172676141437241167152147
 120   0.082194024032138869174518915549  -0.389944493848883281395338394343
 121   0.307358017318599743997110647641  -0.386510258642971728806590069152
 122   0.532909452230740826999534541779  -0.382443033310417565596483313577
 123   0.757335464665345936760716402260  -0.380653144387087324963132537439
 124  -0.672956198133930953339203452123  -0.374420269910414113323004984740
 125  -0.448476779109357154102966569114  -0.372928973734271135028476278377
 126  -0.223143442879410025688952426409  -0.368985875116920224318809661687
 127   0.001165254890452982654669816734  -0.363560155098911937150159006087
 128   0.226329248176913857477261548824  -0.360125919893000384561410680900
 129   0.451750678650657918400050691051  -0.355913794253844163187160360757
 130   0.676496978726679392418836315015  -0.353691431699762029893449701726
 131  -0.839046047619880829830836565581  -0.352432325688147959549121047657
 132  -0.753949112193156819007776839096  -0.347926069939765452458843423468
 133  -0.528528258436977328561171651688  -0.343713302984663720675777179591
 134  -0.304084117777298979700026525704  -0.342332509345143569409046569982
 135  -0.079863514251232903865179282081  -0.337175816348940592904979617830
 136   0.145557916222511157057609860146  -0.332963690709784371530729297700
 137   0.370721909508972031880201592234  -0.329529455503872818941980972506
 138   0.596143181197320924226135691897  -0.325317817504514866632398636785
 139   0.820699356855718224643807346853  -0.323672341247988415098523440793
 140  -0.609557031191799641681403339965  -0.317328975330974464601246940303
 141  -0.385112886918984866219875624521  -0.315948170595172225163867181730
 142   0.905116593604181747785135695139  -0.312030825039017777152741707728
 143  -0.160892283392918790385028380896  -0.310791477598969248659800229574
 144   0.064529147080825270537760761330  -0.306579351959813027285549909444
 145   0.289693140367286145360352493417  -0.303145116753901474696801584254
 146  -0.908268684907419684453436016468  -0.302733017374573797710035874146
 147   0.515114570841030206283141635644  -0.298932991114745253322551264111
 148   0.739860870917051680301927259608  -0.296710628560663120028840605080
 149  -0.690585796720347867716750385351  -0.290944625484722404291391186001
 150  -0.465164366246605040678080707095  -0.286732499845564810811168082944
 151  -0.241832958290807744396102480192  -0.284138111827192593750037137869
 152  -0.016499622060860615982088337485  -0.280195013209841683040370521187
 153   0.208921808412883444940700804739  -0.275982887570685461666120201054
 154   0.434085801699344319763292536827  -0.272548652364773909077371875859
 155   0.659507073387693212109226636490  -0.268337014365415956767789540139
 156  -0.771614832899151561712786073668  -0.264561106844783787347345614077
 157  -0.546193135388290927197929805912  -0.260348161095593466565988694693
 158  -0.322861727432493630915951579008  -0.257753773077221249504857749615
 159  -0.097528391202546502501937436300  -0.253810674459870338795191132931
 160   0.127893039271197558420851705923  -0.249598548820714117420940812797
 161   0.353057032557658433243443438010  -0.246164313614802564832192487608
 162   0.578478463031402494166232580237  -0.241952187975646343457942167465
 163  -0.852643334996979643317721670117  -0.238175947992274739519415384101
 164   0.810262440087469025211029745014  -0.235015250757093975513744221868
 165  -0.627221904529976813717778904726  -0.233963822345622122320809306432
 166   0.929277107507681032459500920474  -0.230311400617349925117965752990
 167  -0.402913206760113805374156661583  -0.228538102327613835152158650831
 168  -0.178469066100435456513011535596  -0.227157308688093683885428041226
 169   0.046864270129511671901002607108  -0.223214210070742773175761424541
 170   0.272285700603255732823791749332  -0.219002084431586551801511104408
 171   0.497449693889716607646383481420  -0.215567849225674999212762779213
 172   0.724256242842635250976451141751  -0.212935391512063842454012674747
 173  -0.933672104138665529837570768932  -0.211791609242303395274235995845
 174  -0.708250673671663271574197385930  -0.207579483595652532703609091631
 175  -0.483941975901799691894005760400  -0.202153763577642490906979262579
 176  -0.259497835242121343032860634411  -0.200772969938122339640248652970
 177  -0.034164499012174214618846491707  -0.196829871320771428930582036285
 178   0.191256931461569846303942650517  -0.192617745681615207556331716151
 179   0.416420924748030721126534382603  -0.189183510475703654967583390962
 180   0.641842698137530395089830990139  -0.184971766168632534064091399620
 181  -0.789279442813348586757477102325  -0.181195144845679433830450529952
 182  -0.564970745043485578413854859214  -0.175769424827671146661799874318
 183  -0.339549314569741517491065716987  -0.171557299188514925287549554189
 184   0.868868885712213561510576315370  -0.170206147108197539250358702682
 185  -0.115105173910063168629920591003  -0.170176505548994774020818944580
 186   0.110228162319883959784093551701  -0.166233406931643863311152327895
 187   0.335649592793628020706882693925  -0.162021281292487641936902007761
 188   0.560813586080088895529474426013  -0.158587046086576089348153682567
 189  -0.870308211955034473277326201140  -0.154810806095708089585271141696
 190   0.785309289601024451154962627199  -0.153485242299401572037657483249
 191  -0.645999514185172035921735717222  -0.149385086077701555974208058032
 192  -0.420578083711427404010914815802  -0.145172960438543581042370165932
 193  -0.196133943051749055149769689818  -0.143792166799023429775639556324
 194   0.029199393178198073264244452886  -0.139849068181672519065972939638
 195   0.947490428423647115263324053960  -0.137335981584365812799561003880
 196   0.254620823651942134187033595110  -0.135636942542516297691722619505
 197   0.479784816938403009009625327196  -0.132202707336604745102974294315
 198   0.704310265344189550621410763480  -0.127009728530438791352975532526
 199  -0.949435031820235687213458152017  -0.123176313245183917809876610799
 200  -0.727028283326857351453553056841  -0.123000747327728458171441097809
 201  -0.501606852853113290530763914617  -0.118788621688572236797190777676
 202  -0.276185422379369229607974772393  -0.114576496049416015422940457542
 203  -0.051741281719690880746829646410  -0.113195702409895864156209847934
 204   0.173592054510256247667184496294  -0.109252603792544953446543231248
 205   0.399013484984000308589973638518  -0.105040478153388732072292911115
 206   0.623281499036662123209584881368  -0.100625381076503638329395214539
 207  -0.808057052468543237973402155656  -0.096616408577757113926261709553
 208  -0.582635621994799177050613013432  -0.092404282938600892552011389419
 209  -0.357214191521055116127823871209  -0.088192157299444671177761069286
 210  -0.132770050861376767266678745225  -0.086811363659924519911030459678
 211   0.877029724457906338869572991397  -0.084952552653719268888051137952
 212   0.092563285368570361147335397479  -0.082868265042573609201363842992
 213   0.317984715842314422070124539703  -0.078656139403417387827113522859
 214   0.542252729894976236689735782551  -0.074241042326532294084215826287
 215   0.767738244974773458115938481461  -0.070100272726749196479068782827
 216  -0.663664391136485063570462112248  -0.066019944188629548306832001163
 217  -0.438242960662741002647672970024  -0.061807818549473326932581681029
 218  -0.212821530188996941724883827800  -0.057595692910317105558331360896
 219   0.011622610470681407136261298184  -0.056214899270796954291600751287
 220  -0.901104530887226914030330638146  -0.052991147864924931774239161644
 221   0.955949141861326711249909171109  -0.052540669645149001951731345116
 222   0.236955946700628535550275440887  -0.052271800653446043581934134602
 223   0.461481397940573536270084093873  -0.047078813143316281053534443087
 224   0.686645391227034411092675825966  -0.043644577937404728464786117898
 225  -0.744693160278170950090311211063  -0.039635605438658204061652612906
 226  -0.519271729804426889167522068839  -0.035423479799501982687402292773
 227  -0.293850299330682828244732926616  -0.031211354160345761313151972640
 228  -0.069406158671004479383587800632  -0.029830560520825610046421363031
 229   0.155927177558942649030426342072  -0.025887461903474699336754746346
 230   0.380452628798887649750234995057  -0.020694474393344936808355054831
 231   0.605616622085348524572826727144  -0.017260239187433384219606729641
 232  -0.825721929419856836610160309880  -0.013251266688686859816473224655
 233   0.831038011162270096590276066010  -0.013048240681447570102178145447
 234  -0.600300498946112775687371167654  -0.009039141049530638442222904517
 235  -0.374879068472368714764582025431  -0.004827015410374417067972584383
 236  -0.149457637998624653841792883207  -0.000614889771218195693722264250
 237   0.074986502661053695019352242777   0.000765903868301955573008345359
 238   0.299423859657201763230385896242   0.005689864356626407436824333426
 239   0.524845290130945824153175038466   0.009901989995782628811074653559
 240  -0.957328198915304427948944416497   0.011045512833134588079840487254
 241   0.750009283417406698975766770561   0.013336225201694181399822978746
 242  -0.681329268087798662207220266470   0.017345197700440705802956483740
 243   0.909925525619842732384823929188   0.019178375997877219997888482421
 244  -0.455907837614054601284431124246   0.021557323339596927177206803873
 245  -0.230486407140310540361641982023   0.025769448978753148551457124007
 246  -0.006042266480632191500496856039   0.027150242618273299818187733615
 247   0.218395090515515876710536797427   0.032074203106597751682003721682
 248   0.443816520989259937633325939651   0.036286328745753973056254041816
 249   0.668980514275720812455917671741   0.039720563951665525645002367002
 250  -0.762358037229484548727069365287   0.043729536450412050048135871991
 251  -0.536936606755740487804280223061   0.047941662089568271422386192130
 252  -0.881945597447934350528774088231   0.050785394009372660037606424243
 253  -0.311515176281996426881491080838   0.052153787728724492796636512263
 254  -0.086093745808252365958701938614   0.056365913367880714170886832397
 255   0.137454415617626922699462698131   0.058727568878374406591766813387
 256   0.362787751847574051113476840835   0.062670667495725317301433430072
 257   0.588209182321318112036265983062   0.066882793134881538675683750202
 258   0.813373265009922978746623134888   0.070316928923507976289043861844
 259  -0.617965375897426374324129321877   0.074326000839539615667565580386
 260  -0.392543945423682313401340179653   0.078538126478695837041815900520
 261  -0.167122514949938252478551037429   0.082750252117852058416066220653
 262   0.056425646475941036179613599316   0.085111907628345750836946201643
 263   0.281758982705888164593627742020   0.089055006245696661546612818328
 264   0.952886386860949764637905527763   0.092772935316567442992865641150
 265   0.507180413179632225516416884247   0.093267131884852882920863138458
 266   0.732344406466093100339008616337   0.096701367090764435509611463644
 267  -0.952109782328543312010480690319   0.100275127302036370790075485544
 268  -0.698994145039112260843978420693   0.100710339589510959912744968638
 269  -0.473572714565368199921189278468   0.104922465228667181286995288776
 270  -0.248151284091624138998400136245   0.109134590867823402661245608909
 271  -0.023625832851679138278591483260   0.114327578377953165189645300425
 272   0.200818307807999210582553642724   0.115708372017473316456375910033
 273   0.426151644037946338996567785432   0.119651470634824227166042526715
 274   0.651573074511690399919356927659   0.123863596273980448540292846844
 275  -0.780022914180798147363827519510   0.127094678339482304157924356889
 276   0.875558844988831307651740035164   0.128581398393131245098569821776
 277  -0.554601483707054086441038377284   0.131306803978638525532174677032
 278  -0.870283738681873104901143204570   0.135199822930086841912148268994
 279  -0.329180053233310025518249235060   0.135518929617794746906424997166
 280  -0.104654601993365024798440582075   0.140711917127924509434824688681
 281   0.119789538666313324062704543909   0.142092710767444660701555298289
 282   0.345122874896260452476718686617   0.146035809384795571411221914971
 283   0.570544305370004513399507828844   0.150247935023951792785472235101
 284   0.794530076813308767792244774893   0.154965740110280301954715226024
 285  -0.635630252848739972960887476100   0.157691142728609869777354065284
 286  -0.410208822374995912038098333875   0.161903268367766091151604385422
 287  -0.185683371135050911318289680890   0.167096255877895853680004076937
 288   0.039738059338693149604499461334   0.171308381517052075054254397071
 289   0.264182199998371498465644587321   0.172689175156572226320985006676
 290   0.489515536228318626879658730028   0.176632273773923137030651623357
 291   0.713758744858906067372593086214   0.182127969293496314985396609225
 292  -0.716659021990425859480736574917   0.184075481478581214022533453535
 293  -0.939315499355622023627875704518   0.185163917820038752513046593151
 294   0.939164423354064934721889366636   0.185775104608068409457017573379
 295  -0.491237591516681798557947432690   0.188287607117737435396783773679
 296  -0.266712140276736797838138779705   0.193480594627867197925183465194
 297  -0.041290709802992736915349637482   0.197692720267023419299433785327
 298   0.183153430856685611945795488506   0.199073513906543570566164394932
 299   0.408486767086632740359809631213   0.203016612523894481275831011613
 300  -0.818698586438519496502520319561   0.203028775656189701724984227579
 301   0.632729975717220180852743987399   0.208512308043467659230575997481
 302   0.857893971090250659009257696024   0.211946540929068353100583809316
 303  -0.572266360658367685077796531507   0.214671945867708779641963161930
 304  -0.347740909418422684357987878520   0.219864933377838542170362853450
 305  -0.122319478944678623435198736297   0.224077059016994763544613173584
 306   0.103101951529065437487590405930   0.228289184656150984918863493713
 307   0.327546092188743786348735531917   0.229669978295671136185594103318
 308   0.551701206575534294332894888584   0.234896646793439003475755385737
 309   0.777122644323123939966390884078   0.239108791672637917285808904124
 310  -0.653295129800053571597645630324   0.241056284617680123887142550182
 311  -0.428769678560108570877836977336   0.246249272127809886415542241707
 312  -0.203348248086364509955047835112   0.250461397766966107789792561840
 313   0.022073182387379550967741307115   0.254673523406122329164042881970
 314   0.246517323047057899828886433102   0.256054317045642480430773491575
 315   0.470672437433848407813045789768   0.261280985543410347720934773994
 316  -0.751293803474301914363826148781   0.261935783760642916642887789250
 317   0.696093867907592468735834931995   0.265493111182566569095185094123
 318  -0.919129755716711227403129041170   0.267954802062411950648341240653
 319   0.917767361701618395004895607176   0.272584580611997156038244639751
 320  -0.509798447701794457397686076153   0.272633610877781230660721629958
 321  -0.284377017228050396474896933927   0.276845736516937452034971950097
 322  -0.058955586754306335552107791700   0.281057862156093673409222270226
 323   0.166465843719437725370681350527   0.285269987795249894783472590356
 324  -0.832714576114531958180281210149   0.287084392918165587381402209918
 325   0.389731762535959453801971690473   0.287934351315187002630697865699
 326   0.615065098765906582215985833180   0.291877449932537913340364482380
 327  -0.590956653816963204570214288097   0.299157138070925816233392122097
 328  -0.365405786369736282994746032743   0.303230075266908796280151338353
 329  -0.139984355895992222071956890516   0.307442200906065017654401658483
 330   0.085437074577751838850832251711   0.311654326545221239028651978612
 331   0.308702993394273567282122591658   0.314318690065158346875877253955
 332   0.844425804614350150666683659064   0.315975948001200731983517447987
 333   0.534036329624220695696136734365   0.318261788682509257585543870636
 334  -0.687929911283929626480735204188   0.318916586899741826507496885896
 335   0.759457745972038646902281245664   0.322473930029998577977017231306
 336  -0.446434555511422169514595131559   0.329614414016880140525330726605
 337  -0.221013125037678108591805989331   0.333826539656036361899581046739
 338   0.004408305436065952330983152896   0.338038665295192583273831366869
 339   0.228651514066653392823917509082   0.343534360814765761228576352736
 340   0.453095654726331741685062635069   0.344915154454285912495306962341
 341  -0.770224855394156333928578560611   0.345022545841600450429356983483
 342  -0.891662169552123890061397025607   0.348622803588300991864981963387
 343   0.678441209082808128422623763693   0.348895805632722487911979804924
 344  -0.527463324653108056034444230376   0.355998752766851484770510114856
 345  -0.302041894179363995111655088146   0.360210878406007706144760434995
 346  -0.076620463705619934188865945919   0.364423004045163927519010755125
 347   0.147622744924967506304068410267   0.369918699564737105473755740993
 348   0.372066885584645855165213536254   0.371299493204257256740486350597
 349   0.597400221814592983579227678961   0.375242591821608167450152967279
 350  -0.608423908945142029351627733079   0.382591581705915644714684745759
 351  -0.157649232847305820708715044734   0.390807342795135271764190143381
 352   0.066593975783281619784219311451   0.396303038314708449718935129249
 353   0.871266716520707101089228299115   0.396854623855377845808002374941
 354  -0.397953659679210265075294579943   0.399695777439662411540660051792
 355   0.292015406257025680707008453678   0.400515163953864671093185449379
 356   0.516459546916704029568153579666   0.401895957593384822359916058984
 357  -0.690885897546216086325800413422   0.404081467602453082754578604820
 358   0.780633545320695643503861610265   0.405038109741151310238383963431
 359  -0.238678001988991707228564143550   0.417191681545106616009369531638
 360  -0.014434793358404266735629787364   0.422687377064679793964114517505
 361  -0.479374009765271640927070589019   0.426349392803089828245508987478
 362  -0.857130353920045698292286408649   0.426528826905128212834348779083
 363   0.210986637115339794187159354863   0.426899502703836015338364837635
 364   0.435430777775018143048304480851   0.428280296343356166605095447240
 365  -0.771994183661544921173787382308   0.430220340633320770489169054212
 366   0.662711326654452058227072923423   0.432647614918731117608772706405
 367  -0.324256600199339031133501769108   0.442480566604857416441307930567
 368  -0.095463562500090153255478886179   0.449071715814651138209293905762
 369  -0.560334594057305614244254091722   0.452942221742153988189683618381
 370   0.129957867973653907667310256048   0.453283841453807359583544225891
 371   0.355379298447397968590099398275   0.457495967092963580957794546021
 372   0.580012376220365720345621156652   0.458665955368525753636765894655
 373   0.832526897027310648287973382509   0.472756014788014426826268362161
 374  -0.642796582658379671218426772065   0.474432107638691426229577477442
 375  -0.176492331641776039775327984994   0.475456054564622482454473294018
 376   0.735339340364674915913825023697   0.477223016031873633094897857472
 377   0.048929098831968021147461157233   0.479668180203778703828723614148
 378  -0.415745021694761889095539557968   0.483034017147022761146677715210
 379   0.274350529305712082070250299460   0.483880305842934925202973934278
 380   0.498794669965390430931395425447   0.485261099482455076469704543882
 381  -0.260892708008966743250410824511   0.499461369743956326305917027210
 382  -0.723904868773708506066413740950   0.500570980669559113964167926834
 383  -0.813641328400437570438360853499   0.504566222126431017424019034255
 384  -0.032099670309717865372387941583   0.506052518953750048073903002404
 385   0.193321760164026195550401200644   0.510264644592906269448153322534
 386   0.418743190637770256473190342871   0.514476770232062490822403642664
 387   0.643380333274473475282863689780   0.515642237966450845152415047842
 388  -0.504120913589807553365451657033   0.516987650058216434418253063487
 389  -0.342047962214890655153746747133   0.525818806312217766047325593985
 390  -0.113128439451403751892237040398   0.532436857703721392319082390661
 391   0.112292991022340309030552101829   0.536648983342877613693332710790
 392  -0.588642151095839994095217559896   0.540227945668372853941238185885
 393   0.337714421496084369953341244056   0.540861108982033835067583030920
 394   0.562347499269052121708863002433   0.542031097257596007746554379554
 395   0.787191349645836224154322118763   0.544911977143955282784987233563
 396  -0.197114037934509376467804217193   0.558139426468930477348852393707
 397   0.031264221880654422510703003014   0.563033322092848957938512099047
 398  -0.434520231307864589631708236494   0.566156133721818438910086829078
 399  -0.669750437211168828943204528782   0.566366818699240541675828635277
 400   0.256685652354398483433492145241   0.567245447732005179312762419177
 401   0.482296019941431947250657919858   0.571246768007203422099253478335
 402   0.706644728476148275928109534596   0.572733490007864097514812160193
 403  -0.765552013512601155330987212141   0.574916862162669360899017906877
 404  -0.278684070024518367270655802536   0.582799609451316675911934690628
 405  -0.049764547261031464009146095801   0.589417660842820302183691487303
 406   0.175656883212712596913643046426   0.593629786481976523557941807433
 407  -0.527006037648590342869926744519   0.599073372670032355118314746481
 408   0.625615963122305177625516747647   0.599117840390651670542908976760
 409   0.398274524565936526620045186332   0.600813328924741125822346935084
 410  -0.360823171827993355689915425659   0.608940922887013443810734707853
 411  -0.133750145744137088584713272596   0.615120229608029387213461490349
 412   0.094628114071026710393793947610   0.620014125231947867803121195689
 413  -0.609650602783570105956091884960   0.627211101317714379126278517423
 414   0.546708235847716537332251298889   0.631487705116921041533125861042
 415  -0.711397581950061478207777999973   0.640712700192350788610678615320
 416  -0.215889247547612077003972895719   0.641261543043726155112261507574
 417   0.323828971315941854046323158042   0.642282044376176006733706849018
 418   0.013599344929340823873944848795   0.646398463981919212048300583946
 419  -0.457405355366647379136183323980   0.648241856333634359610148512071
 420   0.239020775403084884796733991022   0.650610589621075433422550904075
 421   0.464401496853918304656509688335   0.654562917722371534919078952932
 422   0.696104955048606492397748984261   0.657295348643929746136337320958
 423  -0.297459279637621067806824481062   0.665921726026112353675343804495
 424  -0.070386253553764800701622328000   0.672101032747128297078070586992
 425   0.154489771422661741163671128051   0.680663747976077992104686275858
 426  -0.544670914599903941506684898738   0.682438514559102609228103231380
 427   0.615076189694763394095156197313   0.683679699026717319164434137525
 428  -0.383708295886776145194390513145   0.691026645498829364510796390846
 429   0.389955943603923632082787660044   0.696031633173806415830438866866
 430  -0.152525355357239789120881951122   0.698242346182825064976870604217
 431  -0.651607074379006571524526252445   0.701432466037464950069176546618
 432   0.077299218490603982905643746020   0.716766563627119058996822758911
 433  -0.234660704153665954299243832665   0.725627181265116821859222137088
 434   0.307273547586791574223538543998   0.728635959524236661754712858113
 435  -0.007022361363392512818531383403   0.729081835886227206942679683634
 436  -0.475070232317960977772941478199   0.731606998222704613719936996970
 437   0.500424358795274314779220029722   0.731790815385352566637574505513
 438   0.221026504735266985203377727634   0.733905253213788110617270006729
 439  -0.320344403696403857311299568548   0.748007448637928274375405487489
 440  -0.089161463166867501237791006526   0.755223149321923974841479700859
 441  -0.586654183504905634170375226042   0.756595104906422275951442802662
 442   0.580302203224535531759172668914   0.761477929243466311548882801536
 443   0.425978805545279642205498001432   0.773259530836787447548934419447
 444  -0.401373172838089743831148667363   0.774391787387899618620584875745
 445  -0.170190232308553387757640105341   0.781607488071895319086659089116
 446   0.152906040286477163609961206515   0.785987780105739124484875030778
 447   0.068574216988685236456491071241   0.801534889720544910092539522569
 448  -0.517053501222962670436631805503   0.805763588570024280443276568253
 449   0.265960215576132269750588688488   0.806312134032943495624542020268
 450  -0.025797570976495213354700061929   0.812203952461022884706088797502
 451   0.350871267276472511931513013963   0.813516858804370427948027030024
 452   0.499114543213527861193629967911   0.816996913424352572205767643677
 453  -0.300085400410534199760959549005   0.830780436657891579391540458629
 454  -0.443356441743091436494838994668   0.848548377735219285343924447028
 455  -0.217652733503924421667089527687   0.852382524208723038634241915154
 456  -0.132557307168557786151537608539   0.858063735071714460250499537807
 457   0.198316746101812853963830904994   0.858140271153302006290668951046
 458   0.423353714587628436640738002752   0.858681753243738425866637791402
 459   0.114466720939695386470686774941   0.873337903870344945945283583517
 460   0.029337234642169973791576192122   0.877180471060297439137975064102
 461  -0.366146872988618356618805686504   0.884610508185847971073698107099
 462  -0.054571607649190008799785462749   0.892415233297625172565873941502
 463   0.334342147444439638506558863707   0.897114603734889719732943571146
 464  -0.283672356697181367249324378878   0.914401048685988069865756121446
 465   0.253245882486679178853510062415   0.923290748787027922387515093697
 466  -0.201239689790571589155454357560   0.936003136236819529108457577971
 467   0.170143266820464056709462511081   0.942152085678224244629518159193
 468  -0.117212693332713341712529974414   0.950189701224896943632721163853
 469   0.085692684267000591025601374122   0.953549184706947233805068727517
 470   0.000563197969475178346490791302   0.957391751896899726997760208102
