   1  -0.015028713688699153037538285816  -0.956390275241864687976406223701
   2  -0.101849185033189355193428441379  -0.951070430788604502232989839705
   3   0.151125405177262302687614667894  -0.944494220587058377820843648607
   4  -0.187826695868813956793362237609  -0.937880941791816881557084613482
   5   0.236302442417964954215889601762  -0.926859955181823003316375931271
   6   0.066257415630779192449294376082  -0.925428037439287006956884785647
   7  -0.318276717354363062669585109587  -0.901996469917532463267803414107
   8   0.351406539998795101366303620786  -0.889618830993601330800952754247
   9  -0.042169501495973177627526612636  -0.873749651897852736243693327359
  10  -0.399831095677562065404702985916  -0.868932284900052956199604452763
  11  -0.128989972840463379783416768200  -0.868429807444592550500276943362
  12  -0.238539917786603563225139198777  -0.867210834163461373525622087569
  13   0.124773359395258110844847745570  -0.861069826503628856983372501247
  14   0.430770319363732202204748324882  -0.854017068194550052327412910850
  15   0.274612822002622404164492187456  -0.848767639262996590474765400648
  16   0.040485374222889962947217763652  -0.839460100872181530748554076091
  17  -0.488951509808561213052777125206  -0.822091626200069658098385355139
  18  -0.330948078517881983457146520849  -0.815817080518769183611772565598
  19   0.196112003570220815422844686173  -0.811301434558897638106850259134
  20   0.507807465359933154260497098342  -0.810572218831347345902709181544
  21  -0.182875326231062823349003366634  -0.800147571984287499452589350456
  22   0.345951466177585108742489128058  -0.798999247318265371598243158535
  23  -0.032766668238980708899055035498  -0.787276062194247139378502239311
  24  -0.411388703419116288291095038976  -0.782720239959808710820241131103
  25   0.117341989753101405550893295639  -0.774404552404206779304415128166
  26   0.426882625013441044262493798242  -0.767120688395820567473236792909
  27  -0.261645340048182233220954757168  -0.763250689829596640650154219488
  28   0.267450647745183520000841626775  -0.761533042614166419230328017021
  29   0.581676235371569920195604555855  -0.759316125218149558348750553617
  30  -0.111536682056100118771006426032  -0.750379180039556280576067108343
  31  -0.600287916999994323808011164335  -0.744689624955359852066906675506
  32  -0.513514647036318852627408334767  -0.738648548122755933943926667596
  33   0.038571975935981995678941905105  -0.737507670249515920501979997198
  34  -0.340415353865301643092906147702  -0.726353807674905781847719088520
  35   0.188680633928064110128890236241  -0.724636160459475560427892886053
  36   0.502290175890153231309405030929  -0.723764071135448529010768519343
  37  -0.190306695873219528642957816566  -0.713482297884865421773631977375
  38   0.338956812601134419639345542855  -0.711898186611278764645364237248
  39   0.648250614974315494011140533246  -0.703334458844274427080339265421
  40  -0.040198037881137414193009485429  -0.700610788094825061699544866230
  41  -0.422077044433699730223949441411  -0.696396116125029473053549051857
  42   0.109910620110944700256938845707  -0.687739278304784701625457755086
  43  -0.665456604986700914716453435207  -0.687077672240861347973755637226
  44   0.420001907389847441175561773552  -0.680288675570801807000187087916
  45  -0.269076709690338938514909207099  -0.676585415730174562971196846408
  46   0.260019278103026814706887176843  -0.674867768514744341551370643941
  47   0.568864555492898805124941008320  -0.667782404761573397742357231147
  48  -0.118968051698256824064960875963  -0.663713905940134202897109735263
  49  -0.584502106577070333629826442280  -0.655258430000804039956921017831
  50  -0.497544509828649176584799672007  -0.653143871601208107565761657701
  51   0.031140606293825290384987455173  -0.650842396150093842823022624118
  52   0.709464100863007766177547801335  -0.641536367167903063890748683791
  53  -0.347846723507458348386860597633  -0.639688533575483704168761715440
  54   0.181249264285907404834935786310  -0.637970886360053482748935512973
  55   0.490788454581011746893675249426  -0.629438989996021329485977426459
  56  -0.197738065515376233936912266497  -0.626817023785443344094674604295
  57   0.331357922277989519284884117446  -0.625099376570013122674848401828
  58  -0.725122109407912851257284178254  -0.623783734366459297550492472163
  59  -0.047629407523294119486963935361  -0.613945513995402984020587493150
  60   0.628874357795534421408765675460  -0.604814805021032893468878832095
  61  -0.426616737324577758258811988167  -0.602791651420792845366326584472
  62   0.102479250468787994962984395776  -0.601074004205362623946500382005
  63   0.412018440763892337021723858892  -0.592542107841330470683542295491
  64  -0.644167610998282270170657185328  -0.591964492126401989533657852768
  65  -0.276508079332495643808863657031  -0.589920141630752485292239473327
  66   0.252587908460870109412932726912  -0.588202494415322263872413270860
  67  -0.126399421340413529358915325895  -0.577048631840712125218152362182
  68  -0.505688204519668468462720783134  -0.566542621212975501976091186366
  69   0.550798256883647363177499916566  -0.566471390255480825212499027408
  70   0.023709236651668585091033005242  -0.564177122050671765144065251037
  71   0.700213001970497125986762616062  -0.555046413076301674592356589983
  72  -0.355278093149615053680815047565  -0.553023259476061626489804342359
  73   0.173817894643750699540981336378  -0.551305612260631405069978139893
  74   0.786531506679710214927425018474  -0.544312786743515290359961057654
  75  -0.753129601942286984324231361887  -0.541432806312045091719721786163
  76  -0.205169435157532939230866716429  -0.540151749686021266415717231214
  77   0.323926552635832813990929667514  -0.538434102470591044995891028748
  78   0.472028243066527953305548526032  -0.529574508100789966410063896440
  79  -0.584156764958816578002714769235  -0.528997887111411127761456322536
  80  -0.055060777165450824780918385292  -0.527280239895980906341630120070
  81   0.622136901058610067755496857169  -0.516702998310749606335976785295
  82  -0.434048106966734463552766438099  -0.516126377321370767687369211391
  83   0.095047880826631289669029945844  -0.514408730105940546267543008925
  84  -0.670630326732033314720567517491  -0.508610082875896458760001569682
  85  -0.283939448974652349102818106963  -0.503254867531330407613282100247
  86   0.245156538818713404118978276980  -0.501537220315900186193455897780
  87  -0.133830790982570234652869775826  -0.490383357741290047539194989102
  88   0.395265196810795518568926608117  -0.488665710525859826119368786635
  89  -0.822269467672839243114212922100  -0.488652374746477793250448747925
  90   0.543366887241490657883545466635  -0.479806116156058747533541654327
  91  -0.512818120783853873424717828633  -0.479229495166679908884934080424
  92   0.016277867009511879797078555310  -0.477511847951249687465107877957
  93   0.832727002011878572696367989434  -0.470610200625374639568348212557
  94   0.694569034774825728658956243392  -0.467096973869572415543030287944
  95  -0.362709462791771758974769497497  -0.466357985376639548810846969279
  96   0.166386525001593994247026886446  -0.464640338161209327391020766812
  97  -0.741696792593055397746617550303  -0.455204122802029410156586060601
  98  -0.212600804799689644524821166360  -0.453486475586599188736759858134
  99   0.316495182993676108696975217583  -0.451768828371168967316933655667
 100  -0.591588134600973283296669219167  -0.442332613011989050082498949456
 101  -0.062492146807607530074872835224  -0.440614965796558828662672746989
 102   0.466603840985758223146923548719  -0.438897318581128607242846544523
 103   0.614705531416453362461542407237  -0.430037724211327528657019412215
 104  -0.441479476608891168846720888031  -0.429461103221948690008411838311
 105   0.087616511184474584375075495912  -0.427743456006518468588585635844
 106  -0.291370818616809054396772556894  -0.416589593431908329934324727166
 107   0.765738629279299530159754182967  -0.415124590705978528482001390795
 108   0.237725169176556698825023827049  -0.414871946216478108514498524700
 109  -0.863260758710734315821324338325  -0.411933348106843537601825484619
 110  -0.670358148418092693168620609701  -0.405435730857298191280063818488
 111  -0.141262160624726939946824225758  -0.403718083641867969860237616021
 112   0.387833827168638813274972158185  -0.402000436426437748440411413555
 113  -0.520249490426010578718672278565  -0.392564221067257831205976707343
 114   0.008846497367355174503124105378  -0.390846573851827609786150504877
 115   0.537942485160720927724920489321  -0.389128926636397388366324302410
 116   0.847284763380259922808278260772  -0.384853763121082339027801491032
 117   0.686044175591416067039539347839  -0.380269332266596309780497170102
 118  -0.370140832433928464268723947428  -0.379692711277217471131889596198
 119   0.158955155359437288953072436515  -0.377975064061787249712063393732
 120  -0.749128162235212103040572000235  -0.368538848702607332477628687520
 121  -0.220032174441846349818775616292  -0.366821201487177111057802485054
 122   0.309063813351519403403020767651  -0.365103554271746889637976282587
 123  -0.599019504243129988590623669099  -0.355667338912566972403541576375
 124  -0.069923516449764235368827285156  -0.353949691697136750983715373909
 125   0.459172471343601517852969098787  -0.352232044481706529563889171442
 126  -0.448910846251047874140675337962  -0.342795829122526612329454465231
 127   0.080185141542317879081121045981  -0.341078181907096390909628262764
 128   0.609281129335683632302917429924  -0.339360534691666169489802060297
 129  -0.828213642330404256695890502988  -0.332323081037137459710215576580
 130  -0.298802188258965759690727006826  -0.329924319332486252255367354086
 131   0.230293799534399993531069377117  -0.328206672117056030835541151619
 132   0.776040728262410081237953340533  -0.324703989319270496212318469976
 133  -0.677789518060249398462575059632  -0.318770456757876113601106445408
 134   0.902287213776702978066706023081  -0.317468115985559861441155828506
 135  -0.148693530266883645240778675690  -0.317052809542445892181280242941
 136   0.380402457526482107981017708253  -0.315335162327015670761454040474
 137  -0.527680860068167284012626728496  -0.305898946967835753527019334263
 138   0.001415127725198469209169655447  -0.304181299752405532107193131796
 139   0.530511115518564222430966039390  -0.302463652536975310687366929329
 140  -0.908568318661600792531552747227  -0.299018111720307715378323221471
 141   0.683090710401714588923733437890  -0.293336185349787016655887581952
 142  -0.377572202076085169562678397360  -0.293027437177795393452932223118
 143   0.151523785717280583659117986583  -0.291309789962365172033106020651
 144  -0.756559531877368808334526450166  -0.281873574603185254798671314440
 145  -0.227463544084003055112730066223  -0.280155927387755033378845111973
 146   0.301632443709362698109066317719  -0.278438280172324811959018909507
 147  -0.606450873885286693884578119030  -0.269002064813144894724584203295
 148  -0.077354886091920940662781735087  -0.267284417597714673304758000828
 149   0.451741101701444812559014648856  -0.265566770382284451884931798362
 150   0.836332628765708623917561937767  -0.260757555192054685905078427119
 151  -0.456342215893204579434629787894  -0.256130555023104534650497092150
 152   0.072753771900161173787166596049  -0.254412907807674313230670889684
 153   0.601849759693526927008962979992  -0.252695260592244091810844687217
 154  -0.835645011972560961989844952919  -0.245657806937715382031258203499
 155  -0.306233557901122464984681456757  -0.243259045233064174576409981005
 156   0.222862429892243288237114927185  -0.241541398017633953156583778539
 157   0.751848069818318122707273337535  -0.240058417795746908811244023607
 158   0.927396524346451128471220733598  -0.234187761085990291283805427309
 159  -0.685220887702406103756529509564  -0.232105182658454035922149072327
 160  -0.156124899909040350534733125621  -0.230387535443023814502322869861
 161   0.372971087884325402687063258322  -0.228669888227593593082496667394
 162  -0.535112229710323989306581178428  -0.219233672868413675848061961182
 163  -0.006016241916958236084784794485  -0.217516025652983454428235758716
 164   0.523079745876407517137011589458  -0.215798378437553233008409556249
 165  -0.931975579651211171377655901698  -0.215243442980583106167399110363
 166  -0.385003571718241874856632847291  -0.206362163078373315773974850038
 167   0.144092416075123878365163536652  -0.204644515862943094354148647571
 168   0.673188403868489631586959920594  -0.202926868647512872934322445104
 169  -0.764201762142176376073656357130  -0.195214685450950309997040663018
 170  -0.234894913726159760406684516155  -0.193490653288332955699887738893
 171   0.294201074067205992815111867788  -0.191773006072902734280061536426
 172  -0.613882243527443399178532568962  -0.182336790713722817045626830215
 173  -0.084786255734077645956736185019  -0.180619143498292595625800627748
 174   0.444309732059288107265060198924  -0.178901496282862374205974425281
 175   0.861441939335456774322076648285  -0.177477200292485115747728025921
 176  -0.463773585535361284728584237825  -0.169465280923682456971539719070
 177   0.065322402258004468493212146118  -0.167747633708252235551713516603
 178   0.594418390051370221715008530061  -0.166029986492822014131887314136
 179  -0.862489006977259158950735364823  -0.162920300801295813587396693657
 180  -0.313664927543279170278635906689  -0.156593771133642096897452607925
 181   0.215431060250086582943160477254  -0.154876123918211875477626405458
 182   0.744674096450194633261752273214  -0.153369508993548168969038737401
 183   0.944836464331798439438538305936  -0.148970723571219739795941865578
 184  -0.692652257344562809050483959496  -0.145439908559031958243191699247
 185  -0.163556269551197055828687575553  -0.143722261343601736823365496780
 186   0.365539718242168697393108808390  -0.142004614128171515403539294313
 187  -0.542543599352480694600535628359  -0.132568398768991598169104588102
 188  -0.013447611559114941378739244416  -0.130850751553561376749278385635
 189   0.515648376234250811843057139527  -0.129133104338131155329452183169
 190  -0.947865718989435777418183193844  -0.128242374010009456293363205381
 191  -0.392434941360398580150587297223  -0.119696888978951238095017476957
 192   0.136661046432967173071209086720  -0.117979241763521016675191274490
 193   0.665757034226332926293005470663  -0.116261594548090795255365072024
 194  -0.791376978472171080040172646007  -0.112577920862721561277700513000
 195  -0.242326283368316465700638966087  -0.106825379188910878020930365812
 196   0.286769704425049287521157417856  -0.105107731973480656601104163346
 197   0.815865692218415040742953801799  -0.103390084758050435181277960879
 198  -0.621313613169600104472487018893  -0.095671516614300739366669457134
 199  -0.092217625376234351250690634950  -0.093953869398870517946843254668
 200   0.436878362417131401971105748993  -0.092236222183440296527017052201
 201  -0.471204955177517990022538687757  -0.082800006824260379292582345989
 202   0.057891032615847763199257696186  -0.081082359608830157872756143523
 203   0.586987020409213516421054080129  -0.079364712393399936452929941056
 204  -0.877413475511164529913312893364  -0.077226921661091545631414503588
 205   0.898259395462876645584134420203  -0.075508681365288357301431508106
 206  -0.321096297185435875572590356621  -0.069928497034220019218495234845
 207   0.207999690607929877649206027322  -0.068210849818789797798669032378
 208   0.737095678401295630871002411265  -0.066493202603359576378842829911
 209  -0.718778948205134268295556143160  -0.062473101858023757528037693412
 210  -0.170987639193353761122642025484  -0.057056987244179659144408123700
 211   0.358108348600011992099154358459  -0.055339340028749437724581921233
 212  -0.549974968994637399894490078291  -0.045903124669569520490147215022
 213  -0.020878981201271646672693694348  -0.044185477454139299070321012555
 214   0.508217006592094106549102689595  -0.042467830238709077650494810088
 215  -0.955700030332814788353622518695  -0.039315045901073073983286361149
 216  -0.399866311002555285444541747155  -0.033031614879529160416060103877
 217   0.129229676790810467777254636788  -0.031313967664098938996233901410
 218   0.658325664584176220999051020731  -0.029596320448668717576407698943
 219  -0.797548962022253678167507533694  -0.025576219703332898725602562444
 220  -0.249757653010473170994593416018  -0.020160105089488800341972992732
 221   0.279338334782892582227202967925  -0.018442457874058578922146790265
 222   0.808434322576258335448999351868  -0.016724810658628357502320587799
 223   0.956446772003211190250016126552  -0.010853254672398513139034152148
 224  -0.628744982811756809766441468825  -0.009006242514878661687712084054
 225  -0.099648995018391056544645084882  -0.007288595299448440267885881587
 226   0.429446992774974696677151299061  -0.005570948084018218848059679120
 227  -0.478636324819674695316493137689   0.003865267275161698386375027091
 228   0.050459662973691057905303246254   0.005582914490591919806201229558
 229   0.579555650767056811127099630197   0.007300561706022141226027432024
 230  -0.877033306422402042896680792223   0.009755550486751418487723878927
 231  -0.328527666827592580866544806552   0.016736777065202058460462138236
 232   0.200568320965773172355251577391   0.018454424280632279880288340703
 233   0.729664308759138925577047961334   0.020172071496062501300114543169
 234  -0.709229224772750259866694343777   0.023984389268259240160477083017
 235  -0.178419008835510466416596475416   0.029608286855242418534549249381
 236   0.350676978957855286805199908527   0.031325934070672639954375451847
 237   0.880632527814809889524439963051   0.031788220063212907710276333723
 238  -0.557406338636794105188444528223   0.040762149429852557188810158059
 239  -0.028310350843428351966648144280   0.042479796645282778608636360526
 240   0.500785636949937401255148239663   0.044197443860713000028462562992
 241  -0.955319861244052301336990417554   0.047667426246769890135852021366
 242  -0.407297680644711990738496197086   0.053633659219892917262897269204
 243   0.121798307148653762483300186857   0.055351306435323138682723471670
 244   0.650894294942019515705096570800   0.057068953650753360102549674137
 245  -0.787999238589869669738645734311   0.060881271422950098962912213984
 246  -0.257189022652629876288547865950   0.066505169009933277336984380348
 247   0.271906965140735876933248517993   0.068222816225363498756810582815
 248   0.801002952934101630155044901936   0.069940463440793720176636785282
 249  -0.636176352453913515060395918757   0.077659031584543415991245289027
 250  -0.107080364660547761838599534814   0.079376678799973637411071491493
 251   0.422015623132817991383196849129   0.081094326015403858830897693960
 252   0.952848406351041448715486708942   0.083485758642965995196692418966
 253  -0.486067694461831400610447587620   0.090530541374583776065332400171
 254   0.043028293331534352611348796323   0.092248188590013997485158602638
 255   0.572124281124900105833145180266   0.093965835805444218904984805105
 256  -0.867483582990018034467818992840   0.096213041613034416176238655356
 257  -0.335959036469749286160499256484   0.103402051164624136139419511316
 258   0.193136951323616467061297127459   0.105119698380054357559245713783
 259   0.722232939116982220283093511402   0.106837345595484578979071916250
 260  -0.716660594414906965160648793708   0.110649663367681317839434456097
 261  -0.185850378477667171710550925348   0.116273560954664496213506622461
 262   0.343245609315698581511245458595   0.117991208170094717633332824928
 263   0.873201158172653184230485513119   0.118453494162634985389233706803
 264  -0.564837708278950810482398978154   0.127427423529274634867767531139
 265  -0.035741720485585057260602594211   0.129145070744704856287593733606
 266   0.493354267307780695961193789732   0.130862717960135077707419936073
 267  -0.947039401556635422935987177307   0.134255698991128242233138270333
 268  -0.414729050286868696032450647018   0.140298933319314994941854642284
 269   0.114366937506497057189345736925   0.142016580534745216361680844751
 270   0.643462925299862810411142120868   0.143734227750175437781507047217
 271  -0.795430608232026375032600184242   0.147546545522372176641869587065
 272  -0.264620392294786581582502315881   0.153170443109355355015941753429
 273   0.264475595498579171639294068061   0.154888090324785576435767955896
 274   0.793571583291944924861090452004   0.156605737540215797855594158362
 275  -0.643607722096070220354350368688   0.164324305683965493670202662107
 276  -0.114511734302704467132553984745   0.166041952899395715090028864574
 277   0.414584253490661286089242399198   0.167759600114825936509855067040
 278   0.940667670878981963527337717718   0.173356724056085742806998963934
 279  -0.493499064103988105904402037552   0.177195815474005853744289773252
 280   0.035596923689377647317394346391   0.178913462689436075164115975719
 281   0.564692911482743400539190730334   0.180631109904866296583942178185
 282  -0.874914952632174739761773442772   0.182878315712456493855196028436
 283  -0.343390406111905991454453706415   0.190067325264046213818376884397
 284   0.185705581681459761767342677528   0.191784972479476435238203086863
 285   0.714801569474825514989139061470   0.193502619694906656658029289330
 286  -0.724091964057063670454603243640   0.197314937467103395518391829178
 287  -0.193281748119823877004505375279   0.202938835054086573892463995542
 288   0.335814239673541876217291008664   0.204656482269516795312290198008
 289   0.861951130501222766738202472503   0.210367550316018572139999158085
 290  -0.572269077921107515776353428086   0.214092697628696712546724904220
 291  -0.043173090127741762554557044143   0.215810344844126933966551106686
 292   0.485922897665623990667239339800   0.217527992059557155386377309153
 293  -0.422160419929025401326405096949   0.226964207418737072620812015365
 294   0.106935567864340351895391286994   0.228681854634167294040638217831
 295   0.636031555657706105117187670936   0.230399501849597515460464420298
 296  -0.804084197781454526466738535105   0.234704779432412224424929768503
 297  -0.272051761936943286876456765813   0.239835717208777432694899126509
 298   0.257044225856422466345339618130   0.241553364424207654114725328976
 299  -0.651039091738226925648304818620   0.250989579783387571349160035188
 300  -0.121943103944861172426508434677   0.252707226998817792768986237654
 301   0.407152883848504580795287949266   0.254424874214248014188812440121
 302  -0.921525158649742367681912146201   0.256319337522383879849056775807
 303   0.792622122359449093138188890024   0.262899289479729944288357338133
 304  -0.500930433746144811198356487483   0.263861089573427931423247146332
 305   0.028165554047220942023439896460   0.265578736788858152843073348799
 306   0.557261541840586695245236280402   0.267296384004288374262899551266
 307  -0.350821775754062696748408156347   0.276732599363468291497334257477
 308   0.178274212039303056473388227596   0.278450246578898512917160459944
 309   0.914767207605221262788430728881   0.279480190179004657718808536249
 310   0.707370199832668809695184611539   0.280167893794328734336986662411
 311  -0.731523333699220375748557693571   0.283980211566525473197349202258
 312  -0.200713117761980582298459825211   0.289604109153508651571421368622
 313   0.328382870031385170923336558732   0.291321756368938872991247571089
 314  -0.579700447563264221070307878017   0.300757971728118790225682277300
 315  -0.050604459769898467848511494074   0.302475618943549011645508479767
 316   0.478491528023467285373284889869   0.304193266158979233065334682234
 317  -0.429591789571182106620359546881   0.313629481518159150299769388445
 318   0.099504198222183646601436837062   0.315347128733589371719595590912
 319   0.628600186015549399823233221005   0.317064775949019593139421793378
 320  -0.808740639656334560881235631407   0.324024969653093378856499520314
 321  -0.279483131579099992170411215745   0.326500991308199510373856499590
 322   0.249612856214265761051385168198   0.328218638523629731793682702056
 323  -0.662710487507627914093933816595   0.337186293817510335026372272432
 324  -0.894429597784963944978895476157   0.338974800565726728630505544417
 325  -0.129374473587017877720462884608   0.339372501098239870447943610735
 326   0.399721514206347875501333499335   0.341090148313670091867769813201
 327   0.799417619253254755876690837830   0.349616739923412875969309133469
 328  -0.508361803388301516492310937415   0.350526363672850009102204519413
 329   0.020734184405064236729485446528   0.352244010888280230522030721879
 330   0.549830172198429989951281830471   0.353961658103710451941856924346
 331   0.885595558494104348423035634476   0.361425964186113768893420519300
 332  -0.358253145396219402042362606279   0.363397873462890369176291630558
 333   0.170842842397146351179433777664   0.365115520678320590596117833024
 334   0.700247843795896200036526606600   0.367443304129335913968354613783
 335  -0.208144487404137287592414275142   0.376269383252930729250378741702
 336   0.320951500389228465629382108801   0.377987030468360950670204944169
 337  -0.744848373871042503921241533834   0.383222102721264261837014384582
 338  -0.587131817205420926364262327949   0.387423245827540867904639650381
 339  -0.058035829412055173142465944006   0.389140893042971089324465852847
 340   0.471060158381310580079330439937   0.390858540258401310744292055314
 341  -0.437023159213338811914313996813   0.400294755617581227978726761525
 342   0.092072828580026941307482387130   0.402012402833011449398552963992
 343   0.621168816373392694529278771073   0.403730050048441670818379166459
 344  -0.838638185368026873270339446376   0.405708699672624172301335561470
 345  -0.286914501221256697464365665676   0.413166265407621588052813872670
 346   0.242181486572109055757430718267   0.414883912623051809472640075137
 347  -0.666001158408268270231126620301   0.424107329674833194491598395491
 348  -0.136805843229174583014417334540   0.426037775197661948126900983815
 349   0.392290144564191170207379049403   0.427755422413092169546727186282
 350   0.762922284590504894342149820395   0.428573598633345200288841663424
 351  -0.515793173030458221786265387347   0.437191637772272086781161892493
 352   0.013302814762907531435530996596   0.438909284987702308200988094960
 353   0.849100223831354486888494617040   0.440382822896046093212953049255
 354   0.542398802556273284657327380539   0.440626932203132529620814297427
 355  -0.365684515038376107336317056210   0.450063147562312446855249003638
 356   0.163411472754989645885479327733   0.451780794777742668275075206105
 357  -0.215575857046293992886368725074   0.462934657352352806929336114783
 358   0.683609223600955494805905291543   0.464288208332379357862125675048
 359   0.313520130747071760335427658869   0.464652304567783028349162317250
 360  -0.595193807894734241599263271104   0.474645731888052531733038851840
 361  -0.065467199054211878436420393938   0.475806167142393167003423225928
 362  -0.735081083397785981292131154248   0.476966188468122838901050313974
 363   0.463628788739153874785375990005   0.477523814357823388423249428394
 364  -0.444454528855495517208268446744   0.486960029717003305657684134606
 365   0.084641458937870236013527937199   0.488677676932433527077510337073
 366  -0.820945388812239217398687766084   0.490873598190275421582442468775
 367  -0.294345870863413402758320115608   0.499831539507043665731771245751
 368   0.604839209783836084933953901009   0.501185090487070216664560806016
 369   0.234750116929952350463476268335   0.501549186722473887151597448217
 370  -0.144237212871331288308371784472   0.512703049297084025805858356895
 371   0.384858774922034464913424599471   0.514420696512514247225684559362
 372   0.805583012216402870562399944341   0.515697810001839636144217936138
 373  -0.523224542672614927080219837278   0.523856911871694164460119265574
 374   0.005871445120750826141576546665   0.525574559087124385879945468040
 375  -0.373115884680532812630271506142   0.536728421661734524534206376718
 376   0.526069195966716675062002510475   0.538081972641761075466995936984
 377   0.155980103112832940591524877801   0.538446068877164745954032579185
 378  -0.687093489429183107835840301355   0.549514695100519047150680037907
 379  -0.223007226688450698180323175005   0.549599931451774884608293487863
 380   0.676034868852473008697862700279   0.551157814239821021196627183654
 381   0.306088761104915055041473208937   0.551317578667205106028119690330
 382  -0.072898568696368583730374843869   0.562471441241815244682380599008
 383  -0.601100770272988279302470842814   0.562604662312476855271972871368
 384  -0.772957794843636343942396913191   0.563422104822671629832072192708
 385  -0.452290152773287191284853327024   0.574209070083768260171527718756
 386   0.447299182149597265190051119941   0.574978854796451934269431067951
 387   0.077210089295713530719573487267   0.575342951031855604756467710153
 388  -0.301777240505570108052274565539   0.586496813606465743410728618831
 389   0.755403801666810600773777841255   0.586748086694517021896498611410
 390   0.597264855035353598825911309745   0.588054696394511879999062314621
 391   0.230929301560386786107401403885   0.597131189305116980031326374687
 392  -0.151668582513487993602326234403   0.599368323396506103484815729976
 393   0.368529168332477855318099729407   0.611875736951142793071866198919
 394  -0.001559924521405879152377903267   0.612239833186546463558902841121
 395  -0.530263989722138903859300060003   0.613084811982194903257544491704
 396  -0.380547254322689517924225956073   0.623393695761156602213163749799
 397   0.518494841218234188953959919211   0.624951578549202738801497445589
 398   0.148548733470676235297570427869   0.625111342976586823632989952266
 399  -0.718578005498913492574886173023   0.631311231347542271555750189332
 400  -0.230438596330607403474277624937   0.636265205551196962287250860944
 401  -0.632485585970352872724480952145   0.643728569597128674518212136103
 402  -0.080329938338525289024329293801   0.649136715341237322361337972089
 403   0.698977563504158490295850950464   0.652946082406607807786470821572
 404   0.439728226963567972685255878272   0.661855717454519853911467872706
 405   0.069778719653556825425619037336   0.662008225131277682435425083234
 406  -0.458427932002780371909885569509   0.662132501028951397397336715735
 407   0.297625771249635391483763232805   0.662262275546278441515424393363
 408  -0.309208610147726813346229015471   0.673162087705887821089685991912
 409   0.614416453807150062011683603941   0.673330235965115814999358991485
 410   0.213220142918797680683259950377   0.683280955227999981407962783190
 411  -0.159099952155644698896280684335   0.686033597495928181163773103056
 412  -0.008991294163562584446332353198   0.698905107285968541237860214201
 413  -0.536822505573870519387599065444   0.699820507398262863766634980064
 414   0.511381932700403550534844866358   0.711643570808599453198263204829
 415  -0.387089287827817667331888628907   0.711900892973682616273858957848
 416   0.368793752215688063915213191021   0.712274408821133774575007226833
 417   0.134450129101678270811308559843   0.720177837382690840210397914158
 418  -0.237869965972764108768232074869   0.722930479650619039966208234024
 419  -0.618553406745539222455906261351   0.729588859437857714596522574178
 420  -0.087761307980681994318283743732   0.735801989440659400040295345169
 421  -0.465483861398907814809602124842   0.749588899342994082643157222177
 422   0.290489271960271164673554402367   0.750149246925280866407111043102
 423   0.586396352274072337720236851350   0.755676874630955374939027254554
 424   0.055680115284558860939357169309   0.757074719537381699012833045126
 425  -0.315750643652854962753891688305   0.761669284918413835150381199960
 426   0.440308303267208782738873645233   0.761789699160439716536004863774
 427   0.205788773276640975389305500445   0.769946229327422059086920156271
 428  -0.166531321797801404190235134266   0.772698871595350258842730476137
 429  -0.544396720786772285785443513815   0.786473414178099020310212406290
 430  -0.023089898532560548932594221225   0.793971601692072557815268176094
 431   0.363449362784348083230379277353   0.802518046258479482167058392716
 432   0.515322722840877569924265630226   0.805823002982795638276768913499
 433   0.127050789740832453093586787906   0.806911414815947252861427327862
 434  -0.377931649535053157167556983929   0.822493765984546746642614790590
 435  -0.103186585438084657620641766270   0.832310442326243658725577014157
 436  -0.270509581905935014557588647753   0.835961554512885803069086105063
 437  -0.463770844114643161653958513242   0.836555332874961679640404031230
 438   0.283529657914799156849623942112   0.836853680271127699458730698134
 439   0.048248745642402155645402719377   0.843739993636803776691790418206
 440   0.439869150848181170608539868537   0.849143898323669944802560748867
 441   0.198829159231168967565375040189   0.856650662673268892138539811301
 442  -0.186330215381819304841912543306   0.857868841909661217437605929460
 443  -0.030844432999545334111052279809   0.880608557921424662686047658693
 444   0.353225041659571997797909920300   0.888898357944787867347630612921
 445  -0.332690587788133208971253943377   0.896786035579018714561319695693
 446   0.090621275564670427360781539091   0.919704878270908286511239752500
 447   0.259821805561703446735969290938   0.920543779603666083633018020065
 448  -0.249847040328953196262980124604   0.923300967859997980830169645399
 449   0.175121306878073257451720389015   0.940340762005807276312827133232
 450  -0.164937311369849152179225469292   0.942180398931346914934566632359
 451  -0.078663586179487371380303596322   0.953268199942560211633037936986
 452   0.011773775585209471355083951935   0.956435883382056988068345581886
