   1  -0.018950166284872977168894186687  -0.957056619736859201026158758377
   2  -0.104284048286326237830671349682  -0.951546803608410334573729383448
   3   0.129305528843612219225665662271  -0.948470643928867846793222948625
   4  -0.188785740855233278708685681232  -0.938443619102452075351426060703
   5   0.213432863228998618016049614597  -0.933146770384080051378488786603
   6  -0.271780918275018188576782966906  -0.917851629974014554874417254581
   7   0.052725513893890961814835415367  -0.910421586102060456527809621072
   8   0.296871238767765928496264972304  -0.909791773266070824723553789414
   9  -0.352607276859393216936701583571  -0.889935160834861423698279406667
  10   0.380862395956804271137350316825  -0.878214277685355039710046807713
  11  -0.076150826359019946336345093826  -0.870795634482532061152474580418
  12   0.148819871858725577967081952144  -0.865215494491155824448908307726
  13  -0.430619820153095820407073404833  -0.854916985838790584025545323560
  14   0.232947206244111976757465904470  -0.849891620946368029034174145703
  15  -0.222869464491572861459574942068  -0.847709636988377514317556813148
  16   0.457716207781038869142914577854  -0.840721330357992226816351094679
  17   0.003747952572478526679934608886  -0.840325737592932980498089758868
  18   0.314525301733969779613960066093  -0.824254853844120015526332425677
  19  -0.303695823075947889819493558734  -0.819793167849224383141418965234
  20  -0.142920306357780829135134589250  -0.817372174917446476687386710571
  21   0.083646731503976999696214311598  -0.809855840703333899843704937318
  22  -0.513465478916354276760871570470  -0.807859288163533780617244767509
  23   0.530917432297052762265504086462  -0.796519404827950092894510141320
  24   0.391379113558204377619524327122  -0.786761906516757202632636712643
  25  -0.063269493216985513393199360940  -0.786259838823585375358127737253
  26   0.163651072432493503374782577841  -0.779401961635383747930812319324
  27  -0.436486088339379381326510533786  -0.769606866926824101033464074963
  28   0.248081261830490731492417619183  -0.765624708062022905041781726362
  29  -0.212461407689376322156644158992  -0.762833834519066425325641224989
  30  -0.585747954136826174495199858017  -0.757110174551161364668173391543
  31   0.016629285714512959623080341772  -0.755789941933986294703742915703
  32  -0.353231403061301127039272249741  -0.750090543747100826275637192344
  33   0.464580338074218270742113835730  -0.742559980986715068710795759284
  34  -0.132154991870602979597229420851  -0.732470931413148764451460114502
  35   0.326429958050037222232154645890  -0.731139638584002212686916205320
  36   0.096528064646011432639360044484  -0.725320045044387214049358094153
  37  -0.507673607562161854356446863230  -0.722230009727203526261827736274
  38   0.629511254815702050562385181839  -0.721132485916927536052542637115
  39   0.544479117005716743758393538442  -0.712090084097115988056410937734
  40  -0.278560672136619694910601246703  -0.708419073478089582289171471507
  41  -0.052430261143626985496880832300  -0.701438022412551475642663428721
  42   0.176426843577509905655639747196  -0.694850148154788133394973272604
  43  -0.659653549733174712306937349423  -0.693666833940321414949730879515
  44   0.399631182566051115354744154498  -0.686937713053960078765075251961
  45  -0.425741160286587244747284483650  -0.684773052840928539927453568821
  46  -0.198463038783991571677162077608  -0.678475816766181659322180886289
  47   0.260092863827202730708764395158  -0.677180214742767188503201823284
  48  -0.576917889675229874780088839681  -0.672055724621652573253124380966
  49   0.027468517787871487519398870412  -0.670968125522952394988278607171
  50   0.691354686365856431861284739239  -0.662076415396542981243896288838
  51   0.479529961497549588371023857210  -0.656467816164360998110690430411
  52  -0.345503133290918589743687527933  -0.655207558272677418874190775365
  53  -0.118767355366461477020271083032  -0.647478598571316451458949046685
  54   0.107367296719369960535678573124  -0.640498228633353314333893785621
  55  -0.496928400466219059032840877441  -0.637395775485018573342841151623
  56   0.333294088343216623831353903765  -0.632978289212725054581360869925
  57  -0.718925627822368815619728884119  -0.632030397880181303228194031053
  58   0.560342275875316373645068814674  -0.626751004644726144894528673006
  59  -0.265003228523476139832637656912  -0.623989071619249752995824466879
  60  -0.038868576434963004003991380320  -0.617008701681717370804564225135
  61  -0.636189967764423978092880374377  -0.610419288561512461531587532504
  62   0.187266075650868433551958275836  -0.610028331743754233679508964072
  63   0.413192867274715096847633606478  -0.602508392323125973926976048375
  64  -0.411239376065353536094495277608  -0.600500116819653837861584117837
  65  -0.185104449590408618697058801636  -0.593519174731449306559469209041
  66   0.641722079634203119305491936097  -0.592442847053190747959523665245
  67   0.041030202496535469012288322392  -0.586538804792118290150179403586
  68   0.726842822141532697905025611202  -0.584276532939212556879360373088
  69   0.266956994120382132307963653033  -0.579018865371490030397646487889
  70  -0.557474974829089621120804270132  -0.577010017716468173500685157988
  71   0.493091646206213569863913309190  -0.572038495433526893272591226826
  72  -0.331340656190649697509304393973  -0.570030057712994762178808855444
  73  -0.105205670657797495527381631052  -0.563049277840482346620849843099
  74   0.120928981428033942028568025104  -0.556068907902519209495794582036
  75   0.346855773051880605324243355745  -0.548548968481890949743261666339
  76  -0.725838975607660972182815658403  -0.546798742296080040053010703767
  77  -0.477576136478027154411653568823  -0.546540276638506031272331329906
  78   0.572990425137712042880193011902  -0.541568598543927812618206405276
  79  -0.251441543812130460067051584497  -0.539559750888846403091520282613
  80   0.795196941778528137981966840658  -0.532896149329720321301030669568
  81  -0.025306891726299022511101928340  -0.532579380950883265966465021550
  82   0.200619899897547640784573402301  -0.525059441530255006213932105853
  83  -0.624416683019944576291429712659  -0.523785507315863905156192519808
  84   0.426754551983379078340523058457  -0.518079071592291869088876844790
  85  -0.805854837285634426721909464048  -0.516637651945453072981999078893
  86  -0.397677416966226729786676385000  -0.516070223937831125499109378366
  87   0.671032565943263676452334984318  -0.512079382147384321264481235712
  88  -0.171542764880631987050771881785  -0.509089853999247322437135461063
  89   0.054591887205199450505177774372  -0.502109484061284185312080200000
  90   0.280518678829046113800853105013  -0.494589544640655925559547284303
  91  -0.543913290120796389146391491386  -0.492580696985574516032861161641
  92   0.506653330914877551356802761170  -0.487609174702692788434492023240
  93  -0.317778638034964951590441835229  -0.485600327047611378907805900577
  94  -0.091643985949133514034492179072  -0.478619957109648241782750639514
  95   0.134282805674713149261183151569  -0.471100017689019982030217723817
  96  -0.690149163275129353686061444830  -0.469091170033938572503531601155
  97   0.742684482690007877298540039702  -0.465407845663946132012464784691
  98   0.360417457760544586817132807725  -0.464119647751056844905162462754
  99  -0.464014511189297916130111788666  -0.462110800095975435378476340111
 100   0.839580728301609553010944298044  -0.459805048742297227284439644914
 101   0.586552109846376024373082463882  -0.457139277813093707780107201690
 102  -0.237879859103466478574162132517  -0.455130430158012298253421079027
 103  -0.011745207017635041018212476360  -0.448150060220049161128365817964
 104  -0.848745160449454830497831535734  -0.442660292773133905148038188909
 105   0.214181584606211622277462854281  -0.440630120799420901375832902267
 106  -0.610250384343630880669781742118  -0.438621273144339491849146779605
 107   0.440316236692043059833412510437  -0.433649750861457764250777641204
 108  -0.384115732257799443113832085961  -0.431640903206376354724091518541
 109   0.666450888777874497389362166594  -0.426669380923494627125722380140
 110  -0.157981080171968005557882429805  -0.424660533268413217599036257478
 111  -0.764179381969022089811485604512  -0.424361813722373594538416475611
 112   0.067945711451878657737792900836  -0.417140593847784957846503341781
 113   0.294080363537710095293742556993  -0.410160223909821820721448080718
 114  -0.530351605412132407653502039406  -0.408151376254740411194761958055
 115   0.520215015623541532849692213150  -0.403179853971858683596392819654
 116  -0.304216953326300970097552383249  -0.401171006316777274069706696991
 117  -0.078082301240469532541602727093  -0.394190636378814136944651435928
 118   0.787068269213089292327517497088  -0.392316745076523037995873760037
 119   0.147844490383377130754072603549  -0.386670696958185877192118520231
 120  -0.676587478566465372193171992850  -0.384661849303104467665432397569
 121   0.877264638656250440633185992893  -0.383044691841155520213025504386
 122   0.373979142469208568310022259705  -0.379690327020222740067063259168
 123  -0.450452826480633934637222336694  -0.377681479365141330540377136505
 124   0.600113794555040005865971915862  -0.372709957082259602942007998104
 125  -0.224318174394802497081272680537  -0.370701109427178193415321875442
 126   0.001608617229044166214402650104  -0.363181170006549933662788959745
 127  -0.822823351720798336732841946295  -0.361172322351468524136102837083
 128   0.227743269314875603770352306261  -0.356200800068586796537733698682
 129  -0.596688699634966899176892290138  -0.354191952413505387011047576019
 130   0.453877921400707041326301962417  -0.349220430130623659412678437618
 131  -0.370554047549135461620942633981  -0.347211582475542249885992314955
 132   0.680943227763221063792150201045  -0.342385996976779524757253738389
 133  -0.144419395463304024064992977825  -0.340231212537579112760937053892
 134   0.081507396160542639230682352816  -0.332711273116950853008404138195
 135  -0.742924572789299863716562243583  -0.330702425461869443481718015533
 136   0.307642048246374076786632008973  -0.325730903178987715883348877132
 137  -0.900350650311494466570949205001  -0.325092584763227809721825276687
 138  -0.516789920703468426160612587426  -0.323722055523906306356662754469
 139   0.533776700332205514342581665130  -0.318750533241024578758293616068
 140  -0.290655268617636988604662931269  -0.316741685585943169231607493406
 141   0.760501143887325266602086625854  -0.311036874609522343388675909810
 142  -0.064728476993790325308987600628  -0.309221746165314909479074577709
 143   0.845686731521221084182487180273  -0.303577306882427162265909846618
 144   0.161406175092041112246962055528  -0.302241376227351772354019316646
 145  -0.663025793857801390700282540870  -0.300232528572270362827333193983
 146   0.387540827177872549802911711685  -0.295261006289388635228964055582
 147  -0.436891141771969953144332884714  -0.293252158634307225702277932919
 148   0.613675479263703987358861367842  -0.288280636351425498103908794518
 149  -0.210756489686138515588383228557  -0.286271788696344088577222671856
 150   0.015170301937708147707292102084  -0.278751849275715828824689756159
 151  -0.809261667012134355239952494315  -0.276743001620634419298003633497
 152   0.241304954023539585263241758241  -0.271771479337752691699634495096
 153  -0.583127014926302917684002838158  -0.269762631682671282172948372433
 154   0.467439606109371022819191414397  -0.264791109399789554574579234032
 155  -0.356992362840471480128053182002  -0.262782261744708145047893111370
 156   0.920595720288382867672181233785  -0.262335666601171449972937847313
 157   0.693574258195202460375141070554  -0.257810739461826417449523972969
 158  -0.131065571216624816832377851360  -0.255262322324079885295360195673
 159   0.095069080869206620723571804796  -0.248281952386116748170304934610
 160  -0.729362888080635882223672791603  -0.246273104731035338643618811947
 161   0.321203732955038058279521460953  -0.241301582448153611045249673546
 162  -0.886788965602830485078059753021  -0.240663264032393704883726073102
 163  -0.503228235994804444667723135446  -0.239292734793072201518563550884
 164   0.547338385040869495835471117110  -0.234321212510190473920194412482
 165  -0.277093583908973007111773479289  -0.232312364855109064393508289820
 166   0.774062828595989248094976077834  -0.226607553878688238550576706224
 167  -0.051166792285126343816098148648  -0.224792425434480804640975374124
 168   0.174967859800705093739851507508  -0.217812055496517667515920113060
 169  -0.649464109149137409207393088890  -0.215803207841436257989233990397
 170   0.401102511886536531295801163665  -0.210831685558554530390864851996
 171  -0.423329457063305971651443432734  -0.208822837903473120864178729334
 172   0.856878743334425446025805022590  -0.205306057282361253400521943781
 173   0.627237163972367968851750819822  -0.203851315620591393265809590933
 174  -0.197402665439459308355768102093  -0.201302898482844861111645813637
 175   0.028731986646372129200181554064  -0.194322528544881723986590552574
 176  -0.795699982303470373747063042335  -0.192313680889800314459904429911
 177   0.254866638732203566756131210221  -0.187342158606918586861535291510
 178  -0.569565330217638936191113386178  -0.185333310951837177334849168848
 179   0.481001290818035004312080866377  -0.180361788668955449736480030446
 180  -0.343430678131807498635163730022  -0.178352941013874040209793907784
 181   0.940584537317316829194918875064  -0.177500642097547475776320894012
 182  -0.941172503156362715014477610123  -0.174673413794869952173392816446
 183   0.707135942903866441868030522534  -0.173381418730992312611424769383
 184  -0.117503886507960835339488399381  -0.170833001593245780457260992088
 185   0.108630765577870602216461256776  -0.163852631655282643332205731024
 186  -0.715801203371971900730783339623  -0.161843784000201233805519608361
 187   0.334765417663702039772410912933  -0.156872261717319506207150469960
 188  -0.489666551286140463174833683466  -0.154863414062238096680464347298
 189   0.560900069749533477328360569089  -0.149891891779356369082095208897
 190  -0.263739759662293799879158352825  -0.147343474641609836927931431601
 191   0.792659625809855744929244061738  -0.143142659314604643201533433844
 192  -0.037605107576462362323208696668  -0.140363104703646699802876170538
 193  -0.863128765373859934765481553647  -0.139724816052711368910008025183
 194   0.188529544509369075232740959488  -0.133382734765683562677820909474
 195  -0.635902424440473427714503636911  -0.131373887110602153151134786812
 196   0.414664196595200512788690615645  -0.126402364827720425552765648410
 197  -0.409767772354641990158553980754  -0.124393517172639016026079525748
 198   0.875475540548291942860073006494  -0.121841162718277658051478671401
 199   0.640798848681031950344640271802  -0.119421994889757288427710387347
 200  -0.183840980730795326862878650113  -0.116873577752010756273546610052
 201   0.042293671355036110693071006044  -0.109893207814047619148491348988
 202  -0.782873760028829016041776458517  -0.107769199557128715480728751809
 203   0.268428323440867548249020662201  -0.102912837876084482023436087924
 204  -0.556003645508974954698223934198  -0.100903990221003072496749965262
 205   0.494562975526698985804970318357  -0.095932467938121344898380826861
 206  -0.330076853885128291402548603557  -0.093384050800374812744217049565
 207  -0.953005389350385613357579937864  -0.089984498962251118512278892832
 208   0.721266304701027232100137510484  -0.089042335549111563622042585146
 209   0.953330361766953568059786875224  -0.086473715761824898334557123767
 210  -0.103942201799296853846598947401  -0.086403680862411675619161788502
 211   0.122192450286534583709350708756  -0.079423310924448538494106527438
 212  -0.702239518663307919237893887643  -0.077414463269367128967420404776
 213   0.348327102372366021265300364913  -0.072442940986485401369051266375
 214  -0.476104866577476481681944231486  -0.070434093331403991842365143712
 215   0.574461754458197458821250021069  -0.065462571048522264243996005311
 216  -0.250178074953629818386268900845  -0.062914153910775732089832228016
 217   0.800957928887899840614784284368  -0.058034682853921547658056975252
 218  -0.024043422867798380830319244688  -0.055933783972812594964776966952
 219  -0.850372168637614462340122524491  -0.055170107544455748739344391231
 220   0.202091229218033056725630411468  -0.048953414034849457839721705888
 221  -0.622340739731809446221614184931  -0.046944566379768048313035583226
 222   0.428225881303864494281580067625  -0.041973044096886320714666444825
 223  -0.396413948107962782925938854290  -0.039424626959139788560502667529
 224   0.883773843626336038545613229124  -0.036733186257594562508002212809
 225   0.654360533389695931837529723782  -0.034992674158923183589611183761
 226  -0.170279296022131345369989198133  -0.032444257021176651435447406466
 227   0.055855356063700092185960458024  -0.025463887083213514310392145402
 228  -0.768576612886142410761284138375  -0.023455039428132104783706022740
 229   0.281990008149531529741910114180  -0.018483517145250377185336884339
 230  -0.542441960800310973205334482218  -0.016474669490168967658650761676
 231   0.508124660235362967297859770337  -0.011503147207287240060281623275
 232  -0.922938380338321553791266233483  -0.009933237508881611800351035072
 233  -0.316515169176464309909659151577  -0.008954730069540707906117845980
 234   0.734259312321194404853809426494  -0.004522777269324102935226362211
 235  -0.090380517090632872353709495421  -0.001974360131577570781062584916
 236   0.135754134995198565202240160736   0.005006009806385566343992676148
 237  -0.688677833954643937745004435663   0.007014857461466975870678798810
 238   0.957218150140255241555435368316   0.007063655316847187742016288598
 239   0.361888787081030002758189816893   0.011986379744348703469047937211
 240  -0.462751042330797274449329105022   0.014534796882095235623211714506
 241   0.588023439166861440314139473049   0.018966749682311840594103198275
 242  -0.236616390244965836893379448865   0.021515166820058372748266975570
 243   0.821483694550708315827988323047   0.025092556880390960746137843983
 244  -0.010481738159134399337429792708   0.028495536758021509873322236634
 245  -0.836010817025622845212495867515   0.029126873843278472923661112093
 246   0.215652913926697038218519863448   0.035475906695984646998377497697
 247  -0.608779055023145464728724732951   0.037484754351066056525063620360
 248   0.441787566012528475774469519605   0.042456276633947784123432758761
 249  -0.382852263399298801433049402310   0.045004693771694316277596536056
 250   0.667922218098359913330419175762   0.049436646571910921248488019825
 251  -0.156717611313467363877099746153   0.051985063709657453402651797120
 252   0.069417040772364073678849910004   0.058965433647620590527707058184
 253  -0.756321164668531594652497525157   0.061174056968048988775649315214
 254   0.295551692858195511234799566160   0.065945803585583727652762319247
 255  -0.529088136553631765972719355754   0.068494220723330259806926096542
 256  -0.954721348055315998168369754092   0.069452355984571297949031124496
 257   0.521686344944026948790749222317   0.072926173523546864777817580311
 258   0.905718816964823340323544670851   0.075328200826893053510455626309
 259  -0.302953484467800328416769699597   0.075474590661293396931981357606
 260   0.747820997029858386346698878474   0.079906543461510001902872841374
 261  -0.076818832381968890860820043441   0.082454960599256534057036618670
 262   0.149315819703862546695129612716   0.089435330537219671182091879733
 263  -0.675116149245979956252114983683   0.091444178192301080708778002396
 264   0.375450471789693984251079268873   0.096415700475182808307147140797
 265  -0.449189357622133292956439653042   0.098964117612929340461310918092
 266   0.601585123875525421807028925029   0.103396070413145945432202401861
 267  -0.876659064445817536267780429756   0.104359509533342526710418929027
 268  -0.223054705536301855400489996885   0.105944487550892477586366179156
 269   0.827719775961356859362978581186   0.110376440351109082557257662924
 270   0.003079946549529582155459659271   0.112924857488855614711421440220
 271   0.229214598635361019711409315428   0.119905227426818751836476701283
 272  -0.595425230776466257496109606486   0.122453644564565283990640478578
 273   0.455349250721192457267358971585   0.126885597364781888961531962347
 274  -0.369290578690634819940159950330   0.129434014502528421115695739642
 275   0.681483902807023894823308627741   0.133865967302745026086587223410
 276  -0.143155926604803382384210294173   0.136414384440491558240751000706
 277   0.082978725481028055171739361984   0.143394754378454695365806261769
 278  -0.741453243468814447775505234415   0.145403602033536104892492384432
 279   0.309113377566859492727689018140   0.150375124316417832490861522833
 280   0.945233531358415872986932190029   0.151162341143771935676803588041
 281  -0.515526451844967784479829903774   0.152923541454164364645025300128
 282  -0.944345083303316938751480776043   0.156616875927273050589008155643
 283   0.535248029652690930283638674297   0.157355494254380969615916783897
 284  -0.289391799759136346923880247617   0.159903911392127501770080561192
 285   0.761382681738522367839588330454   0.164335864192344106740972044960
 286  -0.063257147673304909367930591461   0.166884281330090638895135822256
 287  -0.823050213497860351465725486520   0.170980231469140956270990615714
 288   0.162877504412526528188019064696   0.173864651268053776020191083319
 289  -0.661762324999300749019499857219   0.176413068405800308174354860614
 290   0.389012156498357965743968720853   0.180845021206016913145246344383
 291  -0.435627672913469311463550201062   0.183393438343763445299410121678
 292   0.615146808584189403299918377009   0.187825391143980050270301605446
 293  -0.209493020827637873907600544905   0.190373808281726582424465382742
 294   0.852406124801821151250102269677   0.193215051943069884830328702335
 295   0.016641631258193563648349111251   0.197354178219689719549520643805
 296   0.242776283344025001204298767408   0.204334548157652856674575904869
 297  -0.581863546067802276003220154506   0.206882965295399388828739682164
 298   0.468910935429856438760248423565   0.211314918095615993799631165933
 299  -0.355728893981970838447270498350   0.213863335233362525953794943228
 300   0.695045587515687876316198079721   0.218295288033579130924686426996
 301  -0.129594241896139400891320842193   0.220843705171325663078850204291
 302   0.096540410189692036664628813964   0.227824075109288800203905465355
 303   0.322675062275523474220578470120   0.234804445047251937328960726419
 304   0.927972031796145944200988929355   0.234913580681279791359269251612
 305  -0.756789725250516729423054737888   0.235162230687393108645882621061
 306  -0.501964767136303802986940451794   0.237352862184998469483124503714
 307  -0.926600355941785895669755429085   0.240267065060784252409054031971
 308   0.548809714361354911776528126277   0.241784814985215074454015987482
 309  -0.275830115050472365430990795638   0.244333232122961606608179764778
 310   0.774944366447186349332477782434   0.248765184923178211579071248546
 311  -0.049695462964640927875041139481   0.251313602060924743733235025841
 312  -0.842249511938611358181865153891   0.254308596571249133691158079503
 313   0.176439189121190509680908516676   0.258293971998887880858290286905
 314  -0.648200640290636767526610405239   0.260842389136634413012454064200
 315   0.402573841207021947236858172833   0.265274341936851017983345547969
 316  -0.422065988204805329970660749082   0.267822759074597550137509325264
 317   0.628708493292853384792807828989   0.272254711874814155108400809032
 318  -0.195931336118973892414711092925   0.274803129012560687262564586327
 319   0.854843145378684822348757485146   0.279235081812777292233456070096
 320   0.030203315966857545141238563231   0.281783498950523824387619847391
 321   0.256337968052688982697188219388   0.288763868888486961512675108455
 322  -0.568301861359138294510330702526   0.291312286026233493666838885750
 323   0.482472620138520420253137875545   0.295744238826450098637730369518
 324  -0.342167209273306856954381046370   0.298292655964196630791894146814
 325   0.708607272224351857809087531701   0.302724608764413235762785630582
 326  -0.116032557187475419398431390213   0.305273025902159767916949407877
 327   0.110102094898356018157518265944   0.312253395840122905042004668941
 328  -0.714536603359808515606224922108   0.314803203575380108763884292702
 329   0.336236746984187455713467922100   0.319233765778086042167059930005
 330  -0.488403082427639821494050999814   0.321782182915832574321223707300
 331  -0.901461333507521011396380532311   0.321999916731680887382908507763
 332   0.562371399070018893269417578257   0.326214135716049179292115191068
 333  -0.799010746225640754371710366464   0.328082837542106310751045745383
 334  -0.262268430341808383938101343658   0.328762552853795711446278968363
 335   0.788506051155850330825367234414   0.333194505654012316417170452132
 336  -0.036133778255976946382151687501   0.335742922791758848571334229427
 337   0.190000873829854491173797968656   0.342723292729721985696389490491
 338  -0.634637824428310042589945219396   0.345273100464979189418269114252
 339   0.416135525915685928729747624812   0.349703662667685122821444751554
 340  -0.408504303496141348477771297102   0.352252079805431654975608528850
 341   0.642270178001517366285697280969   0.356684032605648259946500012618
 342   0.887707217833804993370769288053   0.358179253433435113015999277947
 343  -0.182369651410309910921821640945   0.359232449743394792100663789913
 344   0.043765000675521526634128015211   0.366212819681357929225719050977
 345   0.269899652761352964190077671368   0.373193189619321066350774312040
 346  -0.554869434983756071548612882792   0.376082734293203026629448904179
 347   0.496034304847184401746027327525   0.380173559557284203475829573104
 348  -0.328605524564642875461491594390   0.382721976695030735629993350399
 349   0.722168956933015839301976983681   0.387153929495247340600884834168
 350  -0.102470872478811437905541938233   0.389702346632993872755048611463
 351   0.123663779607019999650407717924   0.396682716570957009880103872527
 352  -0.699608613390750481131996248675   0.400870097441482261033358799315
 353  -0.869128626056979795713126173600   0.401163200646163493718171592161
 354   0.349798431692851437206357374080   0.403663086508920147005159133590
 355  -0.474841397718975840001161547834   0.406211503646666679159322910886
 356   0.575933083778682874762307030237   0.410643456446883284130214394654
 357   0.821370123610970501847379037321   0.412138677274670137199713659983
 358  -0.784349062015449102220210530401   0.412328101547437083959278791753
 359  -0.248706745633144402445211891678   0.413191873584629816284378171949
 360  -0.022572093547312964889262235521   0.420172243522592953409433433013
 361   0.203562558538518472666687420636   0.427152613460556090534488694076
 362  -0.619840223946196510090663912071   0.431679731269706098244538589242
 363   0.429697210624349910222637076792   0.434132983398519227659543955140
 364  -0.394942618787477366984881845122   0.436681400536265759813707732435
 365   0.655831862710181347778586732949   0.441113353336482364784599216204
 366  -0.168807966701645929428932188965   0.443661770474228896938762993499
 367   0.057326685384185508127017467191   0.450642140412192034063818254563
 368   0.283461337470016945682967123348   0.457622510350155171188873515626
 369  -0.539812186681416278543212577113   0.461808500623169750774412595948
 370   0.509595989555848383238916779505   0.464602880288118308313928776690
 371  -0.315043839855978893968602142410   0.467151297425864840468092553985
 372   0.736328515500390577411539668094   0.471485041146786410404360030038
 373  -0.088909187770147456412652486253   0.474131667363827977593147815049
 374   0.137225464315683981143297169903   0.481112037301791114718203076112
 375  -0.737470232226370758765170193344   0.483844566846093203431728171386
 376   0.363360116401515418699246826060   0.488092407239754251843258337176
 377  -0.823218865290594443534501012067   0.488494812678736198895631554231
 378  -0.459913407749917805526932874401   0.492278397512768831428797417498
 379   0.589494768487346856255196482217   0.495072777177717388968313598240
 380   0.817763079901253626640719538900   0.497574142550417631815398001477
 381  -0.235145060924480420952322439698   0.497621194315463921122477375535
 382  -0.009010408838648983396372783541   0.504601564253427058247532636599
 383   0.217124243247182454159576872616   0.511581934191390195372587897662
 384  -0.606278539237532528597774460091   0.516109052000540203082637792828
 385   0.443258895333013891715526528772   0.518562304129353332497643158726
 386  -0.380014628818419332510653171689   0.522748294402367912083182239048
 387   0.669991421277556085888149417362   0.525444464988021434588074412074
 388  -0.155246281992981947936042736985   0.528091091205063001776862197085
 389   0.070888370092849489619906919171   0.535071461143026138901917458148
 390   0.297023022178680927175856575328   0.542051831080989276026972719212
 391  -0.526250501972752297050323125133   0.546237821354003855612511799534
 392   0.523423966231202182234537031497   0.549361237584909007304265220926
 393  -0.684396188651258078123006788062   0.550892127501155848208974716704
 394  -0.300115849886920859494373468977   0.553218191291966992737567060598
 395  -0.075347503061483474919763034273   0.558560988094662082431247018635
 396  -0.776340035501516100079460675009   0.560011277977392318368080933865
 397   0.150787149024347962636186621883   0.565541358032625219556302279698
 398   0.770095762666507565631641649861   0.568567496879181004728062681291
 399   0.376921801110179400192136278040   0.572521727970588356681357540762
 400  -0.446351723041253824034043422421   0.576707718243602936266896621084
 401   0.603654327054721594364759166629   0.579403888829256458771788794110
 402   0.004551275870014998096516668439   0.589030884984261163085631840184
 403   0.230685927955846435652466324596   0.596011254922224300210687101248
 404   0.456820580041677873208415980752   0.602991624860187437335742362312
 405  -0.230599826251480150497307829005   0.603015299130917968464957518297
 406  -0.618308493851160296385212657733   0.606862086363136469001549787840
 407  -0.366452944109755351017763719709   0.607177615133202016921281442634
 408   0.693973483894617463027483566683   0.607524244250874055966969553918
 409  -0.145680964903731908810828272679   0.613065994560049909124713933917
 410   0.084450054801513471112796371151   0.619500781873860243740016661734
 411   0.310584706887344908668746027308   0.626481151811823380865071922798
 412  -0.723265991926403419437297269728   0.627058838632454963145327479182
 413  -0.512688817264088315557433673154   0.630667142084837960450611003120
 414  -0.065782185972233435794548569967   0.643535891449648989779098755467
 415   0.164347345733755014528038416728   0.649974580339033850082548392986
 416  -0.296936920474314642020698079738   0.656974722972152992648671900333
 417  -0.432790038332589842541153970441   0.661137038974437041104995824669
 418   0.583820742438070426028072072657   0.662583564306270686728738160331
 419   0.014116592959265037221731132745   0.674005788339248070433483577017
 420   0.499544357698303634181191434623   0.677065293015304944001860578436
 421   0.244247612432045044683308989994   0.680440575690398774863509138883
 422   0.405589901187773713753761043103   0.680982912617569780354765377076
 423  -0.579025911486922807080823923886   0.684626565926072984634325385156
 424  -0.217038141542816169004418377025   0.687444619861752073303056721882
 425   0.665427083831940753865231161578   0.688130277118574939851112190246
 426  -0.664420266820970506283598946112   0.689102453356478631730861590193
 427  -0.132119280195067927317938820699   0.697495315290884013962813137503
 428   0.094015371890763510238010835457   0.704475685228847151087868398566
 429   0.324146391363543517699588692706   0.710910472579997855517893960433
 430  -0.363274014697149133544088330470   0.710934146813388016832386282369
 431  -0.499127132555424334064544221174   0.715096462815672065288710206705
 432  -0.052220501263569454301659117987   0.727965212180483094617197959053
 433   0.173912662823005053653252881034   0.734949483694020757430400129819
 434  -0.283477357715211085304531849556   0.741673189783603735326574505100
 435   0.598891518942537666984434559282   0.746756607418419496417319377584
 436   0.457560714332945249293914019527   0.751560951821557962287973507153
 437   0.027679733943356482168678248966   0.758436899348970474117229867358
 438   0.253812929521295083808523454300   0.765415479045385682211360875715
 439  -0.430166500708130869279634834495   0.765659895713659898981478362336
 440  -0.569266262073469723866771972977   0.769579368908280398624802563398
 441  -0.203476456834152187511528925046   0.771873940592586178141155925468
 442   0.376428961746975356943078749377   0.778577025065762636833619780001
 443  -0.118557595486403945825049368720   0.781924636021718118800912341089
 444   0.107577538129358893913752431425   0.788911328761491156938556488954
 445  -0.349996409172525667561976234846   0.795408608532535730013964036239
 446   0.529860000519886778365027491614   0.797223219702884113269662556258
 447  -0.038658816483899656787293624763   0.812394532899911700943463975621
 448  -0.498316203591421921907809937483   0.817311105652309111531957879014
 449   0.308797685345040837558305368996   0.830905219602287580967851875118
 450  -0.275329421108255013141803375668   0.837086784891600765699954764476
 451   0.456600156718895339075706328836   0.841327930985877040228941441858
 452   0.226112630052426935588740982320   0.852709144076213043577575018057
 453  -0.192079306344685565798249364919   0.856622595165551020863575541165
 454  -0.420466872616364889469112076404   0.859817702923429870842557976261
 455   0.055119735305520232537235639755   0.863326105286461817121339915147
 456  -0.107160444996937324111769808593   0.866673290594682961523331956786
 457   0.141847374611021373552282447579   0.867255491267241254478468766204
 458   0.379696589420227655588217402701   0.878718890611203960872445149281
 459  -0.341824152796358415403609093725   0.893998651789606418269465121396
 460  -0.027261666064692587127533285443   0.897143187482325173730850743511
 461   0.286338808423334484404939317914   0.913414784736415574176751806287
 462  -0.260096979039176049071512538026   0.921230722283544918596230040199
 463   0.203681497062829890760734654590   0.935323649833902076472884731825
 464  -0.176846864275606601727958527276   0.940766532557495173759850816888
 465   0.119398802029114884856687413522   0.949768607745265331223006163509
 466  -0.092185506910244216499278916972   0.952795001298846427292466659750
 467   0.034163301432707353637861159382   0.956634387328610211161690946180
