   1  -0.035215146390480125242278874711  -0.961014243752274519440044891971
   2   0.041465979054989586033639842512  -0.960764828566840396061739423396
   3   0.117883452504970020895214604998  -0.954406608765659966666229872641
   4  -0.178748343433281911534352773910  -0.944900795295419652421208263699
   5   0.196627226289000570793931363538  -0.941342773442253187745440474584
   6  -0.253465404716460860383920886038  -0.927654985348529106500486329343
   7  -0.104105472943293045061551812565  -0.927336653058084610802071657140
   8   0.271003961436569380910080577760  -0.922683768208667181422170062729
   9  -0.331886912593911602540013049795  -0.902573853199249468889026794481
  10   0.003184926785066291815244092862  -0.894322234964347814195677745750
  11   0.146538969117105269334874932610  -0.883280533552625553246309003984
  12   0.385438589464399080769819496630  -0.881036649057094262571686857272
  13  -0.198233990591192757198390529621  -0.870736337754384616899391136789
  14  -0.409980295873415552105787123512  -0.869885833636034425475493708115
  15   0.222081131507619366271490698708  -0.863485014116771102409999829932
  16   0.072807002384230619118806726394  -0.862172056183577225821122803970
  17  -0.065826257391558524436126231768  -0.860893001260020158056119371566
  18   0.312280507162835877970808052979  -0.858059438576352862602737911097
  19  -0.272951051874371706047958641752  -0.853490527807494070978669202446
  20   0.454410154394326420241018061693  -0.847525748761288948583126318299
  21  -0.478672483864278750040440216909  -0.834063029045923393454989449165
  22  -0.134875346535170569628085309720  -0.827542131766765491724466231033
  23  -0.344914096765765254444846145001  -0.827006997501323322834568542089
  24  -0.001266471770912654262900061373  -0.817770015803735519648203373525
  25   0.131200886019979252696122952124  -0.808148646750654149901007446489
  26   0.525324326334415263824324922714  -0.805494849360110805499074010344
  27   0.386331979059434253817960273386  -0.804360322446137798115135602598
  28   0.263481967953859651618052255602  -0.798909123458100132726584176249
  29  -0.203848401821566667096998614426  -0.794034299070836993077306561040
  30  -0.543605004679326948053452983585  -0.793273018649725649123042705075
  31  -0.413760675972608331775151622265  -0.793240064874351266255766023913
  32  -0.070285310796927997181153562419  -0.784341227601621814755814030612
  33  -0.278618226075391163785856985979  -0.777018700680807166927794907817
  34   0.062189757118148667434237820338  -0.774719298937489878661445543764
  35   0.455303543989361593289158838449  -0.770849422150332484126575063625
  36   0.194657114909040574393260833809  -0.765097929884408508914249616689
  37   0.589981725445179426756454278156  -0.759414278816765449651758050441
  38   0.326938196842920973315190137291  -0.755858406591854491739826346455
  39  -0.478693196787656529788164388941  -0.752450054478153521923819279823
  40  -0.139330482342347437683435595491  -0.750982248393885418631796077544
  41  -0.350400272701721633374747773489  -0.750048439472322255148472334453
  42  -0.605081136726812306054395110465  -0.747439162211512518011324905807
  43  -0.006821371783681917827647311407  -0.741289951124325607421883640955
  44   0.125645986007209989131375702043  -0.731668582071244237674687713922
  45   0.519577242654792021637057492229  -0.729028986148492016243467067380
  46   0.395909761772848312786388702354  -0.722347506296049177751265807482
  47   0.258113343798101896090398715497  -0.722047213018162867927491786895
  48  -0.208307517482116261418407998453  -0.717482529038757206295111707181
  49   0.648612711733725790612262731633  -0.709992981238182227649915692892
  50  -0.415332793516769831387760540165  -0.709258429076124510816525590363
  51  -0.075832500685512503089532443195  -0.707860603311161336182321738234
  52  -0.540169328835141887789106515822  -0.706616198039940390812101480555
  53  -0.283076956408965658328662165445  -0.700465237536208227792111969114
  54   0.056634857105379403869490570277  -0.698239234258079966435125811155
  55   0.189102214896271310828513583734  -0.688617865204998596687929884122
  56   0.460183460438278741134287356133  -0.680527070294208709868157811237
  57   0.321569572687163217787536597201  -0.678996496151917226940733957123
  58   0.575842224824993422444115437789  -0.676929955553811024327328296257
  59  -0.144846977383117753501223615811  -0.674438167528078597883568495728
  60  -0.622167816972016493458293394307  -0.672685549819088721948221409948
  61  -0.351763754982585080427559826802  -0.666374462989043411482527355519
  62  -0.012376271796451181392394561488  -0.664809886444915695195563908388
  63  -0.476660802336390386107376106763  -0.663226564658754546772428221971
  64  -0.698025430282650269828312884307  -0.661474853572514877549257560099
  65   0.120091085994440725566628451969  -0.655188517391834325448367981355
  66   0.390713287748097801220083979340  -0.645842252455357421084165300701
  67   0.252558443785332632525651465423  -0.645567148338752955701172054327
  68   0.715488728234618749124643680819  -0.642545222532443179169965461525
  69  -0.213854757990545798807146925062  -0.641001908419804159175808425443
  70   0.639298453714054744141253319474  -0.633879238687565383340570466457
  71  -0.081387400698281766654279693276  -0.631380538631751423956002005666
  72  -0.545839111490993440446933839468  -0.630144564265357069969876494353
  73   0.516448442608480141941345301693  -0.628428039699527717952019040114
  74  -0.288428398948985113525318809147  -0.623146117154212768116875973254
  75   0.051079957092610140304743320203  -0.621759169578670054208806078588
  76  -0.413093961088860625322395417286  -0.620339341604213738577646578032
  77   0.183547314883502047263766333654  -0.612137800525588684461610151555
  78  -0.748509570330121500844530479860  -0.603756495910624505486374532675
  79   0.316014672674393954222789347127  -0.602516431472507314714414224556
  80  -0.150398529600112351916164825019  -0.597951190818587152716440102854
  81  -0.614682082611742875092126648890  -0.596370276193123084018341990442
  82   0.447677069347880350849725958082  -0.594508201442692712474177283884
  83  -0.017931171809220444957141811562  -0.588329821765505782969244175821
  84  -0.482229515597445727721638272047  -0.586747504517205121822648199263
  85   0.579904671497541463638483183378  -0.585377322833282076965261210314
  86   0.114536185981671462001881201888  -0.578708452712424413222048248788
  87  -0.349756394374764157031243491102  -0.577114234892304204261470379101
  88   0.741313086636268255915261011044  -0.570343008434385617624741477467
  89   0.247003543772563368960904215342  -0.569087083659343043474852321760
  90  -0.219409658889132873328389796785  -0.564521843804732970830361029511
  91  -0.683649648070375142480680769285  -0.562851145502905878894867378519
  92   0.379470901563455275919927228789  -0.559465714606261673727656394722
  93   0.651605453867822670807899886344  -0.558191756534082805002551324381
  94  -0.086942300711051030219026943331  -0.554900473952341511729682273060
  95  -0.551234879589509725234929376069  -0.553306258310741089312775938719
  96   0.511133298236941672546863839767  -0.551457484576447071487419454084
  97   0.045525057079840876739996070123  -0.545279104899260141982486346021
  98  -0.418773286708384406024500390359  -0.543696787650959480835890369468
  99   0.177992414870732783699019083573  -0.535657735846178772235290418988
 100  -0.288420787403773515771221325845  -0.531092495192258620066918629754
 101  -0.754305454199151496287784997025  -0.527294316124175143136629451366
 102   0.804483049854175644153840645340  -0.526873329869128027117584415392
 103   0.310459772661624690658042097023  -0.526036366793097402488094491955
 104  -0.155953429612881615480912075094  -0.521471126139177240490120370287
 105  -0.621664573068683045191283975866  -0.517707954603799145392624317354
 106   0.442927130452516597617065110474  -0.516414997740016032740898564922
 107  -0.023486071821989708521889061643  -0.511849757086095870742924443254
 108  -0.487778650700448403537791494382  -0.510255541444495448326018108923
 109   0.576293554028796870383217917641  -0.508568442199117356859409718373
 110   0.704767633320120103698382307910  -0.502930197712418063774258406686
 111   0.108981285968902198437133951807  -0.502228388033014500995728516221
 112  -0.357437679737393764764478225102  -0.497675047950913896641338620121
 113  -0.824124730265854958141796450686  -0.495587441521968814456357560198
 114   0.241448643759794105396156965258  -0.492607018979933131248532589188
 115  -0.224964558514712200742797206859  -0.488041778326012969250558467519
 116  -0.690738135220913527349757376999  -0.484407801163904303877764921693
 117   0.373916001550686012355179978708  -0.482985649926851761501336662155
 118  -0.092497200723820293783774193409  -0.478420409272931599503362540487
 119  -0.556789779602278988799676626145  -0.476826193631331177086456206151
 120   0.507377898156860201447334389669  -0.474867967162135655517021011867
 121   0.039970157067071613175248820042  -0.468799040219850229756166613454
 122  -0.426443043729457762277769329125  -0.464233801744449864131466359576
 123   0.638829654486956585990593280727  -0.463786358415334959837241412842
 124   0.844618413319886455746009850379  -0.459791495257422633776377383206
 125   0.767937596538027491936961942206  -0.459460519147160473267101344611
 126   0.172437514857963520134271833492  -0.459177671166768860008970686421
 127  -0.293975687416542791183010786263  -0.454612430512848708701073260034
 128  -0.761756133352384928924246005269  -0.450975612075467919927090441260
 129   0.304904872648855427093294846943  -0.449556302113687490261774759388
 130  -0.161508329625650879045659325174  -0.444991061459767328263800637719
 131  -0.627362575315929592568577987184  -0.441238418330136802353172777236
 132   0.437372230439747334052317860393  -0.439934933060606120514578832355
 133  -0.029040971834758972086636311724  -0.435369692406685958516604710687
 134  -0.495454172631288347539654460888  -0.430804453931285592891904456804
 135   0.569818525585126000728708148962  -0.430357010602170688597679510075
 136  -0.860990841443480791419614737264  -0.428349453344469636986270539205
 137   0.103426385956132934872386701727  -0.425748323353604588769408783654
 138  -0.362986816318373371266567470390  -0.421183082699684426771434661985
 139   0.703773647519549198439421812559  -0.417471891474030859525410934613
 140   0.235893743747024841831409715177  -0.416126954300523219022212856621
 141  -0.230519458527481464307544456939  -0.411561713646603057024238734952
 142  -0.696436137468160074727051388317  -0.407938264890241960838313381574
 143   0.368361101537916748790432728628  -0.406505585247441849275016929588
 144  -0.098052100736589557348521443489  -0.401940344593521687277042807919
 145  -0.564465301533118932801539592653  -0.397375106118121321652342554037
 146   0.500828459328808655749455742078  -0.396884216194360479527821002556
 147   0.034415257054302349610501569961  -0.392318975540440317529846880887
 148   0.878567316790588524635150276317  -0.391034465357524102848667814667
 149  -0.431997945220203956528452602153  -0.387753734886520155531872759213
 150   0.633274754474187322425846030647  -0.387306293735925047610921680275
 151   0.166882614845194256569524583411  -0.382697606487358947782650953854
 152  -0.299530587429312049569429588705  -0.378132365833438785784676832185
 153   0.768501938756371109341079610926  -0.376247514394211150174862213194
 154  -0.765384659244401680604312481532  -0.374379978992572446014277605768
 155   0.299349972636086163528547596862  -0.373076237434277578035455026821
 156  -0.167063229638420142610406575255  -0.368510996780357416037480905152
 157  -0.633538863685349414960012993786  -0.364074952678226480137483158376
 158   0.431817330426978070487570610312  -0.363454868381196208288259099789
 159  -0.034595871847528235651383561804  -0.358889627727276046290284978119
 160  -0.839508045472843894198615488031  -0.354738675024969613799222448309
 161  -0.501009074122034541790337733919  -0.354324387073355884292310856446
 162   0.564284688217869977446593623763  -0.353833499328114838541063172756
 163   0.097871485943363671307639451646  -0.349268258674194676543089051087
 164  -0.368541716331142634831314720468  -0.344703018020274514545114929413
 165   0.698221282966932851986670833600  -0.340991642681329896949766983534
 166   0.230338843734255578266662465096  -0.339646889621113306795893124054
 167  -0.236074358540250727872291707020  -0.335081648967193144797919002385
 168   0.830870492525805067415861049233  -0.330992228868757700632098692447
 169  -0.702487385461591020837274087001  -0.330516666780556965313447382570
 170   0.362806201525147485225685478547  -0.330025520568031937048697197022
 171  -0.103607000749358820913268693570  -0.325460279914111775050723075352
 172  -0.570020203918867378108075637995  -0.320895041107823166250653839702
 173   0.495273559316039392184708491997  -0.320404151514950567301501269989
 174   0.906930049826575505076845341929  -0.319791131758878395400089019581
 175  -0.907265912636724892207274243272  -0.318837022626779850198495324834
 176   0.028860357041533086045754319881  -0.315838910861030405303527148319
 177  -0.437552845232973220093199852234  -0.311273670207110243305553026646
 178   0.627740917106931299143731505448  -0.310782782461869197554305342956
 179   0.161327714832424993004777333331  -0.306217541807949035556331221287
 180  -0.305085487442081313134176838783  -0.301652301154028873558357099613
 181   0.761677511855994173683808715285  -0.297940925815084255963009153734
 182  -0.771498514363421606099159218766  -0.297087318967392694073885479803
 183   0.293795072623316899963800346781  -0.296596172754867665809135294254
 184  -0.172618129651189406175153825335  -0.292030932100947503811161172585
 185  -0.639031331925695676681942178860  -0.287465691447027394334562641995
 186   0.426262430414208806922823360232  -0.286974803701786296061939367222
 187  -0.040150771860297499216130811885  -0.282409563047866134063965245552
 188  -0.506563974134803805355084984000  -0.277844322393945972065991123879
 189   0.558729788205100713881846373682  -0.277353434648704926314743440189
 190  -0.844754790947165730644457291716  -0.274425122502694709688783010398
 191   0.092316585930594407742892201566  -0.272788193994784764316769318519
 192  -0.374096616343911898396061970549  -0.268222953340864602318795196846
 193   0.692666382954163588421923583519  -0.264511578001919984723447250967
 194   0.224783943721486314701915215016  -0.263166824941703394569573391487
 195  -0.241629258553019991437038957099  -0.258601584287783232571599269813
 196   0.825315592513035803851113799152  -0.254512164189347788405778959881
 197  -0.708042460827526261943827310625  -0.254036343633863123095000739228
 198   0.357251301512378221660938228466  -0.253545455888622024822377464455
 199  -0.109161900762128084478015943650  -0.248980215234701862824403342785
 200  -0.929785050493737964990029396530  -0.245536643107329691783573622181
 201  -0.575575103036634390616970115765  -0.244414974580781700826429221112
 202   0.489718659303270128619961241916  -0.243924086835540655075181537422
 203   0.901176787916533064184508670789  -0.243325733146741138266028814664
 204   0.023305457028763822481007069800  -0.239358846181620493077207415752
 205  -0.443107745245742483657947102315  -0.234793605527700331079233294079
 206   0.622186017094162035578984255367  -0.234302717782459285327985610389
 207   0.155772814819655729440030083250  -0.229737477128539123330011488720
 208  -0.310640387454850576698924088864  -0.225172236474618961332037367046
 209   0.756122611843224910119061465204  -0.221460861135674343736689421167
 210   0.288240172610547636399053096700  -0.220116108075457753582815561688
 211  -0.792534369104787846738633648396  -0.218272787287472445721527232237
 212  -0.178173029663958669739901075414  -0.215550867421537591584841440014
 213  -0.644586231938464975878855247531  -0.210985626767617429586867318345
 214   0.420707530401439543358076110151  -0.210494739022376383835619634655
 215  -0.045705671873066762780878061966  -0.205929498368456221837645512985
 216  -0.512118874147573068919832234080  -0.201364257714536059839671391312
 217  -0.867273928804178803427212444973  -0.201124742983244551273861307746
 218   0.553174888192331450317099123601  -0.200873369969295014088423707622
 219   0.086761685917825144178144951485  -0.196308129315374852090449585953
 220  -0.379651516356681161960809220630  -0.191742888661454690092475464279
 221   0.687111482941394324857176333439  -0.188031513322510072497127518400
 222   0.219229043708717051137167964935  -0.186686760262293482343253658920
 223  -0.247184158565789255001786207179  -0.182121519608373320345279537247
 224   0.944634972392354821649279490229  -0.180147861944998099762897099881
 225  -0.726337053810670553952452876790  -0.179569135581595746583709788178
 226   0.821910478687526722862292611566  -0.177906274028382264405223488808
 227   0.351696401499608958096190978385  -0.177065391209212112596057731888
 228  -0.114716800774897348042763193729  -0.172500150555291950598083610214
 229  -0.946392361606863410285584287798  -0.170675074695290342847736359554
 230  -0.581130003049403654181717365846  -0.167934909901371788600109488545
 231   0.484163759290500865055213991836  -0.167444022156130742848861804855
 232   0.017750557015994558916259819719  -0.162878781502210580850887683185
 233  -0.448662645258511747222694352395  -0.158313540848290418852913561512
 234   0.616631117081392772014237005286  -0.157822653103049373101665877822
 235   0.150217914806886465875282833170  -0.153257412449129211103691756153
 236  -0.316195287467619840263671338945  -0.148692171795209049105717634480
 237   0.750915138260190323191262540946  -0.144956355114266042472087389646
 238   0.282685272597778372834305846620  -0.143636043396047841356495829120
 239  -0.808695850199373143441229186085  -0.143277705194282080860662513266
 240  -0.183727929676727933304648325495  -0.139070802742127679358521707447
 241  -0.650141131951234239443602497611  -0.134505562088207517360547585778
 242   0.415152630388670279793328860070  -0.134014674342966471609299902088
 243   0.884112283578079960619834150432  -0.133062181040831107128398829034
 244  -0.051260571885836026345625312044  -0.129449433689046309611325780414
 245  -0.883881239917304248722767336241  -0.126263174571205202338024045119
 246  -0.517673774160342332484579484161  -0.124884193035126147613351658745
 247   0.547619988179562186752351873521  -0.124393305289885101862103975055
 248   0.081206785905055880613397701404  -0.119828064635964939864129853386
 249  -0.385206416369450425525556470711  -0.115262823982044777866155731713
 250   0.681556582928625061292429083358  -0.111551448643100160270807785833
 251   0.213674143695947787572420714855  -0.110206695582883570116933926353
 252  -0.252739058578558518566533457260  -0.105641454928963408118959804680
 253   0.955985197822014730809862272015  -0.104311000260099184800418427938
 254  -0.720114621103308295966918873887  -0.103140485595344282212653434986
 255   0.814175257395912437158783724907  -0.101615884338144447490274711765
 256   0.346141501486839694531443728305  -0.100585326529802200369737999320
 257  -0.120271700787666611607510443810  -0.096020085875882038371763877647
 258  -0.956982252166079759649410799670  -0.094728307644530321703645706145
 259  -0.586684903062172917746464615927  -0.091454845221961876373789755978
 260   0.478608859277731601490466741755  -0.090963957476720830622542072288
 261   0.012195657003225295351512569641  -0.086398716822800668624567950614
 262  -0.454217545271281010787441602476  -0.081833476168880506626593828945
 263   0.611076217068623508449489755206  -0.081342588423639460875346145255
 264   0.144663014794117202310535583089  -0.076777347769719298877372023586
 265  -0.321750187480389103828418589026  -0.072212107115799136879397901913
 266   0.745012811817686382989566965043  -0.068500731776854519284049956033
 267  -0.788120248543623715239333942836  -0.067710387599888412459712242448
 268   0.277130372585009109269558596539  -0.067155978716637929130176096553
 269  -0.189282829689497196869395575575  -0.062590738062717767132201974880
 270  -0.655696031964003503008349747692  -0.058025497408797605134227853211
 271   0.409597730375901016228581609990  -0.057534609663556559382980169520
 272   0.895462509007739869780416932218  -0.057225319355932192165920157091
 273  -0.056815471898605289910372562125  -0.052969369009636397385006047847
 274  -0.863259138852070743587483836418  -0.052406650450624746351790407637
 275  -0.523228674173111596049326734242  -0.048404128355716235387031926178
 276   0.542065088166792923187604623440  -0.047913240610475189635784242488
 277   0.075651885892286617048650451326  -0.043347999956555027637810120814
 278  -0.390761316382219689090303720791  -0.038782759302634865639835999146
 279   0.676001682915855797727681833277  -0.035071383963690248044488053266
 280   0.208119243683178524007673464774  -0.033726630903473657890614193786
 281  -0.258293958591327782131280707341  -0.029161390249553495892640072113
 282   0.825525482825572346319366506681  -0.025779022653245532527796039818
 283  -0.724707160865834088270234879458  -0.024596149595633333894665950444
 284   0.340586601474070430966696478224  -0.024105261850392288143418266753
 285  -0.125826600800435875172257693890  -0.019540021196472126145444145080
 286   0.961486489817466030539509836566  -0.018226714694284370305237937231
 287  -0.961487388761165399756687194707  -0.018179232197610600399408409132
 288  -0.592239803074942181311211866007  -0.014974780542551964147470023411
 289   0.473053959264962337925719491675  -0.014483892797310918396222339720
 290   0.006640756990456031786765319560  -0.009918652143390756398248218047
 291  -0.459772445284050274352188852557  -0.005353411489470594400274096379
 292   0.605521317055854244884742505125  -0.004862523744229548649026412688
 293   0.139108114781347938745788333010  -0.000297283090309386651052291014
 294  -0.327305087493158367393165839106   0.004267957563610775346921830654
 295  -0.810401555219090992423143130185   0.006665662715734161867487820168
 296   0.756360258405053900996092281037   0.007336545755144404881103938674
 297   0.271575472572239845704811346459   0.009324085962771983096143636014
 298  -0.194837729702266460434142825656   0.013889326616692145094117757687
 299  -0.893832614301395852815684244326   0.017916317393942951295339473562
 300  -0.661250931976772766573096997773   0.018454567270612307092091879356
 301   0.404042830363131752663834359909   0.018945455015853352843339563047
 302   0.894700717063469703922537411566   0.019452427615090845615792788388
 303  -0.062370371911374553475119812206   0.023510695669773514841313684720
 304  -0.528783574185880859614073984323   0.028075936323693676839287806388
 305   0.536510188154023659622857373360   0.028566824068934722590535490080
 306   0.070096985879517353483903201245   0.033132064722854884588509611753
 307  -0.396316216394988952655050970872   0.037697305376775046586483733421
 308   0.684988363040762426943762047052   0.041081730141060555217855354696
 309   0.202564343670409260442926214695   0.042753433775936254335705538786
 310  -0.263848858604097045696027957422   0.047318674429856416333679660454
 311  -0.746375369090085743069570611478   0.048960263856009756078851708560
 312   0.824763690881302180461486986043   0.050898724317777505253916905662
 313   0.335031701461301167401949228144   0.052374802829017624082901465814
 314  -0.131381500813205138737004943971   0.056940043482937786080875587487
 315  -0.597794703087711444875959116088   0.061505284136857948078849709155
 316   0.959578252505521811655651158576   0.061887399084886813025297747444
 317  -0.959575271633203185093941616825   0.061954747069313602973102093231
 318   0.467499059252193074360972241594   0.061996171882098993830097392847
 319   0.001085856977686768222018069479   0.066561412536019155828071514520
 320  -0.465327345296819537916936102638   0.071126653189939317826045636188
 321   0.599966417043084981319995255049   0.071617540935180363577293319879
 322   0.133553214768578675181041082930   0.076182781589100525575267441553
 323  -0.332859987505927630957913089187   0.080748022243020687573241563221
 324   0.748774605242026733656670977032   0.083641952336911882520029818903
 325  -0.813794161604375768756094472422   0.085494680827321872001395363809
 326   0.266020572559470582140064096380   0.085804150642181895322463368586
 327  -0.200392629715035723998890075737   0.090369391296102057320437490254
 328  -0.889945163018490665534737673196   0.094499245844359538758590355497
 329  -0.666805831989542030137844247854   0.094934631950022219318411611922
 330   0.398487930350362489099087109828   0.095425519695263265069659295614
 331   0.888823691721288418538935782290   0.095908413519700999365355089629
 332  -0.067925271924143817039867062286   0.099990760349183427067633417287
 333  -0.534338474198650123178821234403   0.104556001003103589065607538955
 334   0.530955288141254396058110123284   0.105046888748344634816855222647
 335   0.064542085866748089919155951164   0.109612129402264796814829344320
 336  -0.401871116407758216219798220953   0.114177370056184958812803465988
 337   0.663422645932146303017133136734   0.114668257801426004564051149680
 338   0.197009443657639996878178964615   0.119233498455346166562025271353
 339  -0.269403758616866309260775207502   0.123798739109266328559999393021
 340  -0.737303425019067193261094004105   0.125103267725642447015450772084
 341   0.812318232521055284126044781997   0.126563562741724121113085097122
 342   0.329476801448531903837201978065   0.128854867508427536309221198385
 343  -0.136936400825974402301752194052   0.133420108162347698307195320054
 344  -0.603349603100480708440706366169   0.137985348816267860305169441722
 345   0.461944159239423810796224991518   0.138476236561508906056417125414
 346   0.951375124957121624723337544180   0.140263519287376590801092232527
 347  -0.951350966654540116176861625889   0.140427281806389567975837386918
 348  -0.004469043035082495342729180601   0.143041477215429068054391247087
 349  -0.470882245309588801481683352718   0.147606717869349230052365368755
 350   0.594411517030315717755248004969   0.148097605614590275803613052447
 351   0.127998314755809411616293832849   0.152662846268510437801587174120
 352  -0.338414887518696894522660339268   0.157228086922430599799561295788
 353   0.727216269101962180914969504272   0.157233808698649185898059740144
 354  -0.804722217533357218947617865050   0.161637684696954562937994427332
 355   0.260465672546701318575316846299   0.162284215321591807548783101152
 356  -0.205947529727804987563637325817   0.166849455975511969546757222821
 357  -0.880873218947472115726261065823   0.170642249713992229695189419021
 358   0.874623591851693584264094567589   0.171263667956350075916001939141
 359  -0.672360732002311293702591497934   0.171414696629432131544731344489
 360   0.392933030337593225534339859753   0.171905584374673177295979028181
 361  -0.073480171936913080604614312367   0.176470825028593339293953149854
 362  -0.539893374211419386743568484484   0.181036065682513501291927271522
 363   0.525400388128485132493362873203   0.181526953427754547043174955214
 364   0.058987185853978826354408701083   0.186092194081674709041149076887
 365  -0.407426016420527479784545471034   0.190657434735594871039123198555
 366   0.657867745919377039452385886654   0.191148322480835916790370882247
 367   0.191454543644870733313431714534   0.195713563134756078788345003919
 368  -0.274958658629635572825522457583   0.200278803788676240786319125588
 369   0.790735113063571604249724215158   0.200422935508089525612384765063
 370  -0.741371860904141878964476629700   0.204844044442596402784293247256
 371   0.323921901435762640272454727984   0.205334932187837448535540930952
 372  -0.142491300838743665866499444133   0.209900172841757610533515052621
 373  -0.608904503113249972005453616250   0.214465413495677772531489174289
 374   0.456389259226654547231477741438   0.214956301240918818282736857981
 375   0.937175025087526790448496329480   0.215618773724025667351739082039
 376  -0.010023943047851758907476430682   0.219521541894838980280710979654
 377  -0.476437145322358065046430602799   0.224086782548759142278685101322
 378   0.588856617017546454190500754888   0.224577670294000188029932785014
 379  -0.934969594707100825363985713838   0.224989644657923469728706457171
 380   0.122443414743040148051546582768   0.229142910947920350027906906686
 381  -0.343969787531466158087407589349   0.233708151601840512025881028355
 382   0.721650938378239298464551277405   0.233713115059613088812358029241
 383  -0.819602184699449367034160902828   0.237812147847117211385472786635
 384   0.254910772533932055010569596219   0.238764280001001719775102833719
 385  -0.211502429740574251128384575898   0.243329520654921881773076955388
 386   0.854464677765765731617790249475   0.245247959467418607428600073577
 387  -0.677915632015080557267338748015   0.247894761308842043771051077056
 388   0.387378130324823961969592609672   0.248385649054083089522298760748
 389  -0.079035071949682344169361562448   0.252950889708003251520272882421
 390  -0.545448274224188650308315734565   0.257516130361923413518247004089
 391   0.519845488115715868928615623123   0.258007018107164459269494687781
 392   0.053432285841209562789661451003   0.262572258761084621267468809453
 393  -0.412980916433296743349292721114   0.267137499415004783265442931122
 394   0.652312845906607775887638636573   0.267628387160245829016690614814
 395   0.185899643632101469748684464453   0.272193627814165991014664736486
 396  -0.280513558642404836390269707664   0.276758868468086153012638858155
 397   0.784777961572598405740816034576   0.277245127994204510671128184771
 398  -0.746926760916911142529223879781   0.281324109122006315010612979823
 399   0.318367001422993376707707477904   0.281814996867247360761860663519
 400  -0.886283791038879836834170919523   0.284232785431333072123024138443
 401  -0.148046200851512929431246694213   0.286380237521167522759834785188
 402   0.917016111001598937802192011365   0.289603065235094198864337216476
 403  -0.614459403126019235570200866330   0.290945478175087684757808906856
 404   0.450834359213885283666730491357   0.291436365920328730509056590548
 405  -0.015578843060621022472223680763   0.296001606574248892507030712220
 406  -0.481992045335127328611177852880   0.300566847228169054505004833889
 407   0.583301717004777190625753504807   0.301057734973410100256252517581
 408   0.116888514730270884486799332688   0.305622975627330262254226639253
 409  -0.349524687544235421652154839429   0.310188216281250424252200760922
 410   0.715769074795669097584776518258   0.310679104026491470003448444613
 411  -0.815937889818741727791109011546   0.314753456935170586250174882590
 412   0.249355872521162791445822346138   0.315244344680411632001422566286
 413  -0.217057329753343514693131825979   0.319809585334331793999396687955
 414  -0.683470532027849820832085998096   0.324374825988251955997370809623
 415   0.381823230312054698404845359591   0.324865713733493001748618493315
 416  -0.084589971962451607734108812528   0.329430954387413163746592614987
 417   0.852452914252644679788993774361   0.330975167345990254873376237809
 418  -0.551003174236957913873062984645   0.333996195041333325744566736656
 419   0.514290588102946605363868373042   0.334487082786574371495814420348
 420   0.047877385828440299224914200922   0.339052323440494533493788542020
 421  -0.418535816446066006914039971195   0.343617564094414695491762663689
 422   0.646757945893838512322891386492   0.344108451839655741243010347380
 423   0.180344743619332206183937214372   0.348673692493575903240984469053
 424  -0.286068458655174099955016957745   0.353238933147496065238958590722
 425   0.779225303684730419281914399943   0.353729820892737110990206274413
 426  -0.752481660929680406093971129861   0.357804173801416227236932712390
 427   0.312812101410224113142960227823   0.358295061546657272988180396086
 428  -0.891433836712851381764418603110   0.360741178677267825188462345859
 429  -0.153601100864282192995993944294   0.362860302200577434986154517754
 430  -0.620014303138788499134948116411   0.367425542854497596984128639423
 431   0.445279459201116020101983241276   0.367916430599738642735376323115
 432  -0.021133743073390286036970930844   0.372481671253658804733350444787
 433  -0.487546945347896592175925102961   0.377046911907578966731324566456
 434   0.577746816992007927061006254727   0.377537799652820012482572250147
 435   0.111333614717501620922052082607   0.382103040306740174480546371820
 436  -0.355079587557004685216902089510   0.386668280960660336478520493489
 437   0.710214174782899834020029268177   0.387159168705901382229768177180
 438  -0.821272673546811321798843796528   0.391684164808326526123538905600
 439   0.243800972508393527881075096057   0.391724409359821544227742298853
 440  -0.222612229766112778257879076060   0.396289650013741706225716420522
 441  -0.689025432040619084396833248177   0.400854890667661868223690542190
 442   0.376268330299285434840098109511   0.401345778412902913974938225882
 443   0.872182715755264194692914126415   0.405075046834325593842550518138
 444  -0.090144871975220871298856062609   0.405911019066823075972912347554
 445  -0.556558074249727177437810234726   0.410476259720743237970886469223
 446   0.508735688090177341799121122961   0.410967147465984283722134152914
 447   0.042322485815671035660166950841   0.415532388119904445720108274587
 448  -0.424090716458835270478787221276   0.420097628773824607718082396256
 449   0.641203045881069248758144136412   0.420588516519065653469330079947
 450   0.174789843606562942619189964292   0.425153757172985815467304201620
 451  -0.291623358667943363519764207825   0.429718997826905977465278323289
 452   0.773686010507334772705948625314   0.430211017527030468564690477891
 453  -0.757816444657750000101705914843   0.434734881674572167110296735399
 454   0.307257201397454849578212977742   0.434775126226067185214500128653
 455  -0.159156000877051456560741194375   0.439340366879987347212474250321
 456  -0.625569203151557762699695366492   0.443905607533907509210448371990
 457   0.439724559188346756537235991195   0.444396495279148554961696055681
 458  -0.026688643086159549601718180924   0.448961735933068716959670177354
 459  -0.493101845360665855740672353041   0.453526976586988878957644299023
 460   0.572191916979238663496259004646   0.454017864332229924708891982714
 461   0.105778714704732357357304832526   0.458583104986150086706866104387
 462  -0.360634487569773948781649339591   0.463148345640070248704840226056
 463   0.704659274770130570455282018096   0.463639233385311294456087909747
 464  -0.841385591709616011667003366939   0.465680973729353038072922532571
 465   0.238246072495624264316327845977   0.468204474039231456454062031420
 466  -0.228167129778882041822626326140   0.472769714693151618452036153088
 467   0.837135421185748813640756389902   0.473278744321164276567076931133
 468   0.370713430286516171275350859430   0.477825843092312826201257958449
 469  -0.095699771987990134863603312690   0.482391083746232988199232080121
 470  -0.697897299173881950950105918139   0.482587151219397212362804168549
 471  -0.562112974262496441002557484807   0.486956324400153150197206201790
 472   0.503180788077408078234373872880   0.487447212145394195948453885481
 473   0.036767585802901772095419700760   0.492012452799314357946428007154
 474  -0.429645616471604534043534471356   0.496577693453234519944402128823
 475   0.635648145868299985193396886331   0.497068581198475565695649812514
 476   0.169234943593793679054442714211   0.501633821852395727693623934187
 477  -0.297178258680712627084511457906   0.506199062506315889691598055855
 478   0.768115505728977424848561952902   0.506689947200718276520825636739
 479  -0.777929362820554689969865485255   0.508731690595598679059680362371
 480   0.301702301384685586013465727661   0.511255190905477097440819861220
 481  -0.164710900889820720125488444456   0.515820431559397259438793982888
 482  -0.631124103164327026264442616573   0.520385672213317421436768104557
 483   0.434169659175577492972488741115   0.520876559958558467188015788248
 484  -0.032243543098928813166465431005   0.525441800612478629185989909921
 485  -0.498656745373435119305419603122   0.530007041266398791183964031590
 486   0.566637016966469399931511754565   0.530497929011639836935211715281
 487   0.100223814691963093792557582445   0.535063169665559998933185836954
 488  -0.366189387582543212346396589672   0.539628410319480160931159958622
 489   0.699940797113561965823968445350   0.541864975313007037182050568880
 490   0.232691172482855000751580595896   0.544684538718641368680381763987
 491  -0.233722029791651305387373576221   0.549249779372561530678355885655
 492   0.365158530273746907710603609349   0.554305907771722738427577691015
 493  -0.101254672000759398428350562771   0.558871148425642900425551812688
 494  -0.567667874275265704567304734888   0.563436389079563062423525934357
 495   0.497625888064638814669626622800   0.563927276824804108174773618048
 496   0.031212685790132508530672450680   0.568492517478724270172747739721
 497  -0.688295610897906150858201188185   0.571488274015846907841925387340
 498  -0.435200516484373797608281721437   0.573057758132644432170721861389
 499   0.630093245855530721628649636250   0.573548645877885477921969545081
 500   0.163680043581024415489695464130   0.578113886531805639919943666754
 501  -0.302733158693481890649258707987   0.582679127185725801917917788422
 502   0.764566585797881855076305346046   0.583289309958128081104768494940
 503  -0.763928860586451035637024515034   0.584124284029645276715034091470
 504   0.296147401371916322448718477585   0.587735255584887009667139593787
 505  -0.170265800902589983690235694536   0.592300496238807171665113715455
 506  -0.037798443111698076731212681086   0.601921865291888541412309642488
 507  -0.504211645386204382870166853203   0.606487105945808703410283764156
 508   0.561082116953700136366764504484   0.606977993691049749161531447848
 509   0.435098123033672065156802982909   0.608315741629872544907813239586
 510   0.094668914679193830227810332365   0.611543234344969911159505569521
 511  -0.624839382008844829161063306501   0.614538990882092548828683217140
 512  -0.371744287595312475911143839752   0.616108474998890073157479691189
 513   0.227136272470085737186833345815   0.621164603398051280906701496554
 514  -0.239276929804420568952120826302   0.625729844051971442904675618222
 515   0.361822353760610472969262457564   0.630914831101787783695528731791
 516  -0.106809572013528661993097812851   0.635351213105052812651871545255
 517   0.715662129056981678574074569359   0.642352084346028374282907032383
 518  -0.714622110121867670716181358310   0.643508914433225459901420657770
 519   0.025657785777363244965925200599   0.644972582158134182399067472288
 520  -0.440755416497143061173028971518   0.649537822812054344397041593956
 521   0.639330747446825851933105102499   0.649671742056833740011189196698
 522   0.158125143568255151924948214049   0.654593951211215552146263399321
 523   0.495474057265815492769264648604   0.655589452856245273838025991306
 524  -0.308288058706251154214005958067   0.659159191865135714144237520989
 525   0.290592501359147058883971227500   0.664215320264296921893459326354
 526  -0.175820700915359247254982944617   0.668780560918217083891433448022
 527  -0.043353343124467340295959931167   0.678401929971298453638629375055
 528  -0.586420257821575349745114730232   0.680901842721067588671204569384
 529  -0.509766545398973646434914103284   0.682967170625218615636603496723
 530   0.566920359207625270910198293701   0.683436950883147724632510505978
 531   0.089114014666424566663063082284   0.688023299024379823385825302088
 532  -0.377299187608081739475891089833   0.692588539678299985383799423756
 533  -0.661078414015319365430158195183   0.698400897588948586118384573937
 534   0.431442809112275626826245722618   0.698613485961456415014958755531
 535  -0.244831829817189832516868076383   0.702209908731381355130995350789
 536   0.354089766655401146070549270789   0.707205487831029130597472522111
 537   0.230410036141015217870335603846   0.711735085497165431328770291670
 538  -0.112364472026297925557845062932   0.711831277784462724878191277822
 539   0.020102885764593981401177950518   0.721452646837544094625387204855
 540   0.630787376964943945429572404157   0.725875862866196119829441393601
 541  -0.446310316509912324737776221599   0.726017887491464256623361326523
 542   0.156253971462571735057390797145   0.731252648842139988903065510066
 543   0.507080567513585828380771539591   0.731387514357757235310616528846
 544  -0.313842958719020417778753208148   0.735639256544545626370557253556
 545  -0.181375600928128510819730194698   0.745260625597626996117753180589
 546  -0.048908243137236603860707181247   0.754881994650708365864949107622
 547   0.293479158424608752598237398462   0.755417548171436572532854942923
 548  -0.592338189282361718792537399748   0.757540110241936106649762769589
 549  -0.515629481254395521943189785744   0.759757015281342652615368815528
 550   0.083559114653655303098315832203   0.764503363703789735612145034655
 551   0.570947585270904502900145650047   0.773826426340805630507547416469
 552   0.443610535472952076307080657980   0.774417878524000500724740899878
 553  -0.250386729829959096081615326463   0.778689973410791267357315083356
 554   0.367380456419585347468775332045   0.782726443685088584244011576677
 555   0.221283041447697280771548665119   0.787871510258160964826174685686
 556  -0.117919372039067189122592313013   0.788311342463872637104511010389
 557  -0.416130902705208751809073477480   0.796510867212306352526104324070
 558   0.014547985751824717836430700438   0.797932711516954006851706937422
 559   0.147126976769253797958603858417   0.807389073603135522400469904083
 560  -0.340259369604435061099221852303   0.807626966908548274686135026521
 561   0.507477553230270750826454768435   0.816856790507048895921671787501
 562  -0.191255147040935405282605381889   0.827518691939422694554670612687
 563  -0.485240900101279289678791200099   0.830224558806639508580189760529
 564  -0.054463143150005867425454431328   0.831362059330118278091268840189
 565   0.313218369401836937015138063012   0.837008351696878632799986335362
 566   0.081834783681907932547242305606   0.848972443333820497624753895716
 567  -0.276803140715373739402083970619   0.850677683774793915672892856321
 568   0.440780840604144430356125427445   0.854693356582559890007717315110
 569   0.240738832601644447746616239401   0.862043805612238950442166203779
 570  -0.124183742688057360911541335465   0.864736566492923791850147433636
 571  -0.404734491201242825696315856784   0.872340802016121532008295416036
 572   0.008993085739055454271683450357   0.874412776196363919078026669988
 573   0.166582767923200964933671432700   0.881561368957213508016461422175
 574   0.371281523268151998181973193742   0.887095549368691037049887143679
 575  -0.333943703262579230642610423124   0.901814884708238490229448577282
 576  -0.060727513798996039214403453780   0.907787283359169432836905263436
 577  -0.185459468926040728906507770257   0.910838004448006106272009892565
 578   0.296608754547724817560374529327   0.914712025965394084342145151264
 579  -0.260697096789253999242785441529   0.925648695216340367512452036209
 580   0.063121382473422668181870438909   0.928728378928496784280860733624
 581   0.220563505939142656566626643215   0.936023623140940194870799248709
 582   0.136197244993388798246811671747   0.951965752370467306689246375021
 583  -0.122003240036979407209369888572   0.953888721314251747258767722365
 584  -0.006138316195599054657015266851   0.961639643683818755325423840300
