   1   0.000000000000000000000000000000  -0.960869022143140093607876164630
   2  -0.083661449849733775229480155085  -0.957251600049298966503678932465
   3   0.083729594904992453467473733151  -0.957245641893943756611164094526
   4  -0.161221841881741311137128885522  -0.947278935524358290868865587990
   5   0.161289276801840121272323655387  -0.947267455989406376668423660095
   6  -0.237714487015077739380902213343  -0.931032591615922425914654008052
   7   0.237780765189148344763957834921  -0.931015666728528069071662494904
   8  -0.338544108248392045044748196968  -0.899287357165774658452815987461
   9   0.338603181559121491742296671845  -0.899265116317731495269053293926
  10   0.039125436996557019083909042407  -0.893015294337939787934511987009
  11  -0.039073465950385127584236263344  -0.893010023623458247077358969263
  12   0.120524741546372564209239631068  -0.880534247499993469609812449726
  13  -0.120519556546567694691606326915  -0.880507740998726063999862055313
  14  -0.410547203824432957443929714918  -0.868781248312739568589076379769
  15   0.410604273038449476290410506904  -0.868754277658803232400047045788
  16  -0.270821871594437081162805942731  -0.860187905603490219241915634882
  17   0.270880058525042278172066928089  -0.860167200051046927227551407369
  18   0.193156616678488834603118663915  -0.851557029471370045427668331287
  19  -0.193114127502480831459166899181  -0.851437193745318515861913903805
  20  -0.479750270669230069117747326145  -0.830951843744027406831431459487
  21   0.479750270669230069117747326145  -0.830951843744027406831431459487
  22  -0.338611183269774819409711271184  -0.821088482807973223428907404160
  23   0.339968765893433097672106976567  -0.821078137674791269268201297142
  24  -0.069711970399628243824646467446  -0.821063164796964521779111915302
  25   0.069749307777582168067616814036  -0.821062205535076137499091786843
  26   0.142381182909698438461495846883  -0.792084987506452713316947668404
  27  -0.142306541355541380592207039712  -0.791992617543556973641163763793
  28  -0.410614278845815731808892789135  -0.790582373954938133565167796468
  29   0.411969857372761082220220811626  -0.790567299015863006399195049004
  30  -0.547061137579698657628615575738  -0.789970870183140718697248837621
  31   0.547113029458172462959579737115  -0.789934932120996570512067894254
  32   0.000000000000000000000000000000  -0.783162014792557317394334062159
  33  -0.270888946615819855527769016948  -0.781989031245688784218007051581
  34   0.272157795068853541406585121599  -0.781978736456918684859055947561
  35  -0.478666435662605264615199338936  -0.752060011586194518077013133985
  36   0.479357280206277502636859285017  -0.750893583614572720025793969350
  37  -0.338611183269774819409711271184  -0.742889579683404345007106699002
  38  -0.203166709961864891645826762711  -0.742889579683404345007106699002
  39  -0.067722236653954963881942254237  -0.742889579683404345007106699002
  40   0.067722236653954963881942254237  -0.742889579683404345007106699002
  41   0.203166709961864891645826762711  -0.742889579683404345007106699002
  42   0.339880031722808505288527375836  -0.742879284894634245648155594982
  43  -0.609484844688762859291129542300  -0.742871515191299527378738821722
  44   0.609533642483534671378258485992  -0.742831476627543756282480271327
  45  -0.410614278845815731808892789135  -0.712383470830369255143367091310
  46   0.411635043552322538754917030780  -0.711794132052288280814893616771
  47  -0.541090142771669466277713305497  -0.704960656594353326758503118087
  48  -0.270888946615819855527769016948  -0.703790128121119905796206346423
  49  -0.135444473307909927763884508474  -0.703790128121119905796206346423
  50   0.000000000000000000000000000000  -0.703790128121119905796206346423
  51   0.135444473307909927763884508474  -0.703790128121119905796206346423
  52   0.270888946615819855527769016948  -0.703790128121119905796206346423
  53   0.541777893231639711055538033895  -0.703790128121119905796206346423
  54  -0.687392836113637709956971475659  -0.671432016549369022708238912708
  55   0.687440632583112716689141077026  -0.671383080410604609791242039061
  56  -0.473412316802566403432330520701  -0.665784384158330175055053556135
  57  -0.338611183269774819409711271184  -0.664690676558835466585305993844
  58  -0.203166709961864891645826762711  -0.664690676558835466585305993844
  59  -0.067722236653954963881942254237  -0.664690676558835466585305993844
  60   0.067722236653954963881942254237  -0.664690676558835466585305993844
  61   0.203166709961864891645826762711  -0.664690676558835466585305993844
  62   0.338611183269774819409711271184  -0.664690676558835466585305993844
  63   0.474055656577684747173595779658  -0.664690676558835466585305993844
  64  -0.609486617483816791036702420103  -0.664672612086825574704440367398
  65   0.609533642483534671378258485992  -0.664632573502974877860679566169
  66  -0.541134553456521367314272774938  -0.626684932596045735844153203555
  67  -0.406333419923729783291653525421  -0.625591224996551027374405641265
  68  -0.270888946615819855527769016948  -0.625591224996551027374405641265
  69  -0.135444473307909927763884508474  -0.625591224996551027374405641265
  70   0.000000000000000000000000000000  -0.625591224996551027374405641265
  71   0.135444473307909927763884508474  -0.625591224996551027374405641265
  72   0.270888946615819855527769016948  -0.625591224996551027374405641265
  73   0.406333419923729783291653525421  -0.625591224996551027374405641265
  74   0.541777893231639711055538033895  -0.625591224996551027374405641265
  75  -0.739713042664163561748524203411  -0.613314339063116872532579829377
  76   0.739756701693104955888043888165  -0.613261678476685086228181327850
  77  -0.640891711954175947092722890821  -0.593057051688309352132733334101
  78   0.640809175759138371398972070029  -0.592960337119474788344160202654
  79  -0.474055656577684747173595779658  -0.586491773434266588163505288686
  80  -0.338611183269774819409711271184  -0.586491773434266588163505288686
  81  -0.203166709961864891645826762711  -0.586491773434266588163505288686
  82  -0.067722236653954963881942254237  -0.586491773434266588163505288686
  83   0.067722236653954963881942254237  -0.586491773434266588163505288686
  84   0.203166709961864891645826762711  -0.586491773434266588163505288686
  85   0.338611183269774819409711271184  -0.586491773434266588163505288686
  86   0.474055656577684747173595779658  -0.586491773434266588163505288686
  87  -0.787134246089600574292537225539  -0.551134777183275444653056744952
  88   0.787173478531127219474172812660  -0.551078740911956739894077688871
  89  -0.541777893231639711055538033895  -0.547392321871982148952604936107
  90  -0.406333419923729783291653525421  -0.547392321871982148952604936107
  91  -0.270888946615819855527769016948  -0.547392321871982148952604936107
  92  -0.135444473307909927763884508474  -0.547392321871982148952604936107
  93   0.000000000000000000000000000000  -0.547392321871982148952604936107
  94   0.135444473307909927763884508474  -0.547392321871982148952604936107
  95   0.270888946615819855527769016948  -0.547392321871982148952604936107
  96   0.406333419923729783291653525421  -0.547392321871982148952604936107
  97   0.541777893231639711055538033895  -0.547392321871982148952604936107
  98  -0.702302656464022398449594433761  -0.544644611713709143072540330930
  99   0.702282293660461815530304690137  -0.544626868121525805907963933875
 100  -0.614775129682018532641427488680  -0.519348215173903961881863466784
 101   0.614732455724682725007672497583  -0.519237388710378127957691050294
 102  -0.474055656577684747173595779658  -0.508292870309697709741704583528
 103  -0.338611183269774819409711271184  -0.508292870309697709741704583528
 104  -0.203166709961864891645826762711  -0.508292870309697709741704583528
 105  -0.067722236653954963881942254237  -0.508292870309697709741704583528
 106   0.067722236653954963881942254237  -0.508292870309697709741704583528
 107   0.203166709961864891645826762711  -0.508292870309697709741704583528
 108   0.338611183269774819409711271184  -0.508292870309697709741704583528
 109   0.474055656577684747173595779658  -0.508292870309697709741704583528
 110  -0.832136982885471618699365448936  -0.480434511071570046803938082315
 111   0.832136982885471618699365448936  -0.480434511071570046803938082315
 112  -0.753811212366415122523527185754  -0.480391269542155800883495510282
 113   0.753832633316863959364351289790  -0.480343625938668918414512635010
 114  -0.676186074191864983998299031620  -0.470935775199303752821670463613
 115   0.676205573626006169139005117690  -0.470903919712429145521494781516
 116  -0.541777893231639711055538033895  -0.469193418747413270530804230949
 117  -0.406333419923729783291653525421  -0.469193418747413270530804230949
 118  -0.270888946615819855527769016948  -0.469193418747413270530804230949
 119  -0.135444473307909927763884508474  -0.469193418747413270530804230949
 120   0.000000000000000000000000000000  -0.469193418747413270530804230949
 121   0.135444473307909927763884508474  -0.469193418747413270530804230949
 122   0.270888946615819855527769016948  -0.469193418747413270530804230949
 123   0.406333419923729783291653525421  -0.469193418747413270530804230949
 124   0.541777893231639711055538033895  -0.469193418747413270530804230949
 125  -0.609500129885594674937480288132  -0.430093967185128831319903878370
 126  -0.474055656577684747173595779658  -0.430093967185128831319903878370
 127  -0.338611183269774819409711271184  -0.430093967185128831319903878370
 128  -0.203166709961864891645826762711  -0.430093967185128831319903878370
 129  -0.067722236653954963881942254237  -0.430093967185128831319903878370
 130   0.067722236653954963881942254237  -0.430093967185128831319903878370
 131   0.203166709961864891645826762711  -0.430093967185128831319903878370
 132   0.338611183269774819409711271184  -0.430093967185128831319903878370
 133   0.474055656577684747173595779658  -0.430093967185128831319903878370
 134   0.609500129885594674937480288132  -0.430093967185128831319903878370
 135  -0.792906099267249086948587553134  -0.412666397684789328662846334253
 136   0.792936649362972141607436228161  -0.412624024795783987051016476726
 137  -0.870834928380860994703652967745  -0.406172859137342226609601243594
 138   0.870863840994593027760010958689  -0.406110864710668311958107349574
 139  -0.678238200089358963277651676182  -0.391581007396278658697167031079
 140   0.678238200089358963277651676182  -0.391581007396278658697167031079
 141  -0.541777893231639711055538033895  -0.390994515622844392109003525791
 142  -0.406333419923729783291653525421  -0.390994515622844392109003525791
 143  -0.270888946615819855527769016948  -0.390994515622844392109003525791
 144  -0.135444473307909927763884508474  -0.390994515622844392109003525791
 145   0.000000000000000000000000000000  -0.390994515622844392109003525791
 146   0.135444473307909927763884508474  -0.390994515622844392109003525791
 147   0.270888946615819855527769016948  -0.390994515622844392109003525791
 148   0.406333419923729783291653525421  -0.390994515622844392109003525791
 149   0.541777893231639711055538033895  -0.390994515622844392109003525791
 150  -0.609500129885594674937480288132  -0.351895064060559952898103173212
 151  -0.474055656577684747173595779658  -0.351895064060559952898103173212
 152  -0.338611183269774819409711271184  -0.351895064060559952898103173212
 153  -0.203166709961864891645826762711  -0.351895064060559952898103173212
 154  -0.067722236653954963881942254237  -0.351895064060559952898103173212
 155   0.067722236653954963881942254237  -0.351895064060559952898103173212
 156   0.203166709961864891645826762711  -0.351895064060559952898103173212
 157   0.338611183269774819409711271184  -0.351895064060559952898103173212
 158   0.474055656577684747173595779658  -0.351895064060559952898103173212
 159   0.609500129885594674937480288132  -0.351895064060559952898103173212
 160  -0.745917544025634412963651585136  -0.350159245084535376257617133787
 161   0.745935381969447152065915845656  -0.350126430335772384677421323230
 162   0.822827398010394962658834064829  -0.335889635786284326537272118796
 163  -0.822801850207029510221911017052  -0.335880872877200258091898121438
 164  -0.900978543574846267025172773687  -0.334017257047673204640684260140
 165   0.901002319466003683020847858799  -0.333953116926289504135843830717
 166  -0.677222366539549638819422542369  -0.312795612498275513687202820632
 167  -0.541777893231639711055538033895  -0.312795612498275513687202820632
 168  -0.406333419923729783291653525421  -0.312795612498275513687202820632
 169  -0.270888946615819855527769016948  -0.312795612498275513687202820632
 170  -0.135444473307909927763884508474  -0.312795612498275513687202820632
 171   0.000000000000000000000000000000  -0.312795612498275513687202820632
 172   0.135444473307909927763884508474  -0.312795612498275513687202820632
 173   0.270888946615819855527769016948  -0.312795612498275513687202820632
 174   0.406333419923729783291653525421  -0.312795612498275513687202820632
 175   0.541777893231639711055538033895  -0.312795612498275513687202820632
 176   0.677222366539549638819422542369  -0.312795612498275513687202820632
 177  -0.609500129885594674937480288132  -0.273696160935991074476302468053
 178  -0.474055656577684747173595779658  -0.273696160935991074476302468053
 179  -0.338611183269774819409711271184  -0.273696160935991074476302468053
 180  -0.203166709961864891645826762711  -0.273696160935991074476302468053
 181  -0.067722236653954963881942254237  -0.273696160935991074476302468053
 182   0.067722236653954963881942254237  -0.273696160935991074476302468053
 183   0.203166709961864891645826762711  -0.273696160935991074476302468053
 184   0.338611183269774819409711271184  -0.273696160935991074476302468053
 185   0.474055656577684747173595779658  -0.273696160935991074476302468053
 186   0.609500129885594674937480288132  -0.273696160935991074476302468053
 187  -0.757038997080224105599879537294  -0.272755228833178845683472713499
 188   0.757156312591716971102923335563  -0.272736772332548751435084201620
 189  -0.925155119598190456070043290369  -0.259649511205317816123411968991
 190   0.925173601302786054720929310580  -0.259583650179159046363423582196
 191   0.834048328632664781695841554736  -0.258499977783060693294934997186
 192  -0.833923303261619202858138969210  -0.258476856625843727517753701151
 193  -0.677222366539549638819422542369  -0.234596709373706635265402115474
 194  -0.541777893231639711055538033895  -0.234596709373706635265402115474
 195  -0.406333419923729783291653525421  -0.234596709373706635265402115474
 196  -0.270888946615819855527769016948  -0.234596709373706635265402115474
 197  -0.135444473307909927763884508474  -0.234596709373706635265402115474
 198   0.000000000000000000000000000000  -0.234596709373706635265402115474
 199   0.135444473307909927763884508474  -0.234596709373706635265402115474
 200   0.270888946615819855527769016948  -0.234596709373706635265402115474
 201   0.406333419923729783291653525421  -0.234596709373706635265402115474
 202   0.541777893231639711055538033895  -0.234596709373706635265402115474
 203   0.677222366539549638819422542369  -0.234596709373706635265402115474
 204  -0.880355514077971752541064428724  -0.195555332100515341381236068714
 205  -0.744944603193504602701364796606  -0.195497257811422196054501762895
 206  -0.609500129885594674937480288132  -0.195497257811422196054501762895
 207  -0.474055656577684747173595779658  -0.195497257811422196054501762895
 208  -0.338611183269774819409711271184  -0.195497257811422196054501762895
 209  -0.203166709961864891645826762711  -0.195497257811422196054501762895
 210  -0.067722236653954963881942254237  -0.195497257811422196054501762895
 211   0.067722236653954963881942254237  -0.195497257811422196054501762895
 212   0.203166709961864891645826762711  -0.195497257811422196054501762895
 213   0.338611183269774819409711271184  -0.195497257811422196054501762895
 214   0.474055656577684747173595779658  -0.195497257811422196054501762895
 215   0.609500129885594674937480288132  -0.195497257811422196054501762895
 216   0.744944603193504602701364796606  -0.195497257811422196054501762895
 217   0.880366676008859069208769348192  -0.195494587964221352523111039971
 218  -0.948077750731926716423006682961  -0.156455880538230902170335716135
 219  -0.812666839847459566583307050843  -0.156397806249137756843601410316
 220  -0.677222366539549638819422542369  -0.156397806249137756843601410316
 221  -0.541777893231639711055538033895  -0.156397806249137756843601410316
 222  -0.406333419923729783291653525421  -0.156397806249137756843601410316
 223  -0.270888946615819855527769016948  -0.156397806249137756843601410316
 224  -0.135444473307909927763884508474  -0.156397806249137756843601410316
 225   0.000000000000000000000000000000  -0.156397806249137756843601410316
 226   0.135444473307909927763884508474  -0.156397806249137756843601410316
 227   0.270888946615819855527769016948  -0.156397806249137756843601410316
 228   0.406333419923729783291653525421  -0.156397806249137756843601410316
 229   0.541777893231639711055538033895  -0.156397806249137756843601410316
 230   0.677222366539549638819422542369  -0.156397806249137756843601410316
 231   0.948088026247884351033426214145  -0.156393601126431967890314472204
 232   0.813292348525374908720857896537  -0.155293803860872949014902744006
 233  -0.880389076501414530465249305079  -0.117298354686853317632701057737
 234  -0.744944603193504602701364796606  -0.117298354686853317632701057737
 235  -0.609500129885594674937480288132  -0.117298354686853317632701057737
 236  -0.474055656577684747173595779658  -0.117298354686853317632701057737
 237  -0.338611183269774819409711271184  -0.117298354686853317632701057737
 238  -0.203166709961864891645826762711  -0.117298354686853317632701057737
 239  -0.067722236653954963881942254237  -0.117298354686853317632701057737
 240   0.067722236653954963881942254237  -0.117298354686853317632701057737
 241   0.203166709961864891645826762711  -0.117298354686853317632701057737
 242   0.338611183269774819409711271184  -0.117298354686853317632701057737
 243   0.474055656577684747173595779658  -0.117298354686853317632701057737
 244   0.609500129885594674937480288132  -0.117298354686853317632701057737
 245   0.744944603193504602701364796606  -0.117298354686853317632701057737
 246   0.881058908665102563949820282065  -0.116117481080437942509698179056
 247  -0.957660233282605420403509452033  -0.078846316191742998077008485515
 248   0.957665410618148133919026082642  -0.078783407475662513702798208167
 249  -0.812666839847459566583307050843  -0.078198903124568878421800705158
 250  -0.677222366539549638819422542369  -0.078198903124568878421800705158
 251  -0.541777893231639711055538033895  -0.078198903124568878421800705158
 252  -0.406333419923729783291653525421  -0.078198903124568878421800705158
 253  -0.270888946615819855527769016948  -0.078198903124568878421800705158
 254  -0.135444473307909927763884508474  -0.078198903124568878421800705158
 255   0.000000000000000000000000000000  -0.078198903124568878421800705158
 256   0.135444473307909927763884508474  -0.078198903124568878421800705158
 257   0.270888946615819855527769016948  -0.078198903124568878421800705158
 258   0.406333419923729783291653525421  -0.078198903124568878421800705158
 259   0.541777893231639711055538033895  -0.078198903124568878421800705158
 260   0.677222366539549638819422542369  -0.078198903124568878421800705158
 261   0.813292348525374908720857896537  -0.077094900736304070593102038848
 262  -0.889971559052093234445752074152  -0.039688790340365413539373827118
 263  -0.744944603193504602701364796606  -0.039099451562284439210900352579
 264  -0.609500129885594674937480288132  -0.039099451562284439210900352579
 265  -0.474055656577684747173595779658  -0.039099451562284439210900352579
 266  -0.338611183269774819409711271184  -0.039099451562284439210900352579
 267  -0.203166709961864891645826762711  -0.039099451562284439210900352579
 268  -0.067722236653954963881942254237  -0.039099451562284439210900352579
 269   0.067722236653954963881942254237  -0.039099451562284439210900352579
 270   0.203166709961864891645826762711  -0.039099451562284439210900352579
 271   0.338611183269774819409711271184  -0.039099451562284439210900352579
 272   0.474055656577684747173595779658  -0.039099451562284439210900352579
 273   0.609500129885594674937480288132  -0.039099451562284439210900352579
 274   0.744944603193504602701364796606  -0.039099451562284439210900352579
 275   0.890636293035366346835420150562  -0.038507287429668488322181915019
 276  -0.822249322398138270563809819915  -0.000589338778080974328473474538
 277  -0.959500541338460138235494652290   0.000000000000000000000000000000
 278  -0.677222366539549638819422542369   0.000000000000000000000000000000
 279  -0.541777893231639711055538033895   0.000000000000000000000000000000
 280  -0.406333419923729783291653525421   0.000000000000000000000000000000
 281  -0.270888946615819855527769016948   0.000000000000000000000000000000
 282  -0.135444473307909927763884508474   0.000000000000000000000000000000
 283   0.000000000000000000000000000000   0.000000000000000000000000000000
 284   0.135444473307909927763884508474   0.000000000000000000000000000000
 285   0.270888946615819855527769016948   0.000000000000000000000000000000
 286   0.406333419923729783291653525421   0.000000000000000000000000000000
 287   0.541777893231639711055538033895   0.000000000000000000000000000000
 288   0.677222366539549638819422542369   0.000000000000000000000000000000
 289   0.959500541338460138235494652290   0.000000000000000000000000000000
 290   0.822249322398138270563809819915   0.000589338778080974328473474538
 291  -0.890636293035366346835420150562   0.038507287429668488322181915019
 292  -0.744944603193504602701364796606   0.039099451562284439210900352579
 293  -0.609500129885594674937480288132   0.039099451562284439210900352579
 294  -0.474055656577684747173595779658   0.039099451562284439210900352579
 295  -0.338611183269774819409711271184   0.039099451562284439210900352579
 296  -0.203166709961864891645826762711   0.039099451562284439210900352579
 297  -0.067722236653954963881942254237   0.039099451562284439210900352579
 298   0.067722236653954963881942254237   0.039099451562284439210900352579
 299   0.203166709961864891645826762711   0.039099451562284439210900352579
 300   0.338611183269774819409711271184   0.039099451562284439210900352579
 301   0.474055656577684747173595779658   0.039099451562284439210900352579
 302   0.609500129885594674937480288132   0.039099451562284439210900352579
 303   0.744944603193504602701364796606   0.039099451562284439210900352579
 304   0.889971559052093234445752074152   0.039688790340365413539373827118
 305  -0.813292348525374908720857896537   0.077094900736304070593102038848
 306  -0.677222366539549638819422542369   0.078198903124568878421800705158
 307  -0.541777893231639711055538033895   0.078198903124568878421800705158
 308  -0.406333419923729783291653525421   0.078198903124568878421800705158
 309  -0.270888946615819855527769016948   0.078198903124568878421800705158
 310  -0.135444473307909927763884508474   0.078198903124568878421800705158
 311   0.000000000000000000000000000000   0.078198903124568878421800705158
 312   0.135444473307909927763884508474   0.078198903124568878421800705158
 313   0.270888946615819855527769016948   0.078198903124568878421800705158
 314   0.406333419923729783291653525421   0.078198903124568878421800705158
 315   0.541777893231639711055538033895   0.078198903124568878421800705158
 316   0.677222366539549638819422542369   0.078198903124568878421800705158
 317   0.812666839847459566583307050843   0.078198903124568878421800705158
 318  -0.957665410618148133919026082642   0.078783407475662513702798208167
 319   0.957660233282605420403509452033   0.078846316191742998077008485515
 320  -0.881058908665102563949820282065   0.116117481080437942509698179056
 321  -0.744944603193504602701364796606   0.117298354686853317632701057737
 322  -0.609500129885594674937480288132   0.117298354686853317632701057737
 323  -0.474055656577684747173595779658   0.117298354686853317632701057737
 324  -0.338611183269774819409711271184   0.117298354686853317632701057737
 325  -0.203166709961864891645826762711   0.117298354686853317632701057737
 326  -0.067722236653954963881942254237   0.117298354686853317632701057737
 327   0.067722236653954963881942254237   0.117298354686853317632701057737
 328   0.203166709961864891645826762711   0.117298354686853317632701057737
 329   0.338611183269774819409711271184   0.117298354686853317632701057737
 330   0.474055656577684747173595779658   0.117298354686853317632701057737
 331   0.609500129885594674937480288132   0.117298354686853317632701057737
 332   0.744944603193504602701364796606   0.117298354686853317632701057737
 333   0.880389076501414530465249305079   0.117298354686853317632701057737
 334  -0.813292348525374908720857896537   0.155293803860872949014902744006
 335  -0.948088026247884351033426214145   0.156393601126431967890314472204
 336  -0.677222366539549638819422542369   0.156397806249137756843601410316
 337  -0.541777893231639711055538033895   0.156397806249137756843601410316
 338  -0.406333419923729783291653525421   0.156397806249137756843601410316
 339  -0.270888946615819855527769016948   0.156397806249137756843601410316
 340  -0.135444473307909927763884508474   0.156397806249137756843601410316
 341   0.000000000000000000000000000000   0.156397806249137756843601410316
 342   0.135444473307909927763884508474   0.156397806249137756843601410316
 343   0.270888946615819855527769016948   0.156397806249137756843601410316
 344   0.406333419923729783291653525421   0.156397806249137756843601410316
 345   0.541777893231639711055538033895   0.156397806249137756843601410316
 346   0.677222366539549638819422542369   0.156397806249137756843601410316
 347   0.812666839847459566583307050843   0.156397806249137756843601410316
 348   0.948077750731926716423006682961   0.156455880538230902170335716135
 349  -0.880366676008859069208769348192   0.195494587964221352523111039971
 350  -0.744944603193504602701364796606   0.195497257811422196054501762895
 351  -0.609500129885594674937480288132   0.195497257811422196054501762895
 352  -0.474055656577684747173595779658   0.195497257811422196054501762895
 353  -0.338611183269774819409711271184   0.195497257811422196054501762895
 354  -0.203166709961864891645826762711   0.195497257811422196054501762895
 355  -0.067722236653954963881942254237   0.195497257811422196054501762895
 356   0.067722236653954963881942254237   0.195497257811422196054501762895
 357   0.203166709961864891645826762711   0.195497257811422196054501762895
 358   0.338611183269774819409711271184   0.195497257811422196054501762895
 359   0.474055656577684747173595779658   0.195497257811422196054501762895
 360   0.609500129885594674937480288132   0.195497257811422196054501762895
 361   0.744944603193504602701364796606   0.195497257811422196054501762895
 362   0.880355514077971752541064428724   0.195555332100515341381236068714
 363  -0.677222366539549638819422542369   0.234596709373706635265402115474
 364  -0.541777893231639711055538033895   0.234596709373706635265402115474
 365  -0.406333419923729783291653525421   0.234596709373706635265402115474
 366  -0.270888946615819855527769016948   0.234596709373706635265402115474
 367  -0.135444473307909927763884508474   0.234596709373706635265402115474
 368   0.000000000000000000000000000000   0.234596709373706635265402115474
 369   0.135444473307909927763884508474   0.234596709373706635265402115474
 370   0.270888946615819855527769016948   0.234596709373706635265402115474
 371   0.406333419923729783291653525421   0.234596709373706635265402115474
 372   0.541777893231639711055538033895   0.234596709373706635265402115474
 373   0.677222366539549638819422542369   0.234596709373706635265402115474
 374   0.833923303261619202858138969210   0.258476856625843727517753701151
 375  -0.834048328632664781695841554736   0.258499977783060693294934997186
 376  -0.925173601302786054720929310580   0.259583650179159046363423582196
 377   0.925155119598190456070043290369   0.259649511205317816123411968991
 378  -0.757156312591716971102923335563   0.272736772332548751435084201620
 379   0.757038997080224105599879537294   0.272755228833178845683472713499
 380  -0.609500129885594674937480288132   0.273696160935991074476302468053
 381  -0.474055656577684747173595779658   0.273696160935991074476302468053
 382  -0.338611183269774819409711271184   0.273696160935991074476302468053
 383  -0.203166709961864891645826762711   0.273696160935991074476302468053
 384  -0.067722236653954963881942254237   0.273696160935991074476302468053
 385   0.067722236653954963881942254237   0.273696160935991074476302468053
 386   0.203166709961864891645826762711   0.273696160935991074476302468053
 387   0.338611183269774819409711271184   0.273696160935991074476302468053
 388   0.474055656577684747173595779658   0.273696160935991074476302468053
 389   0.609500129885594674937480288132   0.273696160935991074476302468053
 390  -0.677222366539549638819422542369   0.312795612498275513687202820632
 391  -0.541777893231639711055538033895   0.312795612498275513687202820632
 392  -0.406333419923729783291653525421   0.312795612498275513687202820632
 393  -0.270888946615819855527769016948   0.312795612498275513687202820632
 394  -0.135444473307909927763884508474   0.312795612498275513687202820632
 395   0.000000000000000000000000000000   0.312795612498275513687202820632
 396   0.135444473307909927763884508474   0.312795612498275513687202820632
 397   0.270888946615819855527769016948   0.312795612498275513687202820632
 398   0.406333419923729783291653525421   0.312795612498275513687202820632
 399   0.541777893231639711055538033895   0.312795612498275513687202820632
 400   0.677222366539549638819422542369   0.312795612498275513687202820632
 401  -0.901002319466003683020847858799   0.333953116926289504135843830717
 402   0.900978543574846267025172773687   0.334017257047673204640684260140
 403   0.822801850207029510221911017052   0.335880872877200258091898121438
 404  -0.822827398010394962658834064829   0.335889635786284326537272118796
 405  -0.745935381969447152065915845656   0.350126430335772384677421323230
 406   0.745917544025634412963651585136   0.350159245084535376257617133787
 407  -0.609500129885594674937480288132   0.351895064060559952898103173212
 408  -0.474055656577684747173595779658   0.351895064060559952898103173212
 409  -0.338611183269774819409711271184   0.351895064060559952898103173212
 410  -0.203166709961864891645826762711   0.351895064060559952898103173212
 411  -0.067722236653954963881942254237   0.351895064060559952898103173212
 412   0.067722236653954963881942254237   0.351895064060559952898103173212
 413   0.203166709961864891645826762711   0.351895064060559952898103173212
 414   0.338611183269774819409711271184   0.351895064060559952898103173212
 415   0.474055656577684747173595779658   0.351895064060559952898103173212
 416   0.609500129885594674937480288132   0.351895064060559952898103173212
 417  -0.541777893231639711055538033895   0.390994515622844392109003525791
 418  -0.406333419923729783291653525421   0.390994515622844392109003525791
 419  -0.270888946615819855527769016948   0.390994515622844392109003525791
 420  -0.135444473307909927763884508474   0.390994515622844392109003525791
 421   0.000000000000000000000000000000   0.390994515622844392109003525791
 422   0.135444473307909927763884508474   0.390994515622844392109003525791
 423   0.270888946615819855527769016948   0.390994515622844392109003525791
 424   0.406333419923729783291653525421   0.390994515622844392109003525791
 425   0.541777893231639711055538033895   0.390994515622844392109003525791
 426  -0.678238200089358963277651676182   0.391581007396278658697167031079
 427   0.678238200089358963277651676182   0.391581007396278658697167031079
 428  -0.870863840994593027760010958689   0.406110864710668311958107349574
 429   0.870834928380860994703652967745   0.406172859137342226609601243594
 430  -0.792936649362972141607436228161   0.412624024795783987051016476726
 431   0.792906099267249086948587553134   0.412666397684789328662846334253
 432  -0.609500129885594674937480288132   0.430093967185128831319903878370
 433  -0.474055656577684747173595779658   0.430093967185128831319903878370
 434  -0.338611183269774819409711271184   0.430093967185128831319903878370
 435  -0.203166709961864891645826762711   0.430093967185128831319903878370
 436  -0.067722236653954963881942254237   0.430093967185128831319903878370
 437   0.067722236653954963881942254237   0.430093967185128831319903878370
 438   0.203166709961864891645826762711   0.430093967185128831319903878370
 439   0.338611183269774819409711271184   0.430093967185128831319903878370
 440   0.474055656577684747173595779658   0.430093967185128831319903878370
 441   0.609500129885594674937480288132   0.430093967185128831319903878370
 442  -0.541777893231639711055538033895   0.469193418747413270530804230949
 443  -0.406333419923729783291653525421   0.469193418747413270530804230949
 444  -0.270888946615819855527769016948   0.469193418747413270530804230949
 445  -0.135444473307909927763884508474   0.469193418747413270530804230949
 446   0.000000000000000000000000000000   0.469193418747413270530804230949
 447   0.135444473307909927763884508474   0.469193418747413270530804230949
 448   0.270888946615819855527769016948   0.469193418747413270530804230949
 449   0.406333419923729783291653525421   0.469193418747413270530804230949
 450   0.541777893231639711055538033895   0.469193418747413270530804230949
 451  -0.676205573626006169139005117690   0.470903919712429145521494781516
 452   0.676186074191864983998299031620   0.470935775199303752821670463613
 453  -0.753832633316863959364351289790   0.480343625938668918414512635010
 454   0.753811212366415122523527185754   0.480391269542155800883495510282
 455  -0.832136982885471618699365448936   0.480434511071570046803938082315
 456   0.832136982885471618699365448936   0.480434511071570046803938082315
 457  -0.474055656577684747173595779658   0.508292870309697709741704583528
 458  -0.338611183269774819409711271184   0.508292870309697709741704583528
 459  -0.203166709961864891645826762711   0.508292870309697709741704583528
 460  -0.067722236653954963881942254237   0.508292870309697709741704583528
 461   0.067722236653954963881942254237   0.508292870309697709741704583528
 462   0.203166709961864891645826762711   0.508292870309697709741704583528
 463   0.338611183269774819409711271184   0.508292870309697709741704583528
 464   0.474055656577684747173595779658   0.508292870309697709741704583528
 465  -0.614732455724682725007672497583   0.519237388710378127957691050294
 466   0.614775129682018532641427488680   0.519348215173903961881863466784
 467  -0.702282293660461815530304690137   0.544626868121525805907963933875
 468   0.702302656464022398449594433761   0.544644611713709143072540330930
 469  -0.541777893231639711055538033895   0.547392321871982148952604936107
 470  -0.406333419923729783291653525421   0.547392321871982148952604936107
 471  -0.270888946615819855527769016948   0.547392321871982148952604936107
 472  -0.135444473307909927763884508474   0.547392321871982148952604936107
 473   0.000000000000000000000000000000   0.547392321871982148952604936107
 474   0.135444473307909927763884508474   0.547392321871982148952604936107
 475   0.270888946615819855527769016948   0.547392321871982148952604936107
 476   0.406333419923729783291653525421   0.547392321871982148952604936107
 477   0.541777893231639711055538033895   0.547392321871982148952604936107
 478  -0.787173478531127219474172812660   0.551078740911956739894077688871
 479   0.787134246089600574292537225539   0.551134777183275444653056744952
 480  -0.474055656577684747173595779658   0.586491773434266588163505288686
 481  -0.338611183269774819409711271184   0.586491773434266588163505288686
 482  -0.203166709961864891645826762711   0.586491773434266588163505288686
 483  -0.067722236653954963881942254237   0.586491773434266588163505288686
 484   0.067722236653954963881942254237   0.586491773434266588163505288686
 485   0.203166709961864891645826762711   0.586491773434266588163505288686
 486   0.338611183269774819409711271184   0.586491773434266588163505288686
 487   0.474055656577684747173595779658   0.586491773434266588163505288686
 488  -0.640809175759138371398972070029   0.592960337119474788344160202654
 489   0.640891711954175947092722890821   0.593057051688309352132733334101
 490  -0.739756701693104955888043888165   0.613261678476685086228181327850
 491   0.739713042664163561748524203411   0.613314339063116872532579829377
 492  -0.541777893231639711055538033895   0.625591224996551027374405641265
 493  -0.406333419923729783291653525421   0.625591224996551027374405641265
 494  -0.270888946615819855527769016948   0.625591224996551027374405641265
 495  -0.135444473307909927763884508474   0.625591224996551027374405641265
 496   0.000000000000000000000000000000   0.625591224996551027374405641265
 497   0.135444473307909927763884508474   0.625591224996551027374405641265
 498   0.270888946615819855527769016948   0.625591224996551027374405641265
 499   0.406333419923729783291653525421   0.625591224996551027374405641265
 500   0.541134553456521367314272774938   0.626684932596045735844153203555
 501  -0.609533642483534671378258485992   0.664632573502974877860679566169
 502   0.609486617483816791036702420103   0.664672612086825574704440367398
 503  -0.474055656577684747173595779658   0.664690676558835466585305993844
 504  -0.338611183269774819409711271184   0.664690676558835466585305993844
 505  -0.203166709961864891645826762711   0.664690676558835466585305993844
 506  -0.067722236653954963881942254237   0.664690676558835466585305993844
 507   0.067722236653954963881942254237   0.664690676558835466585305993844
 508   0.203166709961864891645826762711   0.664690676558835466585305993844
 509   0.338611183269774819409711271184   0.664690676558835466585305993844
 510   0.473412316802566403432330520701   0.665784384158330175055053556135
 511  -0.687440632583112716689141077026   0.671383080410604609791242039061
 512   0.687392836113637709956971475659   0.671432016549369022708238912708
 513  -0.541777893231639711055538033895   0.703790128121119905796206346423
 514  -0.270888946615819855527769016948   0.703790128121119905796206346423
 515  -0.135444473307909927763884508474   0.703790128121119905796206346423
 516   0.000000000000000000000000000000   0.703790128121119905796206346423
 517   0.135444473307909927763884508474   0.703790128121119905796206346423
 518   0.270888946615819855527769016948   0.703790128121119905796206346423
 519   0.541090142771669466277713305497   0.704960656594353326758503118087
 520  -0.411635043552322538754917030780   0.711794132052288280814893616771
 521   0.410614278845815731808892789135   0.712383470830369255143367091310
 522  -0.609533642483534671378258485992   0.742831476627543756282480271327
 523   0.609484844688762859291129542300   0.742871515191299527378738821722
 524  -0.339880031722808505288527375836   0.742879284894634245648155594982
 525  -0.203166709961864891645826762711   0.742889579683404345007106699002
 526  -0.067722236653954963881942254237   0.742889579683404345007106699002
 527   0.067722236653954963881942254237   0.742889579683404345007106699002
 528   0.203166709961864891645826762711   0.742889579683404345007106699002
 529   0.338611183269774819409711271184   0.742889579683404345007106699002
 530  -0.479357280206277502636859285017   0.750893583614572720025793969350
 531   0.478666435662605264615199338936   0.752060011586194518077013133985
 532  -0.272157795068853541406585121599   0.781978736456918684859055947561
 533   0.270888946615819855527769016948   0.781989031245688784218007051581
 534   0.000000000000000000000000000000   0.783162014792557317394334062159
 535  -0.547113029458172462959579737115   0.789934932120996570512067894254
 536   0.547061137579698657628615575738   0.789970870183140718697248837621
 537  -0.411969857372761082220220811626   0.790567299015863006399195049004
 538   0.410614278845815731808892789135   0.790582373954938133565167796468
 539   0.142306541355541380592207039712   0.791992617543556973641163763793
 540  -0.142381182909698438461495846883   0.792084987506452713316947668404
 541  -0.069749307777582168067616814036   0.821062205535076137499091786843
 542   0.069711970399628243824646467446   0.821063164796964521779111915302
 543  -0.339968765893433097672106976567   0.821078137674791269268201297142
 544   0.338611183269774819409711271184   0.821088482807973223428907404160
 545  -0.479750270669230069117747326145   0.830951843744027406831431459487
 546   0.479750270669230069117747326145   0.830951843744027406831431459487
 547   0.193114127502480831459166899181   0.851437193745318515861913903805
 548  -0.193156616678488834603118663915   0.851557029471370045427668331287
 549  -0.270880058525042278172066928089   0.860167200051046927227551407369
 550   0.270821871594437081162805942731   0.860187905603490219241915634882
 551  -0.410604273038449476290410506904   0.868754277658803232400047045788
 552   0.410547203824432957443929714918   0.868781248312739568589076379769
 553   0.120519556546567694691606326915   0.880507740998726063999862055313
 554  -0.120524741546372564209239631068   0.880534247499993469609812449726
 555   0.039073465950385127584236263344   0.893010023623458247077358969263
 556  -0.039125436996557019083909042407   0.893015294337939787934511987009
 557  -0.338603181559121491742296671845   0.899265116317731495269053293926
 558   0.338544108248392045044748196968   0.899287357165774658452815987461
 559  -0.237780765189148344763957834921   0.931015666728528069071662494904
 560   0.237714487015077739380902213343   0.931032591615922425914654008052
 561  -0.161289276801840121272323655387   0.947267455989406376668423660095
 562   0.161221841881741311137128885522   0.947278935524358290868865587990
 563  -0.083729594904992453467473733151   0.957245641893943756611164094526
 564   0.083661449849733775229480155085   0.957251600049298966503678932465
 565   0.000000000000000000000000000000   0.960869022143140093607876164630
