   1   0.001985689245158921280542957031  -0.959172393748473745968457661682
   2   0.083555427270238760658817756098  -0.955528186117313515981874089018
   3  -0.155368748636429519014641605659  -0.946507356462751153549934543932
   4   0.188941315474123462953656785310  -0.940381201001946471308096768271
   5  -0.075014984319251936678219194872  -0.932009943907448706929108346620
   6  -0.235305588275114908873345660356  -0.929863916934869347943159380476
   7   0.268235487959657283036388931093  -0.920904635068148655338758726928
   8  -0.313537283617340288871611341034  -0.906482209242307752365920956781
   9   0.347508436619672693492488139284  -0.894009793217672993027791564666
  10   0.127314514434076320263193544336  -0.886593110130361639453867828262
  11  -0.013843158747516696545661233139  -0.877927505288610883008147865073
  12  -0.173216169085829687354710250270  -0.866830684882912334312869513754
  13   0.422284224605289690686941364111  -0.861215221382242376343762644254
  14  -0.431399953632481951101313311382  -0.856685300385647985262268940778
  15  -0.253153008724515077213414304967  -0.850187245355030528706094350297
  16   0.200395323951505398599667136874  -0.850177485859776770731738622158
  17  -0.092379994786673139742374543391  -0.847366773277368052724367262160
  18   0.059237253962366116090298919252  -0.841511084694428909402419831561
  19   0.281450428221172208801610145102  -0.840330025142789698406416518142
  20  -0.352723025190820272704792627013  -0.834848557457161375182598256471
  21   0.493999925738107969140060634451  -0.822179844840348363221428668020
  22  -0.505447570588620544234775500847  -0.815192233327217703311114139205
  23   0.357733770643345466712888092812  -0.811213808361747830044324346332
  24   0.132318063479795194426772511790  -0.805095460423844040680290625457
  25  -0.010844875672035328943498288022  -0.796331471626805701477291951480
  26  -0.152005294658157402411601637639  -0.787982722215810527778945182292
  27  -0.293161685542061226595178924985  -0.778997422911976655724724381283
  28   0.562135851473330701974390225519  -0.777186533838118545061810336786
  29  -0.431780563421885113359817793616  -0.775035085769105961195093366704
  30   0.211958881608240886945201221889  -0.769349356195293525485809056927
  31  -0.576998925850593888649364684471  -0.766216590435247853851490929953
  32   0.062235537037847483692461864369  -0.759915051032623727871563917967
  33   0.292554520866828252259133917700  -0.756263281793899754053081464289
  34  -0.079013866053072799411410149894  -0.751388272350728535046697274671
  35   0.411093945359118193900883693463  -0.749410943015217405095742254209
  36  -0.219990994702888071497740837293  -0.742762737693842028887232039238
  37   0.491635588536890939350157387621  -0.735996543104543231371506319162
  38  -0.361239285202057546117552217993  -0.733915376652284096258824238433
  39  -0.502141813052040737254290852103  -0.733608078138550657116153422103
  40   0.626198254144346586688418389536  -0.726561332853275243901958263671
  41   0.135316346555276562028935456907  -0.723499426762038859149434711863
  42  -0.005842214666554313463632882214  -0.714833767403905029727522182580
  43  -0.645828023689552348723197207047  -0.709169787644822407141109615300
  44  -0.146999566097803468497549349548  -0.706168287828760036154984131618
  45  -0.288158475684628467781078625455  -0.697499752381699227536695032329
  46   0.349561970892669281093265346196  -0.695738617474027731936144105620
  47  -0.431600534832213170012025276479  -0.692488369021728792179884293833
  48   0.208731222589040958285064542948  -0.687762073926578754523400818428
  49  -0.567810169479874335582518093548  -0.685084172949394992465646931757
  50   0.552338788018797003169999563680  -0.681388631741819590805228907533
  51   0.067238198043328499172327270177  -0.678417346809723056121794149067
  52  -0.073919327160204148718076335462  -0.669751518510730813774951943969
  53   0.424617010007601914707400329669  -0.663588290660835075059965703130
  54  -0.215076698824961951021444514299  -0.661086069489507809627928100268
  55  -0.356235736194893506516272067820  -0.652417726943399423028122261411
  56   0.281473123543637323820035779800  -0.650674093983599187139528913962
  57   0.706973988052913369492539905878  -0.648230980521229486310169449074
  58   0.625390279082941806536500302464  -0.644914228881123786755523493066
  59  -0.497393678445188702954061785173  -0.643751132883350972613505876408
  60   0.140319007560757577508800862715  -0.642001722539138187399664942963
  61  -0.000838914450321336082116183071  -0.633335097916548840169223910456
  62  -0.663684600438802420937543226675  -0.629495167610979107780016768654
  63  -0.141996459887362631241971500213  -0.624669300171478587247895912619
  64   0.495595009366390665515389273011  -0.622677082665118530687090905151
  65  -0.283154926677464428179798475282  -0.616002102672814554305993055307
  66   0.354551717960128189832510348969  -0.614240121568017616599715440544
  67  -0.742304381625234517968403314250  -0.607453561114702571739849854182
  68  -0.424312868927759624617588192633  -0.607335508612766103891376670308
  69   0.213399817078186655845274455253  -0.605586098268553318677535736859
  70  -0.566744305671912381119854286067  -0.600653651356013730940035983674
  71   0.072241895067107742254357409467  -0.596919473645963971447094704352
  72  -0.068916047177479818606011347822  -0.588252879577296613642167879107
  73   0.568646500430535468881890011795  -0.586202679804422726637385490684
  74   0.759544026754703515062041385957  -0.585754637465385952278822346397
  75  -0.210073720358733341304300491486  -0.579587274735033195469963509525
  76   0.427517748894680461342494647926  -0.577595057229185800635642908449
  77  -0.351232059410330546281114600095  -0.570919884342181235169247464204
  78   0.286474457488417985659615723884  -0.569158096132084886548267443842
  79   0.647864082752698559315662148419  -0.566416900523068248271012669385
  80  -0.492455642221180420830114381412  -0.562249487446037596021349552467
  81   0.145322704584536820590831002006  -0.560503849375379102724965498248
  82  -0.633613712210461507442522533632  -0.553583086280681028627659709814
  83   0.004164762339949259730462244716  -0.551837255306711744920038673003
  84  -0.136993307648850528668340339095  -0.543170854140851221864235476012
  85  -0.791278318665110765475692086803  -0.542120140099471786246872534279
  86   0.500569239958825264708995386710  -0.541120654368489996585937493982
  87  -0.278151146710612545439440109130  -0.534504467144030689587358506884
  88   0.359440488422970257169600022841  -0.532513031793253070584194911747
  89  -0.419374832703751342493640788872  -0.525833863175452727299220346367
  90   0.218397344994768150405172270637  -0.524075847238910670595697205232
  91  -0.710452000576317571410694320812  -0.519414272367596296892728846290
  92  -0.560532902692969066727441445064  -0.517167462010223318893309717232
  93   0.712556662391068367235462445135  -0.516599508474985859294843003834
  94   0.077245571857378338066935837254  -0.515421631036126876197909466899
  95   0.794064196029335423090621484970  -0.511759635445047298337768619286
  96  -0.063912498131421450331866746557  -0.506755229870266353142106269908
  97   0.573650049476254343045468979248  -0.504705030097905127863808287878
  98  -0.205070440375953687821773347511  -0.498088635801515453387102384047
  99   0.432491979487115060536100761625  -0.496038628932557266534489497280
 100  -0.346294023186322264157167196334  -0.489418238904867858577091140263
 101   0.291363375929320421915156569594  -0.487430782900078854631624673137
 102  -0.487452093175603350769575633460  -0.480751837739511291183401280118
 103   0.150320212267609667881277105886  -0.478993628899658444068641173882
 104  -0.628610163164742633278943851085  -0.472085436574163429854082489517
 105   0.009168311386007628004606845981  -0.470339605599681484419977063804
 106   0.646730858993683421381942571786  -0.468289405827320259141679081774
 107  -0.769806098018988404225601289725  -0.463342947008683136867565172479
 108  -0.131989630858524609485299754973  -0.461673011530930584664973177943
 109   0.505572789004544138872574354163  -0.459623004661972397812360291176
 110  -0.273213110486604263315492626191  -0.453002821706717312995202187741
 111   0.364414866993465225281657308378  -0.450956380039383050581919258670
 112   0.847192027347137550430779083300  -0.449756926228382210879034443440
 113  -0.849470138433460049923072268679  -0.445439230199579206712748164790
 114  -0.414371283658174272433102040921  -0.444336213468926422461272074018
 115   0.223286243202161939391261404843  -0.442348564560826628104568641787
 116   0.733647601402861370194799713702  -0.436488060699467503768635163023
 117  -0.555529353647313554942470258545  -0.435669812303578561131953283416
 118   0.082242951796238957818948114613  -0.433911603463213052290708770788
 119  -0.696687423636452837451838476170  -0.427003411138230699802634492815
 120  -0.058908821341095531148826162434  -0.425257387260345715942843971840
 121   0.578653598521973217209047946701  -0.423207380391387529090231085072
 122  -0.200132404151945405697825864571  -0.416586990364202076794946064904
 123   0.437495676510894303618130900916  -0.414540755768798181859790052566
 124  -0.341290474140745194096628448383  -0.407920589198341553739142867914
 125   0.296337734266306742757762143627  -0.405874161700130824054863227320
 126  -0.482448544129884476605996666007  -0.399254188032993692409824077312
 127   0.155208982730791229328932413569  -0.397266539124381236326636238693
 128  -0.623606614119023759115364883632  -0.390587786867645831080505286711
 129   0.014165819069135798665515106197  -0.388829385123877283813575678823
 130   0.651734408039402295545521539239  -0.386791756120802660368101878968
 131   0.799350183578227631172250921596  -0.383590013080416955041339219764
 132  -0.764802548973269530062022322271  -0.381845297302165538093987969673
 133  -0.127051594634516327361352272033  -0.380171366093617208072816858800
 134   0.510576486028323381954604493454  -0.378125131498213313137660846462
 135   0.883897384484554357248845486086  -0.372330462002089074967737646851
 136  -0.268209664623316115760154855844  -0.371504964927756685017013661810
 137   0.369418543783735821094235736165  -0.369458537429545955332734021216
 138  -0.844466589387741175759493301226  -0.363941580493061607939170961984
 139  -0.409367734612455398269523073467  -0.362838563762408823687694871212
 140   0.228260473794936032695433152353  -0.360792136263685432276930824226
 141  -0.550525804601594680778891291092  -0.354172162597060962358376080611
 142   0.087131850003688070175499405154  -0.352184320785045467849503146728
 143   0.724785899103547098912022278024  -0.350317353260106856318396464502
 144  -0.691683874590733963288259508716  -0.345505761431713101029057290009
 145  -0.053970785117087249024878679495  -0.343755741823032339350687652696
 146   0.583657295545752460291078085992  -0.341709507227628444415531640358
 147  -0.195128855105887037423681263306  -0.335089340657171816294884455706
 148   0.442499353301164899430709328703  -0.333042913158961086610604815112
 149  -0.336286925095026319933049480929  -0.326422939491823954965565665108
 150   0.301341283312365111031906744891  -0.324376511993100563554801618122
 151  -0.477444995084165602442417698554  -0.317756538326476093636246874507
 152   0.160183341067832873542000143938  -0.315709917924349663799797732261
 153  -0.907145446288063673806959617967  -0.311613162703030376364548763214
 154  -0.618603065073304884951785916178  -0.309090137161128232306928083905
 155   0.831916057240814435831630253721  -0.308714340907597047816391168097
 156   0.018989026553101025738161928662  -0.307098296579401119566520121509
 157   0.656708786609897263657578824776  -0.305235104366932640365826225891
 158  -0.787565395111380583294940754809  -0.303431298255873778268611971356
 159  -0.122048045588457959087207670768  -0.298673716386586947572755249602
 160   0.515580162818593977767182921241  -0.296627288888376217888475609008
 161   0.912501059407072535969404535893  -0.295562921341506867833977979671
 162  -0.263206115577597241596575888391  -0.290007315221239086243436459004
 163   0.374422092829794189368380337430  -0.287960887722515694832672412018
 164  -0.404364185566736524105944106014  -0.281340914055891224914117668406
 165   0.233264150585261951878473736476  -0.279294293653764795077668526157
 166  -0.545522255555875806615312323638  -0.272674512890543363584798877805
 167   0.092069836070530104074635521200  -0.270682672308816250844390915405
 168   0.729789711526705505438200422800  -0.268819711686872212532183995307
 169  -0.688458294387314870748717062201  -0.263918396949886179134377117687
 170  -0.049088233918269684324167062611  -0.262016271142955727788587718414
 171   0.588631653882738781133683660025  -0.260152886027680413838770194541
 172  -0.190125306060168163260102295853  -0.253591690950654217521307252900
 173  -0.850828462006533035587780608818  -0.251810694057950753865346641209
 174   0.447502902347223267704853929968  -0.251545263451930826110543205914
 175  -0.331283376049307445769470513476  -0.244925289785306356191988462302
 176   0.306344960102691030214947329014  -0.242878669383179926355539320053
 177  -0.472441446038446728278838731100  -0.236258888619958494862669671701
 178   0.165121327134674907441136259984  -0.234208269448120446794685500938
 179  -0.930361105782824723659985586117  -0.233332031100565191859785480569
 180   0.802870508831873625452829689262  -0.232404062908083520500057297034
 181  -0.615377484869885792412243469663  -0.227502772679301310412247911584
 182  -0.760904255528267006870451463863  -0.226255615253590625542266378081
 183   0.023992575599159394012306529927  -0.225600646872370859066458512310
 184   0.661712566587067156939521952318  -0.223737468838782279357626871912
 185   0.883455510998131725590603971434  -0.219252643341993340517644108609
 186  -0.117165494389979888497061687696  -0.216934245707022997737139721713
 187   0.520554393411368071071354668752  -0.215070860591235022060837791447
 188  -0.258202566531878367432996920938  -0.208509665514721487469859256199
 189   0.379425769620120108551420921552  -0.206463045112595057633410113949
 190  -0.399360636521017649942365138560  -0.199843264349373626140540465601
 191   0.238202136652103985777609852522  -0.197792645177535578072556294834
 192  -0.542296675352456714075769877123  -0.191087148408716441690118705483
 193   0.097044066663304197378807268711  -0.189126244011675055016753097844
 194   0.734793376104770466299396213440  -0.187321844568747752022924910884
 195  -0.683454745341595996585138094747  -0.182420747243368580360799914882
 196  -0.044084684872550810160588095158  -0.180518621436438129015010515609
 197   0.593635202929071380431228929874  -0.178655236321200494726135830419
 198  -0.824167322423419459163291317872  -0.174635011055667601139001047933
 199  -0.185242754861690092669956312780  -0.171852220271090267685691725011
 200   0.452477260684264911917921660336  -0.169988642251899253583704699482
 201   0.944809984206198638849908969559  -0.165377500389981030864116261300
 202  -0.326279827003588571605891546022  -0.163427640078788757418411259497
 203   0.311282946169533064114083445060  -0.161377020906950709350427088730
 204  -0.903699966199711147235496295171  -0.156156348098282039133439887293
 205  -0.469215865835027635739296284585  -0.154671524138131572967989499379
 206   0.170124876180733275715280861249  -0.152710619741090186294623891740
 207   0.807874288809143529871051475850  -0.150906427379939299961062565896
 208  -0.610373935824166918248664502209  -0.146005122972783711638670708778
 209   0.028966806191593993205912643626  -0.144044218575742324965305101142
 210   0.666716115633399756237067222167  -0.142239819132302360244992507790
 211  -0.751532005813306200758032719830  -0.137338721807435850309351918176
 212  -0.112161945344261014333482720242  -0.135436596000505398963562518907
 213   0.525558070201968221277795921459  -0.133573017981864726249002738454
 214  -0.253320015333400296842850937865  -0.126770194835157537634243728309
 215   0.384363755686962142450557037598  -0.124961396636365840628297882626
 216  -0.396135056317598557402822692045  -0.118255899867546704245860293279
 217   0.243205685698162354051754453787  -0.116294995470505317572494685636
 218   0.880955098326846839230925736972  -0.114490803109904772626360604869
 219  -0.537293126306737839912190909669  -0.109589498702198842916541502678
 220   0.102047615709023071542386236164  -0.107628594305157456243175895038
 221   0.739796925151103065596941483289  -0.105824194862267832910290546762
 222  -0.678451196295877122421559127292  -0.100923097536850981587222712073
 223  -0.039110454280116210966981981458  -0.098962193139809594913857104440
 224   0.598638982906296597083634213751  -0.097157600792966591767859415825
 225  -0.820550668120388023298682569630  -0.092797538189036277327772781500
 226  -0.954713251781397669614725847721  -0.092402547388830557225350171085
 227  -0.180239205815971218506377345327  -0.090354570564572668912114522205
 228   0.457415246751106945817057776382  -0.088486993775670036578592468159
 229  -0.323054246800169479066349099507  -0.081840275596961835523731087175
 230   0.955693454727756697794403283817  -0.080231795769286798979239448474
 231   0.316286495215591432388228046325  -0.079879371199920448850365479532
 232  -0.464212316789308761575717317131  -0.073173874431613974194412296574
 233   0.175128425226452149878859828703  -0.071212970034572587521046688934
 234   0.812877837855476129168596745699  -0.069408777673459380848428201774
 235  -0.605370386778448044085085534752  -0.064507473266266112865093505972
 236   0.033970355237312867369491611080  -0.062546568869224726191727898336
 237   0.671719792423999906328117791801  -0.060741976522932064201585301394
 238  -0.746528456767587326594453752376  -0.055841072100918251535774715371
 239  -0.107187714751826415139876606543  -0.053880167703876864862409107738
 240   0.530496056268810255176932037505  -0.052071369505635509243890507131
 241  -0.250094435129981204303308491349  -0.045182830353330615739563555988
 242   0.389337986279736235754728785109  -0.043404968339224644800660065065
 243  -0.889513701097209241293761750694  -0.043250528088306325780160322747
 244  -0.391131507271879683239243724591  -0.036758250161029105472283090473
 245   0.248209234743881228215333421241  -0.034797345763987718798917482830
 246   0.886187047192940871846696761646  -0.033007497323984797617342071108
 247  -0.532289577261018965748611942214  -0.028091848995681244142964299868
 248   0.107051164754741945705965203618  -0.026130944598639857469598692232
 249   0.744800705128372970015163269877  -0.024326559334123612371295815624
 250  -0.673447647250158248257980159838  -0.019425447830333382813645509267
 251  -0.034106905234397336803403014005  -0.017464543433291996140279901634
 252   0.603576968973138630982770329798  -0.015655952316737374762747184502
 253  -0.814605717239297530767348377459  -0.010759046664985521484326718665
 254  -0.177013625612552125966834898811  -0.008767206082745747017434349884
 255   0.462418795797439545114603046232  -0.006989344069190117465958104037
 256  -0.959174224978405311608025336636  -0.000655765225526184625283715322
 257  -0.318171695601691408476203116434  -0.000100804917397885688115559286
 258   0.321260725808026031581834160025   0.001677057096708085250787931637
 259   0.959167661313174995078219933987   0.003608515202949999969470638649
 260  -0.459208767743589887412138349674   0.008323775274903624579164906232
 261   0.180131974272171024042438796156   0.010284679671945011252530513872
 262   0.817881617832746033586818532286   0.012088857854684839690566529364
 263  -0.600366837732729169921506567298   0.016990176440251485908483696833
 264   0.038973904283031741533070578533   0.018951080837292872581849304470
 265   0.676657778490841940227253873353   0.020759671953297152803526999154
 266  -0.741524907721868452430874784925   0.025656577605599347237802487447
 267  -0.103962134548407322600334160027   0.027707196777950057032271064583
 268   0.535499605315072819644199464386   0.029426280200984959487038854298
 269  -0.245090886084262330139729523896   0.036314819353186983034013646818
 270   0.394341535325455109918307752563   0.038092681367292953972917137741
 271  -0.887455816330465692867543699230   0.038374636665132102799421906062
 272  -0.386248956073401612649097741516   0.044981220518534844363332437419
 273   0.253183465336315827408939534940   0.046759082532640815302235928339
 274   0.890962756799888031965357069558   0.048503820960590105405521584952
 275  -0.527286028215300091585032974756   0.053405800710836354630612902937
 276   0.112054713800460819869544171071   0.055366705107877741303978510574
 277   0.749738691195215003914299385923   0.057175089142105604633816415699
 278  -0.668444098204439374094401192381   0.062072201876184215959931693539
 279  -0.030881325030978244263860567489   0.064122821048534925754400270687
 280   0.608580518019471229767481090456   0.065841697389742544381372659614
 281  -0.812203210461234579821977303409   0.071023381578183244537160325916
 282  -0.172039395020117526773228785112   0.072789222213882787083719061285
 283   0.467422344843158419278182013685   0.074508305637327481307619098769
 284  -0.313168146555972534312624148978   0.081396844789119713085461643523
 285   0.326264274853744905745413127478   0.083174706803225684024365134443
 286  -0.955285369236231033312545830641   0.085627005974528961565868908206
 287  -0.454326216545111816821992366599   0.090063245954467574414780434125
 288   0.185106204864605623236044909855   0.091841107968573545353683925041
 289   0.822819603899588067485954648332   0.093590506330914056695678760687
 290  -0.595363288687010295757927599841   0.098487826146769084682060899639
 291   0.953891532902098115233298961618   0.100531424682240360067073727756
 292   0.042199484486450834072613025049   0.100538445319119794476529476791
 293   0.681661327537163631029923320922   0.102257321659798962665539585727
 294  -0.736521358674789018314007457163   0.107154227314171494213877440060
 295  -0.098958585502688448436755192574   0.109204846484467655805848267389
 296   0.540503154360791693807778431839   0.110923929907502558260616057104
 297  -0.240116655491827730946123410194   0.117871247649815517135167057990
 298   0.399345084371173984081886720016   0.119590331073810552746494340547
 299  -0.879367939554721468573694572483   0.119624182263858619741414406281
 300  -0.381245407027682738485518774061   0.126478870225052443136909640229
 301   0.258187014382034701572518502393   0.128256732239158414075813131145
 302  -0.522403477016822020994886991683   0.135145271390400304466228430827
 303   0.115280294003879912409086617587   0.136954069589704663198658682895
 304   0.754742240241547602619135763914   0.138672738848585523782840148364
 305  -0.663440549157359939977533864623   0.143569851584756362936006646161
 306   0.885786678049775184248571967832   0.145571752792537114789330826093
 307  -0.025877775985259370100281600036   0.145620470755052524527977473493
 308   0.613584067065190103931060057909   0.147339347096260143154949862420
 309  -0.804546603505342460235922915936   0.152314702029152342568488341885
 310  -0.167035845974398652609649817656   0.154286871920400385857296264094
 311   0.472425893888877293441760981139   0.156005955343845080081196301574
 312  -0.308193915963537935119018035277   0.162953273085748247186615054696
 313   0.331267823899463779908992094931   0.164672356509743282797942337249
 314  -0.944098447580164986447085312667   0.169392281901147912512243832734
 315  -0.449322667499392942658413399145   0.171560895660985173188357636930
 316   0.188331785068024715775587356371   0.173428472450400467248364097362
 317  -0.590480737991315784220824031140   0.180227297835345810739111008476
 318   0.047203033532169708236191992502   0.182036095025637393250106679597
 319   0.686664876582859637505976308676   0.183754971366362453529385555174
 320  -0.731465793987913381899449323396   0.188730326299737211290617547985
 321  -0.093955036456969574273176225118   0.190702496190985254579425470198
 322   0.545506703406510567971357399292   0.192421579614020157034193259910
 323  -0.235113106446108856782544442739   0.199368897356333115908744260799
 324   0.404348633416892858245465687470   0.201087980780328151520071543352
 325  -0.376271176435248139291912660361   0.208035298521680977238063051397
 326   0.261412594585453794112060948909   0.209844096720985335970493303466
 327   0.935894796408207948017077854771   0.210039410461452430650174078223
 328  -0.517399927971103146831308024230   0.216642921096917903239805633632
 329   0.120254524596314511602692731286   0.218510497886333197299812094064
 330  -0.880015345127979273916465679346   0.219991277848121325032495188312
 331   0.759745789287266476615264600341   0.220170388555103122566697953695
 332  -0.658505982822885452328451339399   0.225387772548795917100325101277
 333  -0.020874226939540495936702632580   0.227118120461570123301554676302
 334   0.855958828091161613087524507468   0.227136819932996611560792364198
 335   0.618587616110908978094639025362   0.228836996802777741928527065225
 336  -0.799542606666847407337500303111   0.233813027929259036438778243443
 337  -0.162032296928679778446070850201   0.235784521626917984630873466903
 338   0.477429442934596167605339948592   0.237503605050362678854773504380
 339  -0.303190366917819060955439067823   0.244450922792265845960192257501
 340   0.334493404102882872448534541447   0.246259720991570204692622509570
 341  -0.444348436906958343464807285446   0.253117323957613707289511048099
 342   0.193335334113743589939166323824   0.254926122156918066021941300168
 343  -0.585425172802672814938935332489   0.261803395810368009601019726433
 344   0.052177264124604307429798106204   0.263592523322265927351260090769
 345   0.691668425628577991603158764738   0.265252621072881095999837980664
 346  -0.726714300543300149783346437568   0.270734007129585838412539656509
 347  -0.088951487411250700109597257663   0.272200145897502853353002673007
 348   0.550510252452229442134936366746   0.273919229320537755807770462716
 349  -0.230109557400389982618965475285   0.280866547062850714682321463605
 350   0.407574213620311950785008133985   0.282675345262155073414751715674
 351   0.914640107827880081183554922892   0.288875573636054240279310935262
 352  -0.371267627389529265128333692908   0.289532948228198576011640254203
 353   0.800110180544351083017097872906   0.291146569976648717702642222085
 354   0.266416143631172668275639916362   0.291341746427502934744070506272
 355  -0.912749976233983202816736322426   0.294793325527934224017879806964
 356  -0.512373681738528011572434593705   0.298277798671063813650725140900
 357   0.125258073642033385766271698742   0.300008147592850796073389296873
 358  -0.653502432651944101687525847810   0.306885422186230462508273223569
 359  -0.015899996347105896743096518878   0.308674548758198657402708087474
 360  -0.831937617041283725213749451462   0.308762782522448503703745825735
 361   0.623591165156627852258217992816   0.310334646509295340702104268031
 362  -0.157028747882960904282491882747   0.317282171333435583404450669709
 363   0.480655023138015260144882395107   0.319090969532189600749453676702
 364  -0.298186817872100186791860100370   0.325948572498783444733769460307
 365   0.339496953148601746612113508900   0.327757370698087803466199712376
 366  -0.439292872221098933235961001167   0.334693422941648682372854347004
 367   0.198338883159462464102745291280   0.336423771863435664795518502977
 368  -0.580451474065578401152492711565   0.343360891482077029328361185906
 369   0.057180813170323181593377073660   0.345090173028783526124837293578
 370   0.696671974674056930594691585354   0.346750270779880209424233474135
 371   0.858528802433376558809990869381   0.348191876771566000013008153449
 372  -0.721317783748655663074997693675   0.352360476516807180775310279323
 373  -0.083977256818816100915991143963   0.353756574194131387454156084176
 374   0.553735832655648534674478813261   0.355506593802364677702450635037
 375  -0.225106008354671108455386507832   0.362364196769368313455898666411
 376   0.412577762666030824948587101438   0.364172994968672672188328918480
 377   0.775254971176586126754510335977   0.368922665134632391529611407243
 378  -0.366212062703669854899487408629   0.371109047212233551094983553108
 379  -0.884370886795796915358476964379   0.371353953094579638873196269953
 380   0.271419692676891542439218883818   0.372839396134020533517647709081
 381  -0.507370132692809137408855626251   0.379775448377581412424302343706
 382   0.130261622687752259929850666198   0.381505797299368394846966499682
 383  -0.797149925135857976908395739839   0.382632389957660572651259100740
 384  -0.648266825162289962539964557430   0.388835945812653747595398241660
 385  -0.010896447301387022579517551425   0.390172198464716256176285290280
 386   0.626816745360046944797760439331   0.391922010991122262596784440353
 387  -0.152054517290526305088885769048   0.398838599630064117505604080878
 388   0.485658572183734134308461362561   0.400588619238707199523030879507
 389  -0.293131253186240776563013816091   0.407524671482818419817112759212
 390   0.344500502194320620775692476356   0.409255020404605402239776915185
 391  -0.434289323175380059072382033713   0.416191072648166281146431549810
 392   0.203342432205181338266324258736   0.417921421569953263569095705786
 393  -0.575185483789520698796327472117   0.425250502708158130691339399459
 394   0.062184362216042055756956041113   0.426587822735301124898414496384
 395   0.699897554877476023134234031869   0.428337635261707131318913646456
 396   0.857471007336411847019801462319   0.429836126295166862895765275357
 397  -0.078973707773097226752412176510   0.435254223900648986227733286982
 398  -0.733228095120489891448799241235   0.435553804704729478243500581592
 399   0.558739381701367408838057780715   0.437004243508882276476027837843
 400  -0.220079762122095973196513077307   0.443999074343514223866818173679
 401  -0.849583194890371167053123252757   0.445223560529791707820709544958
 402   0.417581311711749699112166068896   0.445670644675190270961906121285
 403   0.778480551380005219294052782492   0.450510029616459313424291579565
 404  -0.361208513657950980735908441175   0.452606696918751149868560755914
 405   0.276423241722610416602797851274   0.454337045840538132291224911890
 406  -0.502104674272091620459853879579   0.461666126978742999413468605563
 407   0.135265171733471134093429633651   0.463003447005885993620543702488
 408  -0.643262085814965928660684906238   0.470333522431866842533098232332
 409  -0.005892898255668148415938583972   0.471669848171233854949862493086
 410   0.631820294405765818961339406785   0.473419660697639861370361643158
 411  -0.146998952604666894860039484769   0.480414698614099092588947379783
 412   0.490662121229453008472040330018   0.482086268945224798296608082313
 413  -0.288157022593806177369407702391   0.489081099779446953918266170380
 414   0.349504051240039494939271443814   0.490752670111123001013354117990
 415  -0.429023864754662542123380287040   0.498081751249327868135597811667
 416   0.208345981250900212429903226189   0.499419071276470862342672908592
 417  -0.790454711460462464406773008204   0.501532750348312221613358123881
 418  -0.570709555077635670748941202933   0.507790600459229193978659658326
 419   0.067187911261760929920535008567   0.508085472441818723671991699190
 420  -0.073918143087237816523565892231   0.516830322884683961311076585887
 421  -0.710277897619948699282681677611   0.516978815644133117591453826922
 422   0.712414174665429907612746996776   0.517588844752545020893496211469
 423   0.563742930747086283001636748172   0.518501893215399875249605040649
 424  -0.215076213076377099032934109853   0.525496724050031822640395376484
 425   0.422584860757925561454636743492   0.527168294381679812941517640475
 426   0.799911771136717011214702165393   0.529298386817753264963386754722
 427  -0.355972373690517738756879548256   0.534556154110023672185303226134
 428   0.281426790768329290766376818727   0.535834695547055731064802114696
 429  -0.497101125226372746296274912125   0.543163776685260598187045808369
 430   0.140268720779190008257008601105   0.544501096712403592394120905294
 431  -0.000837333569808738187092299693   0.553245947155268830033205791991
 432   0.636823843451484693124918374242   0.554917310404157460143938845964
 433  -0.637995904258650438895584532002   0.554955332683698456367506814579
 434  -0.141995403558948020696460517315   0.561912348320616691362524582588
 435   0.495665670275628870814511004614   0.563583918651714340276219601502
 436  -0.282891564173088660420405955718   0.570971778380608540907432432238
 437   0.354507600285758369102850411267   0.572250319817640599786931320796
 438  -0.764695000698420026392151291147   0.579013972022954634979916071235
 439  -0.424070127739509109944582340207   0.579679195576639614395948757507
 440   0.213349530296619086593482193643   0.580916720982988461116250111398
 441   0.072243475947620340149381292846   0.589661571425853698755334998095
 442  -0.564141070381718894304125193536   0.589774378100682635721826860092
 443   0.751997033931698629115014517634   0.595412533332044664010826037270
 444  -0.068914594041518942359986924777   0.598327972591201560084653788692
 445   0.569254211172476526133456171219   0.600756673449675227184820996991
 446  -0.209810754655659582083932363180   0.607387402651193409629561638342
 447   0.427588409803187447439325325945   0.608665944088225468509057873559
 448  -0.350968824644798864593300580803   0.616053803816541270958880428940
 449   0.286430339814048164929955786181   0.617332345253573329838379317502
 450   0.145324285465049418485854885384   0.626077195696438567477464204198
 451   0.676423027139719664087486384896   0.626323241964249775151651413234
 452   0.004166215475910135976486667761   0.634743596861786428806782994796
 453  -0.496046278332768325740932060151   0.634829918343247042666979288186
 454  -0.631222665186817098438307846800   0.636325017721892825296277640666
 455  -0.712679587525859885533925633386   0.641952824913891718628201656290
 456  -0.136729945138230503747458770642   0.643803026921778278351690844446
 457   0.500669219320890756799199587068   0.645081568358259995843759834587
 458  -0.277888015127369786256826988265   0.652469428087126139681009635045
 459   0.359511149331477243266429378721   0.653747969524158198560508523602
 460  -0.418849812806154287475636859991   0.661430822856767869287543731187
 461   0.218405094982478496822328477922   0.662492819967023436199593410302
 462   0.077247024993339214312960260299   0.671159221132371297528912200900
 463  -0.063649135620801425410985178104   0.680218651192363147073820050550
 464  -0.563127873137866529875114713415   0.681380557964457232241430068761
 465   0.572095978196697531617567992695   0.684643172562798016869248200743
 466  -0.204807205609940707920353395727   0.688885052357711008403138841148
 467   0.432591958848906321602904293399   0.690163593794743067282635076365
 468   0.291485904499907575158802070462   0.698908444237608304921722616403
 469  -0.348093065281139240589904212064   0.702178645993966736672034577003
 470   0.651407737489265147673030063446   0.704047997958997198146206593825
 471   0.150327834510768292649433852837   0.707574845402956166251041407004
 472   0.009431673896627652925488414434   0.716634275462948015795949256654
 473  -0.636194511593634679451928605550   0.717824607622984827162408239240
 474  -0.131726396092511629583879803189   0.725300676628295877125268047253
 475   0.504018717725003985157287736352   0.729725197998755901323799101336
 476  -0.499772303769514107557769568378   0.732887588948110780015980229622
 477  -0.272884203846287862626701273396   0.733967473786329377342691049823
 478   0.364566714017336653495276985140   0.735324068508193173643849169165
 479  -0.418760089029376304690879585177   0.743081875271192038817994887547
 480   0.223292316469872117393356914695   0.744222993830656777641922856725
 481   0.082512483414056731261962006972   0.753049899733532884518078462758
 482  -0.058645586575082551247406210651   0.761716300898880745847397253356
 483   0.577099527242446518989558293399   0.766140822269313766842083871668
 484  -0.572838942225282257134583460513   0.769331638606638374936958400102
 485  -0.199885257944587702203907503330   0.770546925777574621561718208798
 486   0.435993472893434317049660428093   0.774885672712206007685013194137
 487   0.296488501108930987515599303005   0.780406152413400277714799956523
 488   0.155476965373160556005885068829   0.789698048161233495908959912479
 489   0.014435222942346527089067381887   0.798131925169465614569526459460
 490  -0.126722847046792755420300835735   0.806798326334813475898845250059
 491  -0.368186425088796539269006792011   0.807184971345909555249673077967
 492   0.509786358573569771670724314460   0.812355968428278926337708086214
 493  -0.286855992613798792471410489058   0.814414298020572569261096590171
 494  -0.505332289738650466561017191491   0.815263700184454498432378919933
 495   0.351828784931941058082962020316   0.840442436418390561576634746459
 496   0.091948366830110208453721541028   0.846573906845519647161726009691
 497   0.251500317236828387535854097923   0.848713763810928821038088965954
 498  -0.213920225094949745774055821033   0.851119559594025041858590932101
 499  -0.434163741765467396266946933863   0.855287945213285488326546643761
 500   0.431898575824788052996783567522   0.856434027868740921964568132643
 501  -0.064040332294391551938220354085   0.859122362446854448707021960831
 502   0.172550952001389370026267405826   0.869544033604198791960819417639
 503   0.014954018504725986812306937053   0.879781378700420845880183468896
 504  -0.140695534172153986388919476324   0.887244994539506246814308072069
 505  -0.359849021899691768803154857494   0.889114337601633016868514178939
 506  -0.278988034336827995356460838450   0.900445846816982597040333157960
 507   0.307030469115964473680034554113   0.908706726576504595265221335710
 508   0.228633155998292586141822429291   0.931526974311112423108675914032
 509  -0.205885289238853276921961815526   0.936817416344289163136318234044
 510   0.067079198439543991009652004116   0.942629354224712866097382487330
 511   0.148579050431321398531441373951   0.947596902519147299655679132038
 512  -0.094418953419386652940120857669   0.954515942834976010376912663574
 513  -0.012895944643082851954242737474   0.959087753285755411484091947051
