   1   0.055634010107716750354777618987  -0.958574436201049044365241341517
   2  -0.097148952225512652147559005679  -0.955260265006511005415725237279
   3   0.134865530097966247140808724535  -0.950668912718943983935778616008
   4  -0.175963131238012877803981870085  -0.943926410936646284681747548936
   5  -0.020271700175669158689967682932  -0.934523361217462493694689350681
   6   0.266358002654535220482883366916  -0.922503933455414152384765730307
   7  -0.276534774518591716654196277297  -0.919504546644972393206051234510
   8   0.341876343456431562072404373469  -0.897262870402918555123917622877
   9   0.191678432148965783217349082032  -0.894879798888063385818896291974
  10  -0.351769608939404758092576595193  -0.893430598896994809161512752028
  11   0.064077452985115190671176710125  -0.879394213465011504311603587121
  12  -0.074085133742776017660672871978  -0.875835667198954687791509875315
  13  -0.211968477666775983735842171537  -0.872907074907391716657682249880
  14   0.423419107952226913955213399980  -0.861786720621619340326237054392
  15  -0.425068493972044871106030952632  -0.860965468916819105517832368987
  16   0.280777537229331824068125304859  -0.844195517023094021654931863788
  17   0.133585293373781090398256454716  -0.840425062741989251459996633952
  18  -0.003985349467108608946493935053  -0.838071248681038746635587251664
  19  -0.142181393930835728514868600311  -0.834567878187529636987517933980
  20  -0.280064737854835694590037899869  -0.831639285895966665853690308545
  21   0.496369865846406456652577225774  -0.821930881529055973040626434748
  22  -0.500105365820473658363598714668  -0.819667442257160042041416369038
  23   0.356295878031228165657646311412  -0.818954453970598424394083756359
  24  -0.357717673114108355795892482701  -0.814028132977698400019669937080
  25   0.207958206960656498541847243964  -0.811985639644982106804680918121
  26   0.065485830799932457165687958802  -0.799162558471836071328749272728
  27  -0.072394310194895473293895029084  -0.796228681467667557317353618081
  28  -0.210277654118895439369064328643  -0.793300089176104586183525992645
  29   0.426951324013180674177551832592  -0.782240165000460227557625792510
  30  -0.430318282084533403142625143442  -0.781328245537297962371252053139
  31   0.569167383992014636751858133358  -0.773310145943082227983273035349
  32  -0.572369736481428494584250998399  -0.770832096665060457212709812638
  33   0.286104659385085111953835805544  -0.764748976311562077812476940958
  34   0.146142487296236691357095502857  -0.761796518673786740594032214994
  35  -0.002607226458955218072921457858  -0.757889484747805477647189302181
  36  -0.140490570382955184148090757417  -0.754960892456242506513361676746
  37  -0.278373914306955150223260056975  -0.752032300164679535379534051311
  38   0.495831453526905197015201489748  -0.742294466612974797738765918508
  39  -0.498414542272593113996820871775  -0.740060456525872911567260111804
  40   0.360978621990359954207081354218  -0.737656158346733747763118272829
  41  -0.356026849566227811429114639807  -0.734421147246411269545513679845
  42   0.217679618679626747290723540721  -0.723742957996122695954144938502
  43   0.634481571073578671559491320416  -0.720689412151190071134099032146
  44   0.078043085731126352678668547822  -0.720533913715237799099618624529
  45  -0.635990346805804505283260234981  -0.719358305428287305396901261356
  46  -0.070703486647014928927117186191  -0.716621695736380426843197360846
  47  -0.208586830571014895002286485749  -0.713693103444817455709369735411
  48  -0.428627458536652858775847300548  -0.701721259806010831897095795905
  49   0.429858751504084477044731011375  -0.697710459959248317944258398826
  50   0.559359784974964871716490528529  -0.694291527485074594820768244780
  51  -0.561437009472009315823580120329  -0.691395277089340171074556991965
  52   0.287487181436107462613676631464  -0.685136039584734464247587523938
  53   0.147834383514285825220232186020  -0.682189555732855680498318479567
  54   0.009949967444203998299538580253  -0.679260940676521281294942164692
  55  -0.138799746835074639781312914523  -0.675353906724955376039205419512
  56  -0.276708899436938326708914222302  -0.672424770296315907414717626508
  57  -0.693406086667500179927065242418  -0.664189801029259860936104342229
  58   0.361762491316024766190535283042  -0.656442670947823267140266457491
  59  -0.354368897510994188509497285692  -0.654813470126211569896472775957
  60  -0.491649925736069060602606549103  -0.653056080369478091404392676066
  61   0.493387082952144151746020050155  -0.649707520831348115026260725098
  62   0.217766525098970748137464702394  -0.644115585757906093658438696904
  63   0.651623447272179076647952539893  -0.642931537039512301828278191080
  64   0.079737564297873042432165735732  -0.640922677976169525906594511421
  65  -0.058146292743855712554657148080  -0.637993151665096230490950223357
  66  -0.206896007023134350635508642855  -0.634086117713530325235213478177
  67  -0.608983281272957930075622288691  -0.627524445723827644524950280140
  68   0.729144134123895437213468430005  -0.624747088421818381861687015936
  69  -0.422492962338899934964395877364  -0.613591596650898547211706232951
  70   0.572019348689494900019972284926  -0.612150973850387813003200015774
  71   0.425290822764084440891824321823  -0.608439731819923064222268783764
  72   0.287407478840084474816655022264  -0.605511139528360093088441158328
  73   0.149524134916084508741485722705  -0.602582547236797121954613532893
  74   0.011640790992084542666316423147  -0.599653954945234150820785907458
  75  -0.126242552931915423408852876412  -0.596725362653671179686958282023
  76  -0.274992267211194061489704371188  -0.592818328702105274431221536842
  77  -0.756546657864901175797228166006  -0.591267492166001578572494298358
  78  -0.539196197537017674854648717465  -0.589185249003965564854785964240
  79  -0.677079541461017640929818017024  -0.586256656712402593720958338805
  80  -0.352645205535151670008971991720  -0.575207189296971492568610009454
  81   0.495077906500024696112797893049  -0.570100535100060984552104467864
  82   0.357194562576024730037628593490  -0.567171942808498013418276842429
  83   0.637409475583851960023366802692  -0.564585547542060325893017178044
  84   0.219311218652024763962459293932  -0.564243350516935042284449216994
  85   0.778400549297072738735889400432  -0.562185625636977672510251303271
  86   0.081427874728024797887289994373  -0.561314758225372071150621591558
  87  -0.056455469195975168187879305186  -0.558386165933809100016793966123
  88  -0.194338813119975134263048604744  -0.555457573642246128882966340688
  89  -0.470039234139848549216438045727  -0.549720765285386020662099521127
  90  -0.607292457725077385708844445797  -0.547917459992540514050794022905
  91   0.564864990235964951333771464275  -0.531761338380198904881940151965
  92   0.426981646311964985258602164716  -0.528832746088635933748112526530
  93  -0.802934895880274026020003013300  -0.526550705817168270106571499442
  94   0.707282796686397621092463977072  -0.526358975219512641422116449661
  95   0.289098302387965019183432865158  -0.525904153797072962614284901094
  96   0.151214958463965053108263565599  -0.522975561505509991480457275659
  97   0.013331614539965087033094266040  -0.520046969213947020346629650224
  98  -0.124551729384034879042075033518  -0.517118376922384049212802024789
  99  -0.262435073308034845117244333077  -0.514189784630821078078974399353
 100  -0.400252150403908293995464474501  -0.511381568565523940991935205227
 101  -0.538135494327908260070633774060  -0.508452976273960969858107579792
 102  -0.675388717913137096563040174130  -0.506649670981115463246802081571
 103   0.496768730047905240479575735943  -0.490493549368773854077948210630
 104   0.358885386123905274404406436384  -0.487564957077210882944120585195
 105   0.799029640193307695133167342498  -0.485279373158480866077266119220
 106   0.639100517635823619579153264019  -0.484978566452020969860014974992
 107   0.221002042199905308329237136825  -0.484636364785647911810292959760
 108   0.083118698275905342254067837267  -0.481707772494084940676465334324
 109  -0.054764645648094623821101462292  -0.478779180202521969542637708889
 110  -0.192647989572094589896270761851  -0.475850587910958998408810083454
 111  -0.330531333496094555971440061409  -0.472921995619396027274982458019
 112  -0.468348410591968004849660202834  -0.470113779554098890187943263892
 113  -0.606231754515967970924829502392  -0.467185187262535919054115638457
 114  -0.743484978101196807417235902462  -0.465381881969690412442810140236
 115   0.566555958892682482357112217744  -0.452154355731103234941921336718
 116   0.428672469859845529625380007610  -0.449225760357348803273956269295
 117  -0.821428112802559754025650753652  -0.449103097788535746529433237283
 118   0.708949070452956701571117369013  -0.446751450970036296801901007433
 119   0.290789125935845563550210708052  -0.446297168065785832140128643860
 120   0.152905782011845597475041408493  -0.443368575774222861006301018425
 121   0.015022438087845631399872108934  -0.440439983482659889872473392990
 122  -0.122860905836154334675297190624  -0.437511391191096918738645767554
 123  -0.260744249760154300750466490183  -0.434582798899533947604818142119
 124  -0.398627593684154266825635789742  -0.431654206607970976470990516684
 125   0.857761817562275448206555808475  -0.431514492399833849049528820888
 126  -0.536444670780027715703855931166  -0.428845990542673839383951322558
 127  -0.674328014704027681779025230725  -0.425917398251110868250123697122
 128   0.498459553595785784846353578837  -0.410886563637486723603791953396
 129   0.778674466603344108845872379791  -0.408300168371643342746542015924
 130   0.360576209671785818771184279278  -0.407957971345923752469964327961
 131   0.640791122679344142770703080233  -0.405371576080080371612714390489
 132   0.222692865747785852696014979719  -0.405029379054360781336136702525
 133   0.084809521823785886620845680161  -0.402100786762797810202309077090
 134  -0.053073822100214079454323619398  -0.399172194471234839068481451655
 135  -0.190957166024214045529492918957  -0.396243602179671867934653826220
 136  -0.328840509948214011604662218515  -0.393315009888108896800826200784
 137  -0.876644281767788158097982620833  -0.391733194997135029601699883383
 138  -0.466723853872213977679831518074  -0.390386417596545925666998575349
 139  -0.604540930968087426558051659498  -0.387578201531248788579959381223
 140  -0.746120730281418900855564679403  -0.385800578437165421387582619834
 141   0.568246637331726040067327150063  -0.372547366917624643933627637497
 142   0.430363293407726073992157850504  -0.369618774626061672799800012061
 143   0.710578206415284397991676651459  -0.367032379360218291942550074589
 144   0.292479949483726107916988550946  -0.366690182334498701665972386626
 145   0.154596605559726141841819251387  -0.363761590042935730532144761191
 146   0.016713261635726175766649951828  -0.360832997751372759398317135755
 147   0.890565681647596416059044012683  -0.358960804950034240121136601067
 148  -0.121170082288273790308519347730  -0.357904405459809788264489510320
 149  -0.259053426212273756383688647289  -0.354975813168246817130661884885
 150  -0.396936770136273722458857946848  -0.352047220876683845996834259450
 151  -0.534820114060273688534027246406  -0.349118628585120874863006634014
 152  -0.672637191156147137412247387831  -0.346310412519823737775967439888
 153  -0.813449449079169054709403671687  -0.343292053568088804416300066778
 154   0.500150377143666329213131421730  -0.331279577906199593129635696162
 155   0.780365290151224653212650222685  -0.328693182640356212272385758690
 156   0.362267033219666363137962122172  -0.328350985614636621995808070727
 157   0.642481946227224687137480923127  -0.325764590348793241138558133255
 158   0.224383689295666397062792822613  -0.325422393323073650861980445291
 159   0.086500345371666430987623523055  -0.322493801031510679728152819856
 160  -0.051382998552333535087545776504  -0.319565208739947708594325194421
 161  -0.906087135766042728075225310293  -0.317751782399585332492823883996
 162  -0.189266342476333501162715076063  -0.316636616448384737460497568986
 163  -0.327149686400333467237884375621  -0.313708024156821766326669943550
 164  -0.465033030324333433313053675180  -0.310779431865258795192842318115
 165  -0.602916374248333399388222974739  -0.307850839573695824059014692680
 166  -0.741485935155298726823567911382  -0.306310643630107535493916456828
 167   0.569937460879606584434104992957  -0.292940381186337513459471380262
 168   0.850152373887164908433623793912  -0.290353985920494132602221442790
 169   0.432054116955606618358935693398  -0.290011788894774542325643754827
 170   0.712269029963164942358454494353  -0.287425393628931161468393817355
 171   0.294170773031606652283766393839  -0.287083196603211571191816129392
 172   0.156287429107606686208597094281  -0.284154604311648600057988503957
 173   0.018404085183606720133427794722  -0.281226012020085628924160878521
 174  -0.119479258740393245941741504837  -0.278297419728522657790333253086
 175  -0.257362602664393212016910804395  -0.275368827436959686656505627651
 176  -0.395245946588393178092080103954  -0.272440235145396715522678002216
 177  -0.533129290512393144167249403513  -0.269511642853833744388850376780
 178  -0.671061629171103307585935054057  -0.266663879024995344865855502763
 179  -0.808814653953048880677406903666  -0.263802118761030918522633903772
 180   0.924090133981058717642124494351  -0.260801681546905526293965894190
 181   0.501841200691546873579909264624  -0.251672592174912462655479438928
 182   0.782056113699105197579428065579  -0.249086196909069081798229501456
 183   0.363957856767546907504739965066  -0.248743999883349491521651813492
 184   0.644172769775105231504258766020  -0.246157604617506110664401876020
 185   0.226074512843546941429570665507  -0.245815407591786520387824188057
 186   0.088191168919546975354401365948  -0.242886815300223549253996562622
 187  -0.885088569113610507334630479386  -0.240945589550084052074104726125
 188  -0.049692175004452990720767933610  -0.239958223008660578120168937187
 189  -0.187575518928452956795937233169  -0.237029630717097606986341311751
 190  -0.325458862852452922871106532728  -0.234101038425534635852513686316
 191  -0.463342206776452888946275832286  -0.231172446133971664718686060881
 192  -0.601225550700452855021445131845  -0.228243853842408693584858435446
 193  -0.739108894621709839772962131961  -0.225315261555838645717063841042
 194   0.571628284427487128800882835851  -0.213333395455050382985315123028
 195   0.851843197435045452800401636805  -0.210747000189207002128065185556
 196   0.433744940503487162725713536292  -0.210404803163487411851487497593
 197   0.713959853511045486725232337247  -0.207818407897644030994237560121
 198   0.295861596579487196650544236733  -0.207476210871924440717659872158
 199   0.157978252655487230575374937175  -0.204547618580361469583832246722
 200   0.020094908731487264500205637616  -0.201619026288798498450004621287
 201  -0.117788435192512701574963661943  -0.198690433997235527316176995852
 202  -0.255671779116512667650132961501  -0.195761841705672556182349370417
 203  -0.393555123040512633725302261060  -0.192833249414109585048521744981
 204  -0.531438466964512599800471560619  -0.189904657122546613914694119546
 205  -0.669321810888512565875640860177  -0.186976064830983642780866494111
 206  -0.942121896309670794406538612505  -0.185381836523146156327116662716
 207  -0.808523036345847283921416760168  -0.184101229383301545456773818577
 208   0.942521502381692364665424772694  -0.183339331205778233491876608223
 209   0.503532024239427417946687107518  -0.172065606443625332181323181694
 210   0.783746937246985741946205908473  -0.169479211177781951324073244222
 211   0.365648680315427451871517807960  -0.169137014152062361047495556258
 212   0.645863593322985775871036608914  -0.166550618886218980190245618786
 213   0.227765336391427485796348508401  -0.166208421860499389913667930823
 214   0.089881992467427519721179208842  -0.163279829568936418779840305388
 215  -0.048001351456572446353990090716  -0.160351237277373447646012679952
 216  -0.185884695380572412429159390275  -0.157422644985810476512185054517
 217  -0.323768039304572378504328689834  -0.154494052694247505378357429082
 218  -0.461651383228572344579497989392  -0.151565460402684534244529803647
 219  -0.599534727152572310654667288951  -0.148636868111121563110702178211
 220  -0.737418071079524784455541412669  -0.145708275824430545118280224907
 221  -0.876649565688121746731965587948  -0.140066221284312743445566650506
 222   0.878663994829651855367008726286  -0.135775166220649886758533664953
 223   0.573319107975367673167660678745  -0.133726409723763252511158865794
 224   0.435435764051367707092491379186  -0.130797817432200281377331240359
 225   0.715658720208985196305499028850  -0.128198153026644978050568956044
 226   0.297552420127367741017322079627  -0.127869225140637310243503614924
 227   0.159669076203367774942152780069  -0.124940632849074339109675989488
 228   0.021785732279367808866983480510  -0.122012040557511367975848364053
 229  -0.116097611644632157208185819049  -0.119083448265948396842020738618
 230  -0.253980955568632123283355118607  -0.116154855974385425708193113182
 231  -0.391864299492632089358524418166  -0.113226263682822454574365487747
 232  -0.529747643416632055433693717725  -0.110297671391259483440537862312
 233  -0.667630987346327510558446747228  -0.107369079099575542181670396830
 234  -0.954242343092245246925491302744  -0.106684785553734343550557703839
 235  -0.805473092271457259357119977105  -0.104372514647732203325202895973
 236   0.954542096824857326575300337885  -0.103935946692067496265741395659
 237   0.810567734641592144512812997953  -0.094507377209224835954541723619
 238   0.505222847787307962313464950412  -0.092458620712338201707166924459
 239   0.367339503863307996238295650853  -0.089530028420775230573339299024
 240   0.647554416870866320237814451808  -0.086943633154931849716089361552
 241   0.229456159939308030163126351295  -0.086601436129212259439511673589
 242   0.091572816015308064087957051736  -0.083672843837649288305684048154
 243  -0.046310527908691901987212247823  -0.080744251546086317171856422718
 244  -0.184193871832691868062381547381  -0.077815659254523346038028797283
 245  -0.322077215756691834137550846940  -0.074887066962960374904201171848
 246  -0.459960559680691800212720146498  -0.071958474671397403770373546413
 247  -0.597843903604691766287889446057  -0.069029882379834432636545920977
 248  -0.736833515722969215023312833353  -0.064014868622032559827598514467
 249  -0.888770012470696199250918278188  -0.061369170314900930669007691629
 250   0.890219230412012106719569984101  -0.056993140401764170053517582403
 251   0.575009931523248217534438521638  -0.054119423992476122037002608560
 252   0.742495338643833784175639770562  -0.053200235397961838517005194986
 253   0.437126587599248251459269222080  -0.051190831700913150903174983125
 254   0.299243243675248285384099922521  -0.048262239409350179769347357689
 255   0.161359899751248319308930622962  -0.045333647117787208635519732254
 256   0.023476555827248353233761323404  -0.042405054826224237501692106819
 257  -0.114406788096751612841407976155  -0.039476462534661266367864481384
 258  -0.252290132020751578916577275714  -0.036547870243098295234036855948
 259  -0.390173475944751544991746575272  -0.033619277951535324100209230513
 260  -0.528056819868751511066915874831  -0.030690685659972352966381605078
 261  -0.665940163792751477142085174390  -0.027762093368409381832553979643
 262  -0.817593539054031711876072667345  -0.025675463678320390548643937096
 263  -0.959856708821426572157301462363  -0.023973286029403990514360698016
 264   0.960006314147952361940543555327  -0.018653943681902090383353266503
 265   0.822122970223952395865374255769  -0.015725351390339119249525641068
 266   0.506913671335188506680242793306  -0.012851634981051071233010667225
 267   0.674375239825484515121731760790  -0.011971808330345607944353800629
 268   0.369030327411188540605073493747  -0.009923042689488100099183041790
 269   0.231146983487188574529904194189  -0.006994450397925128965355416355
 270   0.093263639563188608454734894630  -0.004065858106362157831527790919
 271  -0.044619704360811357620434404929  -0.001137265814799186697700165484
 272  -0.182503048284811323695603704487   0.001791326476763784436127459951
 273  -0.320386392208811289770773004046   0.004719918768326755569955085386
 274  -0.458269736132811255845942303605   0.007648511059889726703782710822
 275  -0.596153080056811221921111603163   0.010577103351452697837610336257
 276  -0.747344801930445537466682731267   0.014913224752607741115218867210
 277  -0.891959725369938142817767344734   0.018191855276225216488629465320
 278   0.891910053959892651086347826995   0.022613845329522960420638674832
 279   0.576700755071128761901216364532   0.025487561738811008437153648674
 280   0.744265082026904841346682240377   0.026405034966816750986674249873
 281   0.438817411147128795826047064974   0.028416154030373979570981274110
 282   0.300934067223128829750877765415   0.031344746321936950704808899545
 283   0.163050723299128863675708465856   0.034273338613499921838636524980
 284   0.025167379375128897600539166298   0.037201930905062892972464150415
 285  -0.112715964548871068474630133261   0.040130523196625864106291775851
 286  -0.250599308472871034549799432820   0.043059115488188835240119401286
 287  -0.388482652396871000624968732378   0.045987707779751806373947026721
 288  -0.526365996320870966700138031937   0.048916300071314777507774652157
 289  -0.664249340244870932775307331495   0.051844892362877748641602277592
 290  -0.816746916568321025088732399529   0.053944975229400466079760487347
 291  -0.958154852461124206028982884554   0.062444947946378170001745959427
 292   0.647035590632614505309468305574   0.062812378791680545426219009897
 293   0.814693874252571841879625607137   0.063552259538216474819007153888
 294   0.508604494883069051047020636200   0.066755350750236059241145590009
 295   0.957598667002566976203084423225   0.069238849218631468667264829917
 296   0.370721150959069084971851336641   0.069683943041799030374973215444
 297   0.232837807035069118896682037083   0.072612535333362001508800840879
 298   0.094954463111069152821512737524   0.075541127624924972642628466315
 299  -0.042928880812930813253656562035   0.078469719916487943776456091750
 300  -0.180812224736930779328825861593   0.081398312208050914910283717185
 301  -0.318695568660930745403995161152   0.084326904499613886044111342621
 302  -0.456578912584930711479164460711   0.087255496791176857177938968056
 303  -0.594462256508930677554333760270   0.090184089082739828311766593493
 304  -0.732345600432930643629503059827   0.093112681374302799445594218928
 305  -0.883491323427097383740584521429   0.097365191886639148165161839012
 306   0.716822674368554760530441876800   0.101151575511542625096383325797
 307   0.884480957988512097100599178363   0.101891456258078554489171469787
 308   0.578391578619009306267994207426   0.105094547470098138911309905908
 309   0.440508234695009340192824907868   0.108023139761661110045137531344
 310   0.302624890771009374117655608309   0.110951732053224081178965156779
 311   0.164741546847009408042486308750   0.113880324344787052312792782214
 312   0.026858202923009441967317009192   0.116808916636350023446620407649
 313  -0.111025141000990524107852290367   0.119737508927912994580448033085
 314  -0.248908484924990490183021589926   0.122666101219475965714275658520
 315  -0.386791828848990456258190889484   0.125594693511038936848103283955
 316  -0.524675172772990422333360189043   0.128523285802601907981930909391
 317  -0.662558516696990388408529488601   0.131451878094164879115758534828
 318  -0.801747715070806131251552728090   0.132144431851095524410135839066
 319   0.787251466557151594612374612148   0.138298800069332426475080742502
 320  -0.949686450518283446951800061248   0.141618284556792101678278333120
 321   0.648726414180495049676246148467   0.142419364522967675900375267131
 322   0.510295318430949595413798479094   0.146362336481523189715301847243
 323   0.948524019794510914636366828650   0.149205484790897820381261194631
 324   0.372411974506949629338629179535   0.149290928773086160849129472678
 325   0.234528630582949663263459879976   0.152219521064649131982957098114
 326   0.096645286658949697188290580418   0.155148113356212103116784723549
 327  -0.041238057265050268886878719141   0.158076705647775074250612348984
 328  -0.179121401189050234962048018700   0.161005297939338045384439974419
 329  -0.317004745113050201037217318258   0.163933890230901016518267599855
 330  -0.454888089037050167112386617817   0.166862482522463987652095225291
 331  -0.592771432961050133187555917375   0.169791074814026958785922850727
 332  -0.730654776885050099262725216934   0.172719667105589929919750476163
 333  -0.868492121929582489903404849989   0.175564648508334206495537190731
 334   0.857038550293091849833348183374   0.176637996789194506145245058402
 335   0.718513497916435304897219719694   0.180758561242829755570539583031
 336   0.580082402166889850634772050320   0.184701533201385269385466163143
 337   0.442199058242889884559602750761   0.187630125492948240519293788578
 338   0.304315714318889918484433451203   0.190558717784511211653121414013
 339   0.166432370394889952409264151644   0.193487310076074182786949039448
 340   0.028549026470889986334094852085   0.196415902367637153920776664884
 341  -0.109334317453109979741074447473   0.199344494659200125054604290319
 342  -0.247217661377109945816243747032   0.202273086950763096188431915754
 343  -0.385101005301109911891413046590   0.205201679242326067322259541190
 344  -0.522984349225109877966582346148   0.208130271533889038456087166626
 345  -0.660867693149109844041751645706   0.211058863825452009589914792062
 346  -0.798751037073109810116920945267   0.213987456117014980723742417501
 347   0.788942290105032138979152455042   0.217905785800619556949236999736
 348  -0.934687249020768553114620389808   0.219817741178487160008653684838
 349   0.650417237728375594043023991361   0.222026350254254806374531524366
 350   0.511986141978830139780576321988   0.225969322212810320189458104477
 351   0.932900176716107985477963509079   0.227282540248649690066165872072
 352   0.374102798054830173705407022429   0.228897914504373291323285729913
 353   0.236219454130830207630237722870   0.231826506795936262457113355348
 354   0.098336110206830241555068423312   0.234755099087499233590940980783
 355  -0.039547233717169724520100876247   0.237683691379062204724768606218
 356  -0.177430577641169690595270175806   0.240612283670625175858596231654
 357  -0.315313921565169656670439475364   0.243540875962188146992423857089
 358  -0.453197265489169622745608774922   0.246469468253751118126251482526
 359  -0.591080609413169588820778074480   0.249398060545314089260079107962
 360  -0.728963953337169554895947374039   0.252326652836877060393906733397
 361   0.858729373840972394200126026268   0.256244982520481636619401315636
 362   0.720204321464315849263997562588   0.260365546974116886044695840265
 363   0.581773225714770395001549893214   0.264308518932672399859622420377
 364   0.443889881790770428926380593655   0.267237111224235370993450045812
 365   0.306006537866770462851211294097   0.270165703515798342127277671247
 366  -0.873255007294175300308222238323   0.270475521804338061771500710542
 367   0.168123193942770496776041994538   0.273094295807361313261105296682
 368   0.030239850018770530700872694979   0.276022888098924284394932922118
 369  -0.107643493905229435374296604579   0.278951480390487255528760547553
 370  -0.245526837829229401449465904138   0.281880072682050226662588172989
 371  -0.383410181753229367524635203696   0.284808664973613197796415798425
 372  -0.521293525677229333599804503254   0.287737257265176168930243423861
 373  -0.659176869601229299674973802812   0.290665849556739140064071049297
 374  -0.797060213525229265750143102368   0.293594441848302111197898674737
 375   0.790633113652912683345930297936   0.297512771531906687423393256971
 376   0.652108061276256138409801834255   0.301633335985541936848687781600
 377   0.513676965526710684147354164882   0.305576307944097450663614361711
 378   0.375793621602710718072184865323   0.308504900235660421797441987147
 379   0.237910277678710751997015565764   0.311433492527223392931269612582
 380   0.100026933754710785921846266206   0.314362084818786364065097238017
 381  -0.037856410169289180153323033353   0.317290677110349335198924863452
 382  -0.175739754093289146228492332911   0.320219269401912306332752488888
 383   0.904899872822666674659030101754   0.321117288516744691844938778354
 384  -0.313623098017289112303661632469   0.323147861693475277466580114325
 385  -0.451506441941289078378830932028   0.326076453985038248600407739761
 386  -0.589389785865289044454000231586   0.329005046276601219734235365196
 387  -0.727273129789289010529169531142   0.331933638568164190868062990636
 388   0.721895145012196393630775405481   0.339972532705404016518852097499
 389   0.583464049262650939368327736108   0.343915504663959530333778677611
 390   0.445580705338650973293158436549   0.346844096955522501467606303046
 391  -0.895298350272292521097301180697   0.346988410207799281217350721119
 392   0.307697361414651007217989136990   0.349772689247085472601433928481
 393   0.169814017490651041142819837432   0.352701281538648443735261553917
 394   0.031930673566651075067650537873   0.355629873830211414869089179352
 395  -0.105952670357348891007518761685   0.358558466121774386002916804788
 396  -0.243836014281348857082688061243   0.361487058413337357136744430224
 397  -0.381719358205348823157857360801   0.364415650704900328270572055660
 398  -0.519602702129348789233026660360   0.367344242996463299404399681096
 399  -0.657486046053348755308195959916   0.370272835288026270538227306536
 400  -0.797073175095537103651314547857   0.374828994329714150556410107352
 401   0.792323937200793227712708140830   0.377119757263193817897549514205
 402   0.653798884824136682776579677149   0.381240321716829067322844038834
 403   0.515367789074591228514132007775   0.385183293675384581137770618946
 404   0.377484445150591262438962708217   0.388111885966947552271598244381
 405   0.239601101226591296363793408658   0.391040478258510523405425869816
 406   0.101717757302591330288624109099   0.393969070550073494539253495251
 407   0.875182251651672922267353765344   0.394988758337161315634960019467
 408  -0.036165586621408635786545190459   0.396897662841636465673081120687
 409  -0.174048930545408601861714490017   0.399826255133199436806908746123
 410  -0.311932274469408567936883789575   0.402754847424762407940736371560
 411  -0.449815618393408534012053089134   0.405683439716325379074563996995
 412  -0.587698962317408500087222388689   0.408612032007888350208391622435
 413  -0.725582306241408466162391688248   0.411540624299451321342219247870
 414  -0.863470187741471443968846926716   0.419975389398632062151344819020
 415   0.726341666427716343751188431409   0.421689601385871475796409252359
 416   0.586094094658991235748489526726   0.423501095572344036422550564017
 417   0.447271528886531517659936279443   0.426451082686809631941762560280
 418   0.309388184962531551584766979884   0.429379674978372603075590185716
 419   0.171504841038531585509597680326   0.432308267269935574209417811151
 420   0.033621497114531619434428380767   0.435236859561498545343245436587
 421  -0.104261846809468346640740918791   0.438165451853061516477073062023
 422  -0.242145190733468312715910218349   0.441094044144624487610900687459
 423  -0.380028534657468278791079517907   0.444022636436187458744728312895
 424  -0.517911878581468244866248817463   0.446951228727750429878555938335
 425  -0.655795222505468210941418117022   0.449879821019313401012383563770
 426   0.819542614743107675526530910934   0.451948058422173281059843341966
 427  -0.792107680121532430222033350005   0.455295689053158867121175562127
 428   0.656984690241473886102808080161   0.460801503868266994953173095990
 429   0.517058612622471772880909850669   0.464790279406671711611926876180
 430   0.379175268698471806805740551111   0.467718871698234682745754501615
 431   0.241291924774471840730571251552   0.470647463989797653879582127050
 432   0.103408580850471874655401951994   0.473576056281360625013409752486
 433  -0.034474763073528091419767347564   0.476504648572923596147237377922
 434  -0.172358106997528057494936647122   0.479433240864486567281065003359
 435  -0.310241450921528023570105946681   0.482361833156049538414892628794
 436  -0.448124794845527989645275246237   0.485290425447612509548720254234
 437  -0.586858383097763028832198083328   0.489804124643873585811325166234
 438  -0.722320596385592175001059778779   0.493634885773020946791339878027
 439   0.726552427836137455199946127092   0.501314262396893309147252069158
 440   0.586845696358412028101883421896   0.503129476126533791282091192079
 441   0.448962352434412062026714122337   0.506058068418096762415918817514
 442   0.311079008510412095951544822778   0.508986660709659733549746442950
 443   0.173195664586412129876375523220   0.511915253001222704683574068386
 444   0.035312320662412163801206223662   0.514843845292785675817401693822
 445  -0.102571023261587802273963075896   0.517772437584348646951229319258
 446  -0.240454367185587768349132375455   0.520701029875911618085056944694
 447  -0.378337711109587734424301675011   0.523629622167474589218884570134
 448  -0.516221055033587700499470974569   0.526558214459037560352712195569
 449   0.801060279225244871853072961615   0.529398263943505290161400833226
 450  -0.797506105413976111431606527635   0.534737416538488165529131121157
 451  -0.656221254908998372159225208466   0.538030922959374261300701373957
 452   0.657195451649894997551565775842   0.540426164879288828304015912789
 453   0.518749436170352317247687693563   0.544397265137958842086083133414
 454   0.380866092246352351172518394004   0.547325857429521813219910758849
 455   0.242982748322352385097349094446   0.550254449721084784353738384285
 456   0.105099404398352419022179794888   0.553183042012647755487566009721
 457  -0.032783939525647547052989504670   0.556111634304210726621393635158
 458  -0.170667283449647513128158804228   0.559040226595773697755221260593
 459  -0.308550627373647479203328103784   0.561968818887336668889048886033
 460  -0.446433971297647445278497403343   0.564897411178899640022876511468
 461  -0.583157332502677303704336875815   0.569682057284932235982019998635
 462  -0.727719021678035856210632956408   0.573076613258350245199295437057
 463   0.589394311967793056524682187746   0.583331568925694286940929332481
 464   0.449479801130153769837227192233   0.587727466490305152488606397838
 465   0.312769832058292640318322665672   0.588593646440946864023902700184
 466   0.174886488134292674243153366114   0.591522238732509835157730325621
 467   0.754442552081971587967490802005   0.593949937643625114779656316924
 468   0.037003144210292708167984066556   0.594450831024072806291557951057
 469  -0.100880199713707257907185233002   0.597379423315635777425385576492
 470  -0.238763543637707223982354532558   0.600308015607198748559213201932
 471  -0.376646887561707190057523832117   0.603236607898761719693040827368
 472  -0.513370248766737048483363304589   0.608021254004794315652184314534
 473   0.678289557738944153834556379782   0.617206173669307597403654113369
 474   0.520360018800473935326117231659   0.624005914699944069057661684659
 475   0.244673571870232929464126937341   0.629861435452371914827894641520
 476   0.106790227946232963388957637783   0.632790027743934885961722266956
 477  -0.628577588725939139079358672390   0.635081838523898660017221309702
 478  -0.031093115977767002686211661776   0.635718620035497857095549892392
 479  -0.168976459901766968761380961332   0.638647212327060828229377517832
 480   0.388518831411266384730702768924   0.638951398713674293463136186898
 481  -0.306859803825766934836550260890   0.641575804618623799363205143267
 482  -0.706810173919695423514757996337   0.649907278665529704311155767214
 483  -0.453473298236732015641949536721   0.664794429633115318020469647862
 484   0.588649298142282295310972248733   0.664953507895001163928066762519
 485   0.314460655606173184685100508568   0.668200632172233994498058957419
 486   0.176577311682173218609931209009   0.671129224463796965631886582856
 487  -0.558790504989998883858385101164   0.673421035243760739687385625602
 488   0.038693967758173252534761909450   0.674057816755359936765714208291
 489   0.460481082865027238758240931508   0.676490618116559565680114942681
 490  -0.099189376165826713540407390105   0.676986409046922907899541833731
 491  -0.237072720089826679615576689664   0.679915001338485879033369459167
 492  -0.374956064013826645690745989223   0.682843593630048850167197084602
 493   0.662301884658348962865978822789   0.695209541359167193717169048480
 494   0.246364395418113473830904780236   0.709468421183659045302050898754
 495   0.108481051494113507755735480677   0.712397013475222016435878524191
 496  -0.641234821645529308603316010492   0.714596218183218800078274818860
 497  -0.029402292429886458319433818879   0.715325605766784987569706149631
 498   0.528770362206835598743095948583   0.717438211311616660550520020542
 499  -0.167285636353886424394603118438   0.718254198058347958703533775066
 500   0.392815189127193044001812220515   0.718460343945441879768229327900
 501  -0.504724273169058055954637189019   0.731875920738265863963640496433
 502  -0.316179390611518030868540762651   0.736683163765806035598651273039
 503  -0.426018540952914664756926274425   0.743939866105024967863795075452
 504   0.602422948722902266298102522638   0.747694244775782690339622306503
 505   0.318757013322099843956209960158   0.747709577404001580803152098421
 506   0.178268135230053762976709051903   0.750736210195084096106042840090
 507   0.040384791306053796901539752347   0.753664802486647067239870465530
 508  -0.097498552617946169173629547212   0.756593394778210038373698090965
 509  -0.239696667070103918590771777378   0.759496694985555957569804520578
 510   0.463327094272287072041902004502   0.762795787784994432400529183169
 511  -0.579852889356637980188286902128   0.765325874241994948554653169639
 512   0.248055218965994018197682623130   0.789075406914946175776207155988
 513   0.110171875041994052122513323573   0.792003999206509146910034781429
 514  -0.028724679717202165201071561480   0.796829779323942325823673767124
 515   0.535350808841144752613557029546   0.797056440106056799397832307464
 516  -0.169909583334163663369798206152   0.797835891705418037239968836478
 517   0.391947009045438650241650127121   0.798080550707526246219016565830
 518  -0.375045132720132407340877327496   0.805110469458478545843176008144
 519  -0.514131517746474481123154285381   0.810943201018746546520148010057
 520  -0.296124220352362996870972303122   0.815675537017670083912176107876
 521   0.317888833240345450196047866764   0.827329784166085947253939336351
 522   0.179958958777934307343486894800   0.830343195926371226580199097328
 523   0.042075614853934341268317595241   0.833271788217934197714026722764
 524  -0.100122499598223408148824634925   0.836175088425280116910133152377
 525   0.460818823030315618668879192199   0.842381211305059456439689413250
 526  -0.445172922774117966674794812429   0.850753290706285646402614741700
 527  -0.226337136616422741649998731896   0.854014733737532163582340423776
 528   0.111244134675677038349326050189   0.873773034510649917706911100165
 529   0.389438737803467196868627314818   0.877665974227591270258176795911
 530  -0.034102252394684271115219279437   0.880688659621882652535239616811
 531   0.239294249859759167935606939611   0.883441729745362267566309878154
 532  -0.373152964628453526496715567623   0.884712923952069712000770639544
 533  -0.155764678501564526118813974341   0.893131905298943279524993039765
 534  -0.294269243463268235338744243476   0.895552185763868441206866154594
 535   0.315380561998373996823025054461   0.906915207686150971293099566432
 536   0.038748594604031083763989298907   0.912827190283087220262561138549
 537  -0.224330701376560864393519408443   0.933614390012667300311881209893
 538   0.185456575274850929219961551327   0.942107186845609476371371724122
 539   0.106760486078474274293488745318   0.954233876694341886052432085856
 540  -0.104950284306455475463000150510   0.954434665465802713970501842727
 541  -0.025509612888234841407959141616   0.959848609140585761925718319645
