   1   0.051591563772960098500116450120  -0.958184014480865911062426339313
   2  -0.084765054109127802541440482369  -0.955820684365579263026350484090
   3   0.132075902248398921699256925483  -0.950438978106684677355865715946
   4  -0.166948836099261319109298145212  -0.944937236637603166160815913988
   5   0.226606838629892802154765508315  -0.932431035382978544298664999502
   6  -0.256181808631495314370323432890  -0.924742193327245503593921604467
   7  -0.015833757082342273310326224253  -0.913557335959762421448728223425
   8   0.304301765908814204366793272105  -0.910043257391638995963264662894
   9  -0.334486673734850522970689460868  -0.899386991318533203565824053764
  10   0.085477640600043965377814941956  -0.883791800453067825797793171226
  11  -0.116742948820650498832151110794  -0.881556772685105810610714134502
  12   0.382119629771796900655009102441  -0.880204376381765452564335152347
  13   0.167181175999192283427803821006  -0.877601253793330055068640793852
  14  -0.196734984346462489541589771053  -0.869767430858539541198682696047
  15  -0.273952228738947272523666972805  -0.845783863636425357858614333690
  16  -0.458476502714513676509474891982  -0.842957645150618582486829231956
  17   0.017465954751847757308540569070  -0.839876649752138805605755181083
  18  -0.378433875064514904369535152357  -0.831516837174341533444082911042
  19   0.318388194666906944764568866664  -0.830423618777101374325573708743
  20   0.231451649286682517770485250415  -0.825823419540841621657409212326
  21  -0.061423158465144676893010010765  -0.822149576725988184939926337049
  22   0.437007509228917762908650031124  -0.820827915583320621814553864375
  23   0.516912481184251587566346113379  -0.808440871340806547118339204401
  24  -0.140260967449897702975135385592  -0.804196465498404606537139899414
  25  -0.527848962626616298405440844855  -0.801336141482796918988795951092
  26   0.151221001582322820993730799033  -0.798335957724687896609909905483
  27  -0.219124428171368867520368622394  -0.786356373253705664579615373735
  28   0.072353135477243414762569830059  -0.780503998469884718139462606766
  29   0.373269898117409560678195901821  -0.771045904484300562868716170229
  30  -0.297991846170938947125893886719  -0.768533783477035105485225849554
  31  -0.006515803277923922516275113633  -0.762658843450302737037806886579
  32  -0.456893973887844321185206206179  -0.762116999861388282948402428857
  33   0.284966165754296601452591070992  -0.756798335676586027110576892648
  34  -0.376851346237845549045266466555  -0.750676191885111233905656107943
  35   0.602232908382151406058754175100  -0.747056771015953575032877727965
  36  -0.602548252305245832675067566426  -0.746802449582954617178840168365
  37  -0.085379263999395087061508350435  -0.744818751205603795080282360900
  38   0.206102705032825436907357834190  -0.738958243431887085153052366969
  39   0.442863403909924313607059302675  -0.729882106314384220254115699108
  40   0.523693727709910695285275430217  -0.727839293876653430124772165648
  41  -0.164242724720866251606741587237  -0.726978658960904853122757835221
  42   0.127229360894049857942585158326  -0.721121221402200867538473873744
  43  -0.526136305983820518941994966335  -0.720365188233903937355748158367
  44  -0.243106185442337416151974824039  -0.709138566716205911165233309542
  45   0.048365900172578693397351921524  -0.703281129157501925580949348065
  46   0.339847869204799217366218106149  -0.697420621383785215653719354135
  47   0.662988055844152430949915810852  -0.693703923058821024878554998745
  48  -0.663280869478325930091042389152  -0.693423956352305169188141155112
  49  -0.321969646163808580697208060841  -0.691298474471506969207708783863
  50  -0.030497560548892471147881315278  -0.685441036912802983623424822386
  51   0.260984408483328052820984869347  -0.679580529139086273696194828456
  52  -0.404544756939135421101320971715  -0.674516609348618352306814859196
  53  -0.109361021270363635693114552080  -0.667600944668104041665900296707
  54   0.573403138037303871225778461172  -0.664068698355133881033574925227
  55   0.182111064344552473856212193483  -0.661743507109400056081616335231
  56   0.474664344708471386036542822242  -0.655542248279856761291926423289
  57  -0.483943178617843450067196632693  -0.651390886270456496604109113601
  58  -0.188224481991834800238347788882  -0.649760852423405099708375771028
  59  -0.564648222875412536364706771397  -0.646450222382859248314817494995
  60   0.103247603623081309310978956681  -0.643903414864701114124091809552
  61   0.395519760859142532000258442195  -0.638569252533725032094847391484
  62   0.719035852431985550645483826039  -0.635425635284425365206343999477
  63  -0.720807252398847190440736948158  -0.633415503400755311826993738386
  64  -0.267087942713305964783581025684  -0.631920760178706157750851245349
  65   0.024384142901610144765745719879  -0.626063322620002172166567283873
  66   0.315866111933830668734611904504  -0.620202814846285462239337289942
  67   0.638818584627799274499776734826  -0.616544665743912473598411352563
  68  -0.641978066865043641086865830174  -0.615424565783622353453684538767
  69  -0.345951403434777129328814262486  -0.614080667934007215793326719671
  70  -0.054479317819861019779487516923  -0.608223230375303230209042758194
  71   0.236992767795055089769839228640  -0.602365792816599244624758796717
  72  -0.424814864156248293874047499288  -0.596240575689308273835802193992
  73   0.529530598280429454441161337783  -0.596150257681426816038633809460
  74  -0.133342778541332184324720753725  -0.590383138130604288251518232515
  75   0.158129307073583925224605991838  -0.584525700571900302667234271038
  76   0.450662498854883542999965251687  -0.578330683576847403271086719498
  77  -0.507924935888811998698802834338  -0.574173079732956743189727049409
  78   0.769978347319934923231704290257  -0.572635695462367528266949367030
  79  -0.212206239262803348869953990527  -0.572543045885905346293993706836
  80   0.079265846352112760679372755036  -0.566685608327201360709709745359
  81   0.371368047501779240139177407155  -0.561404434966584033537854227239
  82  -0.586788396610283163244036071140  -0.556332987488257801232202523730
  83  -0.744789009669815739072343149803  -0.556197696863255558412611674193
  84   0.691099324861481628184288618990  -0.554864534997580395959909134530
  85  -0.291069699984274513415187227329  -0.554702953641206404336469181157
  86   0.000402385630641596134139518234  -0.548845516082502418752185219680
  87   0.594946044870924857715159611438  -0.548626225070205408603470236796
  88   0.291874471245557705683466263797  -0.542988078523798433167901258203
  89  -0.665959824136012189718472031819  -0.538206759246122600039302474574
  90  -0.369933160705745677960420464131  -0.536862861396507462378944655478
  91  -0.078461075090829568411093718568  -0.531005423837803476794660694001
  92   0.213011010524086541138233026995  -0.525147986279099491210376732524
  93  -0.448796621427216842505653700933  -0.519022769151808520421420129799
  94   0.506286269914412414256792094992  -0.518707275255133547013836284087
  95  -0.157324535812300732956326955370  -0.513165331593104534837136168322
  96  -0.812018673118448137945190637305  -0.511276803274080227637508703001
  97   0.134147549802615376592999790193  -0.507307894034400549252852206845
  98   0.815453838369132072743540281868  -0.505779925015077172891567988156
  99   0.425619635417531486142326535756  -0.501450456475696563668568245368
 100  -0.531906693159780547330409035983  -0.496955273195456989775344985216
 101  -0.236187996533771897501560192172  -0.495325239348405592879611642643
 102   0.055284089081144212047766553391  -0.489467801789701607295327681166
 103   0.736574815910678777696124610601  -0.488008764550290040584527755655
 104   0.647226785104607211399671495601  -0.486946094323873330964968018763
 105   0.346756174696060321597093298954  -0.483610364230997621711043719689
 106  -0.610770153881251711875642272785  -0.479115180950758047817820459537
 107  -0.315051457255243062046793428974  -0.477485147103706650922087116964
 108  -0.023579371640326952497466683411  -0.471627709545002665337803155487
 109   0.568771011990810733002977851261  -0.467390890582084238087759072895
 110   0.267892713974589157051860062152  -0.465770271986298679753519194011
 111  -0.690837144478977572968764241376  -0.461272805358259321880606571762
 112  -0.393914917976714226592026665776  -0.459645054859007708964562591285
 113  -0.102442832361798117042699920213  -0.453787617300303723380278629808
 114   0.189029253253117992506626825350  -0.447930179741599737795994668332
 115  -0.769488048689297556938393622806  -0.442510093930583702276250589000
 116   0.480501338868034102055953570913  -0.442072742182895752211710706855
 117  -0.472778378698185391137259902578  -0.441804962614308767007038065606
 118  -0.852179240825903007172197458133  -0.441099576699632832652390917241
 119  -0.181306293083269281587933157015  -0.435947525055604781422754104130
 120   0.110165792531646827961393588548  -0.430090087496900795838470142653
 121   0.791645881936722918154223569776  -0.428508354959985759169491380246
 122   0.401637878146562937510720334111  -0.424232649938196810254186181176
 123   0.692702276153804360911507487212  -0.420090323876582975589586639888
 124  -0.555888450430749095962015237628  -0.419737466657957236360962921023
 125  -0.260169753804740446133166393817  -0.418107432810905839465229578451
 126   0.031302331810175663416160351746  -0.412249995252201853880945616974
 127   0.322774417425091772965487097309  -0.406392557693497868296661655497
 128   0.869360739009950596814164887501  -0.406189857735616320226574939137
 129  -0.635142132924982780916325438018  -0.402019649525400286606440671974
 130   0.614246503040007882514813842872  -0.400535120134793882712377694020
 131  -0.339033214526211610678399630619  -0.400267340566206897507705052772
 132  -0.047561128911295501129072885056  -0.394409903007502911923421091295
 133   0.243910956703620608420253860507  -0.388552465448798926339137129818
 134  -0.713914091922198568619032904597  -0.383779780994970928809634277730
 135   0.535383042318536717969580606070  -0.382695027890094940754853168341
 136  -0.417896675247682775223632867421  -0.382427248321507955550180527093
 137  -0.126424589632766665674306121858  -0.376569810762803969965896565616
 138  -0.809648616396752426165400443634  -0.372332867356136307291132803240
 139   0.165047495982149443875020623705  -0.370712373204099984381612604139
 140   0.456519581597065553424347369268  -0.364854935645395998797328642662
 141  -0.496760135969153939768866104223  -0.364587156076809013592656001414
 142   0.747583979604306976825134522369  -0.360712609583782164132729101374
 143  -0.889537415831869072608824427819  -0.359863141894759914233521321157
 144  -0.205288050354237830219539358660  -0.358729718518105028008372039937
 145   0.086184035260678279329787386903  -0.352872280959401042424088078460
 146   0.377656120875594388879114132466  -0.347014843400697056839804116983
 147  -0.579870207701717644593621439273  -0.342519660120457482946580856831
 148   0.669128206490510498428440878029  -0.341157405841993071255520155506
 149  -0.284151511075708994764772595462  -0.340889626273406086050847514258
 150   0.825298836677534655485075840094  -0.338394112359412725189812660265
 151   0.007320574539207114784554150101  -0.335032188714702100466563552781
 152   0.298792660154123224333880895664  -0.329174751155998114882279591304
 153  -0.658733668423188809138854676075  -0.324679567875758540989056331152
 154   0.590264745769039333883207641227  -0.323317313597294129297995629827
 155  -0.363014971797180159310005832264  -0.323049534028707144093322988579
 156   0.904271968667985095417981825826  -0.321045949578147216153323750622
 157  -0.071542886182264049760679086701  -0.317192096470003158509039027102
 158  -0.754074659629653437846039725424  -0.313602554420523533824516491971
 159   0.219929199432652059788647658862  -0.311334658911299172924755065625
 160   0.511401285047568169337974404425  -0.305477221352595187340471104148
 161  -0.441878432518651323855239069066  -0.305209441784008202135798462900
 162  -0.150406346903735214305912323503  -0.299352004225304216551514501423
 163  -0.838793917086541163088270808403  -0.296912274836797182953690895394
 164   0.141065738711180895243414422060  -0.293494566666600230967230539946
 165   0.432537824326097004792741167623  -0.287637129107896245382946578470
 166  -0.520741893240122488400472305868  -0.287369349539309260178273937221
 167   0.724557377913801317355740018986  -0.282289831968141003534359571267
 168  -0.229269807625206378851145560305  -0.281511911980605274593989975744
 169  -0.917842366552329601856440010144  -0.279884861180670154265487492821
 170   0.062202277989709730698181185258  -0.275654474421901289009706014267
 171   0.353674363604625840247507930821  -0.269797036863197303425422052791
 172  -0.603851964972686193225227640918  -0.265301853582957729532198792638
 173   0.645146449219541949796834676384  -0.263939599304493317841138091314
 174  -0.308133268346677543396378797107  -0.263671819735906332636465450065
 175   0.849761452995196242802230679320  -0.261327292448628359487864167390
 176  -0.016661182731761433847052051544  -0.257814382177202347052181488588
 177  -0.698889427249004832361578938642  -0.254499589524456016078838430733
 178   0.274810902883154675702274694019  -0.251956944618498361467897527112
 179   0.566282988498070785251601439582  -0.246099507059794375883613565635
 180  -0.386996729068148707941612033909  -0.245831727491207390678940924386
 181   0.928409135871980156599162119811  -0.242558800064336464323415082953
 182  -0.095524643453232598392285288346  -0.239974289932503405094656962910
 183  -0.783219960319442174768910090194  -0.238181961901184409487074584125
 184   0.195947442161683511157041457217  -0.234116852373799419510373001433
 185   0.487419527776599620706368202780  -0.228259414815095433926089039956
 186  -0.465860189789619872486845270711  -0.227991635246508448721416398707
 187   0.778891613391515730255694948343  -0.222401977256391448341805078479
 188  -0.174388104174703762937518525148  -0.222134197687804463137132437231
 189  -0.862006040768884772748051835532  -0.219459633549220840870570431048
 190   0.117083981440212346611808220415  -0.216276760129100477552848475754
 191   0.408556067055128456161134965978  -0.210419322570396491968564514277
 192  -0.544723650511091037032078507514  -0.210151543001809506763891873028
 193   0.700028152670044565710461711541  -0.204561885011692506384280552800
 194  -0.253251564896174927482751761950  -0.204294105443105521179607911552
 195   0.038220520718741182066574983613  -0.198436667884401535595323950075
 196  -0.939358783271060933036726499416  -0.195916745968076035096544649642
 197  -0.643899089585234457805864249315  -0.195059828138545724620806241045
 198   0.329692606333657291615901729176  -0.192579230325697550011039988598
 199   0.621164691948573401165228474739  -0.186721792766993564426756027121
 200  -0.332115025617646092027984998752  -0.186454013198406579222083385873
 201  -0.040642940002729982478658253189  -0.180596575639702593637799424396
 202   0.849252105604321882856458143227  -0.180120905867289948904163079990
 203  -0.722769449149710700109788868240  -0.177250260192168602219270080427
 204   0.250829145612186127070668492374  -0.174739138080998608053515462919
 205   0.542301231227102236619995237937  -0.168881700522294622469231501442
 206  -0.410978486339117256573218235555  -0.168613920953707637264558860194
 207   0.945533702879914132367243194207  -0.163536882009551362142759768966
 208  -0.119506400724201147023891489991  -0.162756483395003651680274898717
 209  -0.801642478393053404334309848940  -0.159452519148845179572257587225
 210   0.171965684890714962525435255572  -0.156899045836299666095990937240
 211   0.463437770505631072074762001135  -0.151041608277595680511706975763
 212  -0.489841947060588421118451472357  -0.150773828709008695307034334515
 213   0.754909856120547181624088746698  -0.145184170718891694927423014286
 214  -0.198369861445672311569124726793  -0.144916391150304709722750373038
 215  -0.880293673296260276395518067876  -0.140698749699367619740695667219
 216   0.093102224169243797980202018770  -0.139058953591600724138466411561
 217  -0.569730673942679166926051879325  -0.133253746410242078458039662520
 218   0.384574309784159907529528764333  -0.133201516032896738554182450084
 219   0.676046395399076017078855509896  -0.127344078474192752969898488607
 220  -0.277233322167143476114357963595  -0.127076298905605767765225847359
 221   0.014238763447772633434968781968  -0.121218861346901782180941885882
 222   0.305710849062688742984295527531  -0.115361423788197796596657924405
 223  -0.648467436946110803368646636781  -0.114332852903146457029701189627
 224   0.597182934677604852533622273094  -0.109503986229493811012373962928
 225  -0.356096782888614640659591200398  -0.109236206660906825807701321680
 226   0.887855409077811439859118099542  -0.106871824413668565457399309939
 227  -0.953627659038500205544008254889  -0.106642313253031322318209052130
 228  -0.064624697273698531110264454834  -0.103378769102202840223417360203
 229   0.226847388341217578439062290729  -0.097521331543498854639133398726
 230  -0.727336896033535490342991842671  -0.096519297628484524201675338647
 231   0.518319473956133687988389036292  -0.091663893984794869054849437250
 232  -0.434960243610085805204824437200  -0.091396114416207883850176796001
 233   0.809791559571049797537715781855  -0.085806456426090883470565475773
 234  -0.143488157995169695655497691636  -0.085538676857503898265892834524
 235   0.147983927619746413893829053927  -0.079681239298799912681608873047
 236  -0.806206248629928983321255563578  -0.078705270871679888300785417569
 237   0.439456013234662523443155799490  -0.073823801740095927097324911571
 238  -0.513880589632247835012023580411  -0.073573712183329822554995509313
 239   0.730928098849578632992482545053  -0.067966364181391941513040950094
 240  -0.222351618716640860200730928439  -0.067698584612804956308368308845
 241   0.957332958173338422602765190968  -0.065512611414083693657886579626
 242   0.069120466898275249348595817125  -0.061841147054100970724084347369
 243  -0.885886189244097255419873426647  -0.060036254736469394479298893320
 244   0.360592552513191358897922562688  -0.055983709495396985139800385892
 245  -0.592746038187292217694507438923  -0.055742409581499512125846924388
 246   0.652064638128107468447249308251  -0.050126271936692999555516424415
 247  -0.301215079438112024745964165241  -0.049858492368106014350843783166
 248  -0.009742993823195915196637419677  -0.044001054809402028766559821690
 249   0.281729091791720194352689325886  -0.038143617250698043182275860213
 250  -0.672449337809674049397037758438  -0.037115090961760089618876307450
 251   0.573201177406636303902016071449  -0.032286179691994057597991898736
 252  -0.380078540159583189291197402043  -0.032018400123407072393319257487
 253  -0.088606454544667079741870656480  -0.026160962564703086809035296011
 254  -0.959220174986337184568363613660  -0.025979818290133097056812278231
 255   0.202865631070249029807456089084  -0.020303525005999101224751334534
 256  -0.751317483467659946824787004947  -0.019295721479729791331981609506
 257   0.884494912961231600321175714249  -0.018337665135663163531353266148
 258   0.494337716685165139356782834647  -0.014446087447295115640467373057
 259  -0.458998886181745219098396545254  -0.014195997890529011098137970800
 260   0.785809802300081248906109580210  -0.008588649888591130056183411580
 261  -0.167469915266138244287103893282  -0.008320870320004144851510770332
 262   0.124002170348777865262222852282  -0.002463432761300159267226808855
 263  -0.830176254526511865786814334286  -0.001434910877912988503339078848
 264   0.415474255963693974811549597845   0.003394004797403826317057152622
 265  -0.537870952874017420343232778664   0.003641421047108517595996130212
 266   0.706946341578610084360876343408   0.009251442356107811901341114099
 267  -0.246333375987609408832337130084   0.009519221924694797106013755347
 268   0.959449696970232530604403788192   0.015315810227886501322469106623
 269   0.045138709627306700716989615479   0.015376659483398782690297716824
 270   0.336610795242222810266316361043   0.021234097042102768274581678301
 271  -0.616734416833514274122200114634   0.021481512257937415133360206283
 272   0.628082880857138919815643106606   0.027091534600806753858865639778
 273  -0.325196836709080573377570366886   0.027359314169393739063538281026
 274  -0.033724751094164463828243621323   0.033216751728097724647822242503
 275   0.257747334520751645721083124241   0.039074189286801710232106203980
 276  -0.696431095110369023922065415989   0.040102715566507441815104010336
 277   0.549219420135667755270409869804   0.044931626845505695816390165457
 278  -0.404117182731242603184769510096   0.045181716402271800358719567714
 279  -0.930682344960432694552783790659   0.049672720237526215330584603391
 280   0.840691505750583864819736615367   0.050789064404209681400674126934
 281  -0.112588211815635628373476858125   0.051056843972796666605346768182
 282   0.178883873799280481175849887438   0.056914281531500652189630729659
 283  -0.775294555831951307042831990657   0.057942807810715175807057060017
 284   0.470355959414196590725176633002   0.062771719090204637773914691136
 285  -0.482989249423514804429605743507   0.063019135339909329052853668726
 286   0.761828045029112700274503378565   0.068629156648908623358198652613
 287  -0.191451672537106792918710094927   0.068896936217495608562871293861
 288   0.100020413077809316630616650636   0.074754373776199594147155255338
 289  -0.854158016553422471588065227459   0.075782900055414117764581585696
 290   0.391492498692725426179943396200   0.080611811334903579731439216815
 291  -0.561852713405870209923688799677   0.080859226571865955587435380290
 292   0.914934737862122752501416215141   0.082814941658370159179262587872
 293   0.682964584307641535729270141763   0.086469248893607565315723178292
 294  -0.270315133258577957463943331729   0.086737028462194550520395819540
 295   0.021156952356338152085383413834   0.092594466020898536104679781017
 296   0.312629037971254261634710159397   0.098451903579602521688963742494
 297  -0.640716174134209248647227772186   0.098699318786204946567340524069
 298   0.604101123586170371184036904961   0.104309341138306507273247703970
 299  -0.349235479280739987271142474935   0.104559430695072611815577106229
 300  -0.057706508365133012459849822968   0.110434558265597478062204306696
 301   0.233765577249783097089476922595   0.116291995824301463646488268173
 302  -0.720412852381818530418164456706   0.117320522103857822755944547100
 303   0.525237662864699206638803668159   0.122149433383005449230772229649
 304  -0.428107545973012188515978708350   0.122396849632710140509711207240
 305  -0.951005478981028020029538626137   0.127933084099747769579286893418
 306   0.816709748479615316188130413722   0.128006870941709434815056191126
 307  -0.136569969086604177005083059770   0.128274650510296420019728832375
 308   0.154902116528311932544243685793   0.134132088069000405604012793851
 309  -0.799276313103289694963397693508   0.135160614348556764713469072779
 310   0.446374202143228042093570431356   0.139989525627704391188296755328
 311  -0.506971009955367594010061764520   0.140236940864666767044292918804
 312   0.737846287758144151642897176920   0.145846963186408376772580716805
 313  -0.215433429808075341550316296572   0.146114742754995361977253358054
 314   0.076038655806840767999010448991   0.151972180313699347561537319530
 315   0.946606197695594791236097849070   0.157210055478319112914470700738
 316   0.367510741421756877548337194554   0.157829617872403333145821281007
 317  -0.585834470706565184448716457228   0.158077033100133487021415698076
 318  -0.876460531567270055594011241089   0.159250254204124254829106662746
 319   0.658982827036672987097663940118   0.163687055431107318730105242484
 320  -0.294353775830237371357515439776   0.163937144987873423272434644744
 321  -0.002824804914630396546222787811   0.169812272558398289519061845209
 322   0.288647280700285713003103957752   0.175669710117102275103345806686
 323  -0.664697931428036348993949694031   0.175917125344832428978940223755
 324   0.580119366315201822552430703315   0.181527147675806260687629768163
 325  -0.373225842522509572602351673193   0.181774563925510951966568745753
 326   0.871591451930117932101757448879   0.187384585234510246271913729640
 327  -0.081688265636101561091456024613   0.187652364803097231476586370888
 328   0.209783819978814548457870720950   0.193509802361801217060870332365
 329  -0.744394609652787079049770658351   0.194538328641357576170326611293
 330   0.501255905593730658007197466513   0.199367239920505202645154293842
 331  -0.452089306504864978096434729363   0.199614655157467578501150457318
 332   0.792727991208646767556524212077   0.205224677479209188229438255319
 333  -0.160551726357572725636689261415   0.205492457047796173434110896567
 334   0.130920359257343383912637484148   0.211349894606500159018394858044
 335  -0.935223989623412134023663375881   0.214789162417649871160711415341
 336   0.422392444872259493461964229711   0.217207332165204144602678819521
 337  -0.530952767256062568535089422072   0.217454747392934298478273236590
 338  -0.821578828116767439680384205933   0.218627968496925066285964201260
 339   0.713864530487175603011290975274   0.223064769723908130186962780998
 340  -0.239472072379734755443888404618   0.223314859280674234729292183258
 341   0.052056898535872219367404247346   0.229189986851199100975919383723
 342   0.343528984150788328916730992909   0.235047424409903086560203345200
 343  -0.609816227977533733080322658874   0.235294839637633240435797762269
 344   0.635001069765704438466057738472   0.240904861968607072144487306677
 345  -0.318344139072006956688724638036   0.241152278218311763423426284267
 346   0.927474686650944557520664514465   0.246105136752733228857350947200
 347  -0.026806562185598945177828989456   0.247030079095898042933443909402
 348   0.264665523429317164371497756107   0.252887516654602028517727870879
 349  -0.688679688699004897625555895676   0.253134931882332182393322287948
 350   0.556137609044233273920824501670   0.258744954213306014102011832356
 351  -0.397207603054362362182807694206   0.258992369450268389958007995831
 352  -0.105670022907070109723062226258   0.264870171340596984890968435081
 353   0.848846077315947906398627631362   0.264975578667559305673885413309
 354   0.185802062707845999826264519305   0.270727608899300970475252396558
 355  -0.880342286172909518110036340724   0.274166876710450682617568953855
 356   0.477274148322762109375591264868   0.276585046458004956059536358035
 357  -0.476071063805559952621462386915   0.276832461685735109935130775104
 358   0.768746233937678218924918010431   0.282442484016708941643820319511
 359  -0.184590368929232139530261369460   0.282692573573475046186149721772
 360   0.106938601986374835281031282503   0.288567701143999912432776922237
 361  -0.782332686376419001277858382780   0.289320646241956570737566794799
 362   0.398410687601290944830358028066   0.294425138702703898017060883714
 363  -0.554934524527031117166695623717   0.294672553930434051892655300782
 364   0.689882773216207054379684773629   0.300282576261407883601344845190
 365  -0.263462435621504340775097602879   0.300529992511112574880283822781
 366   0.028075141264903670735798045701   0.306407793388698854390301447916
 367   0.319547226879819780285124791264   0.312265230947402839974585409393
 368  -0.633797985248502281711928860519   0.312512646175132993850179826461
 369   0.611019312494735889834451536827   0.318122668506106825558869370869
 370  -0.342325899603859746269180659049   0.318370083743069201414865534345
 371  -0.050788319456567493809435191101   0.324247885633397796347825973595
 372   0.902781189487780137440659894518   0.325214419985086879978535449139
 373   0.240683766158348615739891554462   0.330105323192101781932109935071
 374  -0.712661445969973446257162097321   0.330352738419831935807704352140
 375   0.532155851773264725289218300025   0.335962760750805767516393896548
 376  -0.421189360355057336707835351758   0.336210175978535921391988313617
 377   0.823645266526345478253110785538   0.341804176623093092367897221403
 378  -0.129708665478729523616634334300   0.342070287866275857643007260286
 379   0.161820305436877451194658317660   0.347945415436800723889634460750
 380   0.453292391051793560743985063223   0.353802852995504709473918422227
 381  -0.500052821076528501253068588560   0.354050268223234863349512839296
 382  -0.891804990687811716589727704316   0.354206371545628354803320937165
 383   0.744764476666709670293311808786   0.359660290554208695058202383704
 384  -0.208580732171001724861470567722   0.359907706803913386337141361294
 385   0.082956844715406286649425080858   0.365785507681499665847158986429
 386  -0.806314443647387549909464584425   0.366538452779456324151948858992
 387   0.374428930330322396198751826421   0.371642945240203651431442947906
 388  -0.578916281797999665798301825362   0.371890360467933805307037364975
 389  -0.287444196153357130355553623892   0.377747798035870012871723072859
 390   0.004093383993935122104191844056   0.383625599926198607804683512108
 391   0.667634024688938403259671691237   0.383937873285585212376600206952
 392   0.295565469608851231653518589619   0.389483037484902593388967473585
 393  -0.657779742519470830343535062164   0.389730452712632747264561890654
 394   0.587611188030948225638851781893   0.395516298976283232610031578956
 395  -0.366307656904554720794208316601   0.395587890271336732848845852131
 396  -0.074826962028226907703007299143   0.401448002159076669099864798800
 397   0.216702008887380067108285352817   0.407323129729601535346491999264
 398  -0.736643203240941994888768298966   0.407570544957331689222086416333
 399   0.867782404748527926093616454154   0.409550965165594158543019793619
 400   0.508174094502296176657612098380   0.413180567288305520930775960741
 401  -0.445171117626025885339441553403   0.413427982516035674806370377810
 402  -0.153699028720499108947843532565   0.419285421096714197793998899808
 403   0.137838548165908902563052116015   0.425163221974300477304016524943
 404   0.788919876331587028560876840664   0.427395178231840087021653045808
 405  -0.858819103418852181860879715673   0.428028086300474613345706120114
 406   0.429310633780825012112378861578   0.431020659533004462888300486420
 407  -0.524034578347497049884674790205   0.431268074760734616763894903489
 408  -0.232562492702854514441926588735   0.437125512328670824328580611372
 409   0.058975087444437738017818879213   0.443003314218999419261541050622
 410   0.350447173059353847567145624776   0.448860751777703404845825012099
 411  -0.602898039068968214429908027007   0.449108167005433558721419429168
 412  -0.311425953454052104880581281444   0.454965604564137544305703390645
 413  -0.019945217380142856052839132570   0.460825729280005838631071066059
 414   0.662316490871847975623817339928   0.464628940165727113480312279813
 415   0.271583712337882683021912387974   0.466700844022402346803349537778
 416  -0.681761499790439378975141263809   0.466948259250132500678943954847
 417  -0.789147863012406626840183430214   0.469060178478349978415843677455
 418   0.563059556832348621752823234569   0.472554807098873087734165698394
 419  -0.390289414175523269425814518246   0.472805696808836486263227916323
 420  -0.098817325269996493034216497408   0.478663135389515009250856438322
 421   0.192720251616411518476679151172   0.484540936267101288760874063457
 422   0.484192337231327628026005896735   0.490398373825805274345158024934
 423  -0.469152874896994433971047755048   0.490645789053535428220752442002
 424  -0.177680789252351898528299553578   0.496503226621471635785438149886
 425   0.736429299681695422266056238388   0.496966872037474865078500403692
 426   0.113856790894940353931445914370   0.502381028511800230718398589136
 427   0.817047692128826857161257085062   0.503201116698050885934467670110
 428   0.405328876509856463480772659933   0.508238466070504216302682550613
 429  -0.548016335618465598516280991850   0.508485881298234370178276967681
 430  -0.256544250003549488966954246287   0.514343318856938355762560929158
 431   0.034936486070359759860787902587   0.520203443572806650087928604573
 432   0.326465415788385298935539423131   0.526078558315203158260207076291
 433  -0.626879796339936763061514228666   0.526325973542933312135801493373
 434  -0.335407710725020653512187483089   0.532183411101637297720085454837
 435   0.617129086351269559457293617851   0.532673026515859564692058252211
 436  -0.043935621842352428835705182455   0.538040849703443549704931612333
 437   0.247601954957769656981173500992   0.543918650660782285700211401622
 438  -0.705743257061407927606747465473   0.544166065787632254093326019034
 439  -0.786397982528036808510463046477   0.549869537376859218599330899733
 440  -0.414271171446491818057420719891   0.550023503346336239677609980516
 441   0.538265643220415581662614344237   0.550513196521017953069623213117
 442  -0.122799085801849282614672518421   0.555880940914272447242295688400
 443   0.168738493883884294746779494931   0.561758743231211032740460928124
 444   0.691070777870865695361663123406   0.565389086539757267905095092891
 445  -0.493134632167962982602653956693   0.567863595591035181635134506195
 446   0.459402182498944417117381107435   0.568353288765716895027147738795
 447   0.771783647175757016271630053543   0.570200225369382217101972286974
 448  -0.201662546553046873053327211130   0.573721033149739167219418467672
 449   0.089823242670020209879366835185   0.579582731135426546046245126638
 450  -0.571998092889434147147887193495   0.585703687835734123592659031874
 451   0.380538721777473252572147870632   0.586193381010415836984672264474
 452  -0.280526007274518037598560447932   0.591561125394438109176942993351
 453   0.010946081608150187077921852702   0.597418563996244361161789150847
 454   0.301675261056510480504266286561   0.604033473257362165873616520162
 455  -0.652260222659515870791005462310   0.604806640978113612744426803803
 456  -0.359389467995989202143793684734   0.609401217639137051134467519030
 457   0.625766993018635687501046690778   0.613066439782571062727453701474
 458  -0.067917382374205218416161203468   0.615258655228200987696370862411
 459  -0.731461477562258956865897946396   0.621081638676949295766107582567
 460   0.222811800336680852283215539635   0.621873565509317641800903746529
 461  -0.438252928717460366689026921536   0.627241309883835993091992044709
 462   0.514283885949447033031008142588   0.627731003058517706484005277312
 463  -0.146780843102544257139700175973   0.633098747442539978676276006186
 464   0.711773791255522972511503842302   0.643549815586133838533762911345
 465  -0.517153136187499161430658000665   0.645115387552999256102692080954
 466   0.146160080226079795034178529340   0.647607359095815337777054565668
 467   0.436404785130874186543284197362   0.649526065532163435751598444089
 468  -0.225644303824015421684933412775   0.650938839687238920633800531865
 469   0.065827782551150109873382600704   0.656796280606682606369215670731
 470  -0.596027629486237044174021149405   0.662906639199068043434713093857
 471   0.356556964508705194353960137559   0.663411187548599003064284757536
 472  -0.304507764545486586230166649577   0.668778931931937862591325057543
 473  -0.013035678923702602502534168311   0.674636369521001799153228400925
 474   0.577604050079931910849221313862   0.678012919716048262114280708123
 475   0.277695931969416682857450399252   0.681262010361670424367638977140
 476  -0.674460000492053685347124275688   0.682555494297325692034772735548
 477  -0.383371225266957750775399886379   0.686619024176636804548849583222
 478  -0.091899139645173767047767405113   0.692476461765700741110752926604
 479   0.655067818101575896381754272702   0.701187884055941412386489393861
 480  -0.462234685988428915320633123181   0.704459116421335746506374108901
 481   0.494247866228579990296019092269   0.706065364880207550755111600722
 482   0.200790360336292887523446788414   0.707216476044030971360781846101
 483  -0.170762600373512805771306377618   0.710316553980039732090658070378
 484   0.122400243026289550673635662512   0.727033232498867562968112600714
 485  -0.249626061094983970316539614420   0.728156646224738674048182596057
 486   0.041846025280181561241776399059   0.734014087144182359783597734924
 487   0.420933398362790900302730123884   0.740163797832801888744144324282
 488   0.340113302444368047959626529143   0.742577596499493522741969961753
 489  -0.607256139337964664718517684666   0.742979324271919498772876446391
 490  -0.328489521816455134861772851222   0.745996738469437616005707121736
 491  -0.037017436194671151134140369956   0.751854176058501552567610465117
 492  -0.527005713149173701020808714183   0.752857756575873701988898078738
 493   0.588174013770960390276617012329   0.758175193859417798322285468055
 494   0.261338308039047548119244999191   0.760804351139530691363504303010
 495  -0.114318016177304859730903635594   0.776053765285495681242982441875
 496  -0.423030254130193156004617515967   0.777049355750704771938672506596
 497   0.511888039367420564008363042859   0.784973784075488101045693715732
 498  -0.194744357644481354402912579263   0.787534360517539485505040134571
 499   0.185775213886543574369000588602   0.789578178315737409443585838597
 500   0.106676792068377070447279394713   0.806345825561006904514372646640
 501   0.382613761368555436100533439972   0.811362953367796918241464856587
 502   0.026122574322269081015420131260   0.813326680206321701329857780850
 503  -0.348129084828198272901771430770   0.824431436741147460760309285023
 504  -0.490256376447487074767420205501   0.824879979398086436194728018332
 505  -0.264498401567833968456949792266   0.829245593904043102639951164656
 506   0.303838766963234936260151910020   0.829589708007834086862999197844
 507  -0.052740887152583631360496637756   0.831166769120640894113870511044
 508   0.456601500869009213038877357931   0.843974741602718725374238314787
 509   0.228275672810730962509907499431   0.858363535184040804943080733431
 510  -0.419071008255248796035870657890   0.863225222696334828443661387275
 511  -0.193245329084268163405041793878   0.868376597260729970252762967012
 512   0.149177250992564458588186305542   0.875131182429310300013867541474
 513   0.068623033246456469156327042089   0.882112037074625096829352675684
 514  -0.113919559319698053162741158126   0.884033435368240918877390806236
 515   0.360708005138256073417854338922   0.889195158606021365981494939685
 516  -0.326462579096545656907140381360   0.902330582164230613128954899350
 517  -0.016689003679120897391587652537   0.903540631987578272355610635766
 518   0.284567987459562077630581618794   0.916405671944702764181677197467
 519  -0.249338292544227591144665744380   0.926611413123288074263326837687
 520   0.205268475319259976405663581883   0.937016604172360610134618701969
 521  -0.167141663746027863791101677204   0.944903148105358688897029766806
 522   0.123049856567472976088260284106   0.951649635032731986217876240627
 523  -0.077867675846235319193832172907   0.956407298235178297119130930958
 524   0.042495638821364986656401020653   0.958630489678046783033361374837
