   1   0.025935752705776923173166044013  -0.960184070021265548718093167207
   2   0.106580806347050748686923443780  -0.954602872041264216975791468960
   3  -0.123118781682578016915167204652  -0.952611083909910996267542648487
   4   0.184598734062643568210617910237  -0.942628993280753694883067078992
   5  -0.200917335827416158714279855549  -0.939286077696795776613081692575
   6  -0.047286445220977953390713837792  -0.930710682900304967208445245699
   7   0.273472671031906426449078904847  -0.920781629806813904869808072328
   8  -0.282902724643601142872987823335  -0.917928188901639836680863598869
   9   0.348150220605747723881984418283  -0.895219266706870529803410930184
  10   0.061577429974018122420490384569  -0.889757926728356133683641905036
  11  -0.363984471319293561670397792893  -0.888892046581650859726956463757
  12  -0.147321645974743247783538798241  -0.877481913958008130606571055693
  13   0.213683013138136086556830323429  -0.869251370477437565092145233659
  14  -0.225120200119581389582651449138  -0.864156907744892910952110099781
  15  -0.011644767952736754143389497236  -0.860284539607395552173993983528
  16  -0.438850840525388702651050216033  -0.854421471734633814255081182031
  17   0.132191273069691647328913077380  -0.848893092027730376995952136735
  18   0.288204355727861237793289701439  -0.843237137522539826857689934330
  19  -0.300578757857369599776424699495  -0.841001414190667938449049012263
  20   0.468604991501747702912594577951  -0.838472106590711078475613222284
  21  -0.084440515001820589699615726557  -0.829773065877457936010614952133
  22   0.390307439070437460980728071179  -0.828488915674320926519133479724
  23  -0.507521511238645413035308124771  -0.815504768361938712054319471332
  24   0.053526486392334048339805195448  -0.811238164088295821079091878415
  25  -0.373336202206059834807491121156  -0.810398716442689663179546412659
  26  -0.157198154911330841705231415468  -0.799170833076485516966260428640
  27   0.537956664082411229995098444160  -0.795748725165771524674531146772
  28   0.189176472436234872533058188143  -0.794220708209049380673192268868
  29  -0.234996709056168983504344066365  -0.785845826863370297311799472728
  30  -0.019695711534420828224074686357  -0.781764776967335239569443956907
  31   0.330714625568980679504567731282  -0.776731139479941578397776400056
  32  -0.442006872919316545191749029894  -0.771482013069994560978784701959
  33  -0.572765067036225018260022194229  -0.771081247064151118697170529730
  34   0.116438963082308839048431940182  -0.763570658444091510339326518226
  35  -0.310455108887358995372046641269  -0.762689818733229765508196194589
  36   0.467700755576933270690189234729  -0.759545855096045843689601607475
  37   0.255795046479651095855303388423  -0.751887076070656844141226952435
  38  -0.092491458583504663780300915679  -0.751253303237397623406064925511
  39   0.608369706954606315954422324353  -0.743311786029916407616240579972
  40   0.043701453914402397249234277815  -0.732920608237679163446691963360
  41   0.394120027602806470623190558631  -0.729469942122912604134348767404
  42  -0.507250428716896150416463099352  -0.727058491772206967621635760357
  43  -0.379125779600615705756304550008  -0.723773115360534663307434483890
  44  -0.165249098493014915785916604590  -0.720651070436425204361710402018
  45   0.534035202007746375508131231054  -0.716768383988879424860806761675
  46   0.185823758591629698864659400997  -0.715360514654360054035877896178
  47  -0.243047652637853057585029255486  -0.707326064223309984707249446106
  48  -0.029520744012352479314645603989  -0.703447221116718581937044041852
  49   0.321546019209884652608742649057  -0.698334025534090133444218664826
  50  -0.589633718396120043666047025227  -0.693973404279482431471064917965
  51   0.667345353331546010113679575399  -0.690851858923323596936278681629
  52  -0.668453654806466228880547235217  -0.689779546642907849517894580155
  53   0.113086249237703665380033153036  -0.684710464889402183702012145536
  54   0.457196005065577488549382108092  -0.681316570078853965654806415264
  55  -0.315785161805759499384226917853  -0.676676014016897637814614891240
  56  -0.442257875893163904367310036014  -0.676396863553165042993854082303
  57  -0.102316491061436314870871833311  -0.672935747386780965773665010456
  58   0.248797289414851363648303922129  -0.667709192437359236158201905407
  59   0.593010848384686069667388482100  -0.664308456882286614180844863332
  60   0.040348740069797223580835490669  -0.654060414682989836809377590670
  61   0.384458495893729537112839458351  -0.650666519881795456406891523874
  62  -0.516143972934928977853693817936  -0.648629698023681381340699717409
  63  -0.175074130970946566876487522222  -0.642333514585808546729310486963
  64   0.176070378409227296956967344460  -0.637034003225442250427033118403
  65   0.520216952859580418687440387410  -0.633792566072957866990854553299
  66  -0.722831167559362760504119012515  -0.632567162280643709683420561419
  67  -0.252872685115784708675600173119  -0.629008508372693327074849531051
  68  -0.378399282692866209895986230837  -0.628617270901090015444008342334
  69  -0.032873457856957652983044391136  -0.624587027562029255299729669162
  70   0.311720986721881585676296808611  -0.620016469684736947158976632482
  71  -0.587585005935659988617018209442  -0.615068565423673170481428993457
  72   0.673861769433575470049922633825  -0.612189878660987953147651299290
  73   0.103332421903419733138384565818  -0.606384009142063233781354613607
  74   0.447385263509564012753310877973  -0.602997222739081135399215538190
  75   0.751539244795900649259874779217  -0.598176291006777629965149472860
  76  -0.451136434193031250986395452428  -0.597966371905319765246869093252
  77  -0.105669204906041488539270620457  -0.594075553832091639136350637766
  78   0.238983233949029790003997891876  -0.589366997598543323299092401462
  79   0.583041437282124012713370290065  -0.586009148712450377679989094138
  80  -0.660309652297498314122066328322  -0.584388007587277385262367043425
  81  -0.315400600412165419560654400658  -0.580837660069019970070354557417
  82   0.030594912735513291339186903451  -0.575733958935650886888720058742
  83   0.374647754337716061316768228232  -0.572347172542022626151300646799
  84  -0.524181020748895719905051689648  -0.568055514852740736317165753877
  85  -0.178426844815551740544886309368  -0.563473321031119220091996114273
  86   0.166245968383898291084996753966  -0.558716369289903275017919159886
  87   0.510309672514562108596033036129  -0.555345469686558652514219048495
  88  -0.733294781825746040756348646521  -0.554332364434089446937870322995
  89  -0.388183080708520900508446769676  -0.550294553162264439384841955300
  90  -0.042629983224143121752752564030  -0.546260907842191622624236645003
  91   0.301910245165868109880225578491  -0.541697122344964116903385755407
  92   0.645962844675819268372957828621  -0.538353432274613633791206063544
  93  -0.596596980357925240532681022606  -0.536653291818212173540308344549
  94  -0.251725000986707938046370912960  -0.534188929640402003281836125880
  95   0.093508459212050339648454104226  -0.528066319092844765770004268495
  96   0.802493462943018253517157085832  -0.527854481391169384805554750380
  97   0.437574906135697364295561162594  -0.524677827275352666344662461951
  98   0.723640320038144447582909974013  -0.524339844620403310608704237114
  99  -0.805710835871334126068386663072  -0.522930359178479786714499644796
 100  -0.460920232208685941598855991265  -0.519643654166494189187702706217
 101  -0.115425730273226957308978793358  -0.515749434112254006460857613608
 102   0.229172492393016314207926661756  -0.511047650258770493043501524387
 103   0.573231079908257364255620574685  -0.507689753248721908625436017900
 104  -0.669322745039161936264069910200  -0.505972862514166401756835841965
 105  -0.325192767261213816875938907702  -0.502515988189473956374916175549
 106   0.020770950044143897849256441859  -0.497416268886432418877369713629
 107   0.364837396963849412859018512853  -0.494027777078294157096747570561
 108  -0.533665190190203404328234428993  -0.489011287201564266974963877297
 109  -0.188183370182737209314594482269  -0.485147201311281587416503090115
 110   0.156435226827884815288925523847  -0.480397021950130444762328282811
 111   0.500499315140695460138283320750  -0.477026074222830183459665972256
 112  -0.742307874567409662898352228399  -0.475917219360978463432339121536
 113  -0.397975017659235981087300667687  -0.471972333453891416090804060855
 114  -0.052451246882434341870767107869  -0.467942879280683517081617880890
 115   0.292099887792001461422475863113  -0.463377726881235647848832679169
 116   0.843123537572981506146325543193  -0.460183454701968875236308748947
 117   0.636732436013591024046944362498  -0.459963570854050240805468684649
 118  -0.606390271559296915853410849596  -0.458331760519009351149193962872
 119   0.764270394668107700212078431374  -0.456668817931202801039458235680
 120  -0.261496649645414252799280459709  -0.455864584189067597490163262737
 121  -0.845925751981972824214166891315  -0.455011795149039622888784852722
 122   0.083697717656036863852382874106  -0.449746971753071935514413391420
 123   0.427769481959849272129442702738  -0.446357814032640781687450392771
 124  -0.470712400060844941773714422994  -0.441321982412362082863098315153
 125  -0.125246993931518177426993337190  -0.437431405550745900918238849494
 126   0.219362135019149665750176946377  -0.432728254795042023988948448149
 127   0.563420722534390715797870859307  -0.429370357784993439570882941662
 128  -0.679114912891320936438928341929  -0.427651190760034295432231450901
 129  -0.333739410402212211554473227566  -0.424048633776142954139885285876
 130   0.010960208488130422053185211739  -0.419096921546659588621778836555
 131   0.355031972788001320692900052997  -0.415707763835582272439535501380
 132   0.699300912156030339710366411870  -0.411845418241757721577709594425
 133  -0.543457358042362404503092860722  -0.410689615447432160650359486233
 134  -0.198004633841028429432609026101  -0.406829172749773481873884326001
 135   0.146624869454018166831175808468  -0.402077626486401975707775206573
 136   0.490690889353544527789030241294  -0.398702097594804037798667362177
 137  -0.752100042419568663073210660128  -0.397595547606846357107734730471
 138  -0.406521573620152852872653572972  -0.393504771300615737174114565663
 139  -0.062261988438447817666838337988  -0.389623531940910686826027003815
 140   0.878060294407758483525412516199  -0.389404970404305822097668532952
 141   0.282294463616153369256357403256  -0.385057713638523763191620609989
 142   0.626345131539388811640593017463  -0.381718604732470956685886451966
 143  -0.616182439411455916028269281325  -0.380010088764877244824589571808
 144  -0.828563855804595948021965083177  -0.378013513488129439732660523611
 145   0.770603856227111976744188099309  -0.377991895760292439870199138666
 146  -0.270826933880477084341864605774  -0.376381127909892750161633042017
 147   0.073887360282170215394633158727  -0.371427576289343466459860315182
 148   0.417944449487630229319174482371  -0.368040258181307470410008775295
 149  -0.479259044008765060042490369699  -0.362854628086920781959671350716
 150  -0.135057735487531653223064567310  -0.359112058210973070662647972420
 151   0.209556710843301573584058486522  -0.354408241552330139331736378966
 152   0.553615298358542623631752399450  -0.351050344542281554913670872481
 153  -0.689578527157704216691157975935  -0.349416392913480032686681212478
 154  -0.343564443156561078743590165222  -0.345731077960203172399939106768
 155   0.001149851114263773595435496360  -0.340777526082931119567225760316
 156  -0.898096643410867808195559851681  -0.340658965367345571562671656812
 157   0.345206940315782277882631832630  -0.337390207984248961162093883905
 158   0.697131164728773658802003476406  -0.332943814875864172495329520390
 159  -0.552010872166214460346338289290  -0.332217297227937652874610766305
 160  -0.207815375397041905228680256221  -0.328509825410000651618293448927
 161   0.828589179051508676908867103676  -0.324439368699869135226214506847
 162   0.136819445278170074665057348612  -0.323757613243690091050563137392
 163   0.480865856881325484978762020928  -0.320384541743470726521225744701
 164  -0.764302286390678975822677571225  -0.319613010717640365820701382812
 165   0.907067817771259649354501150290  -0.315996970799883926157425570829
 166  -0.416346567324920175538393560397  -0.315187122434626104922344209773
 167  -0.072072345812314466124588053367  -0.311304136477182217771473927577
 168   0.272469431143934326446089182890  -0.306740157787190451914178992513
 169   0.619134636144468697685058759167  -0.303117207965195204606493015854
 170  -0.624743879604389445325283690608  -0.301544347454228216379483686341
 171  -0.280637675436490560137935835894  -0.298061780570119919906042164942
 172   0.064081936106322123228514698871  -0.293107563046631581802648246001
 173  -0.837500345635499556959754567198  -0.290079725421239501730516991146
 174   0.408119416999627162388211189495  -0.289722702331954284124580755558
 175   0.760052229589168580374676581546  -0.285287646183439404427780748510
 176  -0.489084076496768126974936210133  -0.284537072237567595674429318371
 177  -0.144868092861398301680814282689  -0.280792662747244601608094896181
 178   0.199731921968144867579301056674  -0.276090107599485775076542379788
 179   0.546404802963622509676218141155  -0.272448947775005802834277436369
 180  -0.697475794786456649316497389185  -0.270881025201813143531359415445
 181  -0.353375184712574554539661395342  -0.267411730620430342144348229693
 182  -0.923034221175402560185500616213  -0.265770461357419901655151258640
 183  -0.008655573061584318570682963496  -0.262457512840219234910013691136
 184   0.335381907827779210951668539754  -0.259072652134895774876665864168
 185   0.682058594628528382563318649836  -0.255464860003072662163129588305
 186  -0.561822338193390067159476718173  -0.253888807964356090893270999364
 187  -0.217625732770908553686429971600  -0.250190429946272182563740372688
 188   0.126994412800238423574486430979  -0.245440057393073433418163222338
 189   0.473674679836418920331668310042  -0.241781375202194031540958645510
 190  -0.770502048558444180053573565206  -0.240925440119292252152846824315
 191   0.929950230023257924361258099416  -0.240455154385817799651648084429
 192   0.824570590566926707104459789209  -0.239386506415391672984403028021
 193  -0.426157308880933651334464790517  -0.236867775094853274666753332698
 194  -0.081877769988162558290706513223  -0.232984123234470333114261858397
 195   0.262644398655931259515125890014  -0.228422601937837265628750972776
 196   0.609328761447682194554478031823  -0.224796599812883260390914008820
 197  -0.634554621160402921121354920728  -0.223225000114455386123892809267
 198  -0.290448032810357208595685551273  -0.219742385106391450851489088704
 199  -0.862437923400034308949695331730  -0.215191221411313831822996592974
 200   0.054256903628390472137943781238  -0.214790007196014924170248330947
 201   0.400942696528741676304502218229  -0.211118214540927718422443868670
 202   0.744979659488923304135991754976  -0.207808691310647894095580816425
 203  -0.498894818052781602771007440253  -0.206217724897794765418838441296
 204  -0.154673517037246393846932742545  -0.202472649504532716950882827001
 205   0.189906889484083308078583240273  -0.197772551740778756380836081385
 206   0.536598638320478605209928200711  -0.194129027240071489097595217961
 207  -0.707286641335686486107188798373  -0.192561543124539630895201063582
 208  -0.363185542086441202997411110720  -0.189092335156701873089795153455
 209  -0.941738872301320091423506144316  -0.189087302555342745369764068691
 210  -0.018480605549587385503128803942  -0.184139956990866048624771658792
 211   0.328205187356893724867959568488  -0.180468164343869209174528977280
 212   0.672249826308077116127151136964  -0.177140431120458492323365236940
 213  -0.571633079749403542955547948293  -0.175569460624583260637680122289
 214   0.885347622363505681016819641379  -0.175333896661806650683653078164
 215  -0.227431156946756645852548431456  -0.171870416703560297906528303508
 216  -0.799525446866794017313787706430  -0.167523715560248361631150718768
 217   0.117169380312235356642040590533  -0.167122501543720247132921189994
 218   0.463859761387778020512627562469  -0.163456765054674311067131088521
 219   0.807892136126982350848582210204  -0.160141185597924201312266598791
 220  -0.435967666254800299792214505896  -0.158548379631124805612200256460
 221  -0.091702802476165625223152353670  -0.154666567385117146829019826052
 222   0.255467678185045773431416918748  -0.149818114146810699926614085888
 223   0.599525000330661604158178897602  -0.146460299045099019650169213723
 224  -0.644364978534269569579104636107  -0.144905604650726917069339733029
 225  -0.300253456986205300761804011129  -0.141422371863679566194277019524
 226  -0.881142574525951840187700859833  -0.138508062609236675537609403025
 227   0.044431871140387405205497940792  -0.136472451346661737885006298603
 228   0.391117664040738609372056377783  -0.132800658691574532137201836326
 229   0.951403418882226499454545554971  -0.132127385996349970887584771879
 230   0.735162302946136162839741592192  -0.129472925407734799540051019306
 231  -0.508705175426648251228757155632  -0.127898329434066296364285365058
 232  -0.164498549525249460779378582991  -0.124155093655179530665640794657
 233  -0.736949768977883854245884628864  -0.119414928895541976239287691313
 234   0.182730169013197821994874269007  -0.119168063949752190678699194497
 235   0.526787721660983402228063229411  -0.115809701834988289370939791780
 236  -0.372990966262289295163529570577  -0.110772321913989988432583084274
 237  -0.954384485366604338620221953991  -0.108462067108283620415000186952
 238  -0.028305638290889128008887019251  -0.105822401173289489205260434975
 239   0.318380154868890657935513728042  -0.102150608494516022889286944935
 240   0.662437539501761415031660390306  -0.098792645103170996759843770460
 241  -0.581443437123270191413297663672  -0.097250065160854791583127046051
 242   0.875542198187657588850701181523  -0.097013883419094766026441008983
 243  -0.237256189434759712784994271902  -0.093552860854207111621286271164
 244  -0.818230097992711548551793234533  -0.090840556758171205345763528819
 245   0.109992659841349870558331619267  -0.088518013752693681430784303106
 246   0.454034728899774953580181722023  -0.085139209205321124781889056177
 247   0.798086711951134258682463750348  -0.081821172355212316655054529611
 248  -0.445773090430648391958332965752  -0.080228366388412920954988187280
 249  -0.101527835217467367728910568978  -0.076349011567540587409508602235
 250  -0.674027806428575992403887598834  -0.071759945456762248764697055502
 251   0.245642645697042706498971078302  -0.071500558297457513641372053544
 252   0.589700198344828286732160038705  -0.068142196182693612333612650828
 253  -0.310078489474208367694249851575  -0.063104816014326379909034987180
 254  -0.890967607261397759956436511511  -0.060190506790925496025572531029
 255   0.037255150669501919121788969526  -0.057867963555635172182869411715
 256   0.381292631552735542439610537337  -0.054483102842221345851959803982
 257   0.959039506234923250476671516074  -0.053566193365707862334439364203
 258   0.725369609830895507173824136241  -0.051122553551625868737554911835
 259  -0.518510599602496343394875615488  -0.049578316191354411707073295877
 260  -0.174323582266551203285136798300  -0.045837537837602971246129570840
 261  -0.746824983240695074762953049852  -0.041103684742033336799484338742
 262   0.172905136525194755062428428561  -0.040850508100399004393457162153
 263   0.516962689172980335295617388965  -0.037492145985635103085697759436
 264  -0.382815998750292362095975411023  -0.032454766064636802147341051930
 265  -0.035482358502346032314753680215  -0.027217913358576662934954520324
 266   0.308555122380887591003067887596  -0.023833052645162836604044912591
 267  -0.960272706345209109375628145441  -0.022415196618936669919840851172
 268   0.652612936325825589355902842800  -0.020475035397292824400766824449
 269   0.888041195449380015882405744848  -0.019078359522361214329018192513
 270  -0.591248861299118283579416123528  -0.018930051918142906925914976871
 271  -0.247081222176061455290752487211  -0.015235305036630552201775047347
 272  -0.820168269289838187629281031301  -0.011932925253798539497037712703
 273   0.100167627353346803625885778820  -0.010200457903340495145542270762
 274   0.444209032404225632507130995638  -0.006820776823640503943644833706
 275   0.803125229290426388032000282445  -0.003050720022954354807229470955
 276  -0.455598122918651458890778806193  -0.001910810539059734669746154924
 277  -0.108704555428924272034777229942   0.002255476247172238860797312415
 278  -0.665885872527293965160579949318   0.006750434302566553296481101016
 279   0.235817613209039639566525237856   0.006816997551895672643869978800
 280   0.579875165856825219799714198259   0.010175359666659573951629381516
 281  -0.319903522215510110200008066884   0.015212739803250179510476236638
 282  -0.892905778558524399033924308279   0.018717124713447169823153285087
 283   0.027430118181498852189343129080   0.020449592293718014102372620629
 284   0.371467599064732475507164696891   0.023834453007131840433282228362
 285   0.960199535876253694315617965126   0.025356712997642100028870079685
 286   0.715525151525485466392696603621   0.027192815364814711148973972751
 287  -0.528335632343798085900633830797   0.028739239626222147712437927940
 288  -0.181500302478008107591003459264   0.032766949977109855024176343811
 289  -0.738623381798271888271476821968   0.037400484264373661320089212365
 290   0.163080104037191688129982588115   0.037467047748954181891784870191
 291   0.507137656379431864431716140237   0.040825409825387040624943883525
 292  -0.392641031491594104601733626332   0.045862789752939757272170171887
 293  -0.045307390990349099247199520661   0.051099642490776523350287512020
 294   0.857834587991088465214145056663   0.053844419384284660178496364900
 295   0.298730089892884524070622047150   0.054484503204190349681197119753
 296   0.642787642354701745714936492468   0.057842865564398811515874405297
 297  -0.601073894040420026085174338837   0.059387503899433652493596246947
 298  -0.958465311256419231664999939946   0.063001426820526936128818089091
 299  -0.254257942387518359596619148175   0.063369182778082274068530867304
 300  -0.811966667847415001137804803416   0.066571243752608458622535838405
 301   0.090342594865343736693439938374   0.068117097946012691139699761582
 302   0.434380084571597096304262456876   0.071501947014635740856302115541
 303   0.780178171237929034491794550108   0.072471484290361259535912521292
 304  -0.465423155659953201396537021502   0.076406745278516824749765068893
 305  -0.118529587916927338967223070388   0.080573032096525425146039344760
 306  -0.675710905268595707666338164626   0.085067990120143112715992324834
 307   0.225992580721036572634079397409   0.085134553401248858929112011144
 308   0.570050133063276748935812949532   0.088492915477681717662271024478
 309  -0.327080242426967014505874727848   0.093817227617963005780782151288
 310  -0.884704177116101212542448080394   0.097221293719854167942726836195
 311   0.017605085693495785256897288634   0.098767148143071200387614652973
 312   0.361642566576729408574718856444   0.102152008856485026718524260706
 313   0.954875674532556723527702346019   0.104108394363819675147555985718
 314  -0.538160664831801152833079671281   0.107056795475575333997679960279
 315   0.709898853400218447750897851087   0.108406053088277079865644989785
 316  -0.191325334966011174523449299710   0.111084505826463041309418376155
 317  -0.748448414440443659102880814382   0.115718040317201621963907216189
 318   0.153255071549188621197536747669   0.115784603598307368177026902535
 319   0.497312621376467772401580966858   0.119142965359235271195501994994
 320  -0.399817751703051008907600287295   0.124467277567652583542476086538
 321  -0.055132423478352166179645361107   0.129417198340129709635529544364
 322   0.880158023069032692492106400995   0.129553303036916075999763919820
 323   0.288905057404881457138176206704   0.132802059053543535966439152097
 324   0.636133856008728429204856971070   0.136493345187024192428745115797
 325  -0.610898926528423093017620179321   0.137705059748786838778838279286
 326  -0.950057074913571037861589791643   0.141483801184754243057497527323
 327  -0.264082974875521426529064988621   0.141686738627435460353772899648
 328  -0.821791700582860920906540455094   0.144888799570919638134572710400
 329   0.080517562377340669760994097928   0.146434653795365877424941793926
 330   0.803391378199347187541201092920   0.147912307722858594768300133463
 331   0.424555052083594029371816616429   0.149819502863988927141544147885
 332  -0.472599875871410105702403682466   0.155011233093229651020070983544
 333  -0.128354620404930405899668910834   0.158890587945878611431281377104
 334  -0.685535937756598774598784005111   0.163385545969496299001234357173
 335   0.216167548233033505701633556963   0.163452109250602045214354043488
 336   0.560225098060312656905677776153   0.166810471011529948232829135947
 337  -0.336905274914970081438320568294   0.172134783467316192066024183632
 338   0.007780053205492718324451448187   0.177084703992424386672856685317
 339   0.351817534088726341642273015998   0.180469564705838213003766293050
 340   0.942975096647217106519985699810   0.182793715441146591442690520002
 341  -0.545337385043258057138946332207   0.185661283290288160267985874933
 342   0.715800765433407066703609317889   0.187759290846993865996485578647
 343  -0.201150367454014241455895140156   0.189402061675816227594660408499
 344  -0.758273446928446726035326654855   0.194035596166554808249149248557
 345   0.143430039061185554265090907223   0.194102159447660554462268934879
 346   0.487487588888464705469135126412   0.197460521208588457480744027338
 347  -0.409642784191054075840046127741   0.202784833417005769827718118882
 348   0.865911477893523417072985928123   0.207188390260213794198939029117
 349  -0.064957455966355233112091201555   0.207734754189482895920771576708
 350  -0.909270220775920918960034801622   0.209060449127375106642839921868
 351   0.279080024916878390205730366258   0.211119614902896722251681184441
 352   0.623225227849386075410330604984   0.214362068925446314166846405615
 353  -0.618075646739879997323486840247   0.216309547563499665049144193940
 354  -0.273908007363524493461510829067   0.220004294476788646639014931992
 355  -0.831616733070863987838986295578   0.223206355420272824419814742740
 356   0.070692529889337602828548257482   0.224752209644719063710183826270
 357   0.786978351394205904226594511336   0.225118417382007882446065194724
 358   0.414730019592780189141154119127   0.228137058717051826682290423116
 359  -0.482424908359413172634849522912   0.233328788942582837305313015888
 360  -0.138179652892933472832114751282   0.237208143795231797716523409447
 361   0.206342515745030438769187716517   0.241769665099955231499596075832
 362  -0.692712657968055678904650666037   0.241990033784209125271540271827
 363   0.550400065572309589973231935706   0.245128026860883134518071168291
 364  -0.346730307402973148370766408740   0.250452339316669378351266215976
 365  -0.002044979282510348607994392259   0.255402259841777572958098717661
 366   0.341992501600723274709827175552   0.258787120555191399289008325394
 367   0.924723542298868877940408033427   0.259831641470491153758247881539
 368   0.686131863964394567466663329146   0.262037282090158860766854730093
 369  -0.555162417531261124071392172653   0.263978839139641346553227907277
 370  -0.210975399942017308388340980604   0.267719617525169413879902440843
 371   0.133605006573182487332645066776   0.272419715297013740747510967223
 372  -0.765450167139903630341193315778   0.272640083981267634519455163218
 373   0.477662556400459395340118732582   0.275778077057941362354252207053
 374  -0.419467816679057142772491968188   0.281102389266358956112960151226
 375   0.841455803925382198050748611358   0.282235647561002949300078055769
 376  -0.074782488454358300044537041999   0.286052310038836082206013609052
 377  -0.916446940987377823265901462547   0.287664936942087932913145836522
 378   0.269254992428875323273284525812   0.289437170752249908536923216785
 379   0.613394362783578998787677102571   0.292687351251218268916392475723
 380  -0.627900679227883064255932680693   0.294627103412852851334386226284
 381   0.756443483990241435334488739491   0.297904354830317081204785893320
 382  -0.283733039851527560393956669515   0.298321850326141832924256964336
 383  -0.838793453282320892144852956503   0.301810843234985650690120657394
 384   0.060867497401334535896102417036   0.303069765494072249995425858614
 385   0.404904978284568159213923984847   0.306454626207486076326335466346
 386  -0.492249940847416239567295363358   0.311646344791936023590555048232
 387  -0.148004685380936539764560591727   0.315525699644584984001765441792
 388   0.196517483257027371836741876071   0.320087220949308417784838108176
 389  -0.702537690456058745837096506483   0.320307589633562311556782304171
 390   0.540575033084304279844215541877   0.323445582710236039391579348006
 391  -0.356555339890976215303212249187   0.328769895166022564636508248320
 392  -0.011870011770513415540440232705   0.333719815691130759243340750005
 393   0.900267868330727658918170716662   0.334878898771280308859386908191
 394   0.332167469112720207777381335106   0.337104676404544585574250357738
 395   0.676306851895214227752731092340   0.340354840501075450570770508313
 396  -0.564987450019264191003838013099   0.342296394988994532838469939621
 397  -0.220800432430020375320786821048   0.346037173374522600165144473187
 398   0.123779974085179420400199226330   0.350737271146366927032752999567
 399   0.467837523905414080779995634893   0.354095632906411090122367266430
 400   0.810920936521417729158642839514   0.355021585009312148058798754364
 401  -0.780080792291746301287836267595   0.357394968039920211912686472381
 402  -0.429292849167060209704937808635   0.359419945115712142398202183569
 403  -0.889631655828088346791096398504   0.362190044782558261109767038757
 404  -0.084607520942361366976982882458   0.364369865888189268491255641395
 405   0.259429959940872256340838685365   0.367754726601603094822165249129
 406   0.603569330295573688658660708742   0.371004907100571173789900655438
 407  -0.637725711715886131188378521139   0.372944659262206037619628258628
 408  -0.293558072339530627326402509959   0.376639406175495019209498996680
 409   0.051042464913331468963656576590   0.381387321343425436280667890958
 410   0.395079945796565092281478144400   0.384772182056839262611577498691
 411   0.739219328579059112256827901634   0.388022346153370127608097649266
 412  -0.502074973335419306499741203806   0.389963900641289209875797080575
 413  -0.157829717868939606697006432185   0.393843255493938170287007474134
 414   0.186692450769024304904296035625   0.398404776798661604070080140520
 415  -0.712362722944061812769542346929   0.398625145482915497842024336515
 416   0.530750000589258965284092444188   0.401763138558705767159694407383
 417  -0.366380372378979282235658089632   0.407087451015375750921750280665
 418   0.869733000926763190026064944818   0.407664836219589507618107606787
 419  -0.021695044258516482472886073151   0.412037371540483945528582782349
 420   0.322342436624717140844935494660   0.415422232253897771859492390082
 421   0.666481819407208917623714698510   0.418672396350428355444278688028
 422  -0.574813243591030229129559643265   0.420613855358638720057829581560
 423  -0.230625464918023442253232661507   0.424354729223875786450386505530
 424   0.113954941597176353467753385884   0.429054826995720113317995031911
 425   0.458012491417411013847549794447   0.432413188755764276407609298774
 426  -0.856890314932381548764660482575   0.434010483474883085897190252965
 427  -0.439117881655063276637383649080   0.437737500965065328683444215914
 428  -0.778356774997248891889091336788   0.441925906575627315053440586221
 429  -0.094432553430364433909428722892   0.442687421737542454776497673740
 430   0.249604927452869189408392844919   0.446072282450956281107407281473
 431   0.593744297800528374098537611053   0.449322462949040901558015714815
 432  -0.652804263881303348884739632557   0.450422450158705293413272320591
 433  -0.303383104827533694258848350418   0.454956962024848205494741029023
 434   0.807707598686195724200382216903   0.456481025076388638223206553435
 435   0.041217432425328402031210736143   0.459704877192778622565909923302
 436   0.385254913308562025349032303954   0.463089737906192448896819531035
 437   0.729394296091053802127811507805   0.466339902002723032481605828981
 438  -0.511900005823422373432187044250   0.468281456490642396161039112920
 439  -0.167654750356942673629452272619   0.472160811343291356572249506480
 440   0.176867418281021237971850195179   0.476722332648014790355322172864
 441   0.520924968101255898351646603742   0.480080694408058953444936439727
 442  -0.376205404866982349168103930090   0.485405006864728937206992313007
 443  -0.031520076746519549405331913597   0.490354927389837131813824814693
 444   0.312517404136714073912489654214   0.493739788103250958144734422426
 445   0.656656786912163603063591600821   0.496989952198898083212393747405
 446  -0.584637514995270324868729693996   0.498931506687700905408954004299
 447  -0.240450497406026509185678501941   0.502672285073228972735628537875
 448  -0.733164338434537343340140032013   0.506639232059117681069095628099
 449   0.104129909109173286535307545438   0.507372382845073299603237064255
 450   0.448187458929407946915103954001   0.510730744605117462692851331118
 451  -0.811803940547966665159790390552   0.513420367439597395447336578282
 452  -0.448942914143066343569829489538   0.516055056814418514968686248256
 453  -0.104324498934956705219249374698   0.520996554230126280963654339968
 454   0.239779713620654040886959159269   0.524390077640889038202167482735
 455   0.583919265312525307166091770607   0.527640018798394087843257747159
 456  -0.657529513551159885007987110476   0.529212315199612629111240471684
 457  -0.313208137315536761191294190852   0.533274517874201391779983061368
 458   0.797882566191150409640259119214   0.534798580924858365991321612812
 459   0.031392399937325335098764895697   0.538022433042131808851151955646
 460   0.375429880819762338418134572504   0.541407293756597029342334904935
 461   0.719569263596008487567688410116   0.544657457851192760249720888358
 462  -0.521725038311425440364632884709   0.546599012339995582446281145262
 463  -0.177547793779398131900517398708   0.550470458525846228034647119437
 464   0.167042204448806089450416509529   0.555040127837947547450082374126
 465   0.511099941765678808104297660019   0.558398264858116131567692547159
 466  -0.386030437354985416100549770524   0.563722562714082123492234345353
 467  -0.041412022251111820715152565404   0.568664059882420958000981480921
 468   0.302692371647402162928630546841   0.572057343952439948354291067752
 469   0.646831754424160536131145760375   0.575307508048251269497635779749
 470  -0.594961850286063082787067903058   0.577566878462119931873298082264
 471  -0.766908588176737742047788997675   0.578340149887400320369968027529
 472  -0.250344186736582926522439557044   0.581006001563834600735194612798
 473   0.094277446421646199456744090971   0.585726119967480412530820940078
 474   0.438362426441404243664377823805   0.589048300454470569151192373562
 475  -0.458767946631069410502275329972   0.594372612663771701253928280602
 476  -0.114284081657506912818031007757   0.599297113165548642443620265215
 477  -0.691183784053356047297820576485   0.600609520288970857364632352550
 478   0.229844602663434348345538902459   0.602852569692533143371311182659
 479   0.574094253243344967452159533800   0.605957577209310677647173525380
 480  -0.323147184279756044086378263104   0.611577686156525158020309429234
 481   0.021500454432733063788944243891   0.616331565534715635038308621874
 482   0.365908109396205990060293350171   0.620455841455028873000670601173
 483   0.731343756843791701921511833039   0.622705725777936520322589290165
 484  -0.531550070799428507297078725143   0.624916568189348768731523177608
 485  -0.187505946516744971076144701350   0.628771327729169332597535332738
 486   0.157107128454988037070777961756   0.633502702863246755829785444722
 487  -0.395925043129678046295736298495   0.642131803372175505156783331282
 488   0.492458265845611665050642639921   0.646527087643842187593033569338
 489  -0.051371604973662028313934198462   0.646964618817843319480947406168
 490   0.292866858203770210443081194831   0.650374839463825391214519006390
 491   0.658606247671943750484969183298   0.653355775974995029570504181556
 492  -0.604101061091171618586347597968   0.656005547350689335898877920015
 493  -0.260288001383200958131222630088   0.659315448391304322138981648703
 494   0.084343466295627127153308086590   0.664090613657631854266847897344
 495  -0.468707167298037143090539693665   0.672675758897752572634378228288
 496  -0.124223124661068836508745093794   0.677600281950599851213605856649
 497  -0.679699262197086663690846483924   0.678700983172820984730893247817
 498   0.561954366365961900862779300279   0.683949845827496247364165446343
 499  -0.333059707646618652937655232035   0.689884216523463738073705880143
 500   0.224189494451480669595177985407   0.691008294216787229824326990777
 501   0.011540871710182856190162610832   0.694632124470137996518274547121
 502   0.430700189076136892797618252465   0.695681037346206205226992835164
 503   0.352070592456048396061165335496   0.702577221288723898093284385366
 504  -0.197444989520306894766858787388   0.707074496514220541367520924172
 505  -0.545111494331694223762512518577   0.708449820928802998506493571611
 506   0.148053140047854500062239072442   0.711913136553734418741488702051
 507  -0.405837566496540655147013267425   0.720438333739114085210179782191
 508  -0.061310647977223952004648284500   0.725267787602894528250932997602
 509   0.628539360905213107736011166195   0.726336274313684585104506304605
 510   0.500196289596487128609754912823   0.733103795529860264998124712170
 511  -0.619972333572031752320832164198   0.733655151185172621260698278662
 512  -0.269883178086329307371105125093   0.738425408062056770531965503934
 513   0.074383883573076919554526453532   0.742391172593054215746813822591
 514   0.285656204811063278069385608072   0.745230473583812948342363361371
 515  -0.478619690664899751941816662595   0.750982289264691152687774679197
 516  -0.131130231206239168210193921282   0.762083499131173977965035034140
 517  -0.342987995372618993894674607113   0.768188749728359495234463083878
 518   0.001601828706620932499448524794   0.772935293255189205288260138555
 519   0.566781284135738335482986778739   0.775490224016048602738465570432
 520   0.434610937431241297998046390037   0.777021131502885259696911279281
 521   0.355802198675129866238552666471   0.781420394313612893325530923862
 522   0.215593838580513036310487995685   0.781582030026187246319551461729
 523  -0.206513397971093010299449652373   0.785483263790441522545113954179
 524  -0.550395976184315238289223913245   0.787204154581981668453878053557
 525   0.137141205387647131335628493812   0.790262765174347571340777042076
 526  -0.068217754522394283706097111988   0.809751004783468655002362175093
 527  -0.406299584398686121306278785009   0.815324866587952922128582448402
 528   0.501195931970492504871278255953   0.819407559989073597437252137544
 529   0.064359150521191144280550565075   0.820806885836482560882223358040
 530  -0.483904172517520766468528057263   0.829736622917869822635159161144
 531   0.301051082727952097582179096432   0.838275351178828853562705824008
 532  -0.307765479917265163235232573677   0.838825462722412607182100423260
 533  -0.154401801907723043673457881719   0.844766924046325141668996810206
 534   0.432226179309707696206903763502   0.857791723852795287539698928798
 535  -0.005918012372042357946324602124   0.858440665675813762764918034987
 536   0.225149049487422341136523647951   0.859932963410106500558642658876
 537  -0.231798755750329115585638589065   0.860255059941014870889074155844
 538   0.146640694839853261341354801995   0.869046188079012758967582747860
 539  -0.371077068943332290646836751573   0.885961579582006034076219787784
 540  -0.087305751196576477783799245326   0.886339641020010174435347799061
 541   0.360337754724173872206575942348   0.890383520799525415089349328419
 542   0.072821478678557928673635253029   0.899283377983901513308322312969
 543  -0.288614694611359013247578169801   0.916140658964867888884136651037
 544   0.286016095553404636837074964017   0.916962869845558962236784152868
 545  -0.212380675477925391580988826135   0.936760673958166295456869081254
 546   0.209763069917394306620411363827   0.937350289960934585568386815128
 547  -0.134750765941119275077258411133   0.951035405581358725262392495514
 548   0.132093587777072200236373283056   0.951408112041934777538396952537
 549  -0.056210931702346043406363181431   0.958888128380037869039143482727
 550   0.022708475260332153719788135103   0.960265815668957716830594784288
