   1  -0.003433462527813901988184062509  -0.962473500638304207119981434003
   2   0.071560205803670566796859238717  -0.959815693266794833223329180515
   3  -0.104549139446639049208500746755  -0.956784461379285200786566972335
   4   0.151144473051909856668908947739  -0.950536331349568411333762441012
   5  -0.178771395592855363961837912971  -0.945731365776595402103505419943
   6   0.227451334208114579267752596157  -0.935218112882139509419607482813
   7  -0.251906952710415719820864283077  -0.928929445798782960212569458732
   8   0.299619881855176398268358937121  -0.914655648040819681310687891858
   9  -0.324679378125894924738845302799  -0.906009530613736624602214511389
  10  -0.050880401858617625570701472932  -0.904336574524380908480434366967
  11   0.029008533860306252344012431632  -0.894807917804858185467771890228
  12   0.104002202191790721129055732858  -0.892150110433348811571119636740
  13   0.177863243100587294981723486199  -0.878896399039711742371776160811
  14   0.393125984877695709028784189416  -0.878532292013118568395516754775
  15  -0.400806296533080569868801905227  -0.875055050128457893913108247641
  16  -0.184663034847779037111144763572  -0.870922256593778711508688891744
  17  -0.110593362211390084074596395434  -0.858889059787654428780604575033
  18   0.250031790747649113982329827163  -0.858333934198391914262856569855
  19  -0.268003176549363785949166451733  -0.855635340933771981241848972337
  20   0.460374777606409768006345793347  -0.845234933163395949817295107412
  21   0.326247155457354291568056451586  -0.844497950456367079821742516628
  22  -0.467760845281259623270343510820  -0.841169911324485719119516830017
  23  -0.018598599680210825508931034628  -0.836594420159827694535260034436
  24  -0.339263551170208853983770710328  -0.832117831738843063312814093702
  25   0.055475686740853462960912619119  -0.824589657727906068162891307448
  26   0.130418531522514141539503396188  -0.820757654874480607433242098358
  27   0.524825086707564213422736822271  -0.806799638360280486559559801720
  28  -0.215158405873004146605815088486  -0.802357348835723593349145613086
  29  -0.531872012656682027279133254652  -0.802171546645985159504268863375
  30   0.202587079169575960540109737152  -0.800195190033160779324322507403
  31  -0.406218099918387907385312315921  -0.798232692934870888519222676078
  32  -0.141088733236615193569266720347  -0.790324152029599310621061296375
  33   0.276659064349827007282027341628  -0.788176236613939312773911194626
  34   0.373891780345341810640705861039  -0.784411541566697862107754006915
  35  -0.066884273418931831089709052548  -0.779152206227611130793055691727
  36   0.448193562642641778379094606209  -0.770491737381762826998704525250
  37   0.007004979965348628562897907215  -0.766056693097139888535822379820
  38   0.586085137601872827915195592884  -0.763460044519734814031222661785
  39  -0.593710079517215193610314250651  -0.757500299853906982403383428212
  40  -0.336538132894700474168495977214  -0.757126590083165225053382030110
  41   0.081079266386412917032741560961  -0.754051930665218262163453652833
  42  -0.262614296314040022560602120422  -0.744227729085675805425841971304
  43   0.155153574510021750734174249919  -0.742047302147625374073198088512
  44  -0.448954410156019491700344715517  -0.736550264179919516122012732598
  45  -0.188544623677651069524053752284  -0.732194532279551522697757654593
  46   0.517658073603553969326960691174  -0.732101926527830815990434449638
  47   0.229225559690272797476091854400  -0.730028348728403907522786775730
  48  -0.523459944902379200904181772269  -0.727603783195994488090497389593
  49  -0.114474951041262116487505384146  -0.720161335473427239969673337881
  50   0.304194981612280130709084844422  -0.718370166030127748682942870948
  51   0.643782548356636081163965732776  -0.715479600357212977759510718352
  52   0.378699122316683373668580055651  -0.709412083214299915571693412548
  53  -0.650949196428204665942449749543  -0.708957870765954734437147594812
  54  -0.040439731612724524879322182796  -0.707917948931908753597288317367
  55  -0.383988728950950196956966136765  -0.698992648502163130318927323103
  56   0.033632253567526521862595421679  -0.695898995512687287046877004590
  57   0.452365436244652222902238445262  -0.695115635330203362462540833931
  58  -0.310064892370289745349072279973  -0.686093787504673710691387264297
  59   0.575518025647351440408742806679  -0.684317617604019822735183412849
  60   0.107706539988590810332439075426  -0.683894233080765660674508277603
  61  -0.577259867363706298731873515867  -0.675290471572738040846529330551
  62  -0.235995219733900792312523911835  -0.674060590698549427963302947586
  63   0.181780848112199644033871764384  -0.671889604563172772584252713282
  64   0.697566593286599710317562161340  -0.663149964959969861548845599662
  65  -0.161930387976269955067839655239  -0.661997633907174244581634641600
  66   0.256758441894309559141243573495  -0.660221081002361357100242860041
  67  -0.505613300550662035845029779070  -0.652977164024534199297949761777
  68  -0.087890262045979565972657006359  -0.649783953787591661535037467233
  69   0.330832750017918392842676262452  -0.648216452484768469009987295715
  70  -0.714607573159794901203488451780  -0.644750373771547378031283353702
  71  -0.431543623487726180262629697584  -0.640943994465804459451058113455
  72  -0.013819480210892240131013747611  -0.637757586581504716120242593746
  73   0.405015286745930010301242452152  -0.636899850767205307183091901561
  74  -0.640265959033499972637983085718  -0.634530851329974464676067007075
  75   0.628324235675530255530417869311  -0.629889513913729732357624753898
  76  -0.357619786907065728654735840792  -0.628045133468315039823518054649
  77   0.060252504969358806610903856865  -0.625738633162283249569831280968
  78   0.479106709828089397576228127739  -0.625001310709819895473149497118
  79  -0.283445790685027479618227133155  -0.615926628626032486354146820608
  80   0.134326791390423095080747510612  -0.613733870730361623197462553981
  81   0.553131321360422635759696606458  -0.612693950419168490553608205829
  82  -0.209385317638457552277041236089  -0.603836940377155455022776072504
  83   0.208401099514031928782180199569  -0.601729242212768735107206989660
  84  -0.561818218571755442816554728732  -0.601398719945520228192635088151
  85  -0.135340792479234607065991829922  -0.591649958643274569472786617098
  86   0.282475407637640762483612888528  -0.589724613695175847016951425345
  87   0.699655564827809085469585742415  -0.588138296349434584353976793053
  88  -0.762666067904814599084044281684  -0.587117958303517060888530351984
  89  -0.478999492545099646417747621377  -0.582814357258557331439130719379
  90  -0.061270010644147281224348571174  -0.579623591437187624057991743611
  91   0.356549715761249596185045577484  -0.577719985177582958926695861018
  92   0.773191513698463100872701147617  -0.573185756313397077994697859373
  93  -0.405075826036052624150381579494  -0.569914521612474637589369444342
  94   0.012807793391285653168683766854  -0.567599888997052114631297218516
  95   0.430732252489261213643611767185  -0.566403383460019797099800466864
  96  -0.669785973019807347858137450475  -0.565540395438706699945343660454
  97  -0.331005991411632339585921108330  -0.557882321957059338688202500565
  98   0.086887070450689164902333313472  -0.555583703531804170776909030361
  99   0.504823675571420600918597442771  -0.554504843402634385389858062421
 100  -0.256959958074560789110923529371  -0.545704507010114436862074323580
 101   0.160961356871753453372176967219  -0.543578941099882544404540303374
 102   0.578848287103753839102065921490  -0.542197483111982980470316771132
 103  -0.600517252435796434141060466076  -0.536679373653416962635152866458
 104  -0.182900983326220533014323792582  -0.533605643879165050982693539678
 105   0.235035664995362287073609656176  -0.531574312582289656314284739053
 106   0.652809714375924297739707974028  -0.529515941182856775625021499879
 107  -0.806088538679486412541034219156  -0.525916624480964481524870082336
 108  -0.526442967228105834554856532090  -0.524674603734486583522730243187
 109  -0.108854450973135521434447459102  -0.521430863539451289504152798093
 110  -0.729339207777065151637725093796  -0.519883780805296930146271437844
 111   0.309109973118971120775042345135  -0.519569684064696768224029174738
 112  -0.452524049819746961061525664016  -0.511747582460698659695949006019
 113   0.815496580612464957939480490532  -0.511206763555862114442553450008
 114  -0.034782273793536066944546578369  -0.509413093458826020737730862530
 115   0.383184281242579954476475034091  -0.507565055547103880133773610411
 116   0.737097137334778590365685231059  -0.507395861764511844142615203471
 117  -0.378449764685043190402234387249  -0.499742812091410038420401989866
 118   0.039288510801780907503716457419  -0.497386743253094455181604087753
 119   0.457366044788509867756630035386  -0.496243386630707768959080800251
 120  -0.660682293594201272747397136913  -0.488793439212126376576997944761
 121  -0.304403799140564721198253310379  -0.487564584945283495957022164138
 122   0.113360499140040225681410654455  -0.485367809296477435520496604020
 123   0.531410080438194117872151973682  -0.484053431153142071784738985396
 124  -0.230344756999905386836409776748  -0.475466134340152649154281664258
 125   0.187434785561104514151254308202  -0.473363046864555809148127877033
 126   0.605371507710364576509794026220  -0.471371889224015866939443714143
 127  -0.573876545548332098717652681013  -0.466526775936917850824676768956
 128  -0.156298981249958665992880118617  -0.463286753262883237850251187042
 129  -0.844611032983712705892271614558  -0.461518397312682908850840109242
 130   0.261509093684713347852686997160  -0.461358418346962921057872312712
 131   0.679444837118463015918017472165  -0.459361223121085314841899224542
 132  -0.499957633601134336096731320739  -0.453599723435316027863678671400
 133  -0.763043813039393254360685743834  -0.452838170852464143339149816851
 134  -0.082226056569997838364084134486  -0.451273591347983555738137527722
 135   0.335583401808322181554119686117  -0.449353789829370032967616748394
 136   0.779402204248780447432464573974  -0.445416869006976880590470794107
 137  -0.425883343358797718618544011689  -0.441594984582228874796285992905
 138   0.855423592317638715373657964467  -0.441154741334906096226954413681
 139  -0.008155271974680863915821098698  -0.439247241142251990182010752946
 140   0.409657709931931015255552375075  -0.437349161311777144877361184070
 141  -0.351837377829446211872754324321  -0.429416757344127488770883990284
 142   0.065916716363578454261873098338  -0.427228307185634970520903269213
 143   0.483838138247094941728882976630  -0.426018747161554212089484708293
 144  -0.695384316721631223966311226044  -0.420383482626207950792227878145
 145  -0.277778335673749697134924405241  -0.417318306831044724473771924122
 146   0.139988893543177908751773979071  -0.415210537105009701754481333649
 147   0.557799565519265400366525029168  -0.413337205232428007244189437041
 148  -0.621310008598022390264878537087  -0.408378854108615062701972313824
 149  -0.203732559923802976291394747110  -0.405138925753775313169741446905
 150   0.214063179964242197221617632818  -0.403205774673088075382112606662
 151   0.632009362546969337064381166942  -0.401214942225279754645816238369
 152   0.721749904032464872984796815080  -0.397382230363550351289754815178
 153  -0.547391115769957957815532474807  -0.395451692281289209690879500741
 154  -0.810477279098612605238880849472  -0.394690251479148369135400801784
 155  -0.129659635243842148662598762978  -0.393125763838875631057627787587
 156   0.288137488087851030923050321776  -0.391201146155495187291857042341
 157  -0.473316807646349124114099785850  -0.383447063763696321600623936418
 158  -0.055588850648525174214335727191  -0.381099413633144065501501012811
 159  -0.884136147615087335271907325266  -0.380355492370274795917846838854
 160   0.362211796211459864624483010734  -0.379196517637902299201601478023
 161   0.813793063681099786806450488819  -0.378720669584946857383420410394
 162  -0.399270903886134381560524457934  -0.371268460963302414146370786008
 163   0.888367235815305623332860168349  -0.370365606429315789126945463756
 164   0.018483137689734143963358469846  -0.369080479676527045840393529077
 165   0.436286104335068698325915699691  -0.367191889120309411111345913699
 166  -0.742817782780850574844506331683  -0.362235563252892176588478863077
 167  -0.325211800329637510365586048628  -0.359170386312978150270009999029
 168   0.092555314869333598453259350579  -0.357062709595901777073971593514
 169   0.510361329368581621179665395368  -0.355192919744935271394254960403
 170  -0.668743474657241741143073642726  -0.350230934735299288498223298756
 171  -0.251166238330265536557619104052  -0.346989705788725526229330193034
 172   0.166629600004018833367943775073  -0.345057939226498782762627252650
 173   0.584434697191667960098717750844  -0.343182490560992530748583660238
 174  -0.594824581829177308693727580446  -0.337303772907973435487130485672
 175   0.668104022869141929871018928039  -0.335425203465624191059733692311
 176  -0.177093102564877133560854348189  -0.334977845494870811057669564002
 177   0.240703886425083121837787428820  -0.333053176794577156390258525662
 178  -0.520750273705568474992294891489  -0.325299144390380547396874921351
 179   0.742452218906725081893551617157  -0.325253675763560406766722205423
 180  -0.103022317969560159112591312402  -0.322951495289139245501542789226
 181   0.314778194548691955539220117777  -0.321048548276984268300002961341
 182  -0.446704441141449346089865562194  -0.313120108725633470889954288057
 183  -0.028950329631300840934897115365  -0.310932561332522225840435305492
 184  -0.799203355633759235052487365603  -0.310834425780181509826257237018
 185   0.388852502672300789240652806735  -0.309043919759391380209747397023
 186  -0.882765112192943495169371323235  -0.305327267736421350741297837692
 187   0.814325501518411741167512620381  -0.303681808054496219527897931098
 188  -0.372645266817678197134487393811  -0.301022467289468227312267035274
 189   0.914521173625964525647573443180  -0.300030083634408430174954227650
 190   0.045121847548298613555003765368  -0.298914791251896957074013369929
 191   0.462926810795909622942085495692  -0.297039291241798492119491832700
 192  -0.716176941978276726041329227936  -0.292083016391294468498265075171
 193  -0.298599770958130356865928870273  -0.288841384712355890914424362125
 194   0.119196132682983848469688189862  -0.286910020882493962762669029065
 195   0.537001118919518456643518184650  -0.285034662724205604029236268379
 196  -0.642258049150212293591983165657  -0.279155854563968615487172262087
 197  -0.224526569885912118459109933400  -0.276829927150865991057711340417
 198   0.193270419104048136939531843609  -0.274905258450572336390300302077
 199   0.611075537994241808901894854590  -0.273029943699394822658369872332
 200  -0.568183741026603459890550476700  -0.267151226046375727396916697766
 201  -0.150455785290595144010846897613  -0.264803576945134425501584565640
 202   0.267344727227656970640964532566  -0.262900629932979448300044737756
 203   0.685358684984550453529605082456  -0.262393764730754541887334710783
 204  -0.494137908462484330988121147404  -0.254972190381628650889996064472
 205  -0.076383796952335825833152700576  -0.252784642988517405840477081907
 206   0.759707074769441605310297501180  -0.252223653313929300989476184971
 207   0.341419035351265804342397221524  -0.250896001415386560209789173435
 208  -0.930198579513978480067626908446  -0.247179349392416530741339614107
 209   0.862389585745944837966876459221  -0.246054054001389566559259655830
 210  -0.837299807670029613598635945349  -0.245627851370133039940332619548
 211  -0.420078734138713182032742979022  -0.242874548945463407312308811688
 212  -0.002311619772736371343251819843  -0.240766872907892137074055146344
 213   0.415493343474874638043829910482  -0.238891372897793672119533609115
 214  -0.763225499546420779897203256392  -0.233623222852540151850077055227
 215  -0.346033238279165341764184455484  -0.230693466368351070914466138540
 216   0.071762665361948863571432604651  -0.228762102538489142762710805479
 217   0.935154423909712569145574716579  -0.227713046481696511516822458237
 218   0.489567651598483471745262599439  -0.226886744380200784029278044793
 219  -0.689306606718356347447857194112  -0.220696061025214298838984242143
 220  -0.271960037206947103357365518611  -0.218682008806861171057753116832
 221   0.145836951783013152041276258398  -0.216757340106567516390342078492
 222   0.563641959722092305446695288397  -0.214882115862607895939022480472
 223  -0.615232298594747513746424505155  -0.208691432507621410748728677822
 224  -0.197889252611630128909102482823  -0.206655658601129605501626342055
 225   0.219911259906621985742708947356  -0.204752711588974628300086514171
 226   0.637716378796815657705071958337  -0.202877396837797114568156084426
 227  -0.541186466030628384843995175860  -0.196512396842874334241808044528
 228  -0.123817264273370810731408285787  -0.194636724644512585840518858322
 229   0.293985568030230819444141636313  -0.192748083071381740209830949850
 230   0.711999525787124302332782186203  -0.192241217869156833797120922876
 231  -0.884733274991064598496891530560  -0.187479933026128219940374395963
 232  -0.467127291706857235888617007477  -0.184414755406709090664120791744
 233  -0.049745087093771356241507405054  -0.182618954563887317074096922759
 234   0.786347915572015454113474604926  -0.182071106452331592899262397065
 235   0.368059876153839653145574325270  -0.180743454553788852119575385529
 236  -0.810658966867455764795458841602  -0.175475304508535331850118831642
 237  -0.393081795847309395620058483939  -0.172233672829596754266278118596
 238   0.860572744474065985955886861590  -0.171035300895052590394096065120
 239   0.024329198040913878673177019441  -0.170614184194484322762752581894
 240   0.442134184277448486847007014228  -0.168738826036195964029319821208
 241  -0.736740074039391332346112779323  -0.162548142681209478839026018557
 242  -0.319008594775091157213239547066  -0.160222215268106854409565096888
 243   0.098403484461978167143020673187  -0.158609421762562696390383854907
 244   0.516208492401057320548439703186  -0.156734197518603075939064256887
 245   0.950052554105151294046170642601  -0.154166055064531778006977655992
 246  -0.950504880262314226143888254039  -0.151352240463778292444912586677
 247  -0.662665765915782498644680090366  -0.150543514163616590748770454236
 248  -0.244937810179774182764976511279  -0.148195865062375288853438322111
 249   0.172477792585587000844453362145  -0.146604793244969808300128290586
 250   0.590282800524666154249872392143  -0.144729569001010187848808692566
 251  -0.588619933351663369742250761070  -0.138364478498869514241849820943
 252  -0.170865821841514864587282314242  -0.136176931105758269192330838378
 253   0.246552100709195834545886051102  -0.134600164727376920209872726265
 254   0.664357085742282325795265557406  -0.132724799143324601851477192940
 255  -0.514560759027892220786872592688  -0.126266837062704270664162568159
 256  -0.096793644661915410097381433509  -0.124159161025133000425908902815
 257   0.320626408832804668247318740060  -0.122595536209784032119617161944
 258   0.738476903600239418093222726837  -0.121004439484166910741988785252
 259  -0.858092434188490749693714426813  -0.117327386164530511850160608057
 260  -0.440515263168344380518314069150  -0.114085754485591934266319895011
 261  -0.022719359527230175182697009015  -0.112154390655730006114564561950
 262   0.812964440962180038488589127973  -0.111909330491403479467979363235
 263   0.394700716956413501948751429017  -0.110590907692191144029361597623
 264  -0.784173541360426317244368364534  -0.104400224337204658839067794972
 265  -0.366442062096126142111495132277  -0.102074296924102034409606873302
 266   0.887189269864230570331001384637  -0.100873524934124476962813031290
 267   0.051354926893834113287146644732  -0.100149628223808379742195834963
 268   0.468775025080022335650184117975  -0.098586279174598255939106033302
 269  -0.710099233236817483542935675576  -0.092395595819611770748812230651
 270  -0.292371277500809167663232096489  -0.090047946718370468853480098526
 271   0.125429235017442946988579333689  -0.088144999706215491651940270642
 272   0.542849333203631169351616806932  -0.086581650657005367848850468981
 273  -0.923864039459740377340711150292  -0.081199693602180584354698798770
 274  -0.636053400672698354640506346281  -0.080216560154864694241891597358
 275   0.959175592685433205394217361301  -0.079681933287474932032148422181
 276  -0.218299289162549849485537899453  -0.078029012761753449192372614793
 277   0.199503543141051780690012022647  -0.076140371188622603561684706321
 278   0.616923618421247340897009972196  -0.074576880799319781851518969354
 279  -0.561994226348927205685128177899  -0.068118918718699450664204344574
 280  -0.144227111982950394995637018720  -0.066011242681128180425950679229
 281   0.273577851264660614391444711604  -0.064135742671029715471429142000
 282   0.690997653794350735502171863153  -0.062570569401518493982743342636
 283  -0.487948730489379365416569654361  -0.055937836141587114266361671426
 284  -0.070152826848265160080952594226  -0.054006472311725186114606338365
 285   0.347652159388269448092877400562  -0.052131114153436827381173577679
 286   0.765117737316394823537463721930  -0.050851889931460678071641526007
 287  -0.413875529417161127009750717488  -0.043926378580097214409648649717
 288  -0.854619193726720700600938568947  -0.042367057786571351181502930942
 289   0.003921459572799128388891059521  -0.042001709879803559742237611378
 290   0.839605274678335443932830123067  -0.041756780938697246797632103990
 291   0.421726467511878281794310089519  -0.040126485635843939290918013358
 292  -0.757532700557852468441191260787  -0.034247677475606950748854007066
 293  -0.339804744821844152561487681700  -0.031900028374365648853521874941
 294   0.077995767696407962090323748479  -0.029997081362210671651982047057
 295   0.495800775635487115495742778477  -0.028121857118251051200662449037
 296  -0.683486867993733339538761931492  -0.022068641810859874241933373773
 297   0.911846019863201505943032575593  -0.021449418604509260198542281464
 298  -0.265732756483584834383793484663  -0.019881094417748629192414391208
 299   0.152070075820016795791756437436  -0.017992452844617783561726482736
 300  -0.962333519350393707495948806884  -0.016769783259395183884466108911
 301   0.569889176845787250585183496455  -0.016105729489281620324386353901
 302  -0.609427693669962190583383763109  -0.009971000374694630664246120989
 303  -0.191660579303985379893892603931  -0.007863324337123360425992455644
 304   0.226144383943625629493189126394  -0.005987824327024895471470918415
 305   0.644090687286400397033542770345  -0.003997105077997631359619329880
 306  -0.535382197810414350314825239571   0.002210082202417705733596552160
 307  -0.117586294169300144979208179436   0.004141446032279633885351885220
 308   0.300218692067234463194621815351   0.006016804190567992618784645906
 309   0.719525766767692738477690627477   0.008750848691215275041424199376
 310  -0.461308996738196111908006302698   0.014221539763907605590309573868
 311  -0.043512007748235856509364525689   0.016146208464201260257720612207
 312   0.374293000190843296896054504309   0.018021432708160880709040210227
 313  -0.810833006604748470729788923436   0.018574586818381503082042858026
 314   0.794089364119221977801149691229   0.020192723771469008179156300662
 315  -0.896031705273212463290417737519   0.020211837355868104555484052148
 316  -0.387238212142879137459743266911   0.026247889969639171146436348644
 317   0.030562300375372977192068163268   0.028150836981794148347976176528
 318   0.448367308314452130597487193266   0.030026061225753768799295774548
 319   0.961861343507081801519320547740   0.034493245173993947108063248309
 320  -0.731105397068242713999175395554   0.035985589998609327314737710646
 321  -0.313166223804619819282049069874   0.038266823926256190807543832377
 322   0.104636608498981810893500852225   0.040155465499387036438231740850
 323   0.522441616438060964298919882224   0.042030689743346656889551338869
 324  -0.656934145641442126382250820381   0.048117305254908787787742373049
 325  -0.239094046625020364792148189141   0.050284594006881459573965767941
 326   0.178710916622590644594933541183   0.052160094016979924528487305171
 327   0.887696961789442062768680693523   0.052415776631197498507574820323
 328   0.596530017648361099388360600202   0.054046817372316087765827434005
 329  -0.960715127535444508733902588559   0.058253513374184251977221019669
 330  -0.582888649781894286113692296844   0.060298387832021124185585046200
 331  -0.165019761490335129877463764647   0.062289364376284453885310108805
 332   0.252785224746199478296366230140   0.064164722534572812618742869492
 333   0.671061981682449061006460300619   0.066042870518412633541739571867
 334  -0.508747824659034170430450335256   0.072365084851336369292716553910
 335  -0.090945475069270841407620110900   0.074294126808206080257678835792
 336   0.326859532869808311997798919098   0.076169351052165700708998433813
 337   0.746962269546854728655032812699   0.078596052857899349991187409947
 338  -0.852245518151240233419268092008   0.081153481960820958819029841117
 339  -0.434677040063717195982187299468   0.084391435057067934848843328687
 340  -0.016871166945662007706187421943   0.086298755325798968347934400114
 341   0.400933840993417145699231608055   0.088173979569758588799253998134
 342   0.821178118327120259269115490656   0.090173532750079845789400903999
 343  -0.778368900465989875969032453340   0.094320090834183157727942298374
 344  -0.360605051725457877804493102432   0.096410369013684954509950812420
 345   0.057203141177946825995245267015   0.098303383843391856438189964435
 346   0.475008149117025979400664297013   0.100178608087351476889509562454
 347  -0.704294591435039290857494429403   0.106324713753041486608974422194
 348  -0.286532874545858423314592221699   0.108428139094310223276372747983
 349   0.956250648175253449234799322386   0.109323949618961893776136263039
 350   0.131277449301555659696677955972   0.110308012360984744528445528756
 351   0.549082457240634813102096985971   0.112183236604944364979765126776
 352  -0.630250239386062589135373081087   0.118512747207374707659505584258
 353  -0.916928940413472278862752943049   0.119195157979137106240766808638
 354  -0.212453340164179440175978393139   0.120437191885392378565819848941
 355   0.205351757425164493398110644930   0.122312640878577632618701093077
 356   0.623494091103098979868084838959   0.124080875443355770990369672067
 357  -0.556175931262453755433940392130   0.130517375724967595749761148583
 358   0.884017427266018945359268427538   0.131189815881519166418787756546
 359  -0.138379044550273368530711364156   0.132441961816292595645546542881
 360   0.279426065548773327099543333887   0.134317269396170520708956657398
 361   0.698498484461611051183802485842   0.135888074685096708491502782437
 362  -0.482105146667136780985677356343   0.142543725930699161305887923359
 363  -0.064304634266696992604443007154   0.144446673669803788347892623699
 364   0.353500373672382160800976022845   0.146321897913763408799212221719
 365   0.774029184823446567174389878513   0.148585311514114200864773938421
 366  -0.827223503161804473808056000396   0.152397158071889838372578099060
 367  -0.408033158328877462807983159306   0.154562659887316180966995407092
 368   0.009769673856911841096989681804   0.156451302187396676438148188020
 369   0.427574681795990994502408711802   0.158326526431356296889467786040
 370  -0.751728054361098794139743829511   0.164472635682194592848960592656
 371  -0.333960981149278008318082278573   0.166580429967941449733417342656
 372   0.083843981980520674798422370762   0.168455930704989564528403752341
 373   0.501648989919599828203841400760   0.170331154948949184979723350361
 374  -0.677684021114254813875838518809   0.176662605755045853684634705847
 375  -0.259886696132354265824336562801   0.178585201063980425252179382851
 376   0.157918290104129508499855059719   0.180460559222582452618659316662
 377   0.576042273111702354971162360265   0.182213819624328694206592500617
 378   0.944827184827168646543910363219   0.183490105748100130418184919669
 379  -0.603609398583488740332195977344   0.188665294068972415749719372166
 380  -0.943679092839289678022924117319   0.189306095606816010293222148599
 381  -0.185812409711298024244796062655   0.190589963495951704223713956541
 382   0.231992598227738342201287748677   0.192465187740175340708914880983
 383   0.650930593882260970045427024182   0.193926079610039845940132882637
 384  -0.529538613988171765883932941556   0.200691644274703981305846146942
 385  -0.111738101587731977502698592364   0.202594592013808608347850847284
 386   0.306066906351347175902720437634   0.204469816257768228799170445304
 387   0.872761881682356756624895423731   0.205381641060920492928267778855
 388   0.725565399738202889703159551656   0.205877333341311559365089310912
 389  -0.455466625649912447706238744520   0.212710578231321000966953630675
 390  -0.037663793464123143801265903407   0.214599220531401496438106411605
 391   0.380141214474956009604153126592   0.216474444775361116889426009625
 392  -0.873988624161986496703490646357   0.217133291034572833529725094419
 393   0.799212943983983424945678825421   0.220270159901877918379106310520
 394  -0.799149487558314792438179355803   0.222630368644877436207038011283
 395  -0.381394448470312993216337863787   0.224728348311946269733375566239
 396   0.036410514659485689900166785551   0.226603849048994384528361975926
 397   0.454215522598564843305585815549   0.228479073292954004979681573946
 398  -0.725105783639631941636939037887   0.234822338946644739951997290933
 399  -0.307320163453389250722592148014   0.236733119407985245252137606435
 400   0.110484822783094523601599474508   0.238608477566587272618617540247
 401   0.528608805790667370072906775054   0.240361737968333514206550724202
 402  -0.651030836416867440235972135830   0.246823023251358357249592116272
 403  -0.233245877032333009143051647868   0.248737881839956524223672180124
 404   0.184559130906703357303032163466   0.250613106084180160708873104568
 405   0.603478775890864345148504545488   0.252059023791012769156355711187
 406   0.927660393355507555674421719410   0.256540879189626744505993910873
 407  -0.576960051821550465787709100043   0.258849373457089922805718891048
 408  -0.159171568908766962400954177577   0.260742510357813428347809070868
 409   0.258633439030312191004464852423   0.262617734601773048799128668889
 410   0.677997509158852808564784089996   0.263915338266254696813719411111
 411  -0.502888063483291147610014903006   0.270868307413706942466826374781
 412  -0.085097260785158128699521488620   0.272747138875406316438064635191
 413  -0.922553374059089066031723769638   0.274339753058269265382521963215
 414   0.332707747153921024705897541381   0.274622363119365936889384233210
 415   0.849590372966783633011628857723   0.277268285513943524275157010672
 416  -0.428815886303691693120114022273   0.282886077494332211233248310345
 417  -0.011022952661549294998088799663   0.284751767392999204528320199513
 418   0.761002314635040427726773014777   0.284853919738190035458129170522
 419   0.406782055277529858407330230338   0.286626991636958824979639797531
 420  -0.848728749737386923766618013539   0.287794829185749577280643862269
 421  -0.773875335965813204578740846415   0.293498406705120135805584271883
 422  -0.354741601286767950626368306501   0.294890848590371186752010350541
 423   0.063051355462059538703343889295   0.296756395910592092618575763834
 424   0.481175338469632385174651189843   0.298509656312338334206508947787
 425  -0.698461207498928876712421118442   0.304973467177907158059180728968
 426  -0.280667314865711709046827806354   0.306895611022342465723544924230
 427   0.137125663585668372404776578252   0.308761024428184980708831328155
 428   0.556045308569829360250248960277   0.310206942135017589156313934772
 429  -0.624390422903611902264158082655   0.316999817383638723615307503744
 430  -0.206593006742145662304730336064   0.318900239540199369847681814974
 431   0.211199971709277206106209267210   0.320765652945777868799086892475
 432   0.630545691167456183667861611302   0.322048282447227620029942239662
 433   0.904854625664866143560341792216   0.328032215656902570275843999088
 434  -0.550318434565352584086463885618   0.329018751340255743276414987478
 435  -0.132518698618536828603297647107   0.330904868057792257937937379297
 436   0.285274279832886039807641956167   0.332770281463370756889342456796
 437   0.704579230151795744377212806866   0.334326637141152439535166738248
 438  -0.476246257385753129596563004885   0.341036521420881012042836923041
 439   0.810387679980453318061848532900   0.341353476546512325396663429577
 440  -0.058444390494927994901864958149   0.342909496575385146028192943619
 441   0.359348587956494873509074645125   0.344774909980963644979598021117
 442  -0.898341822426722556044715830584   0.345464519753311631407139065287
 443  -0.402171972368829387102817289113   0.353041292516919987561598963237
 444   0.015629917628680838799567730808   0.354914125092978034118448507940
 445   0.433422896080103707210507334082   0.356779538498556533069853585438
 446  -0.820712475231013756395306191425   0.357409501436793688709332735456
 447  -0.745889734314897664790261047405   0.363125415330171804681981917747
 448  -0.328097685947773145523276788966   0.365046054948891266533133536926
 449   0.089704225752289672501000419766   0.366918753610570922208704072261
 450   0.507497490505986814492783160519   0.368782400260556184092860054471
 451  -0.671818949719580690341998011618   0.375151765535903370238108692523
 452  -0.254023377824207098781179318676   0.377050683466748170657270427670
 453   0.163778533875898506202433108723   0.378923382128163810298959636582
 454   0.581574280321037980312314877760   0.380771705517053657300313103115
 455  -0.597746961381321372164303814581   0.387170699492520389899216176256
 456  -0.179949069700598265079746629719   0.389055311984341058747525991994
 457   0.237852841999507339903865797681   0.390928010645756698389215200903
 458   0.655650409238425118869007875733   0.392765093464226342300277660988
 459   0.876548511347047876166092100329   0.397529540224567401772242386691
 460  -0.523674784201721917674402933848   0.399188469573145658665638111820
 461  -0.105874761576989431378313940761   0.401059940501933946837781556315
 462   0.311927150123116173605298486638   0.402932639163349586479470765223
 463   0.729679174158970830840023992508   0.405047446421836976872143840804
 464  -0.449600499184798175180657218076   0.411193240669184634184400152015
 465  -0.031800453453380597676881251804   0.413064569019526834928037120636
 466   0.386001458246725007306731175596   0.414937267680942474569726329544
 467  -0.868147531312907056986498276226   0.415556123732025795076205431826
 468   0.803879518776924549706875725564   0.416246691414855598281280470915
 469  -0.375526212763741933601116717929   0.423198003101155913155934725705
 470   0.042273854670228236024551437154   0.425069197537119723018292684957
 471   0.460076052672608114589007002033   0.426940129442942125592732798577
 472  -0.794073551220030779088839232580   0.427562776181268879742298044399
 473  -0.719252417040615675240253596828   0.433299683879908190238066916108
 474  -0.301451904640175886859019247639   0.435202631619012817280071616449
 475   0.116348162793837069725984126111   0.437073826054712611108548249278
 476   0.534152842487659280408538719274   0.438929434699439598800185847221
 477  -0.645180428702356357062559399792   0.445318617836525209899174399841
 478  -0.227377596516567053157586558682   0.447207260136605705370327180772
 479   0.190422470917445903427416815069   0.449078454572305499198803813599
 480   0.608228971405046418965231717246   0.450922822646612283800150405094
 481  -0.571108251522756902572658519059   0.457336387917150478665596335405
 482  -0.153303288392958219456153869724   0.459211888654198593460582745093
 483   0.264496779041054737128849504026   0.461083083089898387289059377920
 484   0.682257736325592130936247834022   0.463205175604222918372016584910
 485  -0.497033966505833160078912803286   0.469341159013189454184358375601
 486  -0.079228980269349385754721180767   0.471216517171791481550838309414
 487   0.338571087164663570830282192984   0.473087711607491275379314942241
 488   0.756334526140643296755779551263   0.475194480860720391579469633554
 489  -0.422959680084776918499372303140   0.481345921445160733155892949290
 490  -0.005154672145740552053288491809   0.483221145689384369641093873735
 491   0.412645681590546678112558019421   0.485090573369490926402321411273
 492   0.830534870758597015622631284319   0.486393725853739012988606263665
 493  -0.348885371961210871757274832850   0.493350549963017637280029840034
 494   0.068919635977868281648144197148   0.495225774206977257731349438056
 495  -0.824826360191049694794400074109   0.496012604305441438356631563626
 496   0.486726366103916097967939344340   0.497089078286455036612624016089
 497  -0.692614001145368664404933836989   0.503466450428378962713115824122
 498  -0.274811063837602038055842143892   0.505355178480610525370285404357
 499   0.142993944101477115349576886106   0.507230402724570145821605002377
 500   0.560804304175761010100855707292   0.509077947297529601181925254893
 501  -0.618541823965769209915032956256   0.515484220509004231479537759685
 502  -0.200736755713993204354409454935   0.517359806998203413460540968679
 503   0.217068252225085949051009575063   0.519235031242163033911860566698
 504   0.641840067152878449669212487184   0.526431169060093710589293292552
 505  -0.544467538948845467421287240483   0.527488991605043206998299799881
 506  -0.126662447590384370652976765977   0.529364435515796301550796533000
 507   0.291142560348694782752442264021   0.531239659759755922002116131019
 508  -0.760708045501964204514630869459   0.534999216767518082895572660138
 509   0.715916856967929615488744204425   0.538420474316591183796746341196
 510  -0.470393252527789225841746740337   0.539493754037014485969834373571
 511  -0.052588139466775536951544077020   0.541369064033389189641052097320
 512   0.365217686738280606892787632339   0.543242955385451107743812976188
 513   0.790117201585883334355595937479   0.549619719309609805205882971316
 514  -0.396318839282245856655530418072   0.551498468307022457279988063613
 515   0.021486168656833296749888611938   0.553373692550982077731307661641
 516   0.439295995021854661491490361728   0.555239522213003837422212628785
 517  -0.322244531158637022954097729105   0.563503096824615345370243627941
 518   0.095560476780442130451321300895   0.565378321068574965821563225962
 519   0.513382866263426831190182307313   0.567235676415535753491996441519
 520  -0.248170223035028189252665040148   0.575507725342208233460499192264
 521   0.169634784904050964152753989853   0.577382949586167853911818790283
 522   0.588221774012277632451123161961   0.578930624967039502748126867197
 523  -0.676244680585296817952501785577   0.580038361871813171384230894620
 524  -0.591901118193094250538788200056   0.585636818648848697050999133736
 525  -0.174095914911419355551232351191   0.587512353859801121550754756586
 526   0.243709093027659797854186678810   0.589387578103760742002074354604
 527   0.668983059277740317869206646954   0.596972441527037049625785028321
 528  -0.517826795139401082789650514716   0.597641758417390628784998943659
 529  -0.100021606787810521849799662233   0.599516982377394009641010320907
 530   0.317785074409693654594962508787   0.601391571168827474665904208070
 531  -0.745698421064297850573887267046   0.608523535221189960938618763618
 532  -0.443752411725465414588627887900   0.609646300898707147285037603973
 533   0.744191268759661464485798321316   0.610168099693912804687606289788
 534  -0.025947298664201688148366973273   0.611521610894986897731265885227
 535   0.391868556888120559402022716026   0.613392358273746140541522379363
 536  -0.369628831466859499538561868135   0.621691087975169197308964480106
 537   0.048127009459407145553065715684   0.623526239412579785821521449548
 538   0.465952495181365394713733324702   0.625386120342084554301585054215
 539   0.122201317583015979254498404642   0.635530867930172673911777013869
 540  -0.295917504599741194487609170985   0.635753609844506474720438212807
 541   0.540800336099943453540449761982   0.637088354085045655058198053824
 542  -0.221533775072731361053950188659   0.645661940253278254101961537731
 543   0.196275625706624812955931093599   0.647535496447765562002032578190
 544   0.614953529180069928510384305677   0.649048579126341355191957765682
 545  -0.621687296510513242969583717557   0.654512778250727673386555301918
 546  -0.147459466949122527352517499702   0.657666568770871142192217102052
 547   0.270349933830233646657363782557   0.659540124965358450092288142511
 548  -0.696023856949525066445367891238   0.664768996458911836703634953053
 549  -0.491185830995863065903607558218   0.667794258439410284344589094200
 550   0.692792629763561315115591743976   0.668135764827157511021690398445
 551  -0.073380765985236673046622558484   0.669669529238991717731224108812
 552   0.344424241961728451832729250701   0.671544753434291116737705541992
 553  -0.417111512952236411945451807507   0.679798825745581414988969140855
 554   0.000693542138372160654810130474   0.681674157756584605821479673133
 555   0.425985806900014730971265309075   0.688898151152460107930702653173
 556   0.074767850261980994356242819431   0.693678786274177493911735237454
 557  -0.342914009094619873085115912609   0.694274042447670461449587934265
 558  -0.560128160703022722126514227561   0.697426494338613658930183169072
 559   0.148842158385589828057675508389   0.705683414791770382001990801775
 560   0.564240115960709933303573341608   0.708374334122606702970566695524
 561  -0.269850739067317486913208568220   0.711387569341745886064021510954
 562  -0.194941779485240484870401490174   0.715833016919605754924282464591
 563   0.222916466509198661759108197346   0.717688043309363270092246366096
 564   0.638317589835647165780162109787   0.720359412100856902027034195254
 565   0.491273126491097914773582983356   0.725893828338430254368649027093
 566  -0.120814233569529581883797633910   0.727817447368247041180051649136
 567  -0.628078869496363384351658983986   0.729303418174184231454684639970
 568   0.297620948447620771775135754700   0.730535522812508365196574731979
 569   0.372220870929421065682157790974   0.741247419436885148993839750767
 570  -0.500781229643548066214700869385   0.743350954092199312520989951437
 571  -0.049299301654615593406589652294   0.750549115653746078096728737209
 572   0.025718139066021272971338701778   0.752419360975215907480683504384
 573  -0.426535530389734160495505593004   0.754245465194078245337567533161
 574   0.099995706096327860480668998111   0.764351762154906875170692012613
 575  -0.319702419327178568381546519116   0.767476108323478357753761343845
 576  -0.569169556398219532787753754203   0.776152719614726123473755098734
 577   0.174070014219936694182101687068   0.776356390672499763260947576934
 578   0.437508190520504249484475465255   0.778243096622855295431786124688
 579   0.559354342382264691972050697645   0.783255863529910560846611427335
 580  -0.168247736344035801933106331069   0.785965336791489711442117030476
 581  -0.246403404012297668324400490482   0.786719199412073870351765991730
 582   0.248144322343545527883534376026   0.788361019190092651351203141255
 583  -0.379693398594447584823916307859   0.812870791791972337773856662253
 584  -0.097799055671753021992522311974   0.813865611966316540205441499613
 585   0.370377356092698109791365117859   0.816265521804803843292981446919
 586  -0.506972072208851185907908600627   0.818135897083207717538142318701
 587  -0.022459621811515061974195899101   0.820625829444823703855154474546
 588   0.052557818909121804403732454971   0.822496074766293533239109241721
 589   0.496633306871192883274475886072   0.824452780092386631823862930762
 590   0.126636546898901709283846101857   0.834504309016504583260905800519
 591   0.300081019545740464440997976886   0.842524602099315548555026913324
 592  -0.311245469343778730816295365236   0.843627826940571709384198711063
 593  -0.441692853066315224380534187765   0.855145865712990593364678834603
 594   0.215239577032748231789203690906   0.857626007005462699804068209088
 595   0.430893382737669156308410475655   0.860638089331845823319231634560
 596  -0.163957831223688614691480757374   0.860883364954910864449533071682
 597  -0.238944904013947326929850758491   0.863721171182472489975777299173
 598  -0.371988739581466250330274207510   0.887688800042263547437671685498
 599   0.362534183753588637226864653652   0.891591831336515161896270880135
 600  -0.097354435865648736454827952430   0.895453611650839692826345599155
 601  -0.022313987209393527135337201553   0.895666438586803694698799835915
 602   0.052703453511243339242591152519   0.897536683908273524082754603089
 603   0.151684253735625994769737867921   0.905241333353539439645589555786
 604  -0.293673480056002335591195395884   0.916582192281564277639435015164
 605   0.291971245496605386490752929770   0.917125847361768918125249771995
 606  -0.221372914726170931704750789139   0.936675536523465058231013603275
 607   0.219633499430887258137583192002   0.937084923592106521558719915735
 608  -0.147726688192510548874252017364   0.951075104127720523102989027878
 609   0.097826559450714558041024524658   0.957495165712035060720775036793
 610  -0.060112231751473209538156525966   0.960600618201830456916548294088
 611   0.014907793128778720826957655798   0.962364164856480516477426732769
