   1   0.011073060794614592716501128569  -0.963448617015652600431510651792
   2  -0.119016478748092727341482685361  -0.956133321295278185025237770130
   3   0.121519062494088791675568883938  -0.955818480547061098185942449459
   4  -0.191039803365079223322354025238  -0.944383208149619069291325992138
   5   0.193511380559458100140459245151  -0.943879863064525523675791864238
   6  -0.052125581088456780061233440924  -0.926960864112042586029069001711
   7   0.063018683809518036848104438953  -0.912193600701021134233477883328
   8  -0.310798866581837440418903398699  -0.912008725197396388668056641849
   9   0.311931010443637238058776736360  -0.911622122937100703483450643640
  10  -0.240887223651810245972961891784  -0.891085373873003282588002499359
  11   0.242342153960902025831243480819  -0.889649059854205647652167399723
  12  -0.378932562604113309422942300048  -0.885870172939023057449499196196
  13   0.380032199362544949166467612498  -0.885398993534780206870255994692
  14  -0.132215807816649031117492139008  -0.884361445466653162762271886800
  15   0.129003551830686318012786399707  -0.880220258392574015142723499773
  16  -0.000179958073553335929630130541  -0.875705847797411119831036233247
  17  -0.446675773495413074311810191966  -0.852758921885560007600904048216
  18   0.451145523226105301076109294101  -0.850679119970054236779964874161
  19  -0.068212318370388794037685729051  -0.849304666000734468669925390452
  20   0.063198641883071372777734569494  -0.839218316783030331256157951871
  21   0.189595925649214118333203708481  -0.839218316783030331256157951871
  22  -0.315993179884721794639551966391  -0.839218316783024356248530756211
  23  -0.189552717618063718600050884261  -0.839218303991518310437911730280
  24   0.320084505730371603235283603488  -0.839103539371032587400248690023
  25  -0.511138686550220886756603855165  -0.816044944913947611109167259904
  26   0.515170583246069793348073657498  -0.813209846513337112990097543693
  27  -0.384126875906997663643590867741  -0.813079764524651025029973310558
  28   0.388185694649279314342974479626  -0.812880409968712090787054041075
  29   0.254010825962405824924352999644  -0.804837185275522695946307454106
  30  -0.125549228171803481520244474304  -0.804161524525599616345565233932
  31  -0.252772952438935928401739412385  -0.802767976736288061976592902413
  32   0.000000000000000000000000000000  -0.802730563879420316853716301790
  33   0.126397283766142745555469138987  -0.802730563879420316853716301790
  34  -0.576761921205021136922388476376  -0.771817035671426380337228844869
  35   0.577719792918051282711156208611  -0.771100312005810833599297357631
  36  -0.441417691112943786260988583749  -0.767878139101910564868404044438
  37  -0.315993209415356863888672847468  -0.766242810975810302451274651708
  38  -0.189595925649214118333203708481  -0.766242810975810302451274651708
  39  -0.063198641883071372777734569494  -0.766242810975810302451274651708
  40   0.063198641883071372777734569494  -0.766242810975810302451274651708
  41   0.189595925649214118333203708481  -0.766242810975810302451274651708
  42   0.315993209415356863888672847468  -0.766242810975810302451274651708
  43   0.444293129916503550196171669342  -0.766218003734637039721425299090
  44  -0.509882237946974257419940842297  -0.742618877936340968260681694251
  45   0.512084293427918365758834229020  -0.739203515074138121414047749714
  46   0.379921606356500436954456249963  -0.731019030909861715504387693017
  47  -0.379191851298428236666407416961  -0.729755058072200288048833001627
  48  -0.252794567532285491110938277974  -0.729755058072200288048833001627
  49  -0.126397283766142745555469138987  -0.729755058072200288048833001627
  50   0.000000000000000000000000000000  -0.729755058072200288048833001627
  51   0.126397283766142745555469138987  -0.729755058072200288048833001627
  52   0.252794567532285491110938277974  -0.729755058072200288048833001627
  53  -0.633522411893611185833102236573  -0.725951240740889239333431977304
  54   0.634423291203087632068100588349  -0.725164076525979838470453131407
  55  -0.566642728635564306330654602494  -0.696753083005803827256884826686
  56  -0.443120248239571809732190819456  -0.694531278006251701101946042935
  57  -0.315993209415356863888672847468  -0.693267305168590273646391351546
  58  -0.189595925649214118333203708481  -0.693267305168590273646391351546
  59  -0.063198641883071372777734569494  -0.693267305168590273646391351546
  60   0.063198641883071372777734569494  -0.693267305168590273646391351546
  61   0.189595925649214118333203708481  -0.693267305168590273646391351546
  62   0.315993209415356863888672847468  -0.693267305168590273646391351546
  63   0.442390493181499609444141986455  -0.693267305168590273646391351546
  64   0.568787791712954715115778608758  -0.693267279594307126285203523490
  65  -0.505589135064570982221876555948  -0.656779552264980259243949701464
  66  -0.379191851298428236666407416961  -0.656779552264980259243949701464
  67  -0.252794567532285491110938277974  -0.656779552264980259243949701464
  68  -0.126397283766142745555469138987  -0.656779552264980259243949701464
  69   0.000000000000000000000000000000  -0.656779552264980259243949701464
  70   0.126397283766142745555469138987  -0.656779552264980259243949701464
  71   0.252794567532285491110938277974  -0.656779552264980259243949701464
  72   0.379191851298428236666407416961  -0.656779552264980259243949701464
  73   0.505589135064570982221876555948  -0.656779552264980259243949701464
  74  -0.649287609306233658943874172258  -0.654698991665083598296998585641
  75   0.651258958888870020469001819673  -0.654157142066072988986361058156
  76  -0.720668249254727324064748802250  -0.639525703018151633973092666211
  77   0.722339947482477812945599190391  -0.637636926922952029980042153676
  78  -0.570004035377762688813025847111  -0.622398420757472623934099203699
  79  -0.442390493181499609444141986455  -0.620291799361370244841508051383
  80  -0.315993209415356863888672847468  -0.620291799361370244841508051383
  81  -0.189595925649214118333203708481  -0.620291799361370244841508051383
  82  -0.063198641883071372777734569494  -0.620291799361370244841508051383
  83   0.063198641883071372777734569494  -0.620291799361370244841508051383
  84   0.189595925649214118333203708481  -0.620291799361370244841508051383
  85   0.315993209415356863888672847468  -0.620291799361370244841508051383
  86   0.442390493181499609444141986455  -0.620291799361370244841508051383
  87   0.568830984978792754732763949662  -0.620291786569858224023261829792
  88  -0.631986418830713727777345694935  -0.583804046457760230439066401301
  89  -0.505589135064570982221876555948  -0.583804046457760230439066401301
  90  -0.379191851298428236666407416961  -0.583804046457760230439066401301
  91  -0.252794567532285491110938277974  -0.583804046457760230439066401301
  92  -0.126397283766142745555469138987  -0.583804046457760230439066401301
  93   0.000000000000000000000000000000  -0.583804046457760230439066401301
  94   0.126397283766142745555469138987  -0.583804046457760230439066401301
  95   0.252794567532285491110938277974  -0.583804046457760230439066401301
  96   0.379191851298428236666407416961  -0.583804046457760230439066401301
  97   0.505589135064570982221876555948  -0.583804046457760230439066401301
  98   0.632008011768514564801299653566  -0.583766620809380464497943579087
  99  -0.767003554313352807616413604526  -0.583147835437480228960448131157
 100   0.768527506272453337195420919824  -0.581137954712458157721632822912
 101   0.699771573993323608315546606830  -0.556682971084425798028686271630
 102  -0.697791328778328673012397525149  -0.551830482260083885520748649041
 103  -0.568787776947642354999611125442  -0.547316293554150216036624751220
 104  -0.442390493181499609444141986455  -0.547316293554150216036624751220
 105  -0.315993209415356863888672847468  -0.547316293554150216036624751220
 106  -0.189595925649214118333203708481  -0.547316293554150216036624751220
 107  -0.063198641883071372777734569494  -0.547316293554150216036624751220
 108   0.063198641883071372777734569494  -0.547316293554150216036624751220
 109   0.189595925649214118333203708481  -0.547316293554150216036624751220
 110   0.315993209415356863888672847468  -0.547316293554150216036624751220
 111   0.442390493181499609444141986455  -0.547316293554150216036624751220
 112   0.568787776947642354999611125442  -0.547316293554150216036624751220
 113  -0.631986418830713727777345694935  -0.510828540650540201634183101139
 114  -0.505589135064570982221876555948  -0.510828540650540201634183101139
 115  -0.379191851298428236666407416961  -0.510828540650540201634183101139
 116  -0.252794567532285491110938277974  -0.510828540650540201634183101139
 117  -0.126397283766142745555469138987  -0.510828540650540201634183101139
 118   0.000000000000000000000000000000  -0.510828540650540201634183101139
 119   0.126397283766142745555469138987  -0.510828540650540201634183101139
 120   0.252794567532285491110938277974  -0.510828540650540201634183101139
 121   0.379191851298428236666407416961  -0.510828540650540201634183101139
 122   0.505589135064570982221876555948  -0.510828540650540201634183101139
 123   0.633649694899290428880505226519  -0.510809583285110538142474823531
 124  -0.758473489471923805582449618948  -0.510672581442612291262256717948
 125   0.776708866090775453535352100242  -0.508622509465650574905948313056
 126  -0.828834447179232233596585541166  -0.491313860453612039928003988818
 127   0.701413257124099472394752179783  -0.483725933560155871673217516073
 128  -0.695185060713785100555080264429  -0.474340787746930187231741451057
 129  -0.568787776947642354999611125442  -0.474340787746930187231741451057
 130  -0.442390493181499609444141986455  -0.474340787746930187231741451057
 131  -0.315993209415356863888672847468  -0.474340787746930187231741451057
 132  -0.189595925649214118333203708481  -0.474340787746930187231741451057
 133  -0.063198641883071372777734569494  -0.474340787746930187231741451057
 134   0.063198641883071372777734569494  -0.474340787746930187231741451057
 135   0.189595925649214118333203708481  -0.474340787746930187231741451057
 136   0.315993209415356863888672847468  -0.474340787746930187231741451057
 137   0.442390493181499609444141986455  -0.474340787746930187231741451057
 138   0.568787776947642354999611125442  -0.474340787746930187231741451057
 139   0.839907507973846826313086669735  -0.472134756562040560503506662974
 140   0.758293531398370469652819488407  -0.438008772162018857373662815462
 141  -0.631986418830713727777345694935  -0.437853034843320172829299800976
 142  -0.505589135064570982221876555948  -0.437853034843320172829299800976
 143  -0.379191851298428236666407416961  -0.437853034843320172829299800976
 144  -0.252794567532285491110938277974  -0.437853034843320172829299800976
 145  -0.126397283766142745555469138987  -0.437853034843320172829299800976
 146   0.000000000000000000000000000000  -0.437853034843320172829299800976
 147   0.126397283766142745555469138987  -0.437853034843320172829299800976
 148   0.252794567532285491110938277974  -0.437853034843320172829299800976
 149   0.379191851298428236666407416961  -0.437853034843320172829299800976
 150   0.505589135064570982221876555948  -0.437853034843320172829299800976
 151   0.631986418830713727777345694935  -0.437853034843320172829299800976
 152  -0.758473489471923805582449618948  -0.437697075635392262457373417785
 153  -0.828834447179232233596585541166  -0.418338354646392011123120688655
 154   0.821492173281441842430554057901  -0.401521019258408842971221165380
 155  -0.695185060713785100555080264429  -0.401365281939710158426858150895
 156  -0.568787776947642354999611125442  -0.401365281939710158426858150895
 157  -0.442390493181499609444141986455  -0.401365281939710158426858150895
 158  -0.315993209415356863888672847468  -0.401365281939710158426858150895
 159  -0.189595925649214118333203708481  -0.401365281939710158426858150895
 160  -0.063198641883071372777734569494  -0.401365281939710158426858150895
 161   0.063198641883071372777734569494  -0.401365281939710158426858150895
 162   0.189595925649214118333203708481  -0.401365281939710158426858150895
 163   0.315993209415356863888672847468  -0.401365281939710158426858150895
 164   0.442390493181499609444141986455  -0.401365281939710158426858150895
 165   0.568787776947642354999611125442  -0.401365281939710158426858150895
 166   0.695185060713785100555080264429  -0.401365281939710158426858150895
 167  -0.887543985020546064536903605185  -0.374995366582820027303604947218
 168   0.888522616807441599291982488464  -0.372670645109580869225494318302
 169  -0.769625575494488266432437908834  -0.365578732440578596996707874378
 170  -0.631986418830713727777345694935  -0.364877529036100144024416500813
 171  -0.505589135064570982221876555948  -0.364877529036100144024416500813
 172  -0.379191851298428236666407416961  -0.364877529036100144024416500813
 173  -0.252794567532285491110938277974  -0.364877529036100144024416500813
 174  -0.126397283766142745555469138987  -0.364877529036100144024416500813
 175   0.000000000000000000000000000000  -0.364877529036100144024416500813
 176   0.126397283766142745555469138987  -0.364877529036100144024416500813
 177   0.252794567532285491110938277974  -0.364877529036100144024416500813
 178   0.379191851298428236666407416961  -0.364877529036100144024416500813
 179   0.505589135064570982221876555948  -0.364877529036100144024416500813
 180   0.631986418830713727777345694935  -0.364877529036100144024416500813
 181   0.758383702596856473332814833922  -0.364877529036100144024416500813
 182  -0.695185060713785100555080264429  -0.328389776132490129621974850732
 183  -0.568787776947642354999611125442  -0.328389776132490129621974850732
 184  -0.442390493181499609444141986455  -0.328389776132490129621974850732
 185  -0.315993209415356863888672847468  -0.328389776132490129621974850732
 186  -0.189595925649214118333203708481  -0.328389776132490129621974850732
 187  -0.063198641883071372777734569494  -0.328389776132490129621974850732
 188   0.063198641883071372777734569494  -0.328389776132490129621974850732
 189   0.189595925649214118333203708481  -0.328389776132490129621974850732
 190   0.315993209415356863888672847468  -0.328389776132490129621974850732
 191   0.442390493181499609444141986455  -0.328389776132490129621974850732
 192   0.568787776947642354999611125442  -0.328389776132490129621974850732
 193   0.695185060713785100555080264429  -0.328389776132490129621974850732
 194   0.826794880609014991025183924856  -0.328389776132490129621974850732
 195  -0.831987381809972639433038745838  -0.327678474382227364733585615170
 196  -0.913379750847557036267953215629  -0.306746281226667039311283838462
 197   0.914179629814185424205208047400  -0.304354160046373889702699198027
 198  -0.759198923071093910400749700823  -0.293351941240489078203090410401
 199  -0.631986418830713727777345694935  -0.291902023228880115219533200651
 200  -0.505589135064570982221876555948  -0.291902023228880115219533200651
 201  -0.379191851298428236666407416961  -0.291902023228880115219533200651
 202  -0.252794567532285491110938277974  -0.291902023228880115219533200651
 203  -0.126397283766142745555469138987  -0.291902023228880115219533200651
 204   0.000000000000000000000000000000  -0.291902023228880115219533200651
 205   0.126397283766142745555469138987  -0.291902023228880115219533200651
 206   0.252794567532285491110938277974  -0.291902023228880115219533200651
 207   0.379191851298428236666407416961  -0.291902023228880115219533200651
 208   0.505589135064570982221876555948  -0.291902023228880115219533200651
 209   0.631986418830713727777345694935  -0.291902023228880115219533200651
 210   0.758383702596856473332814833922  -0.291902023228880115219533200651
 211  -0.821560729386578283401350537827  -0.255451683182137845939968151193
 212  -0.695185060713785100555080264429  -0.255414270325270100817091550569
 213  -0.568787776947642354999611125442  -0.255414270325270100817091550569
 214  -0.442390493181499609444141986455  -0.255414270325270100817091550569
 215  -0.315993209415356863888672847468  -0.255414270325270100817091550569
 216  -0.189595925649214118333203708481  -0.255414270325270100817091550569
 217  -0.063198641883071372777734569494  -0.255414270325270100817091550569
 218   0.063198641883071372777734569494  -0.255414270325270100817091550569
 219   0.189595925649214118333203708481  -0.255414270325270100817091550569
 220   0.315993209415356863888672847468  -0.255414270325270100817091550569
 221   0.442390493181499609444141986455  -0.255414270325270100817091550569
 222   0.568787776947642354999611125442  -0.255414270325270100817091550569
 223   0.695185060713785100555080264429  -0.255414270325270100817091550569
 224   0.821582344479927846110549403416  -0.255414270325270100817091550569
 225  -0.892146182540680266441963711457  -0.236928231806930293601641441203
 226   0.891629763267135684775117653077  -0.234950068189122049355168814082
 227  -0.758383702596856473332814833922  -0.218926517421660086414649900488
 228  -0.631986418830713727777345694935  -0.218926517421660086414649900488
 229  -0.505589135064570982221876555948  -0.218926517421660086414649900488
 230  -0.379191851298428236666407416961  -0.218926517421660086414649900488
 231  -0.252794567532285491110938277974  -0.218926517421660086414649900488
 232  -0.126397283766142745555469138987  -0.218926517421660086414649900488
 233   0.000000000000000000000000000000  -0.218926517421660086414649900488
 234   0.126397283766142745555469138987  -0.218926517421660086414649900488
 235   0.252794567532285491110938277974  -0.218926517421660086414649900488
 236   0.379191851298428236666407416961  -0.218926517421660086414649900488
 237   0.505589135064570982221876555948  -0.218926517421660086414649900488
 238   0.631986418830713727777345694935  -0.218926517421660086414649900488
 239   0.758383702596856473332814833922  -0.218926517421660086414649900488
 240  -0.945222157784925072487003987047  -0.186844648671416550197603510442
 241   0.945453422337248423891878972933  -0.185670882196211464150018666336
 242  -0.821603937417728683134503362047  -0.182476190166429837953331072621
 243  -0.695185060713785100555080264429  -0.182438764518050072012208250407
 244  -0.568787776947642354999611125442  -0.182438764518050072012208250407
 245  -0.442390493181499609444141986455  -0.182438764518050072012208250407
 246  -0.315993209415356863888672847468  -0.182438764518050072012208250407
 247  -0.189595925649214118333203708481  -0.182438764518050072012208250407
 248  -0.063198641883071372777734569494  -0.182438764518050072012208250407
 249   0.063198641883071372777734569494  -0.182438764518050072012208250407
 250   0.189595925649214118333203708481  -0.182438764518050072012208250407
 251   0.315993209415356863888672847468  -0.182438764518050072012208250407
 252   0.442390493181499609444141986455  -0.182438764518050072012208250407
 253   0.568787776947642354999611125442  -0.182438764518050072012208250407
 254   0.695185060713785100555080264429  -0.182438764518050072012208250407
 255   0.824014861340168513737378846755  -0.182438764518050072012208250407
 256  -0.884780971597676509755330575149  -0.145951037188717229963327232720
 257  -0.758383702596856473332814833922  -0.145951011614440057609766600325
 258  -0.631986418830713727777345694935  -0.145951011614440057609766600325
 259  -0.505589135064570982221876555948  -0.145951011614440057609766600325
 260  -0.379191851298428236666407416961  -0.145951011614440057609766600325
 261  -0.252794567532285491110938277974  -0.145951011614440057609766600325
 262  -0.126397283766142745555469138987  -0.145951011614440057609766600325
 263   0.000000000000000000000000000000  -0.145951011614440057609766600325
 264   0.126397283766142745555469138987  -0.145951011614440057609766600325
 265   0.252794567532285491110938277974  -0.145951011614440057609766600325
 266   0.379191851298428236666407416961  -0.145951011614440057609766600325
 267   0.505589135064570982221876555948  -0.145951011614440057609766600325
 268   0.631986418830713727777345694935  -0.145951011614440057609766600325
 269   0.758383702596856473332814833922  -0.145951011614440057609766600325
 270   0.886727234365935909565938205982  -0.142350456365228760143363863337
 271  -0.956652355522164592134098508659  -0.114769860933212223850201838565
 272   0.956794120567566086088856088874  -0.113581957863353826533027149823
 273  -0.821582344479927846110549403416  -0.109463258710830043207324950244
 274  -0.695185060713785100555080264429  -0.109463258710830043207324950244
 275  -0.568787776947642354999611125442  -0.109463258710830043207324950244
 276  -0.442390493181499609444141986455  -0.109463258710830043207324950244
 277  -0.315993209415356863888672847468  -0.109463258710830043207324950244
 278  -0.189595925649214118333203708481  -0.109463258710830043207324950244
 279  -0.063198641883071372777734569494  -0.109463258710830043207324950244
 280   0.063198641883071372777734569494  -0.109463258710830043207324950244
 281   0.189595925649214118333203708481  -0.109463258710830043207324950244
 282   0.315993209415356863888672847468  -0.109463258710830043207324950244
 283   0.442390493181499609444141986455  -0.109463258710830043207324950244
 284   0.568787776947642354999611125442  -0.109463258710830043207324950244
 285   0.695185060713785100555080264429  -0.109463258710830043207324950244
 286   0.821582344479927846110549403416  -0.109463258710830043207324950244
 287  -0.896211169334916029402425096761  -0.073876249450512903615925560844
 288  -0.758383702596856473332814833922  -0.072975505807220028804883300163
 289  -0.631986418830713727777345694935  -0.072975505807220028804883300163
 290  -0.505589135064570982221876555948  -0.072975505807220028804883300163
 291  -0.379191851298428236666407416961  -0.072975505807220028804883300163
 292  -0.252794567532285491110938277974  -0.072975505807220028804883300163
 293  -0.126397283766142745555469138987  -0.072975505807220028804883300163
 294   0.000000000000000000000000000000  -0.072975505807220028804883300163
 295   0.126397283766142745555469138987  -0.072975505807220028804883300163
 296   0.252794567532285491110938277974  -0.072975505807220028804883300163
 297   0.379191851298428236666407416961  -0.072975505807220028804883300163
 298   0.505589135064570982221876555948  -0.072975505807220028804883300163
 299   0.631986418830713727777345694935  -0.072975505807220028804883300163
 300   0.758383702596856473332814833922  -0.072975505807220028804883300163
 301   0.898067932596253571762915321923  -0.070261532032371122526372346824
 302  -0.961846356741482867659883849464  -0.039546886107048678009942358024
 303  -0.821582344479927846110549403416  -0.036487752903610014402441650081
 304  -0.695185060713785100555080264429  -0.036487752903610014402441650081
 305  -0.568787776947642354999611125442  -0.036487752903610014402441650081
 306  -0.442390493181499609444141986455  -0.036487752903610014402441650081
 307  -0.315993209415356863888672847468  -0.036487752903610014402441650081
 308  -0.189595925649214118333203708481  -0.036487752903610014402441650081
 309  -0.063198641883071372777734569494  -0.036487752903610014402441650081
 310   0.063198641883071372777734569494  -0.036487752903610014402441650081
 311   0.189595925649214118333203708481  -0.036487752903610014402441650081
 312   0.315993209415356863888672847468  -0.036487752903610014402441650081
 313   0.442390493181499609444141986455  -0.036487752903610014402441650081
 314   0.568787776947642354999611125442  -0.036487752903610014402441650081
 315   0.695185060713785100555080264429  -0.036487752903610014402441650081
 316   0.823041854596072246686647069419  -0.036487752903610014402441650081
 317   0.962284209776326187832713149265  -0.034635488615211155631316102157
 318  -0.885710821029447336457160253091  -0.001660135367273525146978745348
 319  -0.758383702596856473332814833922   0.000000000000000000000000000000
 320  -0.631986418830713727777345694935   0.000000000000000000000000000000
 321  -0.505589135064570982221876555948   0.000000000000000000000000000000
 322  -0.379191851298428236666407416961   0.000000000000000000000000000000
 323  -0.252794567532285491110938277974   0.000000000000000000000000000000
 324  -0.126397283766142745555469138987   0.000000000000000000000000000000
 325   0.000000000000000000000000000000   0.000000000000000000000000000000
 326   0.126397283766142745555469138987   0.000000000000000000000000000000
 327   0.252794567532285491110938277974   0.000000000000000000000000000000
 328   0.379191851298428236666407416961   0.000000000000000000000000000000
 329   0.505589135064570982221876555948   0.000000000000000000000000000000
 330   0.631986418830713727777345694935   0.000000000000000000000000000000
 331   0.758383702596856473332814833922   0.000000000000000000000000000000
 332   0.885710821029447336457160253091   0.001660135367273525146978745348
 333  -0.962284209776326187832713149265   0.034635488615211155631316102157
 334  -0.823041854596072246686647069419   0.036487752903610014402441650081
 335  -0.695185060713785100555080264429   0.036487752903610014402441650081
 336  -0.568787776947642354999611125442   0.036487752903610014402441650081
 337  -0.442390493181499609444141986455   0.036487752903610014402441650081
 338  -0.315993209415356863888672847468   0.036487752903610014402441650081
 339  -0.189595925649214118333203708481   0.036487752903610014402441650081
 340  -0.063198641883071372777734569494   0.036487752903610014402441650081
 341   0.063198641883071372777734569494   0.036487752903610014402441650081
 342   0.189595925649214118333203708481   0.036487752903610014402441650081
 343   0.315993209415356863888672847468   0.036487752903610014402441650081
 344   0.442390493181499609444141986455   0.036487752903610014402441650081
 345   0.568787776947642354999611125442   0.036487752903610014402441650081
 346   0.695185060713785100555080264429   0.036487752903610014402441650081
 347   0.821582344479927846110549403416   0.036487752903610014402441650081
 348   0.961846356741482867659883849464   0.039546886107048678009942358024
 349  -0.898067932596253571762915321923   0.070261532032371122526372346824
 350  -0.758383702596856473332814833922   0.072975505807220028804883300163
 351  -0.631986418830713727777345694935   0.072975505807220028804883300163
 352  -0.505589135064570982221876555948   0.072975505807220028804883300163
 353  -0.379191851298428236666407416961   0.072975505807220028804883300163
 354  -0.252794567532285491110938277974   0.072975505807220028804883300163
 355  -0.126397283766142745555469138987   0.072975505807220028804883300163
 356   0.000000000000000000000000000000   0.072975505807220028804883300163
 357   0.126397283766142745555469138987   0.072975505807220028804883300163
 358   0.252794567532285491110938277974   0.072975505807220028804883300163
 359   0.379191851298428236666407416961   0.072975505807220028804883300163
 360   0.505589135064570982221876555948   0.072975505807220028804883300163
 361   0.631986418830713727777345694935   0.072975505807220028804883300163
 362   0.758383702596856473332814833922   0.072975505807220028804883300163
 363   0.896211169334916029402425096761   0.073876249450512903615925560844
 364  -0.821582344479927846110549403416   0.109463258710830043207324950244
 365  -0.695185060713785100555080264429   0.109463258710830043207324950244
 366  -0.568787776947642354999611125442   0.109463258710830043207324950244
 367  -0.442390493181499609444141986455   0.109463258710830043207324950244
 368  -0.315993209415356863888672847468   0.109463258710830043207324950244
 369  -0.189595925649214118333203708481   0.109463258710830043207324950244
 370  -0.063198641883071372777734569494   0.109463258710830043207324950244
 371   0.063198641883071372777734569494   0.109463258710830043207324950244
 372   0.189595925649214118333203708481   0.109463258710830043207324950244
 373   0.315993209415356863888672847468   0.109463258710830043207324950244
 374   0.442390493181499609444141986455   0.109463258710830043207324950244
 375   0.568787776947642354999611125442   0.109463258710830043207324950244
 376   0.695185060713785100555080264429   0.109463258710830043207324950244
 377   0.821582344479927846110549403416   0.109463258710830043207324950244
 378  -0.956794120567566086088856088874   0.113581957863353826533027149823
 379   0.956652355522164592134098508659   0.114769860933212223850201838565
 380  -0.886727234365935909565938205982   0.142350456365228760143363863337
 381  -0.758383702596856473332814833922   0.145951011614440057609766600325
 382  -0.631986418830713727777345694935   0.145951011614440057609766600325
 383  -0.505589135064570982221876555948   0.145951011614440057609766600325
 384  -0.379191851298428236666407416961   0.145951011614440057609766600325
 385  -0.252794567532285491110938277974   0.145951011614440057609766600325
 386  -0.126397283766142745555469138987   0.145951011614440057609766600325
 387   0.000000000000000000000000000000   0.145951011614440057609766600325
 388   0.126397283766142745555469138987   0.145951011614440057609766600325
 389   0.252794567532285491110938277974   0.145951011614440057609766600325
 390   0.379191851298428236666407416961   0.145951011614440057609766600325
 391   0.505589135064570982221876555948   0.145951011614440057609766600325
 392   0.631986418830713727777345694935   0.145951011614440057609766600325
 393   0.758383702596856473332814833922   0.145951011614440057609766600325
 394   0.884780971597676509755330575149   0.145951037188717229963327232720
 395  -0.824014861340168513737378846755   0.182438764518050072012208250407
 396  -0.695185060713785100555080264429   0.182438764518050072012208250407
 397  -0.568787776947642354999611125442   0.182438764518050072012208250407
 398  -0.442390493181499609444141986455   0.182438764518050072012208250407
 399  -0.315993209415356863888672847468   0.182438764518050072012208250407
 400  -0.189595925649214118333203708481   0.182438764518050072012208250407
 401  -0.063198641883071372777734569494   0.182438764518050072012208250407
 402   0.063198641883071372777734569494   0.182438764518050072012208250407
 403   0.189595925649214118333203708481   0.182438764518050072012208250407
 404   0.315993209415356863888672847468   0.182438764518050072012208250407
 405   0.442390493181499609444141986455   0.182438764518050072012208250407
 406   0.568787776947642354999611125442   0.182438764518050072012208250407
 407   0.695185060713785100555080264429   0.182438764518050072012208250407
 408   0.821603937417728683134503362047   0.182476190166429837953331072621
 409  -0.945453422337248423891878972933   0.185670882196211464150018666336
 410   0.945222157784925072487003987047   0.186844648671416550197603510442
 411  -0.758383702596856473332814833922   0.218926517421660086414649900488
 412  -0.631986418830713727777345694935   0.218926517421660086414649900488
 413  -0.505589135064570982221876555948   0.218926517421660086414649900488
 414  -0.379191851298428236666407416961   0.218926517421660086414649900488
 415  -0.252794567532285491110938277974   0.218926517421660086414649900488
 416  -0.126397283766142745555469138987   0.218926517421660086414649900488
 417   0.000000000000000000000000000000   0.218926517421660086414649900488
 418   0.126397283766142745555469138987   0.218926517421660086414649900488
 419   0.252794567532285491110938277974   0.218926517421660086414649900488
 420   0.379191851298428236666407416961   0.218926517421660086414649900488
 421   0.505589135064570982221876555948   0.218926517421660086414649900488
 422   0.631986418830713727777345694935   0.218926517421660086414649900488
 423   0.758383702596856473332814833922   0.218926517421660086414649900488
 424  -0.891629763267135684775117653077   0.234950068189122049355168814082
 425   0.892146182540680266441963711457   0.236928231806930293601641441203
 426  -0.821582344479927846110549403416   0.255414270325270100817091550569
 427  -0.695185060713785100555080264429   0.255414270325270100817091550569
 428  -0.568787776947642354999611125442   0.255414270325270100817091550569
 429  -0.442390493181499609444141986455   0.255414270325270100817091550569
 430  -0.315993209415356863888672847468   0.255414270325270100817091550569
 431  -0.189595925649214118333203708481   0.255414270325270100817091550569
 432  -0.063198641883071372777734569494   0.255414270325270100817091550569
 433   0.063198641883071372777734569494   0.255414270325270100817091550569
 434   0.189595925649214118333203708481   0.255414270325270100817091550569
 435   0.315993209415356863888672847468   0.255414270325270100817091550569
 436   0.442390493181499609444141986455   0.255414270325270100817091550569
 437   0.568787776947642354999611125442   0.255414270325270100817091550569
 438   0.695185060713785100555080264429   0.255414270325270100817091550569
 439   0.821560729386578283401350537827   0.255451683182137845939968151193
 440  -0.758383702596856473332814833922   0.291902023228880115219533200651
 441  -0.631986418830713727777345694935   0.291902023228880115219533200651
 442  -0.505589135064570982221876555948   0.291902023228880115219533200651
 443  -0.379191851298428236666407416961   0.291902023228880115219533200651
 444  -0.252794567532285491110938277974   0.291902023228880115219533200651
 445  -0.126397283766142745555469138987   0.291902023228880115219533200651
 446   0.000000000000000000000000000000   0.291902023228880115219533200651
 447   0.126397283766142745555469138987   0.291902023228880115219533200651
 448   0.252794567532285491110938277974   0.291902023228880115219533200651
 449   0.379191851298428236666407416961   0.291902023228880115219533200651
 450   0.505589135064570982221876555948   0.291902023228880115219533200651
 451   0.631986418830713727777345694935   0.291902023228880115219533200651
 452   0.759198923071093910400749700823   0.293351941240489078203090410401
 453  -0.914179629814185424205208047400   0.304354160046373889702699198027
 454   0.913379750847557036267953215629   0.306746281226667039311283838462
 455   0.831987381809972639433038745838   0.327678474382227364733585615170
 456  -0.826794880609014991025183924856   0.328389776132490129621974850732
 457  -0.695185060713785100555080264429   0.328389776132490129621974850732
 458  -0.568787776947642354999611125442   0.328389776132490129621974850732
 459  -0.442390493181499609444141986455   0.328389776132490129621974850732
 460  -0.315993209415356863888672847468   0.328389776132490129621974850732
 461  -0.189595925649214118333203708481   0.328389776132490129621974850732
 462  -0.063198641883071372777734569494   0.328389776132490129621974850732
 463   0.063198641883071372777734569494   0.328389776132490129621974850732
 464   0.189595925649214118333203708481   0.328389776132490129621974850732
 465   0.315993209415356863888672847468   0.328389776132490129621974850732
 466   0.442390493181499609444141986455   0.328389776132490129621974850732
 467   0.568787776947642354999611125442   0.328389776132490129621974850732
 468   0.695185060713785100555080264429   0.328389776132490129621974850732
 469  -0.758383702596856473332814833922   0.364877529036100144024416500813
 470  -0.631986418830713727777345694935   0.364877529036100144024416500813
 471  -0.505589135064570982221876555948   0.364877529036100144024416500813
 472  -0.379191851298428236666407416961   0.364877529036100144024416500813
 473  -0.252794567532285491110938277974   0.364877529036100144024416500813
 474  -0.126397283766142745555469138987   0.364877529036100144024416500813
 475   0.000000000000000000000000000000   0.364877529036100144024416500813
 476   0.126397283766142745555469138987   0.364877529036100144024416500813
 477   0.252794567532285491110938277974   0.364877529036100144024416500813
 478   0.379191851298428236666407416961   0.364877529036100144024416500813
 479   0.505589135064570982221876555948   0.364877529036100144024416500813
 480   0.631986418830713727777345694935   0.364877529036100144024416500813
 481   0.769625575494488266432437908834   0.365578732440578596996707874378
 482  -0.888522616807441599291982488464   0.372670645109580869225494318302
 483   0.887543985020546064536903605185   0.374995366582820027303604947218
 484  -0.695185060713785100555080264429   0.401365281939710158426858150895
 485  -0.568787776947642354999611125442   0.401365281939710158426858150895
 486  -0.442390493181499609444141986455   0.401365281939710158426858150895
 487  -0.315993209415356863888672847468   0.401365281939710158426858150895
 488  -0.189595925649214118333203708481   0.401365281939710158426858150895
 489  -0.063198641883071372777734569494   0.401365281939710158426858150895
 490   0.063198641883071372777734569494   0.401365281939710158426858150895
 491   0.189595925649214118333203708481   0.401365281939710158426858150895
 492   0.315993209415356863888672847468   0.401365281939710158426858150895
 493   0.442390493181499609444141986455   0.401365281939710158426858150895
 494   0.568787776947642354999611125442   0.401365281939710158426858150895
 495   0.695185060713785100555080264429   0.401365281939710158426858150895
 496  -0.821492173281441842430554057901   0.401521019258408842971221165380
 497   0.828834447179232233596585541166   0.418338354646392011123120688655
 498   0.758473489471923805582449618948   0.437697075635392262457373417785
 499  -0.631986418830713727777345694935   0.437853034843320172829299800976
 500  -0.505589135064570982221876555948   0.437853034843320172829299800976
 501  -0.379191851298428236666407416961   0.437853034843320172829299800976
 502  -0.252794567532285491110938277974   0.437853034843320172829299800976
 503  -0.126397283766142745555469138987   0.437853034843320172829299800976
 504   0.000000000000000000000000000000   0.437853034843320172829299800976
 505   0.126397283766142745555469138987   0.437853034843320172829299800976
 506   0.252794567532285491110938277974   0.437853034843320172829299800976
 507   0.379191851298428236666407416961   0.437853034843320172829299800976
 508   0.505589135064570982221876555948   0.437853034843320172829299800976
 509   0.631986418830713727777345694935   0.437853034843320172829299800976
 510  -0.758293531398370469652819488407   0.438008772162018857373662815462
 511  -0.839907507973846826313086669735   0.472134756562040560503506662974
 512  -0.568787776947642354999611125442   0.474340787746930187231741451057
 513  -0.442390493181499609444141986455   0.474340787746930187231741451057
 514  -0.315993209415356863888672847468   0.474340787746930187231741451057
 515  -0.189595925649214118333203708481   0.474340787746930187231741451057
 516  -0.063198641883071372777734569494   0.474340787746930187231741451057
 517   0.063198641883071372777734569494   0.474340787746930187231741451057
 518   0.189595925649214118333203708481   0.474340787746930187231741451057
 519   0.315993209415356863888672847468   0.474340787746930187231741451057
 520   0.442390493181499609444141986455   0.474340787746930187231741451057
 521   0.568787776947642354999611125442   0.474340787746930187231741451057
 522   0.695185060713785100555080264429   0.474340787746930187231741451057
 523  -0.701413257124099472394752179783   0.483725933560155871673217516073
 524   0.828834447179232233596585541166   0.491313860453612039928003988818
 525  -0.776708866090775453535352100242   0.508622509465650574905948313056
 526   0.758473489471923805582449618948   0.510672581442612291262256717948
 527  -0.633649694899290428880505226519   0.510809583285110538142474823531
 528  -0.505589135064570982221876555948   0.510828540650540201634183101139
 529  -0.379191851298428236666407416961   0.510828540650540201634183101139
 530  -0.252794567532285491110938277974   0.510828540650540201634183101139
 531  -0.126397283766142745555469138987   0.510828540650540201634183101139
 532   0.000000000000000000000000000000   0.510828540650540201634183101139
 533   0.126397283766142745555469138987   0.510828540650540201634183101139
 534   0.252794567532285491110938277974   0.510828540650540201634183101139
 535   0.379191851298428236666407416961   0.510828540650540201634183101139
 536   0.505589135064570982221876555948   0.510828540650540201634183101139
 537   0.631986418830713727777345694935   0.510828540650540201634183101139
 538  -0.568787776947642354999611125442   0.547316293554150216036624751220
 539  -0.442390493181499609444141986455   0.547316293554150216036624751220
 540  -0.315993209415356863888672847468   0.547316293554150216036624751220
 541  -0.189595925649214118333203708481   0.547316293554150216036624751220
 542  -0.063198641883071372777734569494   0.547316293554150216036624751220
 543   0.063198641883071372777734569494   0.547316293554150216036624751220
 544   0.189595925649214118333203708481   0.547316293554150216036624751220
 545   0.315993209415356863888672847468   0.547316293554150216036624751220
 546   0.442390493181499609444141986455   0.547316293554150216036624751220
 547   0.568787776947642354999611125442   0.547316293554150216036624751220
 548   0.697791328778328673012397525149   0.551830482260083885520748649041
 549  -0.699771573993323608315546606830   0.556682971084425798028686271630
 550  -0.768527506272453337195420919824   0.581137954712458157721632822912
 551   0.767003554313352807616413604526   0.583147835437480228960448131157
 552  -0.632008011768514564801299653566   0.583766620809380464497943579087
 553  -0.505589135064570982221876555948   0.583804046457760230439066401301
 554  -0.379191851298428236666407416961   0.583804046457760230439066401301
 555  -0.252794567532285491110938277974   0.583804046457760230439066401301
 556  -0.126397283766142745555469138987   0.583804046457760230439066401301
 557   0.000000000000000000000000000000   0.583804046457760230439066401301
 558   0.126397283766142745555469138987   0.583804046457760230439066401301
 559   0.252794567532285491110938277974   0.583804046457760230439066401301
 560   0.379191851298428236666407416961   0.583804046457760230439066401301
 561   0.505589135064570982221876555948   0.583804046457760230439066401301
 562   0.631986418830713727777345694935   0.583804046457760230439066401301
 563  -0.568830984978792754732763949662   0.620291786569858224023261829792
 564  -0.442390493181499609444141986455   0.620291799361370244841508051383
 565  -0.315993209415356863888672847468   0.620291799361370244841508051383
 566  -0.189595925649214118333203708481   0.620291799361370244841508051383
 567  -0.063198641883071372777734569494   0.620291799361370244841508051383
 568   0.063198641883071372777734569494   0.620291799361370244841508051383
 569   0.189595925649214118333203708481   0.620291799361370244841508051383
 570   0.315993209415356863888672847468   0.620291799361370244841508051383
 571   0.442390493181499609444141986455   0.620291799361370244841508051383
 572   0.570004035377762688813025847111   0.622398420757472623934099203699
 573  -0.722339947482477812945599190391   0.637636926922952029980042153676
 574   0.720668249254727324064748802250   0.639525703018151633973092666211
 575  -0.651258958888870020469001819673   0.654157142066072988986361058156
 576   0.649287609306233658943874172258   0.654698991665083598296998585641
 577  -0.505589135064570982221876555948   0.656779552264980259243949701464
 578  -0.379191851298428236666407416961   0.656779552264980259243949701464
 579  -0.252794567532285491110938277974   0.656779552264980259243949701464
 580  -0.126397283766142745555469138987   0.656779552264980259243949701464
 581   0.000000000000000000000000000000   0.656779552264980259243949701464
 582   0.126397283766142745555469138987   0.656779552264980259243949701464
 583   0.252794567532285491110938277974   0.656779552264980259243949701464
 584   0.379191851298428236666407416961   0.656779552264980259243949701464
 585   0.505589135064570982221876555948   0.656779552264980259243949701464
 586  -0.568787791712954715115778608758   0.693267279594307126285203523490
 587  -0.442390493181499609444141986455   0.693267305168590273646391351546
 588  -0.315993209415356863888672847468   0.693267305168590273646391351546
 589  -0.189595925649214118333203708481   0.693267305168590273646391351546
 590  -0.063198641883071372777734569494   0.693267305168590273646391351546
 591   0.063198641883071372777734569494   0.693267305168590273646391351546
 592   0.189595925649214118333203708481   0.693267305168590273646391351546
 593   0.315993209415356863888672847468   0.693267305168590273646391351546
 594   0.443120248239571809732190819456   0.694531278006251701101946042935
 595   0.566642728635564306330654602494   0.696753083005803827256884826686
 596  -0.634423291203087632068100588349   0.725164076525979838470453131407
 597   0.633522411893611185833102236573   0.725951240740889239333431977304
 598  -0.252794567532285491110938277974   0.729755058072200288048833001627
 599  -0.126397283766142745555469138987   0.729755058072200288048833001627
 600   0.000000000000000000000000000000   0.729755058072200288048833001627
 601   0.126397283766142745555469138987   0.729755058072200288048833001627
 602   0.252794567532285491110938277974   0.729755058072200288048833001627
 603   0.379191851298428236666407416961   0.729755058072200288048833001627
 604  -0.379921606356500436954456249963   0.731019030909861715504387693017
 605  -0.512084293427918365758834229020   0.739203515074138121414047749714
 606   0.509882237946974257419940842297   0.742618877936340968260681694251
 607  -0.444293129916503550196171669342   0.766218003734637039721425299090
 608  -0.315993209415356863888672847468   0.766242810975810302451274651708
 609  -0.189595925649214118333203708481   0.766242810975810302451274651708
 610  -0.063198641883071372777734569494   0.766242810975810302451274651708
 611   0.063198641883071372777734569494   0.766242810975810302451274651708
 612   0.189595925649214118333203708481   0.766242810975810302451274651708
 613   0.315993209415356863888672847468   0.766242810975810302451274651708
 614   0.441417691112943786260988583749   0.767878139101910564868404044438
 615  -0.577719792918051282711156208611   0.771100312005810833599297357631
 616   0.576761921205021136922388476376   0.771817035671426380337228844869
 617  -0.126397283766142745555469138987   0.802730563879420316853716301790
 618   0.000000000000000000000000000000   0.802730563879420316853716301790
 619   0.252772952438935928401739412385   0.802767976736288061976592902413
 620   0.125549228171803481520244474304   0.804161524525599616345565233932
 621  -0.254010825962405824924352999644   0.804837185275522695946307454106
 622  -0.388185694649279314342974479626   0.812880409968712090787054041075
 623   0.384126875906997663643590867741   0.813079764524651025029973310558
 624  -0.515170583246069793348073657498   0.813209846513337112990097543693
 625   0.511138686550220886756603855165   0.816044944913947611109167259904
 626  -0.320084505730371603235283603488   0.839103539371032587400248690023
 627   0.189552717618063718600050884261   0.839218303991518310437911730280
 628   0.315993179884721794639551966391   0.839218316783024356248530756211
 629  -0.189595925649214118333203708481   0.839218316783030331256157951871
 630  -0.063198641883071372777734569494   0.839218316783030331256157951871
 631   0.068212318370388794037685729051   0.849304666000734468669925390452
 632  -0.451145523226105301076109294101   0.850679119970054236779964874161
 633   0.446675773495413074311810191966   0.852758921885560007600904048216
 634   0.000179958073553335929630130541   0.875705847797411119831036233247
 635  -0.129003551830686318012786399707   0.880220258392574015142723499773
 636   0.132215807816649031117492139008   0.884361445466653162762271886800
 637  -0.380032199362544949166467612498   0.885398993534780206870255994692
 638   0.378932562604113309422942300048   0.885870172939023057449499196196
 639  -0.242342153960902025831243480819   0.889649059854205647652167399723
 640   0.240887223651810245972961891784   0.891085373873003282588002499359
 641  -0.311931010443637238058776736360   0.911622122937100703483450643640
 642   0.310798866581837440418903398699   0.912008725197396388668056641849
 643  -0.063018683809518036848104438953   0.912193600701021134233477883328
 644   0.052125581088456780061233440924   0.926960864112042586029069001711
 645  -0.193511380559458100140459245151   0.943879863064525523675791864238
 646   0.191039803365079223322354025238   0.944383208149619069291325992138
 647  -0.121519062494088791675568883938   0.955818480547061098185942449459
 648   0.119016478748092727341482685361   0.956133321295278185025237770130
 649  -0.011073060794614592716501128569   0.963448617015652600431510651792
