   1  -0.007106882483849653214579423442  -0.964560416633087236775950963464
   2   0.063689409542913307669466154449  -0.962481669553300711406423606113
   3  -0.118565369501987964772877067136  -0.957271935381420833884471510797
   4   0.134142317562229235794434126066  -0.955213663927117474883799555342
   5  -0.188556936792293563433624221931  -0.945977175653786166599536963590
   6   0.260184304813473245538410200523  -0.928833371839515532201091401789
   7  -0.263925753187689897106801936069  -0.927777183335710556786913248322
   8  -0.059993775745841861114719801101  -0.917449773724556843913915759261
   9   0.191118031334835864677227706730  -0.913139869300741960625026766903
  10  -0.331292337975229379080746758901  -0.905909869640981708291566490644
  11   0.031520746726575645630830620232  -0.899368166729384344919281929263
  12   0.101974974446712141268670503597  -0.892112965111264280108190376589
  13   0.369175847369951964250334878257  -0.891143366037537202355076295859
  14  -0.142469102320647217395111152058  -0.890600744365401220734124611339
  15  -0.212373836813585266261354105085  -0.879209333143245329187364046136
  16   0.301139283759409381894430337286  -0.871048201997259728789595633365
  17  -0.433569448710010855020603856036  -0.861652388297816620680911227870
  18   0.433570600319176756079674118908  -0.861651808825875306636626702805
  19  -0.279740421601124748235298927917  -0.857342019448516480692017288459
  20  -0.024576477465879912896795252025  -0.856114211962161398980799153976
  21   0.231171379086467204044679260211  -0.854726125301171872066918841767
  22  -0.365067426420250472355236501225  -0.843654913575689810744174942610
  23   0.161561972437638024332445134838  -0.841650703313398101436448204062
  24  -0.093422481444338225217988417519  -0.839480995485528744201026517076
  25  -0.495626633992888403679508363636  -0.827515283720435896728503673819
  26  -0.162202891322507822100282503417  -0.822578588226460232050869969095
  27   0.352522748043010931286004139591  -0.822302168800944505880400879889
  28   0.093435215156385784212409989046  -0.821802875754019778956158798672
  29  -0.231041324902217054822920849704  -0.805914068537840877604670932866
  30   0.024596567649809541385721576899  -0.805139239787467754540655699848
  31   0.280022531127947009295618279111  -0.803442588972437235453965072731
  32   0.533941654019159820037930738321  -0.803326593122198285882525021619
  33   0.463363585625014504859100104366  -0.797395959436683058737108688236
  34  -0.299928785204895029913298615380  -0.789453389110569720787982091046
  35  -0.555011628388781999040167816820  -0.788916597282163051435628463912
  36  -0.044371280820587101453848350055  -0.788109786265675329556653107332
  37   0.211001338376940457737373275691  -0.786832048888450448384047482476
  38  -0.438467536663890459445237686572  -0.785690832087145103805074764353
  39  -0.368800403682863428465647106593  -0.772926552680521057543671387178
  40  -0.113206854299425676965876316655  -0.771433456393673003228512310931
  41   0.142116955665308499237411571681  -0.770358495155334999478385861312
  42   0.398667821730031704572210514466  -0.768570722434967674388686782102
  43   0.591448451740425918203929731867  -0.761981649416760663240810839379
  44  -0.182190210720152134240224326565  -0.754630496145394606253725239559
  45   0.073278308158732256410723159533  -0.753694859188782975062882762487
  46   0.329604306298607197005128254142  -0.752865086809059033403861582393
  47  -0.497852576356473214555089042713  -0.747092215338992166023651382484
  48  -0.251164473948588989998856855496  -0.738006079121146157805668399999
  49   0.004487759028913038968455327373  -0.736833764782477365963481974421
  50   0.259852490418420262988312294591  -0.735548512559715811771093713440
  51   0.516771956294545622059471379961  -0.734612419662818016427943548825
  52  -0.586614476453688579296034691432  -0.725531298132069484882784132848
  53  -0.320051934251266965089234621179  -0.721545399693875000988979558182
  54  -0.064347814449925536543572639227  -0.720157434910475039635341178020
  55   0.190825663044610431769238500928  -0.718939646669609852326141080538
  56   0.447985295464528240525143116933  -0.717735469523157880833784029887
  57   0.646229671693114408972750098932  -0.716110687350386949887936278225
  58  -0.655212037074487345909017013677  -0.707901470253265332248677438247
  59  -0.389127378693991971705269165515  -0.705079295985372523674755749623
  60  -0.133194173697069989105818139803  -0.703485364312607377431367581396
  61   0.121987015538034188942550088780  -0.702276010703057827910637981714
  62   0.377737543448938246395686839459  -0.700907145783741135280643064660
  63   0.574278754015811720225470373507  -0.693267475957380393786229366585
  64  -0.457996837951263304702053301767  -0.688543464111182894957004852265
  65  -0.202313359766524069416160332356  -0.686722506728699886454722706692
  66   0.053196466408214971500282256620  -0.685414916296752218811237193647
  67   0.308858177783011834646901424424  -0.684412627311836003753685308750
  68  -0.527580523030557673469548597449  -0.675160238009261555028285018073
  69  -0.271264932685803669644884688092  -0.670091370016903122398708382871
  70  -0.015639107070623604011745709979  -0.668738586424749892483096397246
  71   0.239676815086090237020177519828  -0.667656110340875215713187311501
  72   0.496334788862616452764118003396  -0.665978705305244816112158934434
  73   0.698513088740010884098180702824  -0.664786693790843705639543787351
  74  -0.595557495472068355988887551751  -0.655271362429015219918927099954
  75  -0.340152392988481644735262453768  -0.653630690589631965582019541051
  76  -0.084477532415084209857779198111  -0.652074032717688142489357042229
  77   0.170837471357772421868561581679  -0.650991811183476508779077225677
  78   0.427055017183434782348619441926  -0.650071892871931341725740312445
  79   0.628389335293471190969665010488  -0.647567572806999099424415540985
  80  -0.665339881613375737329067371404  -0.637802519339884821224199411778
  81  -0.409024202317843290916552141640  -0.637104649507132021889586458436
  82  -0.153349093680847603467907939936  -0.635546957871345212744224256157
  83   0.102046922227953204426293749519  -0.634130716777170899679676437611
  84   0.357582532635836563978816224231  -0.633008606084538649021155392575
  85   0.554322060573358548978762188634  -0.625310382574832252404961873349
  86  -0.734975096478011114119630278131  -0.624691053778723757023135703943
  87  -0.477893661575114623913336277892  -0.620568817632942393171835561079
  88  -0.222413818503738749062188164952  -0.618807797624456851047762689564
  89   0.033211348749114628914265782919  -0.617454386905168573351535641210
  90   0.288682502450681808678766649661  -0.616520225092995407695778906811
  91   0.746602526355597949696713316085  -0.610747061191024275943321291394
  92  -0.546743691836256804746015156885  -0.603952275056334353280414730301
  93  -0.291339389074560315490296860317  -0.602168970509403909786239101371
  94  -0.035627076595345976931767705212  -0.600789833198106823357796286193
  95   0.219688623399252227119500600579  -0.599708274854741872166123456641
  96   0.475404510581522994587594328389  -0.598315128654018277004115216992
  97   0.677263557808882663023926106420  -0.596306022619022262198346892374
  98  -0.615631978798416151403713191847  -0.587348970882923395444978690404
  99  -0.360226849377238290580674625996  -0.585708291082132752969550259553
 100  -0.104600446380786131626686244808  -0.584165973640069230243110990887
 101   0.150898074269433009677232768419  -0.582847180448436263066722668575
 102   0.406526755191517603682787303932  -0.581813887288745023244596970102
 103   0.608432641851018019722956825615  -0.579610479424450958043148047749
 104  -0.688809469882955146274246275089  -0.570977265276642813977033504225
 105  -0.429098658706599936761964313868  -0.569182249999632809277117176938
 106  -0.778832106170767808903567518182  -0.569076317827090694191553034374
 107  -0.173466514593353299614665709781  -0.567616024905935107282217222906
 108   0.082062500790594434165204801819  -0.566170850576433936738581872173
 109   0.337406857303506538010681449468  -0.565116203865698052963248990636
 110   0.533391782292265090802238513627  -0.557646805923605713296918155907
 111   0.789405014387039261023502746997  -0.554316722077399014191729229650
 112  -0.497958416934482748743805589917  -0.552606066755051227617430088121
 113  -0.242488274859578504407142052542  -0.550885398107229055714318016933
 114   0.013224062929929941934351316858  -0.549506284946816267136676394467
 115   0.268568353095335076592291446778  -0.548451975934528190563819977621
 116   0.720066045840323974350715537331  -0.539875683505397000446754830630
 117  -0.566818175162604600160840796981  -0.536029883510242528806466320751
 118  -0.311413872400908110905122500419  -0.534246578963312085312290691823
 119  -0.055749990561047898700674751909  -0.532881774120487911111550234851
 120   0.199777803965515859150023614619  -0.531590881528222581464419189547
 121   0.455256127102825550373895393986  -0.530414622047986436063589487040
 122   0.651235129882459331049746256526  -0.523180140310825696291555986005
 123  -0.636720346651662940199313257450  -0.519734498353393379009803274178
 124  -0.380301332703586085995500266095  -0.517785899536040928495601850003
 125  -0.124700804008537399151147071343  -0.516251234610923846714210907263
 126   0.130922412841057032634263386264  -0.514895660195690526463957354987
 127   0.386351079859187577714652529170  -0.513921485069904427186690568163
 128   0.582397765571628556764133906683  -0.506511204265043308257404635585
 129  -0.705316966071640897582156685893  -0.502101008672926702980599304524
 130  -0.449173142032947732176789953966  -0.501259858453540984803168767388
 131  -0.193560545982162555441597685033  -0.499674913783141704166657572929
 132  -0.776041944861321939766555030133  -0.498304493249595921879068962686
 133   0.062075214971409747185290335758  -0.498222748618081630523722625431
 134   0.317419249922268108055095631140  -0.497168196497314652909277446403
 135   0.827951393604088748150682009450  -0.494897762111611686701909412048
 136   0.513243398813567646588539579222  -0.489746299317573872356392425953
 137  -0.518032900260830544158631230015  -0.484683675208959403143481678570
 138  -0.262562758218843178935452213995  -0.482963006570865824808217194580
 139  -0.006898851035771979834555729838  -0.481598225869197354890430343125
 140   0.758612425057373461477894799785  -0.480456723539609672956935013027
 141   0.248631578748318799017749433840  -0.480295364825510270123909166653
 142  -0.841556372031295620827701051790  -0.471391745586998627609553341466
 143  -0.586892658488636186635428714593  -0.468107491964057248684772022215
 144  -0.331488355726939697379710418031  -0.466324187417126805190596393287
 145  -0.075850348187735725644843521929  -0.464967035091027786831457019958
 146   0.689781509099508818176925518980  -0.463761180345038368801736168402
 147   0.179793157470992554400517203891  -0.463630794317820035771312939637
 148   0.435080451770495524405760619223  -0.462522219829145840005683085101
 149  -0.655747606340997033771805807440  -0.451511338481726164891233842022
 150  -0.400375816029617672470088183707  -0.449863507989855648373907551468
 151  -0.144775158818813399979863397190  -0.448328805082000408907955105788
 152   0.620944144788678043891313169137  -0.447092244299255980767584817982
 153   0.110935127021872345654348920202  -0.446947558237338220249098108245
 154   0.366242030493169279788528389274  -0.445857649321455605653086858088
 155  -0.726325087372120635832933875694  -0.434461560171443847484533586531
 156  -0.469247625358979318651377871578  -0.433337466907355704681474468853
 157  -0.213650917620498626703692931234  -0.431737348903613221448297423963
 158   0.552083671770142186083287038908  -0.430519030675341126937082147158
 159   0.041952301005707825416383289061  -0.430314689540462718277476574089
 160   0.297454359319219970751182191974  -0.428984817649651222867718578337
 161   0.818968447883376456741627779338  -0.424642919998493543803482520126
 162  -0.795172468582777767936915959434  -0.417834045185888216309210579624
 163  -0.538107383586862130633219147627  -0.416761283662774123021787380034
 164  -0.282637241544874765410040131606  -0.415040615024680544686522896044
 165  -0.026999208662459806778724499857  -0.413683486839737230610337128232
 166   0.738635913324629882002054578050  -0.412480742145185835346542865353
 167   0.228615938041893726133949962025  -0.412320247141960988515122351323
 168   0.483931603811975329656699504443  -0.411238683500411203392729188726
 169  -0.873877326988040811969224330329  -0.408369590555260223447808226579
 170  -0.606962331439222977769596240474  -0.400165130180443039228249199841
 171  -0.351478658750857462251389663799  -0.398376973057946736885425619129
 172  -0.095924702999075521798897964645  -0.397044605562418751866134227121
 173   0.669798549013799107716442228207  -0.395811806099403447312391514932
 174   0.159777516764567481516717732076  -0.395655676634270754162526124305
 175   0.415093182534649085039467274494  -0.394574112992720969040132961713
 176   0.881563188329678883748396445590  -0.391501788113471076518286497937
 177  -0.676755727641476772022582997242  -0.383871889980243309395168124029
 178  -0.420366119053535437341767429475  -0.381916293630675580068736777310
 179  -0.164849589462731754916045399031  -0.380406397965622874740827586182
 180   0.600962576599601946658949961727  -0.379137123015389248842591178688
 181   0.090812213056170423885441873506  -0.379039499159719308002852056902
 182   0.346305511360699776002121077195  -0.377701281320916586254764681959
 183  -0.745385674475770762477213334806  -0.366247704002593605075811121524
 184  -0.489237928382897083523057117346  -0.365390252548175636376303694695
 185  -0.233737805695081203379618886706  -0.363803115357465529627651084554
 186   0.021851943379019998472214519044  -0.362399950511002593997383359195
 187   0.787487065034876216158064790930  -0.361197205500928172994355161207
 188   0.277467090083373531384888847245  -0.361036710813226351902168454947
 189   0.532782755853947120444328168092  -0.359955147172145217383376622859
 190  -0.827516833655049208664510849423  -0.354823901540344532518796526686
 191  -0.558097686610779895504898393395  -0.348814069303594054716616605876
 192  -0.302627544568792530281719377375  -0.347093400665500476381352121886
 193  -0.047073563473799602932778942573  -0.345761057311128195645014335394
 194   0.718649700724045441872452441086  -0.344528269455145784960203810785
 195   0.208628668806047286767656617297  -0.344372140305536117549572227930
 196   0.463944334576128890290406159715  -0.343290576663986332427179065338
 197  -0.901585153617952293979668700980  -0.342887030798377450011735016853
 198  -0.626952634463140742641275486242  -0.332217915821262970923078425683
 199  -0.371519179086245099615351352730  -0.330444552971162427082073151432
 200  -0.115999133642993876735079966493  -0.329122198446041217699006707517
 201   0.649813728309848280814960174607  -0.327853586371131586490403474539
 202   0.139654602798865559747810685380  -0.327747617556651841916280072962
 203   0.395156663402179581253059962415  -0.326417744992181949641810785584
 204   0.907914160344528095144975832975  -0.325759393663367150546492640656
 205  -0.695816314745126898666862456353  -0.315658033811393066986445659022
 206  -0.440406639388923074705729118406  -0.313983873543891270265384309615
 207  -0.184924036123898744027386226439  -0.312483995583136554753087974875
 208   0.838437057244082311042234432896  -0.311998278195119359969183366363
 209   0.070711855429482596941273103488  -0.311124760130259183722758842009
 210   0.326318242124853336635827732466  -0.309753174484491715289214558571
 211   0.581633910480779436227379585150  -0.308671600161267710703861463864
 212  -0.778540288762577335506946559223  -0.303660103747802694379873814768
 213  -0.509278448718284720887018806278  -0.297457832461391326572951227000
 214  -0.253763188486697025775789297560  -0.295822445351184380915988560460
 215   0.001777588567680202318160076328  -0.294477520982393559032060566358
 216   0.767504104949166505697581500190  -0.293247831255293251505010507769
 217   0.257479820847527092018595502517  -0.293088603976801480936618331554
 218   0.512795486617608695541345044936  -0.292007040335251695814225168964
 219  -0.854992252671487376764158287969  -0.289543448845593941641755340781
 220  -0.578152470016156024672198421266  -0.280885858546031243560852478060
 221  -0.322668064904180167645681066303  -0.279160980578716166577999654190
 222  -0.067147994117717957868960944422  -0.277838650194750661477886815791
 223   0.188505754840345364998749570600  -0.276464081227917205303326176587
 224   0.698695884159992873674013311453  -0.276458998479047149681391720131
 225   0.444007815443659386503998847638  -0.275134208663447313028856889206
 226  -0.925026681320716682976922142238  -0.272354136388758795449703452570
 227  -0.647987806796551936306817321609  -0.263392953359431392344975992862
 228  -0.391534176414081754101582729683  -0.262504608637014541535875581101
 229  -0.136073580304160865846420793900  -0.261199796063554897711267096210
 230   0.119554245172177732803641915363  -0.259832878527191717636186858069
 231   0.885093084374218780428050635432  -0.258709899662906620863433022748
 232   0.375169394166333141886766617688  -0.258469638155757078676260662195
 233   0.630485906853452634107350842973  -0.257384535183801138491468791677
 234  -0.728970929031933471696595680771  -0.253070433556602156290508352265
 235  -0.460423132986394713713044785126  -0.246044370026255827672037634752
 236  -0.204914286537996796160649324125  -0.244536765745989592151834712773
 237   0.050637500618142800787218660772  -0.243202330601650148757436049172
 238   0.816289567220082232681595330270  -0.241901800978615776764100427300
 239   0.306330972889006897269534387739  -0.241805067648066844323664435180
 240   0.561646630698202624414250580133  -0.240723496423218134613539296890
 241  -0.806015707779015503606593997769  -0.238379651053052103502832628862
 242  -0.529367188891112047187461561310  -0.229539656157628168779823157026
 243  -0.273767910378395158147327913508  -0.227879474734672217032002203763
 244  -0.018296842076238152618021925523  -0.226555113866016024864933046755
 245   0.237356906881825170249688455821  -0.225180544899182568690372280212
 246   0.747482732828526274962226259134  -0.225107287137083653619414231594
 247   0.492859698372438214742507806091  -0.223847652877749686051567097943
 248  -0.874813128867682856257671740730  -0.221546617882853382356236113973
 249   0.940432994791411340682000359643  -0.214506613934608954570799925447
 250  -0.598226945114103140868606834755  -0.212963464568033656242609499784
 251  -0.342602048764162077706783985803  -0.211197222283354053016600000958
 252  -0.087222440778884946980301771830  -0.209916247812264341490147204484
 253   0.168405397213657538054580800583  -0.208549342198457081023232961693
 254   0.424020546207812947137705502907  -0.207186101827022442063306765818
 255   0.679271209502751326356534674599  -0.206038353246126826212383725927
 256  -0.943064937446752909512696220077  -0.202622379989442686999759325222
 257  -0.680258429444681116046382921460  -0.200345010743811698822707330168
 258  -0.411440491682888876896629074209  -0.194532741172751959299838275058
 259  -0.156063830718258917979683891587  -0.193252566226407935110013834108
 260   0.099479890360837936649587472647  -0.191910448998582682670864065231
 261   0.865068678943753740117441655021  -0.190549737596410824770567872304
 262   0.355182124930486702520473272958  -0.190521531319332207710710538804
 263   0.610431933347501316663434411759  -0.189377314485543822334454231140
 264  -0.749499496955700175838649808575  -0.185283900578733177623931879938
 265  -0.480327952662633933304220544634  -0.178072064578986924521161903785
 266  -0.224907569640649381107568454687  -0.176590428207181744933023612680
 267   0.030563069974224445851036658921  -0.175279923485272614590308529568
 268   0.286208058923304975500627341042  -0.173897008570447932077418383838
 269   0.796297699626497437840510445221  -0.173609000956408192022326203881
 270   0.541645001021736906991691637717  -0.172501470940075373772482032193
 271  -0.818341366567665725814512954918  -0.168633580987519441036915836199
 272  -0.549199816794182718075990585717  -0.161546251884722664858503222117
 273  -0.293744515713848822062794969582  -0.159919765068726398508245304004
 274  -0.038371288737405141729362752930  -0.158632711483529704877193435448
 275   0.217256549255137343305519685804  -0.157265805869722444410279065318
 276   0.472805848857111639386889334533  -0.155839919889348129784221700068
 277   0.728046479498158146997759923376  -0.154682640895546107961538185723
 278  -0.887138787656333078465590697879  -0.151800547817320719890319321309
 279   0.920552478471066125883417072797  -0.146527196277520207225337113750
 280  -0.618059573012923245976152129519  -0.144970060293888327805905423742
 281  -0.362589405456100239623315184081  -0.143249141172629104366552000603
 282  -0.107212691192982999113564869516  -0.141969017975117378888893942382
 283   0.148331042402317741900526357867  -0.140626912669848046057910168856
 284   0.403967427579785394769657104584  -0.139175349381657895431625473054
 285   0.659207203342908137304659660536  -0.138021602134963104083608690936
 286  -0.955390596235403131720615177226  -0.132876309923910024533842532559
 287  -0.687256883369766910923592692681  -0.129864816385262480743959669189
 288  -0.431440062649777807045174400637  -0.126588254160921520590560115432
 289  -0.176053509753760178750551038222  -0.125305168290813203613220465574
 290   0.079405459716919581713405470796  -0.123988041882205148503736545628
 291   0.335059210964784780751566226262  -0.122613472241713295464464487461
 292   0.590420271017143727632916886494  -0.121145758589494655521636491989
 293   0.849936762898509220696690658538  -0.120213935155883927347112864460
 294  -0.756463060899084763666223378635  -0.114800250479104995246764958494
 295  -0.500327523629522863452765871069  -0.110127577567156485811883744162
 296  -0.244891339995859313143923568791  -0.108638156509442086366682837708
 297   0.010488623313057456739695831514  -0.107357521102786294602568918261
 298   0.266107701296617148556458571025  -0.105982269540987807797325168943
 299   0.778410636546280161401835393039  -0.104716429837446571880192093146
 300   0.521581118852518460028114583310  -0.104484207538767411533376159864
 301  -0.825304930511050313642086524978  -0.098149930887891258659748914755
 302  -0.569199387761071648224535912152  -0.093601764872892226149225062493
 303  -0.313731867783505442387497910164  -0.091971682598328346732457244108
 304  -0.058361539151503193862625850617  -0.090685481646382742275940173346
 305   0.197182194443797547151465243088  -0.089343376341113409444956272481
 306   0.960556739406988115943999460974  -0.088079824556192244174750696010
 307   0.452742697575192215410882353361  -0.087819637031077177180779932850
 308   0.708055724240635221298573916567  -0.086735559586675737180933823232
 309  -0.894313419704949305829299972901  -0.081338069794422669734916082768
 310  -0.638059143979812176124697455954  -0.077025573282057889096627264118
 311  -0.382576587235757025284192579236  -0.075301008610597809046015899288
 312  -0.127199960579642539286970297799  -0.074020911183054922165987758766
 313   0.128256611758399386964344356016  -0.072704505553470511890782649253
 314   0.383844513614083473000750057888  -0.071267290304038983185379421711
 315   0.639292828131733737565067680926  -0.069762042777338817024308768569
 316  -0.962565228284019359084324452248  -0.062413831901011974378439294018
 317  -0.707240784287225485712502057596  -0.061848722537054567758775311121
 318  -0.451415030785142431202239603835  -0.058636530105150943662467800332
 319  -0.196038381856968783904202484309  -0.057356340675364687813391352311
 320   0.896972618221937714706751952665  -0.056878932144511988620036637483
 321   0.059331013055752592602064643388  -0.056065639499718828515996934321
 322   0.314958853338096953807397456245  -0.054698733212253171184371272568
 323   0.570430021411212193307745385487  -0.053198528514583022437693896996
 324   0.826280345340811023616289018811  -0.052515595226424916099417311949
 325  -0.776462501869911456081439238194  -0.046855725202855986182983659199
 326  -0.520302491764887487609831074260  -0.042175853511385908883791429059
 327  -0.264878689942297880425077713090  -0.040690073414486243482415230929
 328  -0.009508138782537608914870203115  -0.039404087100700045493446689636
 329   0.246033346485277352402404128309  -0.038059840012378772832002376106
 330   0.501591600133885948690513155538  -0.036533958006892788085097669982
 331   0.757419238933984168479912201857  -0.035945013504949618455065881043
 332  -0.845304371481877006057302384537  -0.030205405611642249595967615460
 333  -0.589174355896436272381601115343  -0.025650040817121649221132747391
 334  -0.333719054185453863468955572190  -0.024023551395960537064435273490
 335  -0.078348808538162734036031278897  -0.022737374854320285553033989729
 336   0.177107763799879192215283241236  -0.021420969224735875277828752878
 337   0.432619783609490293641975306665  -0.019911577953458264934533881507
 338   0.688094822381762103589799315043  -0.018410852234160853944640470161
 339   0.964430385900928706333253890359  -0.017359028343194164225917084172
 340  -0.658034112115176800281762659145  -0.009073849226287312168534949015
 341  -0.402563947283913007986506208476  -0.007352928487125594288545754024
 342  -0.147187229815488978653263465407  -0.006072804346630051200437583277
 343   0.108182165097232397853003528608  -0.004782103170984191903043037946
 344  -0.922478539455112577495337213666  -0.004022963326423858064360576157
 345   0.363744247806642485028241234651  -0.003352524099400978244056359684
 346   0.619205848898965361047792679132  -0.001843345650091494079173714488
 347  -0.727209011248066112221957098681   0.006133697719719835163972228721
 348  -0.471416365844004380534949551261   0.009307437618434066710098675485
 349  -0.216025725922933912852076246144   0.010591744149368601660542322756
 350   0.039340764780643315832140013389   0.011881590966724116707323731736
 351   0.294884498526757157653343013529   0.013223696316355863780951520270
 352   0.900782130377163416739066350010   0.013845347783244147010714884801
 353   0.550367427621639116430560449182   0.014821224857598740273422512526
 354   0.805614060684901057621796914725   0.015955808362895307942907629553
 355  -0.796437363550604748037750904735   0.021096030146050141617920160497
 356  -0.540303826823749436942541021688   0.025768114212199101488775046757
 357  -0.284865878491958890894516080219   0.027258057186658376334995180514
 358  -0.029497656496682928785092260000   0.028546161474414351059919779310
 359   0.225958915841358997466222126457   0.029862567103998761335125143497
 360   0.481468686168184026921606108841   0.031374101070726124161148381360
 361   0.736862656778743352049331759370   0.032975814681718599695679846357
 362  -0.865279233162570298013614051078   0.037746349737263878204936204237
 363  -0.609175690955298221714311062770   0.042293926906463361151433728426
 364  -0.353706414212381444453785012678   0.043924528733756147107894153055
 365  -0.098336077774009173402324446510   0.045210731982104585412516185762
 366   0.157033317138712203103942413829   0.046501433157750444709910858429
 367   0.412532804376721917124700304870   0.048007119173789058010601172574
 368   0.667991095512979958439203017547   0.049502889528061529440812632437
 369   0.963104267266081125750865638355   0.053455359767745068713420513151
 370  -0.963072983350689256024724086700   0.054016051818298395701201993080
 371  -0.678035447174038749614472606573   0.058870118497297698204031526801
 372  -0.422551125707354613424878674839   0.060595205062148090925441874660
 373  -0.167174499051437504237586316508   0.061875302489764790602858722642
 374   0.088191916822123121083078898609   0.063165127295458753320277628111
 375   0.343669817162724130092059232800   0.064569883016976555923071159919
 376   0.599152674235653713821970787598   0.066167460035751763793408859451
 377   0.854360965112726887777896274894   0.067338446119873455015424792118
 378  -0.747210346306928061554667046108   0.074077665443304845536538704538
 379  -0.491389570081243960236912063696   0.077259680161693348712253679017
 380  -0.236012920328738711763169786866   0.078539872997558448794771739982
 381   0.019353495544796876465846668660   0.079829697803148987672873855124
 382   0.274810067882838802717161011677   0.081146103432733397948079039873
 383   0.530244513655937194661653402486   0.082729283935217652519668563869
 384   0.785659397948096402800261088296   0.084558516482220647808022672621
 385  -0.816438698609466697370460852162   0.089039997869635151990486636314
 386  -0.560277031060989016644503534122   0.093720356755458383490930050290
 387  -0.304853238513845648132284906240   0.095206137317857850879894953370
 388  -0.049484925732529368151385561290   0.096494268310839222025470082137
 389   0.205884469180192008354881299050   0.097784969486485081322864754804
 390   0.461381706935415650404331107047   0.099292798197973447106283435441
 391   0.716739742813041430280424712675   0.100883873759337511941925897704
 392  -0.888537410846219875918932711984   0.104645477721088948011653163041
 393   0.914413082220804150226272259945   0.104890801372216762114443478158
 394  -0.629148895192537801416273575204   0.110246169449722643153588731958
 395  -0.373693592657051501046619667055   0.111872662276785410010933608915
 396  -0.118323347009855612768617791251   0.113158838818529456378066309147
 397   0.137043068863602926334017783830   0.114448663624193389933231524486
 398   0.392458357715554928013359477463   0.115929521556275377998340783881
 399   0.647901321535715185663192482726   0.117548444267027746294522124718
 400  -0.956513191503173321594361717819   0.124538426176211822936356458579
 401  -0.698008651411278329316435119006   0.126822361040556980206186530333
 402  -0.442538394943201052791172019568   0.128543311898572961890991998048
 403  -0.187161768287181857385850021197   0.129823409326219690730662536172
 404   0.068204647586276681716785553880   0.131113234131883624285827751499
 405   0.323595370501557140980718405392   0.132492285399462875910810771226
 406   0.579029760269951792053063740902   0.134075519113370676039654910793
 407   0.835056264683882284367198097549   0.136274320448020639460482757267
 408  -0.767183550544167641256629558542   0.142029907986564127538693708070
 409  -0.511376839317090399603205408425   0.145207786998118219677803802405
 410  -0.256000279318125776554168657037   0.146487953432474267589927016030
 411  -0.000633773691049562900446676069   0.147777804639573858638423978513
 412   0.254735621221671813605820184270   0.149068505815219717935818651180
 413   0.510184686542428900997797916124   0.150712585489759248277998541234
 414   0.766147262413487588821554294031   0.152644584962046076833575203504
 415  -0.836411902846706277072423364596   0.156992240412894433992641639846
 416  -0.580264300296835456010796878851   0.161668463591883254456480173678
 417  -0.324840418590980380010330272096   0.163154272409761713093850065272
 418  -0.069472194968375807517678906019   0.164442375147264092991020205526
 419   0.185894220905082731584956669050   0.165732199952928026546185420861
 420   0.950192653251629487919898314019   0.166015742689248274471849439942
 421   0.441307260274248661292990279639   0.167215200580459767094023046748
 422   0.696752473577194990914131367947   0.168831980595762382907476021093
 423  -0.905297502456385786019185363289   0.173460704839650927408555052934
 424  -0.649136164428384240782566919933   0.178194276286147514119138855347
 425  -0.393680861892897940412913011784   0.179820769113210280976483732304
 426  -0.138310616245702052134911135968   0.181106945654954327343616432539
 427   0.117055799627756486967724439101   0.182396770460618260898781647875
 428   0.372468303651311446848343762930   0.183877559513869838570984307298
 429   0.627914052299868746296899137997   0.185496551103452617260072248106
 430   0.883814602674585658904790299300   0.190721826064640522033679455192
 431  -0.717995920647124768682728463735   0.194770467876981851171736653722
 432  -0.462525681057197259695589704627   0.196491413770204933189827640091
 433  -0.207149037523029118605320722856   0.197771516162644319944065425881
 434   0.048217378350430242350492209151   0.199061340968308495251377874888
 435   0.303605122226447864210793775393   0.200439515865905821134131437283
 436   0.559042491034105352686770396173   0.202023625949795547005205034182
 437   0.815015344126021809248912134574   0.207547347671065858939437341990
 438  -0.787170819780014080622922903271   0.209978014822988998504243831459
 439  -0.531364125431086606507623093484   0.213155888869750190976639444448
 440  -0.275987458800355161659465198132   0.214436086670335386918465041797
 441  -0.020621042926896002266740020798   0.215725911475998729603974101901
 442   0.234745372946562536835895554270   0.217015736281662663159139317237
 443   0.490197417306582461631504571395   0.218660692326184119243548664622
 444   0.745355404800569690989161056325   0.220350824048001588574890368048
 445  -0.856399172082552716438716709325   0.224940347249319304958191763235
 446  -0.600251586410831662915214563909   0.229616565463515225755315815721
 447  -0.344827687826826819376623616825   0.231102379246186584059400188660
 448  -0.089459464204222246883972250748   0.232390481983688963956570328914
 449   0.165906951669236292218663324321   0.233680306789352897511735544250
 450   0.421319991038402221926696934911   0.235163307416884638059573170137
 451  -0.934802076946748670508473121910   0.237849494533999504515190421138
 452   0.934097265832165385645945035047   0.240602583275631176551875430380
 453   0.677654162061592906349710638517   0.241158944716590690882956505137
 454  -0.669123450542380447686984604992   0.246142378157779485417974497389
 455  -0.413668148006894147317330696843   0.247768870984842252275319374346
 456  -0.158297885481548491501204480697   0.249055052491379198309166555927
 457   0.097068530391910047601431094372   0.250344877297043131864331771263
 458   0.352481034415465007482050418202   0.251825666350294709536534430687
 459   0.607899637562507721560984871278   0.253436667065094363768272552094
 460   0.864438502830905077484218256907   0.258846732736195993184721761695
 461  -0.739413248229082778096389142170   0.262281461303293706031210583216
 462  -0.482510538185715664668284065842   0.264440230093325153439370418335
 463  -0.227136306758874736118436710646   0.265719622999069432661762782941
 464   0.028230109114583802984198864422   0.267009447804733366216927998276
 465   0.283617852990601424844500430664   0.268387622702330692099681560672
 466   0.539028076296744327950856129453   0.269963741911437293513405338170
 467   0.795639244282341227828340092181   0.275672254342621330090479648493
 468  -0.810655682643130480300315665519   0.280933553543011563024169466931
 469  -0.551552491827278712307878272414   0.281044518377301182348559761117
 470  -0.295974728036201601025758542861   0.282384193506760257884015165185
 471  -0.040608312162742441633033365527   0.283674018312423600569524225289
 472   0.214758103710716097469602209542   0.284963843118087534124689440625
 473   0.470489254913176192946953407983   0.287820564627468417140890989703
 474  -0.886074611868723324551769082495   0.289250567491966463282360854188
 475   0.726766112139639296018688437910   0.292192781665147684664409886010
 476  -0.620424356098450508501592851222   0.297570331203779808625983259632
 477  -0.364814973940823026281041301884   0.299050481117818555358235830704
 478  -0.109446733440068686250265595477   0.300338588820113834922120452303
 479   0.145919682433389852852369979592   0.301628413625777768477285667638
 480   0.401332721802555782560403590182   0.303111414253309509025123293525
 481   0.658013537850572826381061336492   0.309208059587850505498604969364
 482   0.913409961365329074319432706462   0.310015398960474429799858855805
 483  -0.690626379694641742983371682542   0.313626155408562159186825632870
 484  -0.433653005135412552290025058059   0.315717687307962472524862152591
 485  -0.178285154717394930867497825426   0.317003159327804069274716679316
 486   0.077081261156063608235137749643   0.318292984133468002829881894652
 487   0.332493765179618568115757073472   0.319773773186719580502084554075
 488   0.588259013351487641592335569253   0.321485781936354178383921016321
 489   0.844610202699711451839536998372   0.326841399203998661881246943372
 490  -0.759485623406565859469592656889   0.330204475877845554555502795943
 491  -0.502701404329935779320219969258   0.332328116188759055637024069918
 492  -0.247123575994721175484730055375   0.333667729835494303627312906329
 493   0.008242839878737363617905519693   0.334957554641158237182478121665
 494   0.263630583754754985478207085935   0.336335729538755563065231684060
 495   0.519596094882125498435610210985   0.338859318750432907546359614721
 496   0.775810944151147602183658833646   0.343666920810423998787004830170
 497  -0.571539846580793804614609408448   0.348992600058225474931982617918
 498  -0.315961997272047218538874530651   0.350332300343185370601712522245
 499  -0.060595581398588880999326710256   0.351622125148848471535074348678
 500   0.194770834474869658103308864812   0.352911949954512405090239564014
 501   0.450841817249655840116471548609   0.355867712601637795208094728727
 502  -0.824266325458746070844193820456   0.358838315923970634933987606806
 503  -0.895090026802669992084397583760   0.359501250390634382202602269340
 504   0.706983773280380887761680689764   0.360377896368023969996687673194
 505  -0.640411710667605043740574149862   0.365518412938934916076374953549
 506  -0.384799831069341431253735663100   0.366999297440938775607778608948
 507  -0.129434002675915125616558940205   0.368286695656538705887670575691
 508   0.125932413197543413486076634863   0.369576520462202639442835791027
 509   0.381685284139035429729921730808   0.371158562227478887092327032549
 510   0.638184277006343312550552884688   0.377202445889455787529705500270
 511  -0.709307318646680514437226797556   0.381944957169355815264115815525
 512  -0.453637595224503955095289992144   0.383666582171171333042936127388
 513  -0.198272423953241370233791170155   0.384951266164228940240266802704
 514   0.884162531535256237456917599168   0.385595543209722668834911761884
 515   0.057093991920217168868844404914   0.386241090969892873795432018040
 516   0.312846327516098215285275214098   0.387820921160888958569288293099
 517   0.568534266040888743838421588338   0.390059822242058993950943083056
 518  -0.522474124571317122688331643892   0.400338965973308066998318640196
 519  -0.267110866454221782559219330479   0.401615856888925524105121639052
 520  -0.011744429357109075748387825036   0.402905661477583108148028245053
 521   0.243983146091234632647725226561   0.404382877512924941132435423084
 522   0.499784905873638413086863915221   0.407088082010870232307445935300
 523   0.756947143735264358511949282419   0.411935458132019991493850862826
 524  -0.591312566822175147982721083082   0.417003449842774486293277188196
 525  -0.335948705568425447651224891346   0.418282859051402004868897549832
 526  -0.080582850634435320365620054985   0.419570231985273342500624472066
 527   0.175123396811349305272827005439   0.420959097928681783157443303038
 528  -0.794746504463131448355076437253   0.423220117099048766735981762364
 529   0.430970047499107154419839512313   0.423849687573990577101588490475
 530  -0.866297729059303395533766143475   0.424211680344527816262614828379
 531   0.826278874282807439570602269407   0.426411206590849447687360159305
 532   0.688119972864497644089971138537   0.428646433689619962703533705849
 533  -0.660167676421217827387430742218   0.433598932248063055176425867522
 534  -0.404786472454471984061654129659   0.434950146382989583770443192081
 535  -0.149421271911761564982852284934   0.436234802492963576853220699080
 536   0.106284975534023060655594775489   0.437623668436372017510039530051
 537   0.361813514388486744033289694511   0.439140537199831668985820794297
 538   0.619320476590460068878843333461   0.445470983211051780236551532925
 539  -0.729079844857825083298876725252   0.449955863363803943606253401901
 540  -0.473623009392691908916999259697   0.451622537416462404346151960072
 541  -0.218259693189087809600084514884   0.452899373000653811205816926093
 542   0.037446554256696816038362545540   0.454288238944062251862635757064
 543   0.292974557765549529588643177802   0.455802896133241740462782054847
 544   0.549670465625005500166712037111   0.458328359563654986657789115711
 545  -0.542461478304346345654064284589   0.468287047954414675566735103196
 546  -0.287097526986386975174636183147   0.469566370098386759969513797960
 547  -0.031391867020629428578869684409   0.470952809451752486215231984077
 548   0.224111376340685946951093190265   0.472364852485277723025929184832
 549   0.480921105457755169415154363994   0.475356619332466225014291967955
 550   0.756322607896979360609191478974   0.483057570141918675059746503125
 551  -0.611368012270658907726358075071   0.484931465138551484577155895464
 552  -0.355935291141550614335458785138   0.486233654828614711010409158645
 553  -0.832834752344636034750575753848   0.486634955999959835574055074775
 554  -0.100230288297955673196101914359   0.487617379959442720567828211090
 555   0.155251627060800619576194969142   0.488941072901034565050937064785
 556   0.412106247083223910748129961086   0.492118224895586569808434523130
 557   0.668290712020268130259462686733   0.496640819991225244734634236756
 558   0.826548350566178711789345246707   0.497237497872358196473869759933
 559  -0.680520323168625374747718130181   0.501515624878734992387994139743
 560  -0.424771820488367456710347696164   0.502906038630736272616625878968
 561  -0.169068709575281917813334144308   0.504281950467132954920424438104
 562   0.086413205783474374958962739193   0.505605643408724799403533291799
 563   0.342949713972603500361580143284   0.507409074521427661692666826952
 564  -0.766093247676322636926138904925   0.510341657769078261797874733512
 565   0.599465578792389768478697137871   0.513457887741178793008680148871
 566  -0.493526094092472431088985087680   0.519914448766086836050052782622
 567  -0.237907130852608162430566374258   0.520946520974823189273020665117
 568   0.017574784506148130341730509243   0.522270213916415033756129518812
 569   0.274110757349666285916933626575   0.524071433454837733169628087502
 570   0.529860440134996678045232939704   0.526556010761119619734422403735
 571  -0.562446708822172347460860821878   0.536235754456523882636946480955
 572  -0.306744963088506124254144762608   0.537613524521435555932731711371
 573  -0.051263636771178114275501720706   0.538934784424105268108725745825
 574   0.205247575924802703279383639038   0.540633389806873715732775217487
 575   0.461029652496366329805009838278   0.543332837624198790015124860148
 576   0.717588038052733884444862958607   0.547495611311308311788389928413
 577  -0.631285170993360341474073042736   0.552900156037929118439988239964
 578  -0.375574516959040844030611347267   0.554314682210158238322077544332
 579  -0.120102058048504358892733950655   0.555599354931795502461321972838
 580   0.787834069423475297864261879718   0.556547198510315733222375294002
 581   0.136387826644917375904485417915   0.557209610222630557757783097441
 582   0.392118977847377471381836616357   0.560066331732011440773984646519
 583   0.648897833849152703528880530937   0.564760952334026051835599788153
 584  -0.699901516114386519986126597332   0.570456731341576716282142388547
 585  -0.444419242035221633425779004381   0.570953191258312336569130330357
 586  -0.188940479325830603509966180605   0.572263925439485736813918199851
 587   0.067549405367591131287253187966   0.573874180730320792110379324454
 588   0.322962444736757060995286798555   0.575357181357852532658216950341
 589  -0.769929449856409028776850158139   0.581064495007087330582752180160
 590   0.579463921363402142462362381698   0.581401760564663368827721658287
 591  -0.513485584024555759869564221926   0.587980968990365643572338852791
 592  -0.257778900603156848127198410554   0.588928495947175971166514426865
 593  -0.001289015909735113329979041984   0.590538751238011026462975551467
 594   0.254123488113819846550640281846   0.592019540291262604135178210891
 595   0.509880804537846135055948723498   0.594616373952933426628078756523
 596  -0.582434144799403837199182892771   0.604183812244929388153383520187
 597  -0.326616732839054809950776798904   0.605595499493788337826225473119
 598  -0.070127437187061357947211271933   0.607203321745701260815571778480
 599   0.185260306688956263913090294309   0.608581496643298586698325340875
 600   0.441042383260519890438716493549   0.611280944460623660980674983537
 601   0.744872149279194132993751183942   0.612856252592912699259693610050
 602  -0.395446286709589529727243383564   0.622296657182511020215571306081
 603  -0.138965858464387602564443501882   0.623867892253391495168168005493
 604  -0.654612016861740211786902631638   0.624911275794771541312255059706
 605   0.116400557409070936538192073186   0.625157717059055428723333220829
 606   0.370782975513493430389926386607   0.627603071056388928449303679860
 607   0.628437726952861642413156016362   0.632568180414465711972430130157
 608  -0.724415785336039078031731583934   0.636905860445642180178246385196
 609  -0.464291011785770319122411040678   0.638935166230665118462624092105
 610  -0.207804279741713847181675731832   0.640532462761081729520764232507
 611   0.047562136131744691920959843237   0.641822287566745663075929447842
 612   0.301944018890556215945279869898   0.644265429989798999926264940410
 613   0.559639404747502701598795303533   0.649397530250036802180605703953
 614  -0.532845199593420130178488703449   0.656732904519388767043251234589
 615  -0.276642701019040091798907961781   0.657197033268771963873360459520
 616  -0.021276285145581552696272386712   0.658486858074435897428525674855
 617   0.232304691464338253385901024661   0.661527337039558509267547533542
 618   0.489946040036642523393385185814   0.662579903278903352412145861451
 619   0.697894221049882223653633778707   0.665861067595344704814422447972
 620  -0.601946892604513496357175221891   0.672269705257025586799772613158
 621  -0.345480533254938053622486350131   0.673864036815384330533071505774
 622  -0.090114706422907797313504616662   0.675151428582126131781121901869
 623   0.419706380926635849446806263799   0.678817683785001148655994016878
 624   0.167135968249673451153625466600   0.689266725438202605536033222757
 625  -0.414310087125472773398952934791   0.690565194504107012922417338736
 626  -0.158953127700234041930736846611   0.691815999089816366133718128882
 627   0.096413288173224497171898728457   0.693105823895480299688883344218
 628  -0.669811564972474598794172536959   0.694100299014593300578038468866
 629   0.350793523325332528776312939365   0.695550535728572622348830238226
 630   0.637472830378550738470359069967   0.702816333843915535167809637979
 631  -0.483154812201653562794120591905   0.707203703552261111169470124760
 632  -0.227791548977560286547969076561   0.708480569597506600486314355895
 633   0.027696654981216110924292324985   0.710265674620804023680934077122
 634   0.281817449188573241026973784685   0.712172405671179795305183985644
 635   0.538137776143649477968221416114   0.716881721891801191531725552069
 636  -0.296629381213458248371547464918   0.725147573144118967146025402157
 637  -0.041261053592576970343052666938   0.726435700480178161533262244549
 638   0.468555885361412162277839333266   0.730102789523774771078559314694
 639  -0.546141736484612906525403084158   0.739593262418247050330291193557
 640  -0.616943119213251385395102802422   0.741490723319892904805585925973
 641   0.217361785816929632316149268591   0.741530600668178201681737803772
 642  -0.365458935083992968148014049578   0.741848730832841649535371235119
 643  -0.110099574064525132396323008556   0.743100241813171294531396510939
 644   0.399716928738474947833192816557   0.746765148457184842555520575244
 645   0.148373430947678090111470489954   0.757563162740243877040841232162
 646   0.594815311504834405553386941070   0.759356339483276384409755699773
 647  -0.178937995341851377013555238506   0.759764812320861528883992737952
 648   0.077650750871229136129743751811   0.761402261197521571193691353622
 649   0.330666953623349553858006854152   0.763457511409953417727749283460
 650  -0.459079455255243434865969284272   0.773852142708110463487499160663
 651  -0.247776416619177621630787468455   0.776429382828551763236588964965
 652   0.008966699450612272080599772367   0.778692062659958331462375026527
 653   0.266211290251705945147182338058   0.792815706406951824104303101589
 654  -0.060019657779953558517327725704   0.794733218173735365418533379210
 655  -0.319856432651771422802222908599   0.796206430458274362455569907108
 656   0.466665290937756916635059544862   0.800904355939255053757480410493
 657   0.537492076459798129839922855935   0.800955412527419408440333012047
 658  -0.395873130030865905810079904063   0.805812884074278610335755947699
 659  -0.527121296120427441590203327131   0.807818323814429656423629015930
 660  -0.129035131549860279083820139624   0.811348910788324135168282990441
 661   0.379590359036491972914886731344   0.814672124138565637934439620478
 662   0.199584188726703368647868802109   0.816842056453045407556168213790
 663   0.129323610546818981362191216046   0.825780026468030673468432050192
 664  -0.197873552827186523701052369573   0.828013481296014369520879217454
 665   0.058600930470370027380464477903   0.829619124925308367621282171652
 666   0.315134695664848364204062215250   0.844030319135564044310993438606
 667  -0.466424524219067721353254037444   0.844319529752243970321106579452
 668  -0.266711974104512768318284599523   0.844678051803704603873475444467
 669  -0.011179565169137722298780410695   0.846654570877520635387684707811
 670   0.431786026854403979492390698669   0.862547466593764918361730273354
 671  -0.080181215564803086219257209282   0.862629814125584050129997782668
 672   0.248698555897286896582796399922   0.868579768965355739617149738124
 673  -0.332610519163094789758380763400   0.870636054679936373778445204431
 674  -0.403213005777468795884958727764   0.876268553062320614158587781952
 675  -0.148385008567073632966186350517   0.882105876415696977316490255364
 676   0.179763238979434925376893155732   0.884838865975821406913565018082
 677   0.367330363482760370781566182575   0.891905661590763324738284091482
 678   0.109502660799550538091215569669   0.893776835990806672825828854483
 679  -0.217842216940269174108870571223   0.895967058153302072426120588156
 680   0.038779980723101584109488831526   0.897615934448084366978678975943
 681   0.300894223715198903160300367247   0.916455111420555020044440391000
 682  -0.041065216421538681916058512953   0.921675345414450950994704490648
 683  -0.283747404079808197494505859527   0.921908192713354797982840914922
 684   0.227525417729618798094418646792   0.937246396986566567853681029622
 685  -0.171204507464380338061181209447   0.949271468937054390949392555755
 686   0.156636906599370570964301240115   0.951783685826256502151767434270
 687  -0.101087712341358110566737719039   0.959275028095501356827602303825
 688   0.086352830244068909689162260809   0.960713533694031553045891536014
 689   0.015375577559533317339519526058   0.964464046363961074864061701548
