   1  -0.034462564128956362953037201653  -0.964203302376487505596162139651
   2   0.036092127369957060029054320496  -0.964143397930454591490529873864
   3  -0.104641284277785382068221033804  -0.959127665258782081340662729412
   4   0.112645429899206570233224721336  -0.958220581997114881717699277227
   5  -0.174263475088130381435359066631  -0.948950956525296510565265426580
   6   0.182180228388170836226744283769  -0.947462949684313797680763620691
   7   0.250746110615360394096552890240  -0.931666283951145285611645445502
   8  -0.284763717866765975732313827768  -0.921838001834792843721658338241
   9   0.335616857499779271043870748426  -0.904564537002219361581979028520
  10  -0.000541174343314129717404164097  -0.902557911884668768674568573017
  11   0.069820656634072360550038002520  -0.902391793288527128489022409923
  12  -0.351189281902860739351841417486  -0.898633276101335809246630608815
  13  -0.070719894492143148832587996249  -0.897482274766963344419069162778
  14  -0.219646653210213228898489832394  -0.895181243885022990498428300347
  15   0.139355455123036626543557564953  -0.891634160975726044452086753387
  16  -0.140342085302488148199726029076  -0.887305566033477773643671859947
  17   0.400648315348013861608489242204  -0.877699609233629012258444669808
  18   0.206361314310895165445120375187  -0.870162559070531299640320960915
  19   0.276613449864308932285863440049  -0.866231617190642136810583071156
  20  -0.452955146582412032815362220010  -0.851884564847005697316373936327
  21   0.463548945545916348854340329187  -0.846166680816100029484169954012
  22   0.037439754047328383061571777799  -0.839661659907600576362522960139
  23  -0.313481900636381298501536965876  -0.838908153050701787251307265410
  24  -0.032905924107335046273930436289  -0.838144946738013937319954523095
  25  -0.384286356173200562829540194667  -0.836541420527340448007255736524
  26   0.339312436040101775556632813473  -0.834299627174264718738814567451
  27   0.107011650165333809133339919019  -0.829146617139083146528151955987
  28  -0.243220172812640854197852558132  -0.828885663131610401779554856670
  29  -0.172966945427820620736498496960  -0.824964300761743190297097753146
  30  -0.102571191152147666497693347001  -0.823103583505517496785765867158
  31   0.404343893888336366121251307251  -0.807434699405674369415280208738
  32   0.175051205614041572799725272356  -0.807150719331721084576207247699
  33   0.531218684790875652005555157242  -0.805408210517572836183914290716
  34   0.245303341167455339640468337218  -0.803219777451831921746469357939
  35  -0.491477723950186470953552321977  -0.793004806977071128344204003354
  36  -0.561348629582345545729813191850  -0.784705927533422699681870868026
  37  -0.422808933540975000967730296634  -0.777661662657405879035085803551
  38   0.467340010244249868187453084443  -0.775906858141036733024548705894
  39  -0.002551422044129136401536577281  -0.774667241530806601394450704234
  40  -0.351989638548098831087326191573  -0.774029526582885906898544057536
  41   0.067703604250034323266317704381  -0.770788306846555000250395450452
  42  -0.281742750180415292336042660099  -0.770005905261675832807384923698
  43  -0.211489522795595058874688598927  -0.766084542891808621324927820173
  44   0.343549534567503522934550960430  -0.764065291910468143717049702869
  45  -0.141236868027667775542571633190  -0.762162891207031770349060324694
  46   0.594756271198992566637958540355  -0.759697738913008106417875670110
  47  -0.070981404519094472398612910807  -0.758291883447569882194218891697
  48   0.134757854361973564821404199226  -0.749468306944965287039292340214
  49   0.206977045206657643007418004206  -0.744212067008165059088211262022
  50  -0.617044616578242621353635048004  -0.741708580098596525104503360993
  51   0.277242369450428323384362438244  -0.740524376294986765250277057713
  52   0.408580992415738113499169454208  -0.737200364141877794393515344157
  53   0.528838907915995550474420523864  -0.735086439237946531059872728386
  54  -0.467782999445199215540379048842  -0.723259862489987672230485192759
  55  -0.540528586343678015238039385501  -0.717494762884844383161972285400
  56  -0.390512215915873269225516293540  -0.715149768712951337926374124563
  57   0.648540843033079893406809687587  -0.714332171722657786933354853667
  58   0.029165323990691364520030067730  -0.711859098150819741590459517548
  59  -0.320265327548189730474232762066  -0.711126147391741263835214990725
  60  -0.250012100163369497012878700894  -0.707204785021874052352757887201
  61  -0.179759445395442213680761735157  -0.703283133337097201376890391721
  62  -0.109506790627514930348644769419  -0.699361481652320350401022896241
  63  -0.039254135859587647016527803682  -0.695439829967543499425155400762
  64  -0.669458883222086285349993242387  -0.694766493373927513849790375339
  65   0.096235276994199126683214097259  -0.690588549075030718067122407241
  66   0.166487931762126410015331062996  -0.686666897390253867091254911761
  67   0.238916073489630626751312105232  -0.681516665851319902592018961796
  68   0.311952251293734326385241325745  -0.679280046759782689213097275512
  69   0.452106818812123799025385986835  -0.679188085085358846450387643532
  70  -0.596222030741105503609840714353  -0.674494122133467876769040316101
  71   0.590853759728622799391728380387  -0.674045508002477174636192161202
  72   0.382112233880171451147871955875  -0.672006655277723147914874948608
  73   0.698876183439589149070669481430  -0.665167465275460059254310737063
  74   0.521055509994823603220915441518  -0.665156234242687255189221971010
  75  -0.499482598809110159558484180458  -0.660345469265496913801407721573
  76  -0.429231330092082989069465544705  -0.656399066152999557571996368034
  77  -0.358873330011408130776630169857  -0.652302368189122778006740118917
  78  -0.288534677531143935151068802861  -0.648325027151939483380587954228
  79  -0.218282022763216651818951837124  -0.644403375467162632404720458748
  80  -0.148029367995289368486834871386  -0.640481723782385781428852963269
  81  -0.077776713227362085154717905649  -0.636560072097608930452985467789
  82  -0.007524058459434801822600939911  -0.632638420412832079477117972309
  83   0.062728596308492481509516025826  -0.628716768728055228501250476829
  84   0.132981251076419764841632991563  -0.624795117043278377525382981350
  85  -0.675412409835881940033992436940  -0.624656790944541065802896075978
  86   0.203233905844347048173749957301  -0.620873465358501526549515485870
  87   0.273593541860562540310553246126  -0.620293401961999971082589241035
  88  -0.744844566057519229224888083355  -0.613255451712133171017404036905
  89   0.343589656512397013009681853908  -0.613126897407788578942705015636
  90   0.623911105038270450952436604123  -0.611932491854837028166865902750
  91   0.413842311280324296341798819645  -0.609205245723011727966837520156
  92   0.484094966048251579673915785383  -0.605283594038234876990970024676
  93  -0.607827882228671160653347156808  -0.605082663071543679730126724646
  94   0.554347620816178863006032751120  -0.601361942353458026015102529197
  95  -0.537573850409667801595835207686  -0.601185758267375024367837426199
  96  -0.467322581692640631106816571933  -0.597239355154877668138426072660
  97   0.692234895826856535201793022294  -0.595119566286816199228403776732
  98  -0.397075769956238066383181643098  -0.593214396180092451867985882792
  99   0.762486377835125276690720257787  -0.591176961878537011777366923721
 100  -0.326823115188310783051064677360  -0.589292744495315600892118387312
 101  -0.256570460420383499718947711623  -0.585371092810538749916250891833
 102  -0.186317805652456216386830745885  -0.581449441125761898940383396353
 103  -0.116065150884528933054713780148  -0.577527789440985047964515900873
 104  -0.045812496116601649722596814411  -0.573606137756208196988648405394
 105   0.024440158651325633609520151327  -0.569684486071431346012780909914
 106   0.094692813419252916941637117064  -0.565762834386654495036913414434
 107   0.164945468187180200273754082802  -0.561841182701877644061045918954
 108   0.235214290174902444936453650417  -0.558199149471144159903629338391
 109  -0.787557422903247496087912997359  -0.557340992813252524699736925546
 110   0.305450777723034766937988014276  -0.553997879332323942109310927995
 111   0.375703432490962050270104980014  -0.550076227647547091133443432515
 112  -0.716665186330897375651197703428  -0.548782686825701144830232770834
 113  -0.646350468034272391359531605429  -0.546202910722129201671729749122
 114   0.445956087258889333602221945751  -0.546154575962770240157575937036
 115  -0.576097813828342352577123639638  -0.542281248969719950142123635167
 116   0.516208742026816616934338911489  -0.542232924277993389181708441556
 117   0.586500843812446425334247171948  -0.538776120438022738099169623418
 118  -0.505845159060415069245006673900  -0.538359597284943099166256139687
 119  -0.435598347324012504521371745065  -0.534334638310157882895815949819
 120   0.656823651531791774806065534839  -0.534317768358189675510140864633
 121   0.803543258499730557374520652392  -0.534035493539242035141456463855
 122  -0.365345692556085221189254779327  -0.530412986625381031919948454339
 123   0.727352703523993631199682929585  -0.530214352163420505248743266860
 124  -0.295093037788157937857137813590  -0.526491334940604180944080958860
 125  -0.224840383020230654525020847852  -0.522569683255827329968213463380
 126  -0.154587728252303371192903882115  -0.518648031571050478992345967901
 127  -0.084335073484376087860786916378  -0.514726379886273628016478472421
 128  -0.014082418716448804528669950640  -0.510804728201496777040610976941
 129   0.056170236051478478803447015097  -0.506883076516719926064743481461
 130   0.126422890819405762135563980835  -0.502961424831943075088875985982
 131   0.196675545587333045467680946572  -0.499039773147166224113008490502
 132   0.266928200355260328799797912309  -0.495118121462389373137140995022
 133  -0.759378043176625642514222617432  -0.492868227926820498512565659476
 134  -0.830256168606123964012006257714  -0.491477742254464746724131557485
 135   0.337180855123187612131914878047  -0.491196469777612522161273499543
 136   0.407433509891114895464031843784  -0.487274818092835671185406004063
 137  -0.685461385857603958074791634021  -0.485277192083635358632353943183
 138   0.477686164659042178796148809522  -0.483353166408058820209538508583
 139  -0.615082397608846250747376414205  -0.483170199962168383533675212049
 140  -0.544367736428189507383196775868  -0.479479839415008530194086206714
 141   0.547938819426969462128265775259  -0.479431514723281969233671013104
 142   0.618191474194896745460382740996  -0.475509863038505118257803517624
 143  -0.474120924691786942659561847032  -0.475454880440223313923646016846
 144   0.768409584188598911883483324190  -0.473072883824125528612832806994
 145   0.840744216379882755392069048483  -0.472988530807707621757981911675
 146  -0.403868269923859659327444881294  -0.471533228755446462947778521367
 147   0.688553728931944619999992398609  -0.471516358803478255562103436180
 148  -0.333615615155932375995327915557  -0.467611577070669611971911025887
 149  -0.263362960388005092663210949820  -0.463689925385892760996043530407
 150  -0.193110305620077809331093984082  -0.459768273701115910020176034928
 151  -0.122857650852150525998977018345  -0.455846622016339059044308539448
 152  -0.052604996084223242666860052607  -0.451924970331562208068441043968
 153   0.017647658683704040665256913130  -0.448003318646785357092573548489
 154   0.087900313451631323997373878868  -0.444081666962008506116706053009
 155   0.158152968219558607329490844605  -0.440160015277231655140838557529
 156   0.228405622987485890661607810342  -0.436238363592454804164971062049
 157   0.298658277755413173993724776080  -0.432316711907677953189103566570
 158  -0.793624922819122646553641248849  -0.431403066342142195102812520771
 159  -0.863960501376087951778234094344  -0.429474014000900122537139422716
 160   0.368910932523340457325841741817  -0.428395060222901102213236071090
 161  -0.723495316651512501061948599682  -0.425688769127769616489222318101
 162   0.439163587291267740657958707555  -0.424473408538124251237368575610
 163  -0.653242661880040235520304103223  -0.421767117506497745905634987111
 164  -0.582890313795963945521386877834  -0.420600081545073961221916273742
 165   0.509416242059195023990075673292  -0.420551756853347400261501080131
 166   0.579668896827122307322192639029  -0.416630105168570549285633584651
 167  -0.512643502059561380797751948999  -0.416575122570288744951476083874
 168   0.729610609596549900683792793214  -0.414374890464183278926192976314
 169   0.649921551595049590654309604767  -0.412708453483793698309766089171
 170  -0.442390847291634097465634983261  -0.412653470885511893975608588394
 171   0.803875658606730667592686144613  -0.412303052334760434148037011141
 172  -0.372138192523706814133518017524  -0.408731819200735042999741092914
 173   0.874128313374657950924803110351  -0.408381400649983583172169515661
 174  -0.301885537755779530801401051787  -0.404810167515958192023873597435
 175  -0.231632882987852247469284086049  -0.400888515831181341048006101955
 176  -0.161380228219924964137167120312  -0.396966864146404490072138606475
 177  -0.091127573451997680805050154574  -0.393045212461627639096271110996
 178  -0.020874918684070397472933188837  -0.389123560776850788120403615516
 179   0.049377736083856885859183776901  -0.385201909092073937144536120036
 180   0.119630390851784169191300742638  -0.381280257407297086168668624556
 181   0.189883045619711452523417708375  -0.377358605722520235192801129077
 182   0.260135700387638735855534674113  -0.373436954037743384216933633597
 183   0.330388355155566019187651639850  -0.369515302352966533241066138117
 184  -0.762520562594490755684100774792  -0.367066284794191186067237839750
 185   0.400641009923493302519768605588  -0.365593650668189682265198642638
 186  -0.691769530221446523310985098021  -0.362885191767302875058889006283
 187   0.470893664691420585851885571325  -0.361671998983412831289331147158
 188  -0.846228308026329450004567780744  -0.361383014794800425783272947541
 189  -0.621516675260807284506244936170  -0.358963641273772053598456139202
 190   0.541146319459347869184002537062  -0.357750347298635980313463651678
 191  -0.551166079468311719578506915778  -0.357695364679651320594337608491
 192   0.690813686018542750298993236096  -0.355448972206285997456503369398
 193   0.611398974227275152516119502800  -0.353828695613859129337596156199
 194  -0.480913424659408535603825085228  -0.353773713015577325003438655421
 195   0.761061009543468860886046966601  -0.351432955340951414353447527522
 196  -0.410660769891481252271708119491  -0.349852061330800474027571159942
 197   0.831313664311396144218163932339  -0.347511303656174563377580032043
 198  -0.340408115123553968939591153754  -0.345930409646023623051703664462
 199   0.901566319079323427550280898076  -0.343589651971397712401712536563
 200  -0.270155460355626685607474188016  -0.342008757961246772075836168982
 201  -0.199902805587699402275357222279  -0.338087106276469921099968673503
 202  -0.129650150819772118943240256541  -0.334165454591693070124101178023
 203  -0.059397496051844835611123290804  -0.330243802906916219148233682543
 204  -0.907676804996448002124106721316  -0.327106243155808221977098640084
 205   0.010855158716082447720993674933  -0.326322151222139368172366187063
 206   0.081107813484009731053110640671  -0.322400499537362517196498691584
 207   0.151360468251937014385227606408  -0.318478847852585666220631196104
 208   0.221613123019864297717344572146  -0.314557196167808815244763700624
 209   0.291865777787791581049461537883  -0.310635544483031964268896205145
 210  -0.800547977548938976578494450681  -0.307865519885615072437051797313
 211   0.362118432555718864381578503621  -0.306713892798255113293028709665
 212  -0.730291919861234033178309543882  -0.304005311075179516312547223059
 213   0.432371087323646147713695469358  -0.302792241113478262317161214185
 214  -0.660039252590164573628894383784  -0.300083883378702741419362201383
 215   0.502623742091573431045812435095  -0.298870589428701411341293718706
 216  -0.589786597819678538669753207588  -0.296162231739763489035387253163
 217   0.572876396859500714377929400833  -0.294948937743924560365426223226
 218  -0.519436002027182973742015187195  -0.294893955145642756031268722449
 219   0.643129051627427997710046366570  -0.291027286059147709389558727746
 220  -0.449183347259255690409898221458  -0.290972303460865905055401226969
 221   0.713456757194072232959969842515  -0.288829859471139223649282482238
 222  -0.378930692491328407077781255721  -0.287050651776089054079533731489
 223   0.783704080718998343547023573020  -0.284813842605804640546226640362
 224  -0.308678037723401123745664289983  -0.283129000091312203103666236009
 225   0.853956735486925626879140538757  -0.280892190921027789570359144883
 226  -0.238425382955473840413547324246  -0.279207348406535352127798740530
 227   0.924209390254852910211257504495  -0.276970539236250938594491649403
 228  -0.168172728187546557081430358508  -0.275285696721758501151931245050
 229  -0.097920073419619273749313392771  -0.271364045036981650176063749570
 230  -0.859332904602935176454997256943  -0.269198386488702458394315988454
 231  -0.027667418651691990417196427034  -0.267442393352204799200196254091
 232   0.042585236116235292914920538704  -0.263520741667427948224328758611
 233  -0.929102329395359274984061644631  -0.260085636189667226653920869917
 234   0.112837890884162576247037504441  -0.259599089982651097248461263131
 235   0.183090545652089859579154470179  -0.255677438297874246272593767652
 236   0.253343200420017142911271435916  -0.251755786613097395296726272172
 237   0.323595855187944426243388401653  -0.247834134928320544320858776692
 238  -0.770499731834190788189891330858  -0.244242271121154715757773816119
 239   0.393848509955871709575505367391  -0.243912483243543693344991281213
 240  -0.698564001514669642794356864251  -0.241202058330627412586038627855
 241   0.464101164723798992907622333128  -0.239990831558766842369123785733
 242  -0.628310668032177654981769380909  -0.237281719595717021589793996085
 243   0.534353819491726276239739298866  -0.236069179873989991393256290253
 244  -0.558056520419525693475826343817  -0.233360822185052069087349824710
 245   0.604606474259653559571856264603  -0.232147528189213140417388794774
 246  -0.487705924627030128548088323425  -0.232092545590931336083231293996
 247   0.674859129027580842903973230341  -0.228225876504436289441521299294
 248  -0.417453269859102845215971357688  -0.228170893906154485107363798516
 249   0.745183774296693582577954144242  -0.225932599013213665483501355897
 250  -0.347200615091175561883854391950  -0.224249242221377634131496303037
 251   0.815436429064620865910071109979  -0.222010947328436814507633860417
 252  -0.276947960323248278551737426213  -0.220327590536600783155628807557
 253   0.885689083832548149242188075717  -0.218089295643659963531766364937
 254  -0.206695305555320995219620460475  -0.216405938851823932179761312077
 255  -0.136442650787393711887503494738  -0.212484287167047081203893816598
 256  -0.066189996019466428555386529001  -0.208562635482270230228026321118
 257   0.004062658748460854776730436737  -0.204640983797493379252158825638
 258  -0.875817045604929062119058382485  -0.200794527319027877929602960551
 259   0.074315313516388138108847402474  -0.200719332112716528276291330159
 260   0.144567968284315421440964368212  -0.196797680427939677300423834679
 261   0.214820623052242704773081333949  -0.192876028743162826324556339199
 262  -0.945586470397353160648122770173  -0.191681777019992646189207842014
 263   0.285073277820169988105198299686  -0.188954377058385975348688843720
 264   0.355325932588097271437315265424  -0.185032725373609124372821348240
 265  -0.807419193169020742846485211797  -0.184285480222541673851539974966
 266   0.947145035482477386236653049040  -0.183825891541325807644219607246
 267  -0.737084595127742534480074071483  -0.182321002620197278401620624668
 268   0.425578587356024554769432231161  -0.181111073688832273396953852760
 269  -0.666831845757047433008741301604  -0.178401046021382924969707042757
 270   0.495831242123951838101549196899  -0.177189422004055422421086357281
 271  -0.596579097787300131614016445784  -0.174481064315117500115179891738
 272   0.566083896891879121433666162636  -0.173267770319278571445218861801
 273  -0.526326443019372848281899480047  -0.170559412630340649139312396258
 274   0.636336551659806404765783128374  -0.169346118634501720469351366321
 275  -0.455975847226877283354161459655  -0.169291136036219916135193865544
 276   0.706589206427733688097900094111  -0.165424466949724869493483870841
 277  -0.385723192458950000022044493917  -0.165369484351443065159326370064
 278   0.776913851696846427771881008012  -0.163131189458502245535463927444
 279  -0.315470537691022716689927528180  -0.161447832666666214183458874584
 280   0.847166506464773711103997973750  -0.159209537773725394559596431964
 281  -0.245217882923095433357810562442  -0.157526180981889363207591379105
 282  -0.174965228155168150025693596705  -0.153604529297112512231723883625
 283  -0.104712573387240866693576630968  -0.149682877612335661255856388145
 284  -0.034459918619313583361459665230  -0.145761225927558810279988892666
 285   0.035792736148613699970657300507  -0.141839574242781959304121397186
 286   0.106045390916540983302774266245  -0.137917922558005108328253901706
 287   0.176298045684468266634891231982  -0.133996270873228257352386406227
 288   0.246550700452395549967008197719  -0.130074619188451406376518910747
 289  -0.850247377379410701656651068276  -0.128038274236413552609618150814
 290   0.316803355220322833299125163457  -0.126152967503674555400651415267
 291  -0.924048850083384612732159819563  -0.124697108885488773608786995470
 292   0.387056009988250116631242129194  -0.122231315818897704424783919788
 293  -0.775689115768867897652558348026  -0.121484070667830253903502546514
 294  -0.705354517727589689286147207713  -0.119519593065485858453583196215
 295   0.457308664756177399963359094932  -0.118309664134120853448916424308
 296  -0.635101768356894587814814437834  -0.115599636466671505021669614304
 297   0.527561319524104683295476060669  -0.114388012449344002473048928828
 298   0.947160166098735723454172778437  -0.113463866094763079999940451679
 299  -0.564849020387147286420089582014  -0.111679654760406080167142463285
 300   0.597813974292031966627593026406  -0.110466360764567151497181433348
 301  -0.494596365619220003087972616277  -0.107758003075629229191274967806
 302   0.668066629059959249959709992144  -0.106544709079790300521313937869
 303  -0.424245769826724438160234595884  -0.106489726481508496187156437091
 304   0.738319283827886533291826957881  -0.102623057395013449545446442389
 305  -0.353993115058797154828117630147  -0.102568074796731645211288941612
 306   0.808643929096999272965807871782  -0.100329779903790825587426498992
 307  -0.283740460290869871496000664409  -0.098646423111954794235421446132
 308   0.878896583864926556297924837520  -0.096408128219013974611559003512
 309  -0.213487805522942588163883698672  -0.094724771427177943259553950652
 310  -0.143235150755015304831766732935  -0.090803119742401092283686455173
 311  -0.072982495987088021499649767197  -0.086881468057624241307818959693
 312  -0.002729841219160738167532801460  -0.082959816372847390331951464213
 313   0.067522813548766545164584164278  -0.079038164688070539356083968734
 314   0.137775468316693828496701130015  -0.075116513003293688380216473254
 315   0.208028123084621111828818095752  -0.071194861318516837404348977774
 316   0.278280777852548395160935061490  -0.067273209633739986428481482294
 317  -0.884464347904569809294829804719  -0.066525964482669129157586769962
 318  -0.962571427451159050870349921530  -0.065817351015554204636617062497
 319   0.348533432620475678493052027227  -0.063351557948963135452613986815
 320  -0.814211693136642335790748449993  -0.062604312797895684931332613541
 321   0.418786087388402961825168992965  -0.059429906264186284476746491335
 322  -0.743959038368715052458631484256  -0.058682661113118833955465118062
 323  -0.673624440327436844092220343942  -0.056718183510774438505545767763
 324   0.489038742156330245157285958702  -0.055508254579409433500878995855
 325  -0.603371690956741742620887574063  -0.052798226911960085073632185851
 326   0.559291396924257528489402924439  -0.051586602894632582525011500376
 327  -0.533118942986994441226162718244  -0.048878245205694660219105034833
 328   0.629544051692184811821519890177  -0.047664951209855731549144004896
 329   0.963764828180769220288946306562  -0.045089162797273238624263373612
 330  -0.462866288219067157894045752506  -0.044956593520917809243237539353
 331   0.699796706460112095153636855914  -0.043743299525078880573276509416
 332  -0.392515692426571592966307732114  -0.043688316926797076239119008639
 333   0.770049361228039378485753821652  -0.039821647840302029597409013937
 334  -0.322263037658644309634190766377  -0.039766665242020225263251513159
 335   0.840374006497152118159734735553  -0.037528370349079405639389070539
 336  -0.252010382890717026302073800639  -0.035845013557243374287384017680
 337  -0.181757728122789742969956834902  -0.031923361872466523311516522200
 338  -0.111505073354862459637839869164  -0.028001710187689672335649026720
 339  -0.041252418586935176305722903427  -0.024080058502912821359781531240
 340   0.029000236180992107026394062311  -0.020158406818135970383914035761
 341   0.099252890948919390358511028048  -0.016236755133359119408046540281
 342   0.169505545716846673690627993785  -0.012315103448582268432179044801
 343   0.239758200484773957022744959523  -0.008393451763805417456311549322
 344   0.904125536486208345800848541178  -0.007753258629175588740992480238
 345  -0.922986925272344247433019906686  -0.007646206612734560185416836990
 346   0.310010855252701240354861925260  -0.004471800079028566480444053842
 347  -0.852734270504416964100902940949  -0.003724554927957709209549341510
 348   0.380263510020628523686978890998  -0.000550148394251715504576558362
 349  -0.782481615736489490596821586223   0.000197096756815735016704814911
 350   0.450516164788555807019095856735   0.003371503290525135471290937117
 351  -0.712228960968562207264704620485   0.004118748441592585992572310391
 352  -0.641894362927283998898293480172   0.006083226043936981442491660690
 353   0.520768819556483090351212822472   0.007293154975301986447158432597
 354  -0.571641613556588897426960710293   0.010003182642751334874405242601
 355   0.591021474324410373683329788210   0.011214806660078837423025928077
 356  -0.501388865586841596032235854473   0.013923164349016759728932393619
 357   0.661274129092337657015446753947   0.015136458344855688398893423556
 358  -0.431136210818914312700118888736   0.017844816033793610704799889099
 359   0.731526783860264940347563719685   0.019058110029632539374760919036
 360  -0.360785615026418747772380868344   0.019113092627914343708918419814
 361  -0.290532960258491464440263902606   0.023034744312691194684785915293
 362   0.805125287834875835256988248666   0.024284755998370972006120239506
 363  -0.220280305490564181108146936869   0.026956395997468045660653410773
 364   0.964396352564959759979350760905   0.028554365681423544371773705636
 365  -0.150027650722636897776029971131   0.030878047682244896636520906253
 366  -0.079774995954709614443913005394   0.034799699367021747612388401732
 367  -0.009522341186782331111796039657   0.038721351051798598588255897212
 368   0.060730313581144952220320926081   0.042643002736575449564123392692
 369   0.130982968349072235552437891818   0.046564654421352300539990888171
 370  -0.963529731057073983377108423843   0.049861147290744377659161396763
 371   0.201235623116999518884554857556   0.050486306106129151515858383651
 372   0.271488277884926802216671823293   0.054407957790906002491725879131
 373  -0.893448962560122529228322987066   0.056295161621324023893508890038
 374   0.341740932652854085548788789031   0.058329609475682853467593374610
 375  -0.821004193104261073489284398246   0.059076854626752172057433665867
 376   0.411993587420781368880905754768   0.062251261160459704443460870090
 377   0.899201621128004613620135918560   0.062896935851458894178427985533
 378  -0.750751539139996546311751700518   0.062998520708355344935622163344
 379   0.482246242188708652213022720505   0.066172912845236555419328365570
 380  -0.680498883568409362070777756715   0.066920157996304005940609738843
 381  -0.610164285527131153704366616401   0.068884635598648401390529089142
 382   0.552498896956635935545139686243   0.070094564530013406395195861049
 383  -0.539911536156436052233033846523   0.072804592197462754822442671054
 384   0.622751551724563218877256651980   0.074016216214790257371063356529
 385  -0.469658788186688750838308990703   0.076724573903728179676969822072
 386   0.693004206492490502209373617718   0.077937867899567108346930852009
 387  -0.399406133418761467506192024966   0.080646225588505030652837317552
 388   0.763955276761444416487369415001   0.081501746230901612270077941385
 389  -0.329055537626265902578454004573   0.081914502182625763656955848266
 390  -0.258802882858338619246337038836   0.085836153867402614632823343746
 391   0.833904738664748333552916597098   0.089110138526026983749513186565
 392  -0.188550228090411335914220073098   0.089757805552179465608690839225
 393  -0.118297573322484052582103107361   0.093679457236956316584558334705
 394  -0.048044918554556769249986141624   0.097601108921733167560425830185
 395   0.959750786850748488595102403570   0.098762866399450801570471288318
 396   0.022207736213370514082130824114   0.101522760606510018536293325664
 397   0.092460390981297797414247789851   0.105444412291286869512160821144
 398   0.162713045749225080746364755589   0.109366063976063720488028316624
 399   0.232965700517152364078481721326   0.113287715660840571463895812103
 400   0.303218355285079647410598687064   0.117209367345617422439763307583
 401  -0.859526711138428572226912397778   0.117956651316155991687780074428
 402  -0.957333648718251933119804069723   0.119949829811739353494103105470
 403   0.373471010053006930742715652801   0.121131019030394273415630803063
 404  -0.789277749975292061766232481762   0.121943919726788441317126724681
 405   0.443723664820934214074832618538   0.125052670715171124391498298542
 406  -0.719021461739843701117824836748   0.125799930263066764883659591797
 407   0.513976319588861497406949584276   0.128974322399947975367365794022
 408  -0.648768806168256516876850892945   0.129721567551015425888647167296
 409  -0.578434208126978308510439752631   0.131686045153359821338566517594
 410   0.584228974356788780739066550013   0.132895974084724826343233289502
 411  -0.508181458756283207039106982752   0.135606001752174174770480099506
 412   0.654481629124716064071183515751   0.136817625769501677319100784981
 413   0.886048230473736182905501386489   0.136878279229999208081009229251
 414  -0.437928710786535905644382126933   0.139525983458439599625007250524
 415   0.725432699393669978349179313034   0.140381504100836181242247874357
 416  -0.367676056018608622312265161195   0.143447635143216450600874746004
 417  -0.297325460226113057384527140803   0.144715911737337183604993276718
 418  -0.227072805458185774052410175065   0.148637563422114034580860772198
 419  -0.156820150690258490720293209328   0.152559215106890885556728267678
 420   0.806999311046628267534091400589   0.154130264758707797938471134523
 421  -0.086567495922331207388176243591   0.156480866791667736532595763157
 422  -0.016314841154403924056059277853   0.160402518476444587508463258637
 423   0.053937813613523359276057687884   0.164324170161221438484330754117
 424   0.124190468381450642608174653622   0.168245821845998289460198249596
 425   0.950000835480321064745971841888   0.168446101844947945688221000036
 426  -0.907399652004194466931486400870   0.169522108617930897576147125568
 427   0.194443123149377925940291619359   0.172167473530775140436065745076
 428   0.264695777917305209272408585096   0.176089125215551991411933240556
 429   0.334948432685232492604525550834   0.180010776900328842387800736035
 430  -0.828644461187128229164599239259   0.181824067133275572960731908245
 431   0.405201087453159775936642516571   0.183932428585105693363668231515
 432  -0.758352324237336450559339855065   0.185145445790677767387754886751
 433   0.475453742221087059268759482309   0.187854080269882544339535726995
 434  -0.687291370833362618479470546923   0.188601333731775756721411280118
 435   0.545706396989014342600876448046   0.191775731954659395315403222474
 436  -0.617038128203629891025720490717   0.192522673670123291950523397195
 437  -0.546703530162351682659309350404   0.194487151272467687400442747494
 438   0.615959051756941625932993413784   0.195697383639436246291270717954
 439  -0.476449888511405683671354047625   0.198406657032773696245094203852
 440   0.686211706524868909265110379521   0.199619035324213097267138213434
 441  -0.406197233743478400339237081887   0.202328308717550547220961699332
 442   0.756464920200280559054523131469   0.203530661859970661479006815347
 443  -0.335946650937411021378180806003   0.206286903074915230959061403493
 444  -0.265595382825960212210956371262   0.207517321292048603917690745162
 445   0.893574879791358610721950286633   0.210480925247283476852293834085
 446  -0.195342728058032928858483311295   0.211438972976825454528898200650
 447  -0.125090073290105645526366345558   0.215360624661602305504765696130
 448  -0.054837418522178362194249379820   0.219282276346379156480633191610
 449   0.824237315404481539957946656998   0.222444077790570957289235400388
 450   0.015415236245748921137867585917   0.223203928031156007456500687089
 451   0.085667891013676204469984551655   0.227125579715932858432368182569
 452   0.155920545781603487802101517392   0.231047231400709709408235678049
 453  -0.936067869040911755510297481200   0.233779000744876795915778588514
 454   0.226173200549530771134218483129   0.234968883085486560384103173528
 455   0.296425855317458054466335448867   0.238890534770263411359970669008
 456   0.366678510085385337798452414604   0.242812186455040262335838164488
 457  -0.866339192205128164360230089672   0.243198474223216548863983261431
 458   0.436931164853312621130569380342   0.246733838139817113311705659968
 459  -0.796083102553370756614646115304   0.247058101241791641033240218060
 460  -0.725722730322709198479402323877   0.247540670864788202464354994338
 461   0.507183819621239904462686346079   0.250655489824593964287573155447
 462  -0.655654557934428211277662118496   0.253964538239230721860751587396
 463   0.577436474389167187794803311816   0.254577141509370815263440650927
 464  -0.585305643248407270311657910392   0.255322866762540286529994334004
 465  -0.514971045207129061945246770079   0.257287344364884681979913684303
 466   0.647689129157094471126920277554   0.258498793194147666239308146407
 467  -0.444718390439201778613129804341   0.261208996049661532955781179783
 468   0.717941783925021754459037243291   0.262420444878924517215175641886
 469  -0.374467807633134399652073528457   0.265167590407026216693880883944
 470  -0.304217226090345130658632107285   0.269126207182896907147580266143
 471  -0.233865305425807366681446112275   0.270318730846760023707308249582
 472   0.925306975875453966056410261998   0.273281314831967021117007420052
 473  -0.163612650666324375408939213263   0.274240382682808321264978284615
 474  -0.093359995889952800332439481787   0.278162034216313725452803124582
 475   0.785716630698633595953815948254   0.281325073907068013926730293033
 476  -0.023107341122025517000322516050   0.282083685901090576428670620062
 477   0.855969411488576895292406632363   0.285244467375254501553948986355
 478   0.047145313645901766331794449688   0.286005337585867427404538115542
 479   0.117397968413829049663911415425   0.289926989270644278380405611021
 480   0.187650623181756332996028381162   0.293848640955421129356273106501
 481   0.257903277949683616328145346900   0.297770292640197980332140601981
 482  -0.916484356007600812442186138479   0.301549501464353010964627939863
 483   0.328155932717610899660262312637   0.301691944324974831308008097468
 484   0.398408587485538182992379278375   0.305613596009751682283875592940
 485   0.468661242253465466324496244112   0.309535247694528533259743088423
 486  -0.846729442717289273932435797647   0.310772674765305772638176113391
 487   0.538913897021392749656613209849   0.313456899379305384235610583900
 488  -0.776473353065531866186851823279   0.314632301783880864807433070020
 489  -0.705473327324635576397714223568   0.315574193730480926510571714447
 490   0.609166551789320032988730175587   0.317378551064082235211478079379
 491  -0.553658005825167242360223181126   0.318165860798513989917254842968
 492  -0.483323407783889033993812040812   0.320130338400858385367174193267
 493  -0.634939283795026172713939867465   0.321208067825412545814194953605
 494   0.679569501056271754007614402446   0.321398260719449880004328090857
 495  -0.413054385634079243404492653422   0.324043744824359965505983489031
 496  -0.342770779553491032518126255427   0.327985687041647271464641288286
 497  -0.272495425985116607114727807363   0.331931798112066682790856375654
 498  -0.202140039960519627264540909275   0.333122571374512068853809677377
 499  -0.131887385201126761689930973650   0.337044223212174882386560643014
 500   0.902929853690906265580295816232   0.339990229203407007239808587528
 501   0.747157999917218444706138900509   0.340958671645657362510306851141
 502  -0.061634730266614389309522788759   0.340965874664226711598936928080
 503   0.817448726782728951288275923619   0.344125463491751558191443879000
 504   0.008618157535789295722592924918   0.344887408631445340694599523794
 505   0.078871052272818482022828826336   0.348808939094497916428795643524
 506   0.149128045813981894857838279186   0.352728398825355698328443039479
 507   0.219380700581909178189955244925   0.356650050510132549304310534957
 508   0.289633355349836461522072210663   0.360571702194909400280178030437
 509   0.359884933913017035627393007364   0.364512623094814790878599722518
 510  -0.891720008216905482883785264952   0.368389879863316337796759005162
 511   0.430138664885691028186306142142   0.368415005564463102231913021394
 512   0.500390385322541656981875670687   0.372353430883858996885215522358
 513   0.570643974421545594850540073615   0.376258308934016804183648012355
 514  -0.821836774579614882285424646661   0.376584299322566926027966778791
 515  -0.592165134204948265185898136948   0.377075652172007729032438442162
 516  -0.675048881025544582037224590852   0.379018404823944902738613636760
 517  -0.750551279825494882701441368596   0.380045304870548944296769572692
 518   0.640897100198147616613633794237   0.380179722641954398906343457928
 519  -0.521912800641292349348086103134   0.381003053697076646429144648551
 520  -0.451576986236995571482931442224   0.382923487492500760685058655011
 521  -0.381324333016636934377620403566   0.386845166900397635781702310432
 522  -0.311048979448262508974221955505   0.390791277970817047107917397798
 523  -0.240798397905473239980780534330   0.394749894746687737561616779995
 524  -0.170446477207512460788346615423   0.395942416438786829195549806044
 525  -0.100193822448119595213736679799   0.399864068276449642728300771687
 526  -0.029941167671652144552205678828   0.403785719808237527059856442839
 527   0.875750545087869132082057444913   0.404890922864870756131266344242
 528   0.040311487104815306109325322143   0.407707371340025411391412113990
 529   0.735424272683318416720310631848   0.410347074897171450735017524792
 530   0.110564141881667141798854627733   0.411629022864927403777163482304
 531   0.805921736911001744687976925064   0.413536870035455796592401804214
 532   0.180816796833751212481503971811   0.415550671250709416999089116815
 533   0.251069451601678495813620937548   0.419472322935486267974956612295
 534   0.321322106369605779145737903285   0.423393974620263118950824107775
 535   0.391572687912395048139179324458   0.427352591396133809404523489970
 536   0.461827395835000102240222784944   0.431237288113735302326856439794
 537  -0.861259505913449470183919925116   0.434865197634608974919993892645
 538  -0.631976859218506143631482357224   0.435091524184097137192835560891
 539   0.532077977377789371233664206116   0.435195904889605992780555821989
 540  -0.789134797962544011329367478652   0.438885146662028041612866180383
 541  -0.711992601222446345496752757821   0.438901427392042798454457175224
 542   0.602332685300394882862179491687   0.439080601607199211322355014265
 543  -0.560442414970586708762777504610   0.439880778859692680449972408892
 544   0.672585340090935106394840944704   0.443002252886886755242290699189
 545  -0.490191833427797439769336083438   0.443839395635563370903671791084
 546  -0.419855186131767047939027142303   0.445729078421670536328334764523
 547  -0.349602532911408410833716103644   0.449650757829567411424978419943
 548  -0.279351951368619141840274682472   0.453609374605438101878677802138
 549  -0.209101369825829872846833261297   0.457567991381308792332377184336
 550  -0.138749449127869093654399342390   0.458760513073407883966310210385
 551  -0.068496794368476228079789406766   0.462682164911070697499061176029
 552   0.001755860407991222581741594205   0.466603816442858581830616847180
 553   0.072008515184458673243272595176   0.470525467974646466162172518331
 554   0.769049172394116666423056985990   0.473463732458132629444623435480
 555   0.142261169961310508932801900766   0.474447119499548458547923886645
 556   0.839619612805942476418194582970   0.475304725867170252731861929398
 557   0.212513824913394579615451244843   0.478368767885330471769849521156
 558   0.282766479681321862947568210581   0.482290419570107322745717016636
 559   0.353019134449249146279685176318   0.486212071254884173721584512116
 560   0.423269715992038415273126597491   0.490170688030754864175283894311
 561   0.493524423914643469374170057976   0.494055384748356357097616844135
 562  -0.669247071768370257750931883238   0.494790912678355847568932062208
 563  -0.750576119359495474124678867876   0.497741269183521895770553782915
 564  -0.598995968433732610622271652749   0.498740258718443044767033431038
 565  -0.825790222090924746853157951700   0.498945072867833627542795364388
 566   0.565479822208051651355615228590   0.499019581710094649575847113768
 567  -0.528745386890943341628830231577   0.502698875494313735220732813233
 568   0.635615970373905101395716380855   0.504653015328745081980450759111
 569   0.706088238547300165883134873930   0.504876081351761796331136643886
 570  -0.458494805348154072635388810405   0.506657492270184425674432195428
 571  -0.388158158052123680805079869270   0.508547175056291591099095168864
 572  -0.317905504831765043699768830612   0.512468854464188466195738824284
 573  -0.247654923288975774706327409439   0.516427471240059156649438206479
 574  -0.177404341746186505712885988267   0.520386088015929847103137588678
 575  -0.107052421048225726520452069360   0.521578609708028938737070614728
 576  -0.036799766288832860945842133736   0.525500261545691752269821580372
 577   0.033452888487634589715688867235   0.529421913077479636601377251523
 578   0.103705543264102040377219868206   0.533343564609267520932932922673
 579   0.802747048289057398153274643895   0.535231588289847085584083560663
 580   0.173958198040953876066749173796   0.537265216134169513318684290988
 581   0.244210852993037946749398517873   0.541186864519951526540609925499
 582   0.314463507760965230081515483611   0.545108516204728377516477420979
 583   0.384716162528892513413632449348   0.549030167889505228492344916458
 584   0.454966744071681782407073870520   0.552988784665375918946044298654
 585  -0.707830589905419386378857993293   0.553630754469834944885028669898
 586   0.525343817574172805736471706939   0.556811587955833731040383847054
 587  -0.637582033090816648974946727228   0.557625140448157579832589300275
 588  -0.787231543487876209648469340924   0.557801195389327481700482966920
 589  -0.567330929756179001846286496740   0.561574486488244777030690669105
 590  -0.497080348213389732852845075567   0.565533103264115467484390051300
 591  -0.426829766670600463859403654395   0.569491720039986157938089433495
 592   0.608598818376070573863686141252   0.569721317013411372250101272927
 593  -0.356493119374570072029094713260   0.571381402826093323362752406931
 594   0.693633591511988411429316398631   0.574127049728414041489405944548
 595  -0.286240466154211434923783674602   0.575303082233990198459396062351
 596  -0.215989884611422165930342253430   0.579261699009860888913095444546
 597  -0.145739303068632896936900832258   0.583220315785731579366794826746
 598  -0.075387382370672117744466913350   0.584412837477830671000727852795
 599  -0.005134727611279252169856977726   0.588334489315493484533478818439
 600   0.065117927165188198491674023245   0.592256140847281368865034489590
 601   0.761605114499444930611664233135   0.592311848782677994484405300897
 602   0.135370581941655649153205024216   0.596177792379069253196590160741
 603   0.205623236718507484842734329806   0.600099443903971245582341529055
 604   0.275875891670591555525383673883   0.604021092289753258804267163566
 605   0.346128546438518838857500639620   0.607942743974530109780134659046
 606   0.416381201206446122189617605358   0.611864395659306960756002154525
 607  -0.744486014033800121902648466341   0.613690680675640530814957853904
 608   0.486631782749235391183059026530   0.615823012435177651209701536721
 609   0.556886512115992218571633003688   0.619707321316052729216797491363
 610  -0.605885005011173281840999454195   0.620443237082778634603349704616
 611  -0.535633901676535634712339223706   0.624392583122865831801451073446
 612   0.648441099728140739317652493892   0.628057129834465708846546513562
 613  -0.465383320133746365718897802534   0.628351199898736522255150455641
 614  -0.675754779692335107531310443585   0.628751632829369372731996903399
 615  -0.395132738590957096725456381362   0.632309816674607212708849837836
 616  -0.324796091294926704895147440227   0.634199499460714378133512811272
 617  -0.254543438074568067789836401569   0.638121178868611253230156466692
 618  -0.184292856531778798796394980397   0.642079795644481943683855848891
 619  -0.114042274988989529802953559224   0.646038412420352634137555231086
 620   0.716412622715597258500000328396   0.646241928888729661841545869911
 621  -0.043690354291028750610519640317   0.647230934112451725771488257136
 622   0.026562300468364114964090295307   0.651152585950114539304239222780
 623   0.096814955244831565625621296278   0.655074237481902423635794893931
 624   0.167067610021299016287152297249   0.658995889013690307967350565081
 625   0.237320264798150851976681602839   0.662917540538592300353101933396
 626   0.307572919750234922659330946916   0.666839188924374313575027567907
 627   0.377825574518162205991447912653   0.670760840609151164550895063387
 628   0.448078229286089489323564878391   0.674682492293928015526762558866
 629   0.597825531335093384176203408038   0.676933290589245075542746509010
 630   0.520775702763746620554024155436   0.680266892441195181733326803051
 631  -0.576843936754281516681669027735   0.684532481175503294093569305095
 632  -0.504104388688142860192106129729   0.687294925405113640818996577415
 633  -0.433853807145353591198664708557   0.691253542180984331272695959611
 634  -0.363603225602564322205223287385   0.695212158956855021726395341806
 635  -0.293266578306533930374914346249   0.697101841742962187151058315241
 636   0.666684033821609621210776098977   0.697327264614747123828095798235
 637  -0.665679421387427353659854486208   0.698388562750970709235846468908
 638  -0.223013925086175293269603307591   0.701023521150859062247701970662
 639  -0.152763343543386024276161886419   0.704982137926729752701401352861
 640  -0.082512762000596755282720465247   0.708940754702600443155100735056
 641  -0.012160841302635976090286546340   0.710133276394699534789033761106
 642   0.058091813456756889484323389284   0.714054928232362348321784726750
 643   0.128344468233224340145854390255   0.717976579764150232653340397900
 644   0.198597123009691790807385391226   0.721898231295938116984896069051
 645   0.268849777786543626496914696816   0.725819882820840109370647437365
 646   0.339102432738627697179564040894   0.729741531206622122592573071877
 647   0.409355087506554980511681006631   0.733663182891398973568440567356
 648   0.479607742274482263843797972368   0.737584834576175824544308062836
 649  -0.613011231668156164514218367404   0.745045573430751146578702583888
 650   0.612038472253231253932223838512   0.745844880066892530380583923649
 651  -0.542657942151288762051600277868   0.746154405263864005136057599561
 652  -0.472407360608499493058158856696   0.750113022039734695589756981756
 653  -0.332265944429664430389077239296   0.758210489590046431319131056358
 654  -0.261929297133634038558768298161   0.760100172376153596743794029793
 655  -0.402929579089061721104635632129   0.761238346957480103273530716427
 656  -0.191347576504215625673479617263   0.763857088782851041307314035961
 657   0.544364129445263423647866621973   0.765106193090358557149916002127
 658  -0.121066315463742657142214613386   0.767800234561350807472161757202
 659   0.019036353385765309278084002670   0.773201096219490337499982900350
 660  -0.051247171971424049364289932573   0.776523883790733736485979335546
 661   0.089821890993672149955661433958   0.776856337717975286807508703958
 662   0.160074545770139600617192434929   0.780777989249763171139064375108
 663   0.230327200552762601145503773492   0.784699640778440996696798819353
 664   0.367907672996683031948734611850   0.793937115069953386794042344420
 665   0.438160327764610315280851577587   0.797858766754730237769909839900
 666   0.298176246625708557283465823974   0.803336212374889365377867459134
 667  -0.519926657071577952108479883150   0.812743469925437423924446962774
 668  -0.449676075528788683115038461978   0.816702086701308114378146344969
 669  -0.360682904399691213967046685932   0.822578892086459099032826764528
 670   0.503981511824986944420183105712   0.822726146648243561708390257540
 671  -0.229872390852063383559963417212   0.822735383029051420705419555660
 672  -0.159619885129434830367478553273   0.826659703807266620946504718492
 673  -0.089816746911605320584677343693   0.835522209005862065152060122527
 674   0.051294463103178388682813950845   0.835732921807247081226560113598
 675  -0.019551747813487090601014770235   0.839342789713447444618403947560
 676   0.121447088561368117886007362917   0.842784315389720623204064708048
 677   0.191804623313210410955310817195   0.843579398732266050850967125410
 678  -0.295832466792254847682716066425   0.849877895658060246288243156051
 679   0.259653669386156367093272867676   0.862215970328714419532035765191
 680   0.353573296686456761106438108404   0.862823547040807509779206399113
 681   0.423825951454384044438555074141   0.866745198725584360755073894592
 682  -0.408765813463563691394792072803   0.873948617702172281718919053614
 683  -0.215010940465750920489651679627   0.891510030583898710608204001644
 684  -0.133189411933851653760117193984   0.891868943494107383821175956614
 685   0.077028101927575078488180591471   0.901220284609041081414138444262
 686  -0.343986138621577337997860016459   0.901415116955714031349954877062
 687  -0.063568163115890076187061864425   0.902052094622602571149966925828
 688   0.006747534081876881230737851123   0.904605050060959696433056329514
 689   0.172483965175090987105641583056   0.911236822737235445250405512712
 690   0.306274524735056207826616291067   0.914916166726975083691420313454
 691  -0.277376991028983891844231434603   0.924087485840909770558161568114
 692   0.238781715104996509475652359737   0.934804241096275144558815681935
 693  -0.174351284825766937622055001954   0.948934827119160442976372349240
 694   0.119385990672107084183734138073   0.957404126725650888753103791610
 695  -0.104730036007805360048999672394   0.959117978247655630305163318454
 696   0.044819110871939416385135075767   0.963777424481770805554513259746
 697  -0.030437110992790997304426955520   0.964338767713130543479609448206
