   1  -0.004785216540746693007503286180  -0.966188855862059935537371837832
   2   0.062782881831749030388667293492  -0.964158759353602980645797375995
   3  -0.113932677122947350350413601416  -0.959459821239522512544699675990
   4   0.130043666586361733018878984084  -0.957409237614800461318865197959
   5  -0.180906825951394261765906724009  -0.949110954322323336241425082225
   6   0.250068721428423646859668433648  -0.933278864033966922446695010107
   7  -0.252642989561078559562193570252  -0.932585290102207764599306465814
   8  -0.056913050686654961403123232777  -0.923150987457995261945301309505
   9   0.184403503738107672247279771513  -0.917227434340873465035186874570
  10  -0.317231472618343007249577459156  -0.912637932736622424269518959416
  11   0.029746017021887468541025371588  -0.905183045936605309426762800035
  12   0.097006801776500171171237062180  -0.898433524197802790099830621999
  13   0.355930549392944867001622375389  -0.898252329525626501714716932185
  14  -0.137339374403574806804520463633  -0.896042980164600028047764011304
  15  -0.204114820970909852626728866961  -0.885525901423719051377586132843
  16  -0.390285782737061519753395393311  -0.883866964697005449645621497825
  17   0.290992212297291177426933729859  -0.879475173597207622097355215215
  18   0.417865666189102539486003470428  -0.871167084151895509598138939546
  19  -0.023958362918188111706987097143  -0.864129315475648220422773664201
  20  -0.268034039607785629791821284690  -0.863528112935778254304342721700
  21   0.225077013998112644854813337184  -0.863234520244316511652627754099
  22   0.158068014995526846637937346483  -0.852258231715290278152474920934
  23  -0.089994787872730939898689828895  -0.847793012954949555130720079169
  24  -0.333593328920016085250166610023  -0.847049375290431329295700514989
  25   0.339722874889950348374272547272  -0.832625501957063584569278375410
  26  -0.155871681033989025375096196728  -0.831034343657861836531977572968
  27   0.091936768307141891164350103202  -0.831025335005921250678327033413
  28  -0.432394146063419946547537931017  -0.830985446682823017986993251589
  29  -0.499866003741537598219177666173  -0.826848100797748331784460041237
  30   0.513496288997993903081933071398  -0.818453031440819450064410179548
  31   0.025578904615459101222166413585  -0.818133355492093467815165187187
  32   0.272019851397685398107079857005  -0.814593598929170948991473389035
  33  -0.221432966469757568696772335320  -0.814559661950546264605956594546
  34   0.446440353508477286534755219792  -0.809904889822040882877991194358
  35  -0.042947867657278722978723261340  -0.799252756386305607851011253972
  36   0.204579426264189080151653225487  -0.798818543137708755348721629475
  37  -0.286992980381513086170038093658  -0.798080234746626093530498067398
  38  -0.556456230536573335975338083028  -0.789873576584510272101049818616
  39  -0.108526875797721452068589650030  -0.782784314101262834100707958891
  40   0.138983772459949252520945298155  -0.782485159792448491329640139185
  41   0.384769437706478339088732603631  -0.782223355297169165343397984015
  42  -0.352598002022500752670003626194  -0.781784519205587452471394699402
  43   0.569466169337790546847103743148  -0.780546017521786557233452423084
  44   0.069922618225343912883857197864  -0.767111749551145030542466886532
  45   0.319120499143118326415143292535  -0.766105474697875381669600231003
  46  -0.174385097461856310083894084667  -0.766020325002826505055057961556
  47  -0.418060161382549170837414630444  -0.764924065432674529511168836355
  48  -0.486295419604636954292887317119  -0.759857630718487052112738235091
  49   0.496449052408259623731316650832  -0.753039264280056318233825579547
  50   0.004108324104829147037703769641  -0.750721487843677961274191252667
  51   0.251522417777355086718387770314  -0.750177572782806867586067240842
  52  -0.239944389358443900114667707964  -0.749541597639133242701452188515
  53  -0.622606526231480348312061369288  -0.738853785930171192591356306249
  54   0.622648590681516031604041467108  -0.738818337625495170587279082517
  55  -0.061479955582269235148623082475  -0.734244057532618886820999133693
  56   0.185926724268814211751739804482  -0.733844348892757577602866956230
  57   0.431711373297978302523355224170  -0.733581563672760661017926982088
  58  -0.305424117123559284147091171816  -0.732749502435875079342400308763
  59  -0.557071760068382128479417778787  -0.722277790229853670676080964297
  60   0.116969622378151274240452392817  -0.718571574337672271193779992304
  61  -0.127040510984655468391297938033  -0.717770357740539585047285892479
  62   0.365903462478951101719442750774  -0.717310766470168612968651887842
  63  -0.371012013984455532045325935387  -0.716384998322601605179943156989
  64   0.552418932748056267496487322581  -0.715132250361023425402867823083
  65   0.051146782115658922107702617034  -0.702173030839646283148863300590
  66   0.298605738032026124946908303412  -0.701672622898233310759068849351
  67  -0.192498954983822032091914309342  -0.700890616329553921071929799813
  68  -0.436572152876823221213707655335  -0.699909641029894237301200194019
  69  -0.672743749414280184662894418989  -0.693512545750539725087934768341
  70   0.673704721367478208813240759428  -0.692578923026883027296347195668
  71  -0.014432223525586103501167608715  -0.685704587842155036767245448621
  72   0.232869557837566225328227856555  -0.685203423880527830360135437939
  73   0.478777651942235240513750070494  -0.685060077462112994634682333601
  74  -0.258059312100242561396461493019  -0.684415421768231886545339008056
  75  -0.502030537003256264062015096041  -0.683034536376433655286375498749
  76   0.605601354091781752253425046542  -0.673404570464732038756694482516
  77  -0.600951003534106246734616901757  -0.670817361034148078185868107021
  78   0.163912574187016233471246899144  -0.669930763437981357467006809349
  79  -0.079993590769203251471331370478  -0.669230101171895637767577067282
  80   0.412845398070451065154065371313  -0.668668974845760108643180885915
  81  -0.323539039865357945428884956871  -0.667623326564973723186287128304
  82   0.098223296089247395139278364392  -0.653624330668838567101760275631
  83   0.345407979966101926076057199353  -0.652894119506247850503635032713
  84  -0.145451030399589776093303945802  -0.652351333250533249926154540514
  85  -0.389126936726254193327119720442  -0.651258822451700249023829976530
  86   0.536437768319683721976029423499  -0.649449896619533402927020571844
  87  -0.719587983974882981627963478622  -0.644776656531811656152806389837
  88   0.721031677784336044282341873975  -0.643161817213120689863008309609
  89   0.032614696689866113418798958838  -0.637164331273511089487536623422
  90   0.279811984938025043565638610460  -0.636562106593400235026550130253
  91  -0.211011244919621951200347879713  -0.635876276904764028258349608653
  92  -0.454687075618621882495501440390  -0.634783465158992881145087013560
  93  -0.653959348555138937110906841873  -0.628576303990856697488367779452
  94   0.655262391823355737943143472005  -0.627542270686678024715818950617
  95   0.210855407755768247047734951216  -0.621289838425751610224275291058
  96  -0.032945858712520119823875896720  -0.620690631481431787713823382209
  97   0.459786489818026302366827433933  -0.620026368880879564361696960298
  98  -0.525649823026754372460508909840  -0.619696565638107223978431554962
  99  -0.276486271382299716489287045081  -0.619065859919437498113768436533
 100   0.589464461576356553505278153144  -0.607524498448834577706566536612
 101   0.145257308782198914675464298442  -0.604957305147809250740158133609
 102   0.392349915557601889510679819893  -0.604252327881839346178164030785
 103  -0.098403298342906644445848472044  -0.603811863560069399872400855441
 104  -0.591242921324276266493964813368  -0.603352922676988098061762088702
 105  -0.342051031359631995805177981762  -0.602608902162193430976318485968
 106   0.764237183923536892112626374448  -0.591172842913136792294042428916
 107   0.079661616905318330338765526392  -0.588624074704867142207827798224
 108   0.326753920529525007000261231000  -0.587920314968991730701079128327
 109  -0.163963512862938819552892405955  -0.587336807214300178204595923580
 110  -0.407638928220528243703412745333  -0.586244398048919956813861334194
 111   0.517358371274441000256511467425  -0.584599716836444970507007088120
 112  -0.771827266666237680848051661263  -0.581228418025050366456700846513
 113  -0.704267523624901111100088929794  -0.578937058232812734290307041545
 114   0.698467897962556585773427972477  -0.575553296386694127146853069925
 115   0.257797834856227065285145705122  -0.572648521138624014890689983373
 116   0.014101061502932097096090670834  -0.572150374912787840434114557011
 117  -0.229418706069978160151161625100  -0.570449329849754006706056816535
 118  -0.473199067112895932871794465281  -0.569769040756212588935118371224
 119   0.192201348319191327971938982861  -0.556316033888495490421719386672
 120   0.633683053086273710682495489337  -0.556253216493987132169505723347
 121   0.439292143929484728298817405373  -0.555609360287576138418640295303
 122  -0.051319896401825982932805943404  -0.555130754578221630511812442950
 123  -0.294998262876573766865580069971  -0.554051435516657205903799794197
 124  -0.538782306102358131459105520905  -0.553385879487397780587182633271
 125   0.126604455333211847740437584061  -0.539983154382143066271497570100
 126   0.568087058058196828172076900444  -0.539921203581139516692420820889
 127   0.373695856121024970434883851539  -0.539278523344583226375608126399
 128  -0.116915588278706563554282042415  -0.538797524135279507058820664281
 129  -0.360563022853906046181471006653  -0.537594477759413138766349843632
 130  -0.604375404399880025492561424433  -0.537042236526278654670513167011
 131   0.803701853594898097918482166613  -0.536290158419398228813238796943
 132  -0.810578041185144250988363274659  -0.525839369615696287525574915132
 133   0.304739770447727028719768325662  -0.524006729514215510565218981446
 134   0.061043899930825614497762728504  -0.523509454590063764497784328887
 135  -0.182361001100284492006907983324  -0.521872183662421903904570771019
 136  -0.426150919714802294079705770224  -0.521229973646139664603892691858
 137  -0.669965838986896007324602007489  -0.520687906818360755025454844323
 138   0.737932567633917791579283764642  -0.520670611892955563666049437952
 139   0.496686867049547003926175893168  -0.519896407910598157396345749814
 140  -0.742442354328011094657487268327  -0.510457933269008416456825690290
 141   0.239143775419650146209349736768  -0.507674716601367895088134078987
 142  -0.004377057973932145545269551284  -0.506489834255496324596120206076
 143  -0.247930697564252210527454649994  -0.505434905446973714496088174199
 144  -0.491711058607169983248087490175  -0.504754616353432296725149728889
 145   0.673147722757634916488351281502  -0.501370532000248568688702091374
 146   0.173547288882614408896143014510  -0.491342229351239370619163482286
 147   0.420636919682948113677141493554  -0.490635890179998070542536851008
 148  -0.069972749850813035088549470112  -0.490156603812555441800298373360
 149  -0.313510254370847817241873094865  -0.489037011113876913693831151862
 150  -0.557294297596632181835398545799  -0.488371455084617488377213990936
 151   0.607551727729558033977932692609  -0.485038519087400953211617188916
 152   0.839232512639135828952082259314  -0.478782406964563586936053316705
 153   0.351681706039226992154390946200  -0.475364937889807006239747979519
 154   0.107986733480228175653468158952  -0.474868529559160068845450241073
 155  -0.135418162672390963541175411021  -0.473231263339697838646048480099
 156  -0.379075014348180096557764031547  -0.472580053356632846556381201297
 157  -0.622887395894154075868854449327  -0.472027812123498362460544524676
 158   0.541759172281513751595852161819  -0.469517280183082555953267298929
 159   0.772731415824685878745947086158  -0.462717101437550146781119849278
 160   0.286085711011150109643972357308  -0.459032924976959390762663077061
 161  -0.818826808901277179531462207551  -0.458745949366955118629836123091
 162   0.042565916557356817671413637695  -0.457848367319831770134029477113
 163  -0.200987859136358682061722077691  -0.456793985124249649237565883279
 164  -0.444662911209076344455998795117  -0.456215549243359372393924049523
 165  -0.688477830481170057700895032383  -0.455673482415580462815486201988
 166   0.476368933021135830990271727930  -0.452380016137166756425566064623
 167   0.707946570948403003655014603017  -0.443417021544843151803772502700
 168   0.220489715983073227133553768415  -0.442700912064111775285578174601
 169  -0.023029911422920426602541548404  -0.441515683489830488679061218589
 170  -0.266567415942954288776140522562  -0.440396090791152848435308860942
 171  -0.510223050101444033624380515065  -0.439740191950652004515181086553
 172  -0.754073522358050947244174951210  -0.439340251972639580019664369272
 173   0.642350575920326121144596014124  -0.427085008631995536326687600242
 174   0.398622769601150135396648588216  -0.426722304725221850406676704127
 175   0.154929160580686993890878912857  -0.426227212272032473511864933387
 176  -0.088475324244498355055167489313  -0.424590343016972885524811325327
 177  -0.332132175920286568092031459244  -0.423939133033908781297858910376
 178  -0.575806289090906232211691570690  -0.423357030681837196167245348600
 179  -0.871737537561916937932030384864  -0.416674296177318479607593967099
 180   0.819673351416185842180569706696  -0.414075309813141642455648847351
 181   0.576558023607292870259023440483  -0.411563745049268479446598411975
 182   0.333026774573073252886229999323  -0.410390291812374234929591801669
 183   0.089508516704055509709035894463  -0.409206384904484565825354117930
 184  -0.154045020708466073575714155983  -0.408153064801524696116328728508
 185  -0.397720072781182815990266222814  -0.407574628920635307135401758602
 186  -0.641399387388428126245147474218  -0.407013387720718070250575882340
 187   0.754888506539902967089637223556  -0.394775229920434647478301500773
 188   0.511158592487323620521408236817  -0.394420989197995333936294682235
 189   0.267430779544996370375811410431  -0.394058278899526619452506899209
 190   0.023912521675978627198617305571  -0.392874371991636950348269215470
 191  -0.219624577515061680290132600854  -0.391755170468427895314071706170
 192   0.883363723580241719432453319783  -0.391423473174295674143251313631
 193  -0.463280211673550505158647942762  -0.391099271627927939256658795633
 194  -0.706989821975444108077188057274  -0.390659058012800170605517559652
 195   0.689292511511826084579218634663  -0.378443217007587032001216598315
 196   0.445564705192650098831271208755  -0.378080513100813346081205702199
 197   0.201870224142610137133136554873  -0.377584579107447317678793657996
 198  -0.041518176537959233634204479373  -0.375892236061622222889979061035
 199  -0.285189337492393959606023537535  -0.375298212711183828176621755605
 200  -0.528863450663012703745958998386  -0.374716110359113130908723057680
 201  -0.772585513852324997620467976101  -0.374325827569859287809695726936
 202   0.623696516483749202068800045770  -0.362111204094739416524131695857
 203   0.379968710164573216320852619862  -0.361748500187965730604120799741
 204   0.136449580265978652951293536478  -0.360563751739899409992282842538
 205  -0.107102182280573465089706234281  -0.359512144478799742995091573731
 206  -0.350777234353290207504258301106  -0.358933708597910354014164603831
 207  -0.594456548960534597779414901915  -0.358372467397994004992053591420
 208  -0.838181205729205578241944075112  -0.357992597126917164356703948267
 209   0.803362485501565192726781570075  -0.347660024592077685289992115081
 210   0.558100521455672319558381456877  -0.345779191181891801047046793399
 211   0.314372715136496333810434030970  -0.345416487275118115127035897282
 212   0.070853585237901770440874947585  -0.344231738827051794515197940076
 213  -0.172681739087169071804124679152  -0.343114250145702942192834551394
 214  -0.416337373245657896672640021054  -0.342458351305202986135421640861
 215  -0.660046983547550579611455484971  -0.342018137690076105346995268731
 216  -0.903776897606086467785223993939  -0.341659366683976281560882115552
 217   0.736234447103326048013841255202  -0.329801425383178527675745596387
 218   0.492506634160998797868244428815  -0.329438715084709813191957813363
 219   0.248812159734110100567759175412  -0.328942787483038813353322656068
 220   0.908570267731629320718284428340  -0.328700276975018202571632656001
 221   0.005448474917624317317239855336  -0.327151318647757488372934614107
 222  -0.238246499064501351120015615833  -0.326657292388458875055384600828
 223  -0.481920612235120095259951076678  -0.326075190036388177787485902909
 224  -0.725642675424431160232931583981  -0.325684907247133981894003490062
 225   0.670638452075249165503422666309  -0.313469412470330912198660693929
 226   0.426910639132921915357825839922  -0.313106702171862197714872910905
 227   0.183391515857478616385916157018  -0.311921960115490905666811840611
 228  -0.060160216017174220853246396299  -0.310870382454436403328413360124
 229  -0.303834395925397599018250379404  -0.310292788275185400892927449054
 230  -0.547513710532641989293406980207  -0.309731547075269051870816436648
 231  -0.791238367301312049776211502809  -0.309351676804193099098181657347
 232   0.848733367460352207680783555608  -0.297250084997318840679223524345
 233   0.605042457047172282993004077416  -0.297137399557483296721575791471
 234   0.361314644104845032847407251029  -0.296774689259014582237788008445
 235   0.117795520829401733875497568125  -0.295589947202643290189726938151
 236  -0.125739772823769827567664841170  -0.294472488121339602526156337787
 237  -0.369394534817765288186632099352  -0.293817430982478033014184486085
 238  -0.613104145119657971125447563263  -0.293377217367351152225758113960
 239  -0.856834059178193859299216072231  -0.293018446361251328439644960781
 240   0.783096589269990934188757386761  -0.281082755029194140723723713939
 241   0.539448569752498761302867049353  -0.280796923460301308866486811435
 242   0.295754088702458799604732395472  -0.280300989466935280464074767232
 243   0.052390410509124280751862475877  -0.278509527023348984047463612181
 244  -0.191304532801102106883555777852  -0.278015530364095535388706387222
 245  -0.434977773807227486773943154976  -0.277434269713663224666248748132
 246  -0.925498344344629925523976774490  -0.277316800869194192980274178083
 247  -0.678699836996538551746923662273  -0.277043986924409028772766335291
 248   0.717500594241914051678338797868  -0.264750742116346525246638811481
 249   0.473852574724421878792448460460  -0.264464910547453693389401908977
 250   0.230333444825827315422889377078  -0.263280162099387372777563951774
 251  -0.013205584518952601758556113016  -0.262177514110501368570378709721
 252  -0.256892429661998354781790541422  -0.261651026250822061226249235448
 253   0.905888482802575967130696242833  -0.261154905267526573407113364307
 254  -0.500570872104749380807399058504  -0.261090626752544098749579281872
 255  -0.744295528873419441290203581101  -0.260710756481468145976944502576
 256   0.651904599213837169167920208975  -0.248418729203498909769553909023
 257   0.408256579696344996282029871568  -0.248132897634606077912317006517
 258   0.164737449797750432912470788185  -0.246948149186539757300479049314
 259  -0.078797881152633628688980857691  -0.245830654111464704454395300586
 260  -0.322452568554366043950172261370  -0.245175668958114693347506272478
 261  -0.566161306691765362639439641560  -0.244736297044626199104520959183
 262  -0.809891220750300330833483499928  -0.244377526038527263181122669861
 263   0.830079308023775288604987587253  -0.232276280460062720876667619959
 264   0.586310711919163647477783180913  -0.232078253106316921914464928987
 265   0.342696024293958763039355016010  -0.231659197842526776138603765304
 266   0.099332339477472979788835695936  -0.229867729007245451158215723344
 267  -0.144362641129965908004871794373  -0.229373696354220637316945350021
 268  -0.878303809420177370514551928498  -0.228919935972508616991316956565
 269  -0.388035807543828242537483316995  -0.228792507689299884999570534526
 270  -0.631756998568645943260915740571  -0.228403066601684075651529180514
 271   0.764442529833414015112961418407  -0.216108950491938020921167809554
 272   0.520714716891086764967364592020  -0.215746240193469306437380026529
 273   0.277275380417327278857511997616  -0.214638370474978868452092949846
 274   0.033736344449396097278417107044  -0.213535716094397835681130820884
 275  -0.209950537990862155903106557944  -0.213009192240947163154488198247
 276  -0.453628905841350136570939220523  -0.212448864728180759082901068265
 277  -0.697352690445526832804195659398  -0.212069836158743192855707347799
 278  -0.943145323715597140296678450009  -0.209811109912653920092646394077
 279   0.944115174998664992748019053849  -0.205402872001874505964349270836
 280   0.698846534805337132602542829514  -0.199776937579090405444082907096
 281   0.455118721863009882456946003128  -0.199414227280621690960295124070
 282   0.211679385389250396347093408723  -0.198306357562131252975008047386
 283  -0.031855952184284929652007637632  -0.197188856095361171565147411750
 284  -0.275510676883229845071488277892  -0.196533834948239795275745235277
 285  -0.519219340428366118402979803579  -0.196094535020262859437842745577
 286  -0.762948382322407722347475578226  -0.195736605715802310059885515084
 287   0.879359519017611884771273845804  -0.186005014928289602680201941652
 288   0.633252647510663610912405801452  -0.183436461481908417588993927060
 289   0.389558166460623649214271147570  -0.182940527488542389186581882856
 290   0.146274275068972943223458316475  -0.181225937382836946832744721416
 291  -0.097420712161617208967898574313  -0.180731898338117104427697461184
 292  -0.341093915872692043658799333516  -0.180150673679424986927809497325
 293  -0.584815032305246699024455902591  -0.179761304577320735984850966907
 294  -0.828545289050612127536993611966  -0.179403724046061015786207070473
 295   0.567656652482586728401987212559  -0.167104448569060802111909024602
 296   0.814645962613246268679871483446  -0.166459032368187487983777262054
 297   0.324137522583992165032428129176  -0.165919700120994481500071067399
 298   0.080678280040896060713039727582  -0.164893924469989331355659818956
 299  -0.163008609022513456866133337884  -0.164367394224843630265240309410
 300  -0.406687014170213937692255237044  -0.163807030718305861011140031064
 301  -0.650410724182127588567735821424  -0.163428074134379853189029134186
 302  -0.894175837763554987746865378584  -0.163211124342895911634238637227
 303   0.745788470396837096037165450053  -0.151135145954681901118611905168
 304   0.502060657454509845891568623666  -0.150772435656213186634824122142
 305   0.258541527555915282522009540283  -0.149587687208146866022986164939
 306   0.015085983407215033782614982907  -0.148547064470952667239676409822
 307  -0.228568747914881146034515057832  -0.147892036932136262386497346441
 308  -0.472277448757229919524295820100  -0.147452701010387961366081708376
 309  -0.716006422696152110157947024577  -0.147094837286232477962751094608
 310   0.928536377564458516044860461930  -0.139623921873335132611945084618
 311  -0.956450603207784549204153968099  -0.136916204712383631725593239975
 312   0.680194583102163574347028421990  -0.134794669857499913263522925132
 313   0.436500102052123612648893768109  -0.134298735864133884861110880929
 314   0.193136417235637829398374448035  -0.132507267028852559880722838969
 315  -0.050478776570117245533275953775  -0.132090106713708600102226459256
 316  -0.294151986904343344621826113456  -0.131508875663321454038561608488
 317  -0.537873140634110500145771919111  -0.131119470567445837913089929707
 318  -0.781602450622719519050985690263  -0.130762803723336062664969915697
 319   0.614598588074086691836609833097  -0.118462656944652297786438022674
 320   0.861946868203249414905264250852  -0.118165882688992684793885434885
 321   0.371079458175492128467050749714  -0.117277908496585977174600065471
 322   0.127540422207560946887955859142  -0.116175254116004944403637936509
 323  -0.116066673431013493431510717346  -0.115725602600435125939769307482
 324  -0.359745085201865238655282016984  -0.115165232702202328121892142228
 325  -0.603468832510991389689051837938  -0.114786240124504955117268096992
 326  -0.847335492848960289686319353899  -0.114469161209883773654153409646
 327   0.792744335316875224440765318189  -0.102506800731756198182707015290
 328   0.549002593046009809326191244205  -0.102130644031804682309353120214
 329   0.305483463147415245956632160822  -0.100945895583738361697515163011
 330   0.061948125573879919957531114467  -0.099828394116968280287654527374
 331  -0.181626812323381182599892437294  -0.099250245307727758061026344513
 332  -0.425335519788881220487322600040  -0.098810902994284428476833819539
 333  -0.669064524387868684049079435902  -0.098453009681549633748888073577
 334   0.727142794159592334345789878743  -0.086158935175930310630531382344
 335   0.483442037643623576083516388647  -0.085656944239725380535639879001
 336   0.240078352827137792832997068573  -0.083865475404444055555251837041
 337  -0.003616634403452359358359822214  -0.083371436359724213150204576804
 338  -0.247210051312843381187203492918  -0.082867084038912949713090606560
 339  -0.490931211665761801108798699051  -0.082477672551342305023842040870
 340  -0.734660521643952836448145860384  -0.082121005717286439470533036186
 341   0.962771182572202461775537010269  -0.081335438142921811799502708045
 342  -0.928239378837838475969668116073  -0.075485788556724478262132040427
 343   0.661540523665586655271232453638  -0.069820865320243793460967020746
 344   0.418021393766992091901673370253  -0.068636116872177472849129063543
 345   0.174482357799060910322578479681  -0.067533462491596440078166934581
 346  -0.069204531264348607256594585786  -0.067006932246450738987747425035
 347  -0.312803149610365275220659396446  -0.066523441077793823796421140300
 348  -0.556526903542642690652078617878  -0.066144442108401422228020208155
 349  -0.800257403802129538162996032670  -0.065789255787403486233377597075
 350   0.839672333408729953664769985593  -0.053851562528662512816398026696
 351   0.595944528637509772760813864745  -0.053488852407396177983882118288
 352   0.352425398738915209391254781361  -0.052304103959329857372044161084
 353   0.108890061165379883392153735005  -0.051186602492559775962183525447
 354  -0.134764670156716296424976305734  -0.050531574953743371109004462065
 355  -0.378393584197381257052699979502  -0.050169111369875924151362817611
 356  -0.622122595419519985012106215843  -0.049811211665446100859640184740
 357  -0.865853178619940676607291982723  -0.049456358446150084142954707982
 358   0.906525312961966501952703233859  -0.043839153509677903417156796518
 359   0.774078447347772063642924713457  -0.037511081479103948415982418186
 360   0.530383973235123539518139009187  -0.037015152615316876210168877075
 361   0.287020288418637756267619689112  -0.035223683780035551229780835113
 362   0.043325301188047604076262798325  -0.034729644735315708824733574876
 363  -0.200347909146178495012287361358  -0.034148413684928562761068724113
 364  -0.443989276074261837674176078513  -0.033835880926933800698371038942
 365  -0.687718592688150674736966550350  -0.033479207689074829005716087013
 366   0.708482452633935354308205673699  -0.021179067304140260571719131910
 367   0.464963329358492055336295990795  -0.019994325247768968523658061611
 368  -0.966005506224968285754757191945  -0.019420747473282899548113590377
 369   0.221424293390560873757201100220  -0.018891670867187935752695932653
 370  -0.022262595672848643821971965247  -0.018365140622042234662276423107
 371  -0.265941007443700389045743264886  -0.017804770723809436844399257852
 372  -0.509584967951142727217455997340  -0.017502650483992917902549206227
 373  -0.753314589944234827136032974832  -0.017147203724811634727361049622
 374   0.966126863172275936649142200522  -0.011945197624010918243881597626
 375   0.642886457605858471797787084806  -0.004847054391292645094634229452
 376   0.399367334330415172825877401901  -0.003662312334921353046573159157
 377   0.155831996756879846826776355544  -0.002544810868151271636712523519
 378  -0.087822734565216332990353685195  -0.001889783329334866783533460138
 379  -0.331531442030716370877783847942  -0.001450441015891537199340935164
 380  -0.575180659828020021577483595304  -0.001169420041037596534169182812
 381  -0.818910587196106345426560851906  -0.000815199743628781607554280075
 382  -0.903316268605581860046607583532   0.008650380298050583008707358377
 383   0.821020382939272027077547333992   0.011130710145304555909488583745
 384   0.577325902203472238555112229248   0.011626645400786656679079011761
 385   0.333962224010137719702242309652   0.013418107844372953095690166813
 386   0.090267236779547567510885418864   0.013912146889092795500737427051
 387  -0.153405973554678531577664740819   0.014493377939479941564402277815
 388  -0.397127133907596951499259946953   0.014882789427050586253650843505
 389  -0.640776663719801975699993330290   0.015162590327028703883531801824
 390   0.887874491112119874256931459776   0.021135580455411880245754282783
 391   0.755424388225435317742828294234   0.027462724320268243753751870020
 392   0.511905258326840754373269210855   0.028647472768334564365589827225
 393   0.268366228982060837191823720760   0.029750120757220568572775069273
 394   0.024679339918651319612650655292   0.030276651002366269663194578820
 395  -0.218999071852200425611120644347   0.030837020900599067481071744075
 396  -0.462722825784477841042539865780   0.031216019869991469049472676220
 397  -0.706372660971673493990521207364   0.031494594308211557003338571369
 398   0.689828393197358435232409705341   0.043794737233115859230836772478
 399   0.446309263298763871862850621961   0.044979485681182179842674729678
 400   0.202773932348379810261398976084   0.046096980756257232688758478407
 401  -0.040880798973716369555731064656   0.046752008295073637541937541790
 402  -0.284589506439216407443161227403   0.047191350608516967126130066764
 403  -0.528318517661355135402567463744   0.047549250312946790417852699635
 404  -0.771968658227757646389587631845   0.047826598272474751281693608761
 405  -0.964999181774462085692324183648   0.048170350465789089892656029114
 406   0.964597547688294354320467016763   0.055636089753926493481279455724
 407   0.624267837794972201989734849783   0.060268437025195161004550013692
 408   0.380904152978486418739215529713   0.062059905860476485984938055649
 409   0.137209172371047530945508039404   0.062553938513501299826208428978
 410  -0.106464037963178568143042120280   0.063135169563888445889873279743
 411  -0.350185198316096988064637326414   0.063524581051459090579121845433
 412  -0.593914514913226653693095340818   0.063881254294129643537659469182
 413  -0.837564655479629164680115508919   0.064158602253657604401500378307
 414   0.802366333688915581044679112932   0.076104517607036275312223242209
 415  -0.903910246593618351352695514908   0.077113591610822951610187920157
 416   0.558847193918340717807891831391   0.077289264392743068691060829156
 417   0.315308157950409536228796940820   0.078391918773324101462022958108
 418   0.071621275510151283047273275832   0.078918442626774773988665580747
 419  -0.172057136260700462176498023809   0.079478812525007571806542746003
 420  -0.415780890192977877607917245241   0.079857811494399973374943678148
 421  -0.659510512165098171983623217892   0.080213258275312496657466238728
 422   0.904533054369790294818117741466   0.086649407085361541652819013912
 423   0.736770328788858398667032325880   0.092436528857524363556307774406
 424   0.493251198890263835297473242497   0.093621277305590684168145731609
 425   0.249715861316728509298372196145   0.094738778772360765578006367243
 426   0.006061136617783593878891555884   0.095393799919482141867408543716
 427  -0.237647570847716444008538606865   0.095833142232925471451601068691
 428  -0.481376582069855171967944843206   0.096191041937355294743323701563
 429  -0.725106509421182324382689642373   0.096545262239575690935821276119
 430   0.671209773386472165424357470322   0.108910228649603665330021015619
 431   0.427846088569986382173838150248   0.110701697484884990310409057579
 432   0.184151101339396229982481259465   0.111195736529604832715456317815
 433  -0.059522102371678604708419499740   0.111776961188296950215344281669
 434  -0.303243262724597024630014705875   0.112166372675867594904592847360
 435  -0.546972585944877954656122120757   0.112523052310233176426907358018
 436  -0.790702506673053842673217519447   0.112877266220758544055628045666
 437  -0.959213719021109438034319070948   0.115986398905519863891503001611
 438   0.848936703161144426147944356408   0.125102169558216588816981680468
 439   0.605789131813812111209149182252   0.125931064872611375483741747603
 440   0.362250093541909499663419561353   0.127033710397732605787493960042
 441   0.118563204478499982084246495892   0.127560240642878306877913469582
 442  -0.859518101147561532942193737470   0.128093064266050028043804452432
 443  -0.125115200669200498741875403269   0.128120604149416076132013747929
 444  -0.368838954601477914173294624703   0.128499603118808477700414680076
 445   0.957603120106052846065794553934   0.128597438232756313758148556560
 446  -0.612568583196749472946649997831   0.128855056291416029546714127564
 447   0.783340705909272907857416479335   0.141434173539399441936788450018
 448   0.540193134481763798732095863032   0.142263068929999188493616733540
 449   0.296657796908228472732994816677   0.143380570396769269903477369177
 450   0.053003065586132292915864775944   0.144035597935585674756656432552
 451  -0.190705635256216480573915986325   0.144474933857333975777072070618
 452  -0.434434646478355208533322222667   0.144832833561763799068794703490
 453  -0.678164580448620991237177874905   0.145187060272598882666520897110
 454   0.717780150506886674614741623778   0.157907873331478743710501691231
 455   0.474788026452140431872504655670   0.159343497880766359594868953726
 456   0.231093036930896193417103879997   0.159837528154013337040927319748
 457  -0.012580173403329905671446279680   0.160418759204400483104592170505
 458  -0.256301327133097061195392085335   0.160808164300276099230063849287
 459  -0.500030650353377991221499500219   0.161164843934641680752378359945
 460  -0.743760577704705143636244299386   0.161519064236862076944875934501
 461   0.901996493154309898409059422893   0.167040370357111152999689003021
 462   0.652359508934226620399533335709   0.174928709554486453864222423214
 463   0.409192029133409463098042181896   0.175675502022141110112964961966
 464   0.165505140069999945518869116425   0.176202032267286811203384471516
 465  -0.078173271700851799704902183208   0.176762402165519609021261636765
 466  -0.321897019009977950738672004163   0.177141394743216982025885682002
 467  -0.565626654228400773909676777770   0.177496854307519562435962016400
 468  -0.809356574956576661926772176460   0.177851068218044930064682704048
 469  -0.948756284571866012482717420100   0.182771212106192104723672316583
 470   0.830282634877621606894389699399   0.190075971555502974826036338851
 471   0.586763511682355102109005458636   0.191260713535669306984029192764
 472   0.343599732499728436167617437220   0.192022362021177774228948371100
 473   0.099945001177632256350487396477   0.192677389559994179082127434486
 474  -0.143763706287867781536942766264   0.193116731873437508666319959453
 475  -0.387492710886855245098699602127   0.193474625186172303394265705417
 476  -0.631222651480272292200204654844   0.193828858288702415555768785947
 477  -0.875025095916277519144097402090   0.193888978445822037512258031975
 478   0.764722079475235373651714843841   0.206549671347582276599749580064
 479   0.521358403652731735249414251278   0.208341142486436478085281412946
 480   0.278034972522396156851726500540   0.208479319778421841366398321672
 481   0.034361762188170057763176340853   0.209060550828808987430063172438
 482  -0.209359398164748362158418865275   0.209449962316379632119311738122
 483  -0.453088714761878027786876879680   0.209806635559050185077849361873
 484  -0.696818648732143810490732531917   0.210160862269885268675575555493
 485   0.940149160866678959916585579874   0.222846552252512480208349424685
 486   0.699301437902575319436506555773   0.223570507570589986753470312050
 487   0.455762406420318057091284120206   0.224673146545769962694011735626
 488   0.212447075661499908953491736968   0.224843823891695315528855473439
 489  -0.031231336109351836270279562676   0.225404193789928113346732638699
 490  -0.274955090041629251701698784102   0.225783192759320514915133570838
 491  -0.518684718636900810475054157232   0.226138645931928066761433018328
 492  -0.762414645988227962889798956399   0.226492866234148462953930592884
 493   0.633705440650703801145978678699   0.239902511551772839873277081597
 494   0.874886751582590828253726917669   0.240870085215241088175749447568
 495   0.390170109786637030160859375531   0.241020006544806626809995144760
 496   0.146886936769132219785110017020   0.241319181184402683407598436409
 497  -0.096821770696367818102320145732   0.241758523497846012991790961387
 498  -0.340550781918506546061726382066   0.242116423202275836283513594252
 499  -0.584280722511923593163231434783   0.242470656304805948445016674783
 500  -0.828301753556764205670689785076   0.242740779725453653739848455698
 501  -0.920298256506253385538487645134   0.244087684999907317100915540310
 502   0.568300332621080434286387471341   0.256982940502540010974529301780
 503   0.809326196180204595011052062112   0.257343785007320389949462688782
 504   0.324605349809304750844968438852   0.257476964302050693947445095339
 505   0.081303697779670021197798961396   0.257702342453217491755534174362
 506  -0.162417462573248398723796244742   0.258091753940788136444782740056
 507  -0.406146779170378064352254259140   0.258448427183458689403320363799
 508  -0.649876719763795111453759311857   0.258802660285988801564823444329
 509   0.502704335388666756128257340269   0.273314944561873495583259624459
 510   0.259017452948408502946733675278   0.273841468415324168109902247099
 511   0.015710599482148127164343057867   0.274045985414336617672203640622
 512   0.743905554607544540795843774044   0.274364621230328100103183420768
 513  -0.228013154450129288267076163570   0.274424984383729019240604572771
 514  -0.471742783045400847040431536693   0.274780437556336571086904020255
 515  -0.715472717032425801178619646365   0.275134664262360073418747542058
 516   0.921796433368718159072534409886   0.289542982850713563688132238475
 517   0.437112038754985729197832595594   0.289661804560910159699243033593
 518   0.193457314056040813778351955330   0.290316825708031535988645210069
 519  -0.049879835104867854667697525189   0.290400315122254517317261963310
 520   0.678309557355673022505315896970   0.290696625211510953222990190315
 521  -0.293608846327006582627103761534   0.290758214826684340608984596186
 522  -0.537338786920423629728608814242   0.291112447929214452770487676711
 523  -0.781359669855997792760076541914   0.291382428416047485377557368079
 524   0.856235877966331925829859554329   0.306016682642792865461845479688
 525   0.371547278777653449881941658915   0.306118762318154226836692984172
 526   0.127874075066578615191040899706   0.306699986976846344336580948022
 527  -0.115475526981748435289173624199   0.306733545565196640770253741979
 528  -0.359204850202029365315281039079   0.307090225199562222292568252635
 529  -0.602934781948500512239027403135   0.307444460842062068247572579169
 530   0.612904449326049655645724689612   0.307777054162278124324242410497
 531  -0.846933701985748962511583302460   0.307808990337738882071195993894
 532  -0.914627757452992887526215230553   0.311448019396315119818248796070
 533   0.305959381916757201983706895341   0.322483266431427700999150135933
 534   0.062280976769056721157584996178   0.323043629937965470253250414282
 535  -0.181071218858629324832453543027   0.323066776008137523566075574695
 536  -0.424800847453900883605808916153   0.323422229180745075412375022181
 537  -0.668530779200372030529555280209   0.323776464823244921367379348715
 538   0.547308452093635977487594558540   0.324109058221611608932972733176
 539   0.791153038354614405651456992810   0.324286690786862238350149755549
 540   0.240399243024389512815325175393   0.338958623724135068877893098902
 541   0.725251486324021721542289117031   0.339338423227614486112238079150
 542  -0.003309457817959260674455586878   0.339397959645883369898308736970
 543  -0.246666910735506619192481140991   0.339400006451092844934455598109
 544  -0.490396851328923666293986193704   0.339754239553622957095958678638
 545  -0.734126776452243549483673538175   0.340108468804427771821936167826
 546   0.481716155459954950557169813864   0.340455918220648273048956142311
 547   0.174816004034927314228014119769   0.355341784992949877225828836855
 548  -0.068905149694839841295931685889   0.355731190088825493351300515639
 549  -0.312262914610529401880658418547   0.355732016823970726618039254568
 550  -0.555992846357000548804404782597   0.356086252466470572573043581096
 551   0.659846378294398354682697909673   0.356418852178381657213490299332
 552  -0.799723151381566627173945719826   0.356438955803919952865202744655
 553   0.416151395482622671241278877186   0.356912875977892340186406092889
 554   0.896503368868137382234831425255   0.360313076500782395254726634481
 555   0.109222905737405420194558216241   0.371685427954069003142498303116
 556  -0.377858918485552184568835696090   0.372064027196848608301622911018
 557  -0.134500841571720730839211604716   0.372064420531766376147122348355
 558  -0.621554887534703266820140656595   0.372555109853441438398291882764
 559   0.594250381061984676524567778601   0.372750856237715141822220622012
 560   0.350563498621726423343044113612   0.373277380091165814348863244650
 561  -0.890612674110650095330539782351   0.374636981894280206194202816730
 562   0.043632471150389438362517633185   0.388039757661986902787556625804
 563  -0.443454915737423702859363573164   0.388396031178031461421429680564
 564  -0.200096533448598025199239202680   0.388397650974721697515502371769
 565  -0.687184847483894852423079292181   0.388750266820531306618495159440
 566   0.771237445003975863215464768770   0.388884975214553584110194940940
 567   0.528658084428303649594143033925   0.389097716236751805938204031146
 568   0.285003359729358734174662393664   0.389752737383873182227606207620
 569   0.838548785504698842644022664879   0.395110137823244112518802581670
 570  -0.021963220726491142258958465826   0.404372988104929026240548404473
 571  -0.265692530681011909253716704942   0.404729655034054355160426950930
 572  -0.752900991318077565662387895630   0.405214223696243997882027157932
 573   0.463093324450971370278252097247   0.405554673993995873075653981725
 574   0.219420120739896535587351338040   0.406135898652687990575541945572
 575  -0.508115557822311857839611521205   0.408108224731233477864456450743
 576   0.708349073484142970729098783819   0.413676545094098918629073898059
 577  -0.835506912636959892168398635980   0.413789558589992953019800452244
 578  -0.087558912603372031802238384653   0.420706218547869909036370237188
 579  -0.331288527913426138407715600248   0.421061659093385626744757375949
 580  -0.574450812919533185634039031599   0.421116035488447014182836116634
 581   0.641192310088284887686546011408   0.421392654197892375109573921162
 582   0.397505427590075122380017333673   0.421919178107269347238111133486
 583   0.153827022442374641553895434512   0.422479541613807116492211411833
 584  -0.153154604480249326162265982617   0.437039448990825230404750260603
 585  -0.396884525165297656698243477322   0.437393663074568479864564145496
 586   0.575600013454603860756121266732   0.437739514196929039225557330296
 587   0.331945288697707433211635613725   0.438394535399976715116854096455
 588  -0.639775736219323008702776461796   0.438500615017025927665180585949
 589   0.088236587855358659721854851456   0.438833871321725016137269734521
 590  -0.218750601712663210216743484879   0.453371453050157888049674839764
 591  -0.705623602616303104851724534034   0.453785499722981934140930951686
 592   0.510035253477271581440230330054   0.454196471954173106363007280875
 593   0.266362049708245234624324558101   0.454777696668791523464789834408
 594   0.022640895978478079100378752445   0.455167101764667139590261513190
 595   0.781270497830695526629575359579   0.455786082515967685759510683277
 596   0.848611103723733537312835591632   0.461955623546423585832202991092
 597  -0.472060581442609699753199857766   0.465288709931763455579841392009
 598  -0.284346598945077439370742380185   0.469703457109489159634005264783
 599   0.444447356616375333541995566480   0.470560976067446580525464432635
 600   0.200768951410723340590868654573   0.471121339629910649381459300669
 601  -0.770916351251162839921075789392   0.471290532862451580583324689457
 602  -0.042954795898402810442901166382   0.471500332207608022386083345905
 603  -0.538736443953298260901767895625   0.478509877134154474680854044729
 604   0.689706981018941479812383636534   0.478653784170777039233723365928
 605  -0.837762188463424118054497169863   0.481350515809791685285228711427
 606  -0.349942596196948957661270257261   0.486035461090672012753812034332
 607   0.622550572598076697293450374035   0.486372982154953249714417490223
 608   0.378887217724007644373613846532   0.487036333360153948404207395605
 609   0.135178516823707358758828071516   0.487475669337828549026517623357
 610  -0.108550487775280104802928764347   0.487833562650563343754463369320
 611  -0.604061367253088083970505325823   0.495894456662733388163198514043
 612  -0.415538593448820475951798134335   0.502367465071854865873618803879
 613   0.556985812620744417977559437357   0.502829939912197316851867440802
 614   0.313303978734545445786302790908   0.503419494628968756752143133558
 615   0.069582824946826778137351972506   0.503808899780770672479509402026
 616  -0.174146485007693988857406266609   0.504165566709896001399387948481
 617  -0.669841738495322683527313089489   0.511467252453557321954684483913
 618   0.746850967363401276126227650932   0.514766580160191936226142063102
 619   0.491397915759848170079324673783   0.519194444025470791014324592563
 620   0.247710880437023551752846887379   0.519763137590087882668812599819
 621   0.003987133069945888594072053678   0.520142130223711555275331234741
 622   0.814234027963327177285778991876   0.520160312976676452936378635673
 623  -0.239742482240108218011405161914   0.520497570769227272983718373500
 624  -0.735209727326117098539996529781   0.528689193276996617225702399698
 625  -0.494033047572106061035077415786   0.529216637644908072546533187866
 626   0.425837776867480480910942953835   0.535669801318178158893067555532
 627   0.182120445850007569920806304323   0.536117467298005782313870922506
 628  -0.061608558806931405765955544286   0.536475360666666876643711258156
 629  -0.305338479491979736301933038988   0.536829574750410126103525143047
 630  -0.802055564538378376673417910252   0.538749176224336721927606421667
 631   0.687004375462653285250451722381   0.546198326013297730968660110226
 632  -0.563400102932168790704025400886   0.549896593595758955503478686194
 633   0.360254537878018282323631898211   0.552052962586992967241003293485
 634   0.604341865405259642100949935174   0.552056338853392486063085239122
 635   0.116524753973126989299330205313   0.552450697740947905766862701175
 636  -0.127204556039345289820433046548   0.552807364725999534288635837316
 637  -0.370934476743851254592460916063   0.553161578731592979223331912595
 638  -0.630049487429249169393666859144   0.566112892394942212115964747718
 639  -0.437511059578316837233675692355   0.566295392784999482840310599736
 640   0.538363940472726061600769723563   0.567812976831163843017992780397
 641   0.294661439580496388290175994683   0.568396605548112093157672759746
 642   0.050929062096246099756050286485   0.568783928183888788562684533891
 643  -0.192800553271759518974431941853   0.569139368785330805872966262336
 644   0.775871388023062845607192259922   0.575818888832716321774902793030
 645  -0.695577151133667592724706396250   0.583450750174683455874434683687
 646   0.472803801580358372432388003615   0.584288334123871210896735743366
 647   0.229071004993480406458135411627   0.584750935256029992802731082434
 648  -0.014666629780631194603977311479   0.585117158626844109931064557305
 649  -0.258396550523631037264959818927   0.585471372766513658992773031883
 650  -0.762422988345928870858127776721   0.593510733122023560576338705656
 651  -0.512404993256441350913427310761   0.594270775263361998687272814258
 652   0.407208489287277390061099621862   0.600683549192128210870610805056
 653   0.163467592401020517765062777616   0.601091618063671971025384992096
 654  -0.080262627013045691881944912293   0.601449162686177359369359378101
 655  -0.323992547775502555555487696001   0.601803376747696512112579801430
 656   0.651214120159355199784090793672   0.603544876344016418516848113386
 657   0.718361121830282400165161864595   0.611345477353772532426206789541
 658  -0.582953413346737565448711003572   0.614605458995643882200324033822
 659   0.584930660731262762861594594171   0.616814096959912899221329160444
 660   0.341611998723969224827505101986   0.617030073506136303646532919673
 661   0.097871900524138708242058208193   0.617424848506613741683921688662
 662  -0.145858624245460948849868833116   0.617781166745509622848939240419
 663  -0.389588545027374073846015573074   0.618135380728879365232386570979
 664  -0.455883005262652127112025587329   0.631349530403453408981050226128
 665   0.519370521838895073693212874223   0.633289454252620267100072123413
 666   0.276021564136953242995464518930   0.633384403214054203291591242361
 667   0.032276208647261413882030610229   0.633758078949569063052301712076
 668  -0.650776646222098453457266636698   0.634071733661547653433116396397
 669  -0.211454621555282337438371183973   0.634113170782617195053438870710
 670  -0.717013002571028440940053168426   0.647574115196909127663792234131
 671   0.210418151544493354302391884920   0.649725086021696181514245152023
 672  -0.033320697986745480719966679486   0.650090960646354592656712677251
 673  -0.277050618807153856518514475938   0.650445174763800045001827690266
 674   0.455262041078881324934449422963   0.654729414703886387433060869313
 675  -0.531958303671010125658112913446   0.658979640663246925384118161887
 676   0.388554837151862753293237674290   0.665670993828860368905055210593
 677   0.144814738952032236707790780496   0.666065768829337806942443979582
 678  -0.098916695219161350911380698857   0.666422964705687447929662781204
 679  -0.342646616059025374809042353011   0.666777178744982898121634459813
 680   0.624936566787861010747627913312   0.671303515107839052051876550541
 681   0.692489146654893779105329706561   0.673797139541683778400274353772
 682  -0.600957593553366587507859174587   0.679762336641799825731323522753
 683   0.322964402564846771461197091233   0.682025323536778268550113533281
 684   0.079219047075154942347763182532   0.682398999272293128310824002997
 685  -0.164512692528983764962087276292   0.682754968742796009759875864041
 686  -0.408814089654842566418327376125   0.682942383770881899459259660402
 687   0.559376427895493321579246193364   0.687778872400546419930619513511
 688  -0.475436315677220901856711190015   0.696058395803338335677895573757
 689   0.257368710687966190839720992223   0.698358553979720392003105311951
 690   0.013622140441147127766041242222   0.698731880969079545777949832022
 691  -0.230108384463992400224930211148   0.699088199338766268965525194532
 692  -0.666079797006511449197057263197   0.699915357389122279207612627561
 693   0.191765298095505073245119887800   0.714699236787362017431304139510
 694  -0.051973551435733761777238676606   0.715065111412020428573771664737
 695  -0.295704687090676675772069132951   0.715418976761086431010882348648
 696   0.431384124595117016304894773561   0.717970337482600528041024984457
 697   0.498982486084636054933112817537   0.718145647040861694017924810898
 698  -0.549962483877639147717261084461   0.724136518309402868915117650818
 699   0.126164281799429073467569960157   0.731040607478678228774824819921
 700  -0.117569548668147439947263768959   0.731397115471353913134726965780
 701  -0.361547799821790034132863975087   0.731679524325671350913825106634
 702   0.622597236314145601008440147474   0.738861614122269992303455223840
 703  -0.613889207311792828148413986333   0.746112487923554937511626812187
 704   0.304679648770977370338860787362   0.747104021958047319666098059143
 705   0.060564978869040656231773814525   0.747372801291803611036472122942
 706  -0.183165545900561744082106373840   0.747729119530684883565371744530
 707  -0.427144625213639979277914640828   0.748008201798757119303629849871
 708   0.372183334411621376557166251595   0.750684752950180147798071928187
 709   0.557037097421777911840058427526   0.755336971414977360182198186810
 710  -0.493440495883849923915859361030   0.761215273449494279208895062688
 711   0.238715857238977909782448995103   0.763332704745386227920164299437
 712  -0.247969052504110443317633856028   0.766966446304244885533260975181
 713   0.465031482808896137781962099539   0.776599890565858283943933289210
 714  -0.000201594660824900339263835978   0.776987938381932457728907599128
 715   0.173114840942901910004899067460   0.779674075436702439263684979848
 716  -0.314212371468210563770118292798   0.780434627403762432801378257936
 717  -0.067715291050702618364477404921   0.780805257771786228068921499704
 718  -0.553974750066216342285758581212   0.791615929462293856305932434576
 719  -0.379808801904691528378530491639   0.796764891440232329109279382508
 720  -0.133311288283116296534502497275   0.797137261831119712629876800747
 721   0.405898923337334283323841172283   0.809355189676858762788946688774
 722   0.081309481352521142906181587731   0.811709686717053878311269013677
 723   0.285660489539800117167696059725   0.811971893756403965150854568370
 724   0.521927206395277584167196298186   0.813102573304130909545340065809
 725  -0.198907285515530600669345102156   0.813469265890450683060521579497
 726   0.220065400086374746542228174764   0.828307543394726649752545139776
 727  -0.496733765704822819832914218862   0.828733593803270686625588743626
 728   0.142686452987432288849203779787   0.840036997963203255072769657638
 729   0.346451564137863870796852071200   0.841535629290357656961801017147
 730  -0.430376002942853636451735478640   0.841626092813746674209972211208
 731  -0.259984193511779867195559315267   0.842437878544953327545826117434
 732   0.021694100130125266973289787769   0.843577782537440096380998957118
 733  -0.045893710935534620616774022818   0.844784847101401442300845121716
 734  -0.327446696121594276455460591719   0.846725063067421699606219748562
 735   0.463797304465127917394262000376   0.847605960255270798898091581115
 736  -0.140666409649404769783503592129   0.864334519209647261627521750590
 737   0.270865509022210708500250656046   0.877931561440474798234034779775
 738   0.403397178176983044043067532603   0.877960431983256099936296476090
 739  -0.205711738373156526210950329707   0.882737628205900667649133618795
 740  -0.381076231381609484964942627300   0.887876516957942916836195652650
 741   0.189637012130905125386532887090   0.888670465921227465561629817565
 742  -0.083742895965116415407367615224   0.900793849967953081131993299521
 743   0.118744272045234225783839192992   0.903253619046902091222490922439
 744   0.051155719267276978602092599211   0.904418412114445004119105940342
 745  -0.016403925782367069703589350071   0.906712659327588082484123348591
 746   0.331656583620274462129406667521   0.907495296974428490044981228552
 747  -0.315458772473418349956291992887   0.913252192090959253200077150342
 748  -0.250831678670680960413593314326   0.933074098056861998406491564589
 749   0.237298671528044456590941683719   0.936607251723156117893956328233
 750  -0.184976798114564925230572148310   0.948328733957092410281841273831
 751   0.165694831188707062321168300295   0.951887087004926301711351082367
 752  -0.118216481436460342485249117193   0.958941430435749445436393657384
 753   0.085958736042899768251713942910   0.962369419291409815056000404973
 754  -0.050877511253710996781470852040   0.964860239795384446788523706454
 755   0.016741595979045150612069842570   0.966053287136550929050417943126
