   1   0.125165798227830738726513835084  -0.894182650203725591079515547836
   2  -0.210870506316338374457177526498  -0.877930930391029913887584506782
   3   0.313479480348289931882826205838  -0.846734730817116312262614301939
   4  -0.393726583977921761902015600085  -0.812532132312590353522898745374
   5  -0.038164574842755994032109464896  -0.789127725709409375049765820171
   6   0.487291274753304273190044457990  -0.760115979650913561685088530082
   7  -0.558368459213593041457504270508  -0.709544750334188857266909238412
   8   0.138827089013866295383150842973  -0.700464512018518718473290019885
   9  -0.202761401074145016295703545650  -0.683901060680063614836708190211
  10   0.326627966977618088216332822574  -0.651025881738872708580780638493
  11   0.638560466550527368343211690061  -0.638333470476161959724180622798
  12  -0.385617478735728403740541619237  -0.618502262601624054472022428803
  13  -0.029509199704545593216606828531  -0.595121456715079260570681158799
  14  -0.697179627155871785569275350724  -0.573733088160485928475157802168
  15   0.477897158774841183369500054645  -0.529243372564121106619872731209
  16   0.143194743733458082569779670610  -0.506314385775618859186685503300
  17  -0.192770350892806912371716956441  -0.489958989833747474743026085055
  18  -0.525216272501924675991100147472  -0.483500319256698364316117692830
  19   0.652703608755843402999921304583  -0.444649915530359363492492680037
  20   0.317233850999154998395788419229  -0.420153274652080253515564839621
  21  -0.020066407454803236585330457300  -0.401151918894287073359030429556
  22  -0.357043842887375508298248595944  -0.386385017447853476576232412110
  23  -0.689341819953388795390039693358  -0.379692070058280974064820939434
  24   0.827768935149079624225797065395  -0.360593509333608396512452966955
  25   0.492040300980157218026209669167  -0.335559817618318510388184788448
  26   0.156387700216413987855669341196  -0.311085634140075152393693713187
  27  -0.184932543690323922192481299075  -0.295917971731542520332689222321
  28  -0.857532353223315898036870219318  -0.282608124700353387210442802477
  29  -0.521169390338839627697188141829  -0.282576768249436086324935658717
  30   0.666846750961159437656630919106  -0.250966360584556767260804737276
  31   0.331376993204471033052498033751  -0.226469719706277657283876896859
  32  -0.012228600252320246406094799934  -0.207110900792082118948693566822
  33  -0.349206035684892518119012938578  -0.192343999345648522165895549376
  34  -0.689359923608766730344018667789  -0.185492822891508499470557521760
  35   0.885730239389904645749279935065  -0.175245633331248864700901788845
  36   0.506183443185473252682919283689  -0.141876262672515914156496845687
  37   0.170713685428784848078786398335  -0.117379621794236804179569005271
  38  -0.175489751440581565561204927844  -0.101948433910750333121038493078
  39  -0.898129097263253859249701053188  -0.092699588027461068628581234061
  40  -0.521187493994217562651167116261  -0.088377521082663611730672241043
  41   0.725322469784094237353355209264  -0.065780134757621696566524300901
  42   0.345520135409787067709207648273  -0.032786164760475061052188954098
  43   0.006436971231932139531258323495  -0.013810760158274536542305100738
  44  -0.349224139340270453072991913009   0.001855247821123952428367868298
  45  -0.728851342112275323785129497327   0.004648639689550511720833763720
  46   0.902716738952811437722873809374   0.018209288447657790256835000392
  47   0.523828975401861228176826159711   0.051519660554122808868022772157
  48   0.186078545600188031676641865801   0.080864304772486368496432364260
  49  -0.177341662408285252042811038393   0.092241983859157211406864389581
  50  -0.897177452528224252710576532040   0.101497328271901974253763048299
  51  -0.513523465102320187473397155947   0.105670438424844962677697762168
  52   0.702717516266172497732942992321   0.127099008760634632847702588253
  53   0.363165667626175043203114524295   0.160609758466163661972330663746
  54  -0.004152756121761875726859867604   0.180099542823433863944910786745
  55  -0.686395332680272219405819646190   0.194150183722820036113379166357
  56  -0.341560110448373077895221952696   0.195903207328632526836737871509
  57   0.877942620651348253669360429109   0.210821829550953117619674054949
  58   0.537972117607177262833535774233   0.245203215499925405099710714919
  59   0.215705884192447338193866058626   0.286978109715840292911155237483
  60  -0.854721443096221148331266680902   0.290998872305171498646308450936
  61  -0.523333691742873053715975353652   0.299621739995998415630849762363
  62  -0.159444863521578956945195458761   0.314189700334150416839845090387
  63   0.717823978777852615184156617903   0.320709810934136120257293279447
  64   0.039799398377204582984782145619   0.369259676157026403804782950844
  65  -0.351370337088925944137800150400   0.389854508899785979789889871705
  66  -0.691659802158821982641422388365   0.396470428578349878163779046942
  67   0.371967109774628264426095743869   0.402285426515071599521571915658
  68   0.562891908143507119357918731146   0.437796964016093421361580154706
  69   0.201370256501678204485632305334   0.504203484120501303150220689463
  70  -0.195160081979683295269460234419   0.505230867511890114607996647687
  71  -0.504821186176635436938929307829   0.513161744904598919857893629939
  72   0.742803092620519116999793562472   0.513295874291583228633253856497
  73  -0.008114741805923233471530058164   0.557455274135287046592875480219
  74   0.436675615355739033299419135203   0.585386920865453353908206605150
  75  -0.683054696035594259212223693184   0.590478933743694404572282765284
  76  -0.348306077152894472166137372049   0.628179947005565114861588186771
  77   0.615860308629985717607153184046   0.660261440056548398300307248583
  78  -0.146865074726233304481359337805   0.693329087073566821673658057287
  79   0.278250155611027212518848570404   0.697702198688909853737076051789
  80  -0.540989373155373744502012775665   0.722882830826908003472529082068
  81   0.086298059411475700972517455311   0.727159637350165641906068746982
  82   0.454021208034446720309470321872   0.780425548137301950094876470989
  83  -0.373897317628947594877455756195   0.821845414199803263970765188775
  84   0.207784997722320834501378415403   0.878666309638023756613979153572
  85  -0.189508382219548920699059316692   0.882788571539016735607173189424
  86   0.003647408605809026489887470932   0.902893008823210782866761274010
