   1   0.002499347312000000000000000000  -0.967322142833000000000000000000
   2  -0.062762051961000000000000000000  -0.965315709606000000000000000000
   3   0.081888874229809396289001757039  -0.963886237772475719554835977362
   4  -0.128648141316851131241069025394  -0.958765937455812330194496191169
   5  -0.193020751963142216009444262405  -0.947901447318254551360964273997
   6   0.203072328980108242958781091593  -0.945803413132135947830846454322
   7   0.139151708836392819077564482731  -0.932535991837441166882982318069
   8   0.266401888912220972330427881114  -0.929952956161656500273448386356
   9   0.040087663892155293485815908961  -0.913741158635283420942956978124
  10  -0.024912071440227843526313749184  -0.907666246776809933981078084660
  11  -0.090174428900216014579763529200  -0.906024648125249549520021632479
  12   0.344285330150057812663832848605  -0.904018848549779316440354407844
  13  -0.345063960655734474921307073533  -0.903721931871956325575831545219
  14  -0.154412333350662248871068900543  -0.894390140005719165168849312628
  15  -0.219397959702963042982590574329  -0.888166112775121026237606302232
  16  -0.284186498029274591915394017301  -0.880146421452623752461823864040
  17   0.209944875734000000000000000000  -0.878501166498000000000000000000
  18  -0.405231894714303413993803111287  -0.878390333847122234392545600942
  19   0.406418927571968914982399431288  -0.877841741090644325085569641833
  20   0.289304788509385911713914453698  -0.868819272014451200246722773080
  21   0.142769484997272364693845720649  -0.867353311292546035895427348386
  22   0.077848559553536238140326989069  -0.860487192527411414818427829856
  23   0.012848824221153101128197330924  -0.854412280668937927856548936391
  24  -0.463554265540409528337454894374  -0.849058248878776650524286338900
  25   0.464701594163104849467802934827  -0.848430843069764960164839975668
  26  -0.052139970538238595335586848935  -0.848221424258897316681307779431
  27  -0.117009340772676039020454651546  -0.840884193667212198678480662599
  28   0.353646664747443805308307661705  -0.839410524303411011571655474824
  29  -0.181993116008722582116138240183  -0.834640868956846526336079762246
  30  -0.246786186346343560901766693895  -0.826638601151403378559219113786
  31  -0.315004411163000000000000000000  -0.822579580243000000000000000000
  32   0.245361987053255218179852166495  -0.820539873224127011348493746903
  33  -0.380106836408000000000000000000  -0.817408902316000000000000000000
  34  -0.519765453313326192715166134849  -0.815859265211712644401002722364
  35   0.180406226298888710718511400244  -0.814011527936875550120623871829
  36   0.115485300855152584164992668663  -0.807145409171740929043624353299
  37   0.413686641245000000000000000000  -0.803946591281000000000000000000
  38   0.050485565522769447152863010518  -0.801070497313267442081745459835
  39   0.548191153845341235443681612456  -0.797037593803150892031923237337
  40  -0.014502673428509396515728684388  -0.794873809054240540222975793449
  41  -0.079372695377185042057649648491  -0.787542342642504170731702901496
  42   0.483844965888529574364776088053  -0.786017691680412028809975824419
  43  -0.461424500743198139456933265173  -0.783809997949907778002212454755
  44  -0.144356470613231585153333237128  -0.781299017932138498389302001143
  45  -0.573609453254653872262820024354  -0.778944582256465915156400817288
  46   0.349576926658870859960143759481  -0.774254500949783166157677747609
  47  -0.209147353871498152546482711600  -0.773298293341093535666080136461
  48   0.284594340377000000000000000000  -0.767691044940000000000000000000
  49  -0.274151787451133966814360965210  -0.767273862881805760606924616439
  50  -0.339210275120983376704255638787  -0.761864303798097472370158134740
  51   0.219666411797780182964750513565  -0.760526478388821304965032264855
  52   0.600700950678346637363863601491  -0.758248531118876418616033696019
  53   0.154400165567799309962601340089  -0.754132024326550185492577287226
  54  -0.403884692183798561155099504183  -0.752971052145686039336408361908
  55  -0.516041033230812550853768172002  -0.748048223295992207685853400830
  56   0.089479240124063183409082608509  -0.747265905561415564415577768696
  57   0.024479404746287550101019786948  -0.741191037153410848333823612262
  58  -0.624841041560746744726423379915  -0.738482321976013383360778765046
  59  -0.040503207388072932588714986576  -0.734935618097636542600454574362
  60   0.526216150582000000000000000000  -0.734529517334000000000000000000
  61   0.453078759917426192620795163908  -0.728438956738493400604586343241
  62  -0.105426270317636129314957429344  -0.727683497179278122310858864326
  63   0.388155997437269864817371159816  -0.721590229899636098203188307285
  64  -0.170333836420771614041363314511  -0.720692216185413265501446254711
  65   0.650474952025512928082299798321  -0.716006147932550782154396080962
  66   0.323032447507106507120355365783  -0.714611724573011216144172019892
  67  -0.235279670903940310240681363754  -0.713473782027719549567285774228
  68   0.258109685026950179316931361691  -0.707762997734153913742773983936
  69  -0.300291860502145840099018744603  -0.707452740121898943821043566118
  70   0.193147714512651612661352116684  -0.700872234267654258288035813943
  71  -0.562848095970036710819822465023  -0.700422682581676243299097271118
  72  -0.365175218004000000000000000000  -0.700201779207000000000000000000
  73   0.578496072234000000000000000000  -0.694973101464000000000000000000
  74   0.128185391617255768374182390000  -0.694343599242007422366752862227
  75  -0.430118295327446846810075264432  -0.693190886426029111150209112861
  76   0.063264466173519641820663658419  -0.687477480476872801289753343697
  77  -0.495030037091000000000000000000  -0.686233632032000000000000000000
  78  -0.001735269118397085960402291557  -0.681402568185420884912757182469
  79  -0.687028939523470968361174962678  -0.681009326916348489139091522907
  80   0.494212340487000000000000000000  -0.677619246334000000000000000000
  81  -0.066714912768125198638057663711  -0.675116388222802290391439318579
  82  -0.622208413258638150519202319108  -0.673252425336581128510707266484
  83   0.426548550103378746104274377574  -0.668789831727386162170830497674
  84  -0.131595891777709396360165071837  -0.667875294898950791935544328771
  85   0.361611518285505511977582766118  -0.661947453522864148189682579568
  86  -0.196501683746401897374667226776  -0.660867562292401752975461508987
  87   0.296502237693059060603834579449  -0.654962599561903977710416174324
  88  -0.261383936190423133949534631721  -0.653637025086680320347038191456
  89   0.656466512142539955505098642197  -0.650998676402486411962534478767
  90   0.231580915294185963128451913116  -0.648100235147967859839125888541
  91  -0.326388370303806190068987816432  -0.647612600386601501621877504575
  92   0.721421597169359413659837406945  -0.644463611251569155394285719342
  93   0.166663314272059227935797532335  -0.641202755543065180574714077988
  94  -0.391266042300530162075543209644  -0.640349142280879634549000149208
  95   0.101707888711864685764467054415  -0.634671059600535103567865221728
  96  -0.456170770305511523183871808153  -0.633331562215966461174030460231
  97  -0.731396773201620821352308217648  -0.633120231267379398991770285111
  98   0.594778411913851682324522656917  -0.629634022472609888629213496537
  99   0.036786963268128559210948322835  -0.627804940835400482490865703198
 100  -0.521081776021106312840152127652  -0.626372288952320385356557171003
 101   0.529842023171123391613791917899  -0.622915721763252717089899878760
 102  -0.028212772023788168570117627141  -0.621730028543948566113869541969
 103  -0.585943595403722070663663672051  -0.618968605156735288457329986350
 104  -0.662226731862000000000000000000  -0.618719181348000000000000000000
 105   0.464928470022015476324148678621  -0.615980250263345850030107804491
 106  -0.093158966331881227124904872634  -0.615107189857743129217233420668
 107   0.400004070951614393264485983876  -0.609147055350614212157324769956
 108  -0.158063570538289625417615576080  -0.608088464889662971943153425729
 109   0.335081308471458065461061979784  -0.602298328511756909755926734000
 110  -0.222946208843788198569428273357  -0.600869504169037890283564303433
 111   0.270043779176340786644099498050  -0.595281613307593662497025880259
 112  -0.287863086126510764266812625733  -0.593965216281933425884398415888
 113   0.764266568208000000000000000000  -0.593019987191000000000000000000
 114   0.205114910857526576574673361157  -0.588422594808165514221915545080
 115  -0.352832062009469890226362792279  -0.587569724112635271417060228823
 116   0.698419725774168509761671894582  -0.583367096950938411355084311154
 117   0.140159548699924090395677686675  -0.581541875916081949514566191995
 118  -0.417737708385283781252958424189  -0.580560643152489664186837935315
 119   0.633346145021000000000000000000  -0.576747068412000000000000000000
 120   0.075204023959377993144870757567  -0.575010224033557229887616141472
 121  -0.482647464341617965877324915108  -0.573589722907843524533530493991
 122   0.568348925992443204680406380330  -0.569940200168303141985117945162
 123  -0.740626261885384162573489546819  -0.568492940700588940501167177840
 124   0.010283098515641866591352025987  -0.568144105268422608810616622942
 125  -0.547510588141073888488468568968  -0.566197475729580798696710481418
 126   0.503393050807219304568094782268  -0.563146237395226993387590331581
 127  -0.054716636776274861189713923989  -0.562069192976970692433620461714
 128  -0.612428101757525893949732326830  -0.559299173530789634006519919531
 129   0.438470107884858595123244020035  -0.556299221281037395630455908052
 130  -0.119648053954574479779580323198  -0.555303011588203779447841249381
 131  -0.677349162506837366065337754207  -0.552434334235344480397742550636
 132   0.373545708814457512063581325290  -0.549466026368305757757672873517
 133  -0.184530873437368215945122238530  -0.548085679440430606243134620999
 134  -0.800670958372124972528669672119  -0.542870595546734377919508569757
 135   0.308622849954739791501326898385  -0.542617342257446594542536439935
 136  -0.249447750720090781642506590907  -0.541181391553326141843968733454
 137   0.804618985023738214129310823241  -0.537001635033984304829485099358
 138   0.243518690103765513340323249856  -0.535630211001696222833568564276
 139  -0.314367551547179933785630437687  -0.534304647560770275903529310626
 140   0.739483440582112106387524620328  -0.532616318892469668884442243256
 141   0.178591756529837878156322780775  -0.528770332220081842921785796455
 142  -0.379323294759304720007866290671  -0.527776127733996115472944451436
 143   0.671659201421781177727514294798  -0.523820942719507452235991087239
 144   0.113645128960276930080759673638  -0.521885730438537998781161417708
 145  -0.444230049124449894023320218608  -0.520777314609559483343776838487
 146   0.606721840471534254528371917088  -0.517112045627926409810593653693
 147   0.048689714944504053839984870539  -0.515353936090304495062295874155
 148  -0.509095531687245425166508142911  -0.513405793785214791347085958795
 149   0.541795050407058821859938406978  -0.510301606633881107001326737012
 150  -0.016230193278604248896300981050  -0.508478206043882258660366494906
 151  -0.574013799908491805755809392142  -0.506514596608933238519761010311
 152   0.476869453511215554041577248423  -0.503479802247463567664770385462
 153  -0.081230830030310036867098026129  -0.502412946837477854442394797875
 154  -0.638933735375350296352895308143  -0.499639123799954381915431324296
 155   0.411944922418440244114166676120  -0.496647861838521860945922040104
 156  -0.146124652167066121299776206944  -0.495295222773484889114154891498
 157  -0.703854796124661768468500735521  -0.492774284504509228306653955401
 158   0.347020523348039161054503981375  -0.489814666925790223073139005568
 159  -0.211041529449788686997160559320  -0.488390934886380424714989003953
 160  -0.835560302124886022672572733959  -0.487464304952447087768338701308
 161  -0.768775856873973240584106162898  -0.485909445209064074697876586505
 162   0.282097760882164518197550650191  -0.482965939951549154879079123952
 163  -0.275961330276877839140284406101  -0.481514190893824558774549581124
 164   0.840250890159641634929515409507  -0.479333817579912661379360518765
 165   0.774985202890053808059838070070  -0.477830417235214009055359356701
 166   0.216995407286965465489762602103  -0.475978005543824693491449671352
 167  -0.340879656899106597842718303814  -0.474623543904048971738773568323
 168   0.710057965676693530858185244031  -0.471024242449908907868250669519
 169   0.152074459895784262623291983568  -0.469112094300620254581321119572
 170  -0.405824395451280038225672947825  -0.467986445007850767813675654113
 171   0.645135918604981129876953647045  -0.464168737261635922893872194315
 172   0.087156484882517338633678908632  -0.462218135528990569651555054558
 173  -0.470689846586634517125623363247  -0.460614647643908993096420107933
 174   0.580198557654734206677811269336  -0.457459840170054880468474760769
 175   0.022201070866744462392904105533  -0.455686341180757065932689511005
 176  -0.535608144311082899232398926121  -0.453723728407119276672053886942
 177   0.515271767590258774009377759225  -0.450649401176009577659207844089
 178  -0.042718833699974066403866351561  -0.448810576611181020298069398515
 179  -0.600528079777941389829484842122  -0.446848255598140420067724200928
 180   0.450346170694415506191016600670  -0.443827596789592038322651492538
 181  -0.107698015537614963080155081787  -0.442519624769140105709896257969
 182  -0.665449140527252861945090269499  -0.439983416302695266458946832032
 183   0.385421639601640196263606028368  -0.436995656380650331603803147180
 184  -0.172614892820337528777539434164  -0.435615336882035641310730370424
 185  -0.730370201276564334060695696877  -0.433118577007250112850169463137
 186  -0.803473628359177239988308465616  -0.430610848469828070829346364421
 187   0.320497240531239113203943333623  -0.430162461467918693731020112645
 188  -0.237532500713883417654805338011  -0.428717921949765214631744325279
 189  -0.868582980654730276172418311873  -0.425847475989640674607680966009
 190   0.255574478065364470346990002438  -0.423313734493677625536960231028
 191  -0.302453018246335789049295773947  -0.421847947372911031457489990149
 192   0.748640739452521049374799701949  -0.418099023533437903436834732363
 193   0.190622225868409209796240561287  -0.416259286123261114238874544414
 194   0.829202937529739408392251188368  -0.414992439835450932837850262113
 195  -0.367369644816197498784166741476  -0.414941302590007884036137153746
 196   0.683713529918820299243794183144  -0.411292584704285247707075388013
 197   0.125700165866593705603631202863  -0.409393866247287310033313264723
 198  -0.432264518909446666657227283143  -0.407833175988053150553885017572
 199   0.618791454898561522218145962252  -0.404437343678452057733891478331
 200   0.060768006861827841267037555609  -0.402506173786642279410465164910
 201  -0.497183301324015693918539339488  -0.400946824473795272289425836167
 202   0.553854093992356137228732279258  -0.397728446160580205856905867694
 203  -0.004213198941759439386240286717  -0.395985784249924018616855905059
 204  -0.562101862356898745702344057368  -0.394058386277228742375837334586
 205   0.488927303883132616019659650883  -0.390918007593137335725023870213
 206  -0.069133103508477968183010743811  -0.389110019680347972982235792568
 207  -0.627021797823757236299429973369  -0.387182913468249885771507648572
 208   0.887327246467423093189138042276  -0.385269807753403033027450268182
 209   0.424001706987289348201298492327  -0.384096203206719796388467518662
 210  -0.134113868185370556898327674906  -0.382819768184219046640593083002
 211  -0.691942858573068708415035400746  -0.380318074172804732162730279676
 212  -0.765067972761768333464897999595  -0.377819980268014108981639241053
 213   0.359077175894514038273887920025  -0.377264262797778089669619173305
 214  -0.199037967058091932610365601777  -0.375918676211658122403129905447
 215  -0.831903133470340063132679419625  -0.371843226546676837457858741880
 216   0.294152776824112955214225225280  -0.370431067885046451796836138769
 217  -0.263963444711835178162789006084  -0.369024745231272368442226406348
 218   0.787034606861511770889572617791  -0.365155685968218658606531245695
 219   0.229230014358238312357271894095  -0.363582340910805383602776257152
 220  -0.328885131987335977321894349651  -0.362155288606937911282523367840
 221  -0.897041910831656183862705129227  -0.362074960886960721178791249130
 222   0.722096269880562485089929813478  -0.358456242893100178910763064504
 223   0.164331878807959079360567908305  -0.356504053726347455009982215329
 224  -0.393796073779000000000000000000  -0.355072261740000000000000000000
 225   0.657171374817198252438020263299  -0.351627762214411745593168785149
 226   0.099410931209657047660246765365  -0.349638144441584058407841459527
 227  -0.458715329748000000000000000000  -0.348143640666000000000000000000
 228   0.592246975746797169378357568554  -0.344794567301680107720385750614
 229   0.034492953061380388548185832250  -0.342744215191297778889591828293
 230  -0.523639191978624177767641027004  -0.341260344290743190818420450607
 231   0.527309614840591784388943885561  -0.338085669783808255843400139977
 232  -0.030462468506542354374803380838  -0.336212495945837552614270460648
 233  -0.588563552731000000000000000000  -0.334377172303000000000000000000
 234   0.845137181476000000000000000000  -0.332092192461000000000000000000
 235   0.462382824731368263179871257185  -0.331275231216365385711518142495
 236  -0.095379674324250674386182256885  -0.329311297775275023052836105810
 237  -0.653491502830360273387408811196  -0.327506880149463284615504056350
 238  -0.725925055613617740351741893680  -0.324576882656428091563844404036
 239   0.911292102578176542764063752263  -0.324544559141652075446862094518
 240   0.397457227835524995361510098630  -0.324453426829947846374961790945
 241  -0.160361303346156203504848774044  -0.323045674340410490650161772828
 242  -0.791182360865653778407171665279  -0.317987640506579700323883295032
 243   0.332532696742749685434099526327  -0.317621486421006139656113445587
 244  -0.225278183457980653435804352819  -0.316141413053705753886614654070
 245  -0.856113135533101060068725889903  -0.311215296122744446496047136406
 246   0.267609934276875042577146195143  -0.310772759446765071462053563970
 247  -0.290194677526651658805782905581  -0.309233522985075482653178398666
 248   0.760442988858662988890708882978  -0.305533911427715026353277155339
 249   0.202711798726595809580442209352  -0.303694472262307142869259522147
 250  -0.355116306238892219776261505086  -0.302374057064316013254501705888
 251   0.695509481567741550668775587863  -0.298787817871594493334951640687
 252  -0.920172734384000000000000000000  -0.298421904818000000000000000000
 253   0.137790851128293777880121066412  -0.296828562977543746267118766344
 254  -0.420008780290031929178233921134  -0.295244052934566997029862290923
 255   0.630585082497340467609112893118  -0.291954622958862855462168606151
 256   0.072872872980017118768060133297  -0.289934633727257466748869135111
 257  -0.484914712418730544935741760978  -0.288237618615111248930437342278
 258   0.565560006153946384545743448190  -0.285182194361646003528489785030
 259   0.007948575471925109272074554103  -0.283100473906998926699850132330
 260  -0.549845807039628116785963884758  -0.281468342531206488852342632850
 261   0.500621835539390555233775658043  -0.278363529299000897205717743229
 262  -0.057000048277029209199668128122  -0.276501502738335917299628422100
 263  -0.614760848157669874755087176937  -0.274546812063815160249293531838
 264   0.435688130587039067236321034521  -0.271535866208048878094770557952
 265   0.866246893816708081294274904152  -0.270298505803688460268695531004
 266  -0.121920955750058385420987994340  -0.269635214057653825921498195533
 267  -0.679675590291973065951082303902  -0.267622478088261950141918356414
 268   0.370743729267582462811069089805  -0.264689576000596692877397177823
 269  -0.186898888832722143775353282763  -0.263331377156769631591747105724
 270   0.931106625952318133475205673920  -0.262341224738875281012824410160
 271  -0.744721030809114199440826047304  -0.262058233728141418289281942981
 272   0.305820966801707819954115758620  -0.257840849026355624683337296206
 273  -0.251797100807447613868325718645  -0.256253790714225948052954172115
 274   0.802616685832528107437854974567  -0.255701698643967617324155651496
 275  -0.809660982156141886668248542233  -0.255374457369393661275640863524
 276   0.240922831251428586957411772830  -0.250762561841897696090543254383
 277  -0.316736475199946192380558626548  -0.249564411006138027643337963291
 278  -0.874591756823589168329802766857  -0.248602112985558407447804704899
 279   0.733818517542575188183252585595  -0.245926793382402262711239337083
 280   0.176001833501474027949921823815  -0.243896616353179110317066434798
 281  -0.381628427338545270482802120644  -0.242429658381845781857143738473
 282   0.668894118472174105123589890850  -0.239093598469670624838456302548
 283   0.111083788311861314821113385901  -0.237002638706564049596598835845
 284  -0.446528613109252181099944770359  -0.235370194216924282616877140520
 285  -0.938413523449033098455978654417  -0.234867039189781048981356942413
 286   0.603926416565288921621445657638  -0.232362797360955948989441156138
 287   0.046159490803769305325127806706  -0.230168478886305509547579833063
 288  -0.511459068285709305492950773017  -0.228594787369644130283870407734
 289   0.538990173792140736519593442201  -0.225545532677672805412218501341
 290  -0.018814762924010341175706281418  -0.223521358228287063058853983060
 291  -0.576378264795250072857477554438  -0.221712340717202253085906617748
 292   0.474056570063385357557582657215  -0.218717943118267790402492312734
 293  -0.083738579268328780544436659668  -0.216682628912303835041640293346
 294  -0.641295658015455087186686175310  -0.214812905605444291619798093593
 295   0.409118307286921734161647260731  -0.211876112667789954855602630493
 296  -0.148709400040256030031886988573  -0.210065854346795343732896276675
 297  -0.706217029789796778223275007984  -0.207951008323657821627645737712
 298   0.847072995639078922400052238784  -0.207894725661440765068485665284
 299   0.344195500975745115404168120142  -0.205027353835318303024741625860
 300  -0.213626284569152636952966668957  -0.203161634591458545680016347756
 301  -0.771264895193974517639857732706  -0.202415183748397571225757812142
 302   0.917971020527654138510838626888  -0.198393386483812925990505099854
 303   0.279297365425465882407464134352  -0.197949066650860374431947584037
 304  -0.278543353707667602778480616746  -0.196259150847664117370373506372
 305   0.775992220012431440256431080901  -0.196094585249989354171892997162
 306  -0.836204846541002204867280227635  -0.195731407389649814212116732685
 307   0.214376417803936161307402296102  -0.191083157585727556708147624922
 308  -0.343458081231751985334584281588  -0.189334679904555175244067368414
 309   0.707273622130313072701783954642  -0.186283714486433394477569963968
 310   0.149458439624468085217748098367  -0.184189228629161113276585781601
 311  -0.408371531194914971885667667317  -0.182398242688807178995946394920
 312  -0.900038910802961123854739560570  -0.182053601016982533116753195954
 313   0.642294512734832065847611846935  -0.179475387141368942710243961756
 314   0.084533699012190251571655880667  -0.177354746848654193562405953928
 315  -0.473294053179415391608217638379  -0.175547236445915684071975960654
 316   0.577361000243931522329717726123  -0.172729343637051642012265722418
 317   0.019604578852923216551951132435  -0.170530346800777460826061167293
 318  -0.538216499391943434487026136410  -0.168695512199459049668987319321
 319   0.512435425577776943162640776836  -0.165907327685907489182294109878
 320  -0.045337675886133484633240826802  -0.163868988322543010596768987388
 321  -0.603138752992388162512547846254  -0.161841963132908194153505014664
 322   0.447510860045864665286171625940  -0.159075714563042088458385913433
 323  -0.110261492230451924001971205051  -0.157030259006559782579555297674
 324  -0.668060124766729853549136678929  -0.154980065851121724161352658783
 325   0.382588097577749819675995407920  -0.152226987610037105743846775991
 326  -0.175199247078214240469216369525  -0.150325175658830216799486742097
 327   0.875267835422111612436557519489  -0.149014158774078040845602625849
 328  -0.733686338088167423644761329376  -0.148422432435365849595989455497
 329  -0.955922477202888030693410482383  -0.148306050679320408113175322013
 330   0.956341855636951431708957095224  -0.145577203732849214036846475229
 331   0.317689962027470586679291422129  -0.145148700425579177151052734168
 332  -0.240117080827319743461326115153  -0.143429886782243746483293282549
 333  -0.798737593953708782997991401058  -0.141315344921962516096475535158
 334   0.810517918446869554317960562543  -0.140688391598175335032174852669
 335   0.252769014405940865579229583880  -0.138282791360446359427252775053
 336  -0.305032196249575267634686132659  -0.136509053228160715815594571760
 337   0.745636162313566528796551452129  -0.133461506485855243318629591746
 338   0.187851036226472789489575386145  -0.131388862403879915995690931732
 339  -0.369947016963177039281730401560  -0.129585455963081172733938540644
 340   0.680672013602257982719655358174  -0.126664047691031181443386612537
 341   0.122928279445255051859763699223  -0.124540081541936323487011221508
 342  -0.434869516221293117164438063653  -0.122734234360476578014877646204
 343  -0.875846858813985782686390745195  -0.121418505833328431808753072950
 344   0.615669962124017940093536963254  -0.119868265450562064222559239620
 345   0.058004039258848333852394911541  -0.117705377189453362978516763613
 346  -0.499792100323369358277783929333  -0.115883816790947267366958665533
 347   0.550744154964993133517913646032  -0.113046081010246147919586116073
 348  -0.006921098681421213332804971730  -0.110879206168665037145296601422
 349  -0.564714546535897401156592427364  -0.109032092544490632963970024199
 350   0.485819451169453476686508502647  -0.106214367687524708365117917901
 351  -0.071863353420477914517996930966  -0.104217847690430586916004421517
 352  -0.629636800136342129182114137208  -0.102178543477939777448487719543
 353   0.420896688701338631076332284627  -0.099365640734519725650578780459
 354  -0.136787169764796353886727309216  -0.097379118374447358898790731803
 355   0.913638670531408905634675987825  -0.096197976023114328891944001224
 356  -0.694558171910683820218702969883  -0.095316646196153307456335363662
 357   0.355998553151059398079628298837  -0.092287353550061797057784738637
 358  -0.201714297508512088280079103340  -0.090571899388745699877148403760
 359  -0.759479121070188916682528384609  -0.088450751673439383379750169687
 360   0.848888753556166847516079030879  -0.087872208847211623078516228043
 361   0.291075842686099235203108147613  -0.085420166998024306858007176014
 362  -0.266634106334691037272442909386  -0.083695230911899052644129315673
 363  -0.963748538830843223176553830464  -0.083493838043401814004121912989
 364  -0.824366374826172498210727993453  -0.081273395100530862637049928063
 365   0.784006997422863821994669920466  -0.080645323734891531364970967121
 366   0.226145706571907725978415926978  -0.078517429942648599019125699272
 367  -0.331550140460039329552099432424  -0.076783019919409418605843637783
 368   0.719036557315461285409610572424  -0.073843294827731405318004994897
 369   0.161221145761543131349656095351  -0.071667342473008105498542515200
 370  -0.396472882319760112907288301344  -0.069934097611181844983343067777
 371   0.654047501646827841697203712896  -0.067056954090747843981771870219
 372   0.096296783042142430779772788406  -0.064832549376718872858721098622
 373  -0.461395414634510017323276597823  -0.063083189262040617979514936201
 374  -0.902212076627025524163657466817  -0.061696270133054698118824461140
 375   0.589115210447145346735719778780  -0.060230058360356321723060079379
 376   0.031371633019723502895626210152  -0.058006369605527770171997950401
 377   0.965689771735232152576227727375  -0.056795526723135162656122612249
 378  -0.526317998694892840301703844079  -0.056232771297375632906131727959
 379   0.524190633134352359802552300498  -0.053398436928096665868964403733
 380  -0.033598703650317601784934522983  -0.051216960911776203005041611338
 381  -0.591240431519234531715567273364  -0.049380920194431329755359213107
 382   0.459267870666237514192376082478  -0.046549709975091683154425266291
 383  -0.098532991159141704917430350004  -0.044478381455433152305587609880
 384  -0.656161803293576222752156106038  -0.042519022912644859763206857226
 385   0.394369735115958281195672096687  -0.039471422790633754561631224468
 386  -0.163471443286164931243948119972  -0.037662975299359958738735371081
 387  -0.721082752453081319215981520765  -0.035653128389930935686621663252
 388   0.887219836881247050126578109789  -0.035027169359159038288452124978
 389   0.329444852927946586973569554095  -0.032602658533225519279474421827
 390  -0.228391264316307844311531467147  -0.030786298001424818943332849793
 391  -0.785970006209064900744181129609  -0.028475771817022414943921421628
 392   0.822338080747944024605168999375  -0.027800284246838946574906864055
 393   0.264518147371491898486797962372  -0.025702413759270537444191921306
 394  -0.293307298441656136591187990186  -0.023874087008935184905047171902
 395  -0.850866145727269235349204175516  -0.021379207648226628744589967359
 396   0.757407392424758578607729040761  -0.021027112076767693364346370272
 397   0.199595276764051677860081846137  -0.018853554337991782192793035156
 398  -0.967185363353313505019535919500  -0.018301366203703746965382296035
 399  -0.358230078787711445299300054186  -0.017025136882613338090576128173
 400   0.692412046053483398156799050261  -0.014236201731113355227307527572
 401   0.134670996884479869871470452322  -0.012018821432645125305273501852
 402  -0.423152611102461349715288350666  -0.010174228533472111086747996597
 403   0.627478859293771796741950488574  -0.007408655552963790239710254645
 404   0.069743878562250449310927204800  -0.005191211559829379532399442211
 405  -0.488075309539171518399502781750  -0.003323727897339062582531742581
 406   0.562553528325140090064113891215  -0.000576486756328923843666860217
 407   0.004788194250438270717612107500   0.001619052242604603562584892310
 408   0.940095786491011094979032694894   0.003261263623058608315720226982
 409  -0.553005942041026862412084271180   0.003534048970341936530061314847
 410   0.497630765857025244453937673195   0.006272240196676058870872277225
 411  -0.060138173361394346305926875599   0.008433907771807024787262116438
 412  -0.617930465617997742136081947004   0.010398223490621173870551134653
 413  -0.908767798807320041852620747777   0.010840670442398496584946096646
 414   0.432732630306746011457233687405   0.013350527381133987463666319048
 415  -0.125070500817480758833293440113   0.015191967229431665836231840954
 416  -0.682877014062181467776205416449   0.017282603411699990522433739299
 417   0.367811516886046913257355653586   0.020216554297848401969061442043
 418  -0.189990733762539606234956347878   0.022065249599716968728208162572
 419  -0.747764267818165049304405025293   0.024459959984608511265133980923
 420   0.302892365422269133434310402744   0.027111311126969792812099924417
 421   0.870793277171428020076648400633   0.028155409596339673592051829806
 422  -0.254912250136279518651534065594   0.028925982172775974397934011085
 423   0.797278102796522095380311544468   0.032481285510777064943877977475
 424  -0.815286319240024182947749770809   0.033356028667200145424837340604
 425   0.237969477890729526739606954146   0.033960182845219888990036061418
 426  -0.319834853334355562498691259897   0.035776218763817542068905769425
 427   0.730782881162780691354917518597   0.038579981019850356726351097053
 428   0.173045321083757821729405002385   0.040796311948053211618618621737
 429  -0.384757590220522770628813057647   0.042625188217507809361003631948
 430   0.665857307614875992548423684756   0.045402007613443804106562616665
 431  -0.966217298307948720856585719908   0.046974456253282740495623096772
 432   0.108120038032332620278112626151   0.047621102645239319209351055300
 433  -0.449680122535272675044801354127   0.049476096566649036364831763525
 434   0.600932740829236721750996332974   0.052233608821443621105812785480
 435   0.043185624405199548707947857004   0.054445540880979345303600171073
 436  -0.514602690599741262211485394312   0.056326666125636236498633316811
 437   0.536009978361121876140820114954   0.059082335774448603820351922922
 438  -0.021740069662181953753845641291   0.061269060585451857475166781977
 439  -0.579524063909135091186084665447   0.063188548884063773858096916689
 440   0.965272477609850537570483272715   0.063494181298318451988098036501
 441   0.471111842810842643144116129164   0.066160622958906532413145964745
 442  -0.086666493081000000000000000000   0.068085600498000000000000000000
 443  -0.644445027628334449286514162202   0.070054305735167605608507917282
 444   0.406190894929870873662766838569   0.073026529570871602549073459369
 445  -0.151591829480928039197719482659   0.074911489867029742496583500105
 446  -0.905615462703880868226476656094   0.076047517663062619734616706000
 447  -0.709332281384318030814713771046   0.077231662308076126351208158906
 448   0.341272914302949219373318125407   0.079920435480492311303863386195
 449  -0.216516246693061139030509248264   0.081745136321143042891542966283
 450  -0.774249909414314780529964629672   0.084128887715952751266663112012
 451   0.837202336903801314879520031922   0.084133252349564929416976916229
 452   0.902852120104000000000000000000   0.086279876795000000000000000000
 453   0.276350157113109676913159489806   0.086769212468919993343924923623
 454  -0.281440721724159781191288339803   0.088578232879495447563848657267
 455   0.769153901088433495583651117989   0.091396029501663477128417477647
 456  -0.842492074440535213967968100799   0.092700085078419167726775957081
 457   0.211426251027870059296280221834   0.093607089771348335669952738244
 458  -0.346363594616528192806446755923   0.095426535559453320636650581377
 459   0.704227969253975916586650693712   0.098218316389671096276483172635
 460   0.146501852502187999165414124089   0.100440289859629937507146970957
 461  -0.411286336485115698621297374620   0.102275597891025672122408597724
 462   0.639303366572280400583873264026   0.105049943675874331441335143532
 463   0.081576486551850974658649415577   0.107264291880650760219540928590
 464  -0.476208924319875088165427021570   0.109126181826209567426657200215
 465   0.574380594795904618025663955216   0.111898677391251817433848081844
 466  -0.960848752590686386436897371951   0.112036341134138619381861917862
 467   0.016651622291788603110266454108   0.114093065429433460778507388820
 468  -0.541130335449659383171639795804   0.115988092086141986827611660910
 469   0.509482459245625385028959969426   0.118976964575709746026642123666
 470  -0.048273786469155482316422457004   0.120916660126688240740963643199
 471  -0.606051302904554548379272792002   0.122853851653695072865713102069
 472   0.444561315962891182352277350781   0.125843013144816879555109539046
 473  -0.113199660487666266588081222943   0.127735826520063963275270641103
 474   0.958791870751287779055284158928   0.128454722260604379435215537754
 475  -0.670938556683731390071457384804   0.130031208243468807698434498097
 476   0.379642788086278325326769937107   0.132737316619191445167511527745
 477  -0.178124377405055223168939878061   0.134566000790533698337813145666
 478  -0.735856286330506547549952186353   0.136928507542865768014048924664
 479   0.314719863231163785917409350907   0.139586215410986288054101297644
 480  -0.887716946573785900141645304256   0.139780665872406874057815212501
 481  -0.243049149240830729014513984043   0.141395653010125132767301750848
 482   0.809078458522003066151267298107   0.143047746424740519206140886199
 483  -0.801456117447897289451839116456   0.143473310119442996511655012511
 484   0.249793941101000000000000000000   0.146426222402000000000000000000
 485  -0.307973526442914706453800234591   0.148229055697629860787075121972
 486   0.742599162648291779888632766910   0.151034238845537463652712809173
 487   0.895865692552000000000000000000   0.151349799551000000000000000000
 488   0.184868301531607684825805786303   0.153259707479169731866385529309
 489  -0.372896283214250291153900048599   0.155077836653250944169925792186
 490   0.677674595862594892122036463906   0.157865840052989714034847383750
 491   0.119937456036649112188863980410   0.160087661407468903499539300225
 492  -0.437818853562378154980522632135   0.161928384570057833902894439583
 493   0.612751833394463878003666912128   0.164714567005841426773212207625
 494   0.055009976407318167036546295339   0.166918385129921884868661951494
 495  -0.502740226871378874551234000211   0.168790267332204642379734939514
 496   0.547853697844184645006962926337   0.171792854190299355366006249448
 497  -0.009917041330883513937407156938   0.173743111160609000675177159949
 498  -0.567661190590539824210911715416   0.175656024183671655210188098823
 499  -0.951104176376147037143638795115   0.176587974589591259227967883458
 500   0.482932691092143038153059230437   0.178658803568309650386219357612
 501  -0.074843331487221333364611366040   0.180565620727015111584688431474
 502  -0.632548444346523157399994472337   0.182833380756582421075187757574
 503   0.418014626033977261688644426461   0.185552770795820565904049208026
 504  -0.139767862767163629340658924725   0.187398180976254189101382276978
 505  -0.697466072375501225030266423310   0.189730606174047020968447248602
 506   0.353091683937124365998345147418   0.192401682114194482311736488517
 507   0.947944601131664798041189168238   0.192830236931690954469803020459
 508  -0.204692948229013067966273841356   0.194225440447365260163848483357
 509  -0.762389137965869980329709680648   0.196576459058586321173953232076
 510   0.845889569122073827358561260770   0.196962607861615571208594113481
 511   0.288168807011475452019037500313   0.199249341249523411633504046471
 512  -0.269617340175078299913809928474   0.201058840776016411553728226942
 513  -0.827312710011422722111386791105   0.203417507239530607615119458012
 514   0.780970874270893408525102988212   0.203849784800492597887980578263
 515  -0.892563088124275102708388736962   0.205481072963677419768580926768
 516   0.223243331666367688397408239609   0.206072923025576384549566606826
 517  -0.334540348200003056137836672928   0.207905239563965756401133847731
 518   0.716046307485196520758506685208   0.210681386007944848270115152840
 519   0.158313124287718629984107261537   0.212900379098701338885962016903
 520  -0.399462957602637107213724687119   0.214755417351519248504270036909
 521   0.651123545017065506640137133430   0.217530112960796561008479976716
 522   0.093384196325578822826888973471   0.219735079065577295074243840733
 523  -0.464384331599870627540732451388   0.221617300613368272878993038484
 524   0.586225409466786273643433147639   0.224608400145254489601274018538
 525   0.028454978030000000000000000000   0.226560385560000000000000000000
 526  -0.529305297100320197084798349448   0.228483077279952293317565759316
 527   0.521304461585304370863158793763   0.231474306752395966991865996761
 528  -0.036471804095438640813167533081   0.233381381240766861970256711853
 529   0.898562402926980810625834383297   0.235529986905682419569183824860
 530  -0.594192552752739701345119373440   0.235660416708015567572844520774
 531   0.456386480956055865727796884102   0.238368212640105373161471724754
 532  -0.101398293890808262976502310508   0.240215907992016567366574855384
 533  -0.659110184268440818898597569942   0.242557644657069525617121549760
 534   0.391463723765185320104408201510   0.245216989618759694470160046730
 535  -0.166323435875986931086117795828   0.247042663961172442278488539663
 536  -0.724033241535147461286603348584   0.249403576479108684010963414716
 537   0.326541631818380112474571501586   0.252072069823881218779462055794
 538  -0.231257259195579679990576811636   0.253882992898357774159247233633
 539  -0.788956821898785208037458135582   0.256244545718503766808117433700
 540   0.819394691885909469097244555625   0.256627435252706364932968886973
 541  -0.932577622079548555966052835703   0.257063116541945491358231008823
 542   0.261618426168463856348175368000   0.258916594314798062100643692379
 543  -0.296180268691366273720598155806   0.260729377738408933220609487016
 544   0.754424931072223058388653096193   0.263491909570331624254053233610
 545  -0.865175909614700011031825045573   0.264741621397291724401426967355
 546   0.196690076964049405293483863250   0.265712152934785963805002906334
 547  -0.361102892125780457321473555953   0.267579422538359721134810323686
 548   0.689502168604092044270283544414   0.270340636523183336992418057486
 549   0.131761528268254890418129485526   0.272546622000400178835458176740
 550  -0.426024265434789322070939822493   0.274441305300429466769141274795
 551   0.624604033053812811273579558624   0.277418923707641265585212099308
 552   0.066836418789000000000000000000   0.279384526960000000000000000000
 553  -0.490945219896049944523173953432   0.281307149691835598619051188217
 554   0.559683085172330908493305204747   0.284284830314782742975804077531
 555   0.001909693946350191788407630069   0.286206782395180641063118660172
 556  -0.555832483303445975277121344495   0.288484419010126685494851642055
 557   0.494765104543082403357943295087   0.291178736202492149145409805523
 558  -0.063016432955108672848606130148   0.293024158357779802489175296029
 559  -0.620750111332465618259185896279   0.295381644427199972496395390393
 560   0.920649419172310141195276573463   0.296963152710047709457573496077
 561   0.429842347352211857734554612495   0.298027513181146470454098127500
 562  -0.127940983533818161356492757060   0.299863866071706435376395284612
 563  -0.685673528332009969743267632520   0.302227837480481128792768991900
 564   0.364920536790060145505127390795   0.304885257759370781455694546823
 565  -0.192866601429065028171398876836   0.306686096678370823925894586985
 566  -0.750595941043800287202543968653   0.309079879150527039439306616401
 567   0.856719908142334575602376555586   0.310187666570160339426569286827
 568   0.299997925478865746516085536983   0.311735417458505658964042898408
 569  -0.257789781374611456668194961274   0.313531277618528456070122447849
 570  -0.815524109359443185451399822641   0.315877165855060268382514152960
 571   0.791795473680805478345518177107   0.317020525211950868477993272311
 572   0.235073082861934378989133679590   0.318564430465314193973251004978
 573  -0.913115743722545436625398268662   0.319377684968480326169554376125
 574  -0.322712448093678008892891934650   0.320381353889268544268450978282
 575   0.726872673036157079574151623206   0.323869278817389586619220354266
 576   0.170144140838790843761302604163   0.325354322594305938181816575433
 577  -0.387633827167716128553627278857   0.327243240842889657236666175672
 578   0.661974537485877846577447637415   0.330947566001847515212014396089
 579   0.105221433921888096510231980378   0.332203576126628035894594147043
 580  -0.452554781887733884045987324565   0.334109085422429038159973011591
 581   0.597053589604395943797173283539   0.337813472608988992602606374312
 582   0.040296673473695230035006279128   0.339033336599210494929208153411
 583  -0.517442045295129914799934715628   0.341286354740720125035773465429
 584   0.532135608975147438661811373878   0.344707378496698398772212102304
 585  -0.024628830796724045782466150328   0.345856022477942340342751809846
 586  -0.582359736274964135650889697262   0.348183625927068389746913629551
 587   0.467212694113757858736100129188   0.351556265551156803711330639777
 588  -0.089555309182062262380004663743   0.352669432185738277725668175256
 589  -0.647282889366820506900328435964   0.355029627101786154062173910621
 590   0.402291142309950410839119528895   0.358416459335127083258313937052
 591  -0.154478002698633344807765062062   0.359518812735938251332009615322
 592  -0.862766601173594897095509885232   0.360932877086355764063096360314
 593   0.897143412709277318624424062026   0.361823388025365834229278805300
 594  -0.713016385605165921598401260460   0.362461965662789604124776625290
 595   0.337368739888835095899535126440   0.365268598507592777362339947045
 596  -0.219404006815705981749874722362   0.366336740335872526945448240812
 597  -0.778785330195000000000000000000   0.369882606891000000000000000000
 598   0.832481079343951577519979332782   0.370804077927570451119186276871
 599   0.272443729959595925696944602721   0.372096116411461911687641141207
 600  -0.284326642950665569864874148048   0.373186664762880324836771448598
 601   0.765265263027229988872719043165   0.376669649849660248311544489826
 602   0.207514454654910608362258676383   0.378883172325917302454479383534
 603  -0.349248015595445175924689729594   0.380048553809326705004985783929
 604   0.700367127476950755876015057374   0.383747937034118176904338531649
 605   0.142591627872609925068044601797   0.385732435179044912579929464572
 606  -0.414168969702756932153793792310   0.386914401547545151918791249989
 607   0.635446179595468853095740703498   0.390613843641259654294930509872
 608   0.077667092245572837453340015032   0.392564335394730500173205340640
 609  -0.479056234894635819433093270122   0.394091654732912176705513714252
 610   0.570528198966220347960378793837   0.397507749528969060464536237864
 611   0.012741333653081442434987783856   0.399384937437411090558207171727
 612  -0.543973862922835071995811419146   0.400988880157707090423754206434
 613   0.505605441327493515912746525408   0.404356522262183043634400162895
 614  -0.052185192596608592390495291107   0.406198354331920705301050468895
 615  -0.608896847846869019488982968083   0.407837118356175658620298759271
 616   0.440683897965397910875066018483   0.411216795933955813227840657304
 617  -0.117108023194868624748424506427   0.413047821499937265639218599870
 618  -0.673820725637686837435942841405   0.414675359500917359344804388757
 619   0.375761970961535250737909463177   0.418073438076667278621075991551
 620  -0.182034027311941261690534166728   0.419865749099871541252657225360
 621  -0.738631955872216123422103380432   0.422509552685599206830221218439
 622   0.869057343242015510751604702806   0.424878563897245195871086485793
 623   0.310839441801988639739271520098   0.424924376325980183499359724209
 624  -0.868527204369814184218470315492   0.425961221661500737437054203794
 625  -0.246966697531376778625353782698   0.426722677181025935346356087238
 626   0.803731999863176735968951743946   0.429416027019681093206185448647
 627  -0.803410119894360621226753797793   0.430612614655510502825820645497
 628   0.245914571249427023167916165925   0.431753090048285139166459277347
 629  -0.311888128866297814818509392391   0.433584607184163343651673312341
 630   0.738832322283000000000000000000   0.436614635492000000000000000000
 631   0.180984541330437550282327311611   0.438532571008300474988128032557
 632  -0.376809082973609571047613455107   0.440450454922381790565478778402
 633   0.673852703078005747608792853204   0.443404080440817777194896302981
 634   0.116062616332809640961909679704   0.445389232146963734075067789989
 635  -0.441696348165488458326912932919   0.447627708107748815352201242664
 636   0.608935758716312308475021161807   0.450307737595462477294394878744
 637   0.051137734015854924219374466142   0.452217834016867945009122301945
 638  -0.507364796049596384999987899376   0.455041136077685271661550092274
 639   0.544013780583695295618802753625   0.457163895609691507192164981809
 640  -0.013788409511997040198575015740   0.459034433900156168813139800419
 641  -0.572763281887408607838784682810   0.462208397904039599029449969888
 642   0.479091022944968463571170485195   0.464012668342905490362028906840
 643  -0.078714892537099517909240739733   0.465847799394473816892815582686
 644  -0.638940932648936515676567779415   0.469859326270532630006400639546
 645   0.414169480336275705113716237276   0.470872949144430251358949369951
 646  -0.143636815512841472400695627976   0.472704479677227817298982394847
 647   0.349247552579434159039173480570   0.477729584157578156392283503094
 648  -0.704197450162777063963446213710   0.477972467898511405236953245958
 649  -0.208563557657630201442296959511   0.479515375494386792410123115468
 650   0.284325652926040151317536786566   0.484586485262502856582946084880
 651   0.836474118719019310072315286684   0.485894552143819707882884354378
 652  -0.273484930472844844106975761751   0.486377262928321258894361611267
 653  -0.769737706121126839018781727560   0.486541486430759236483047609638
 654  -0.834993240199161783929971920650   0.488435006844828899082843411548
 655   0.219400578737546168750821244752   0.491413262612514425939917385667
 656  -0.338405884580156600336079824466   0.493243110666539705808167077327
 657   0.712190517891172772551323329003   0.496244236598037729024303791952
 658   0.154470128802689418677174282505   0.498188719691202151963520223113
 659  -0.403293149772035487615379302279   0.500420363851906730594889541589
 660   0.089548203805061509356756650598   0.505045380829865411050459980545
 661   0.647528781860760537595574564703   0.505229226353255413054847134375
 662  -0.468214529976449195845845426359   0.507282181375131787474707537404
 663   0.582417576950943257483332412009   0.509962210883112305612816152741
 664   0.775936120634249735927573558272   0.510328563997310201084620869129
 665   0.024623321488106792614221437035   0.511873982699769621984514492501
 666  -0.533916340117314708740906813477   0.514680767657601075538346788125
 667   0.517495598818326244627114003827   0.516818368897341335510586255806
 668  -0.040302822039745171803728044847   0.518690582583057845788531990974
 669  -0.599403916339496976630528278727   0.521808286690498595345838125288
 670   0.452572841179599412579481735397   0.523667141630555318680450180838
 671  -0.105229305064847649514393768840   0.525503948077375493868207773242
 672  -0.664610889051195283976436849684   0.529883683707111762675148283296
 673   0.387651298570906654122027487478   0.530527422432080079677370643948
 674  -0.170151228040589604005848657083   0.532360628360129494274374585403
 675   0.322729370814065108047484730772   0.537384057445227984710704777092
 676  -0.235077968603584844361194914478   0.539171539256154126142490325651
 677  -0.732667996803903023359038261027   0.540278873774252299021653796293
 678   0.257807471160671100325848036768   0.544240958550152684901367358877
 679  -0.799033827400000000000000000000   0.545122759561000000000000000000
 680  -0.299999343013153814395439514709   0.546033411605640221162364000977
 681   0.192882396972177117759132494954   0.551067735900164254258338659664
 682  -0.364886616118065402771815045365   0.553210593251432376504322435947
 683   0.127951947037320367685485532707   0.557843192978851980281941497110
 684  -0.429811331582996225134311795719   0.560074837119289702717395836329
 685   0.712476499218000000000000000000   0.563953961855000000000000000000
 686   0.063030022039692458365067900800   0.564699854117515239368881254543
 687   0.623053695867983519649289830130   0.565750630112704423112850673979
 688  -0.494762990261378581174353793055   0.566923185758589362632347548147
 689   0.557947515621621650447503806906   0.570552238290837879558492723155
 690  -0.001894860277262258377467312763   0.571528455987419450302935766499
 691  -0.560561503567730603736370035638   0.574278631814537936957423866887
 692   0.777479779062614685501851709296   0.575593311495669653544898774239
 693   0.491267545125929273378166309399   0.576600969600863929559726869280
 694  -0.066821003805114222795416794644   0.578345055870707674106953264972
 695  -0.625378708205240289436509633276   0.582063240369068565882424716199
 696   0.426344787487202441330534040969   0.583449742334077912729590794311
 697  -0.131747486830216700506082518637   0.585158421365025322186629047240
 698  -0.690263983444532593854559922553   0.589915249532222508586340538851
 699   0.361423244878509682873079793050   0.590310023135602673726511257422
 700  -0.196669409805958654997537406880   0.592015101647779322592795859401
 701   0.296501317121668136798537036344   0.597166658148750578759845390565
 702  -0.261596144619700843683905884068   0.598826067349798136405052299902
 703  -0.758667088468000000000000000000   0.600168254847000000000000000000
 704   0.231579417468274129076900342340   0.604023559253675278950507972350
 705  -0.326483417724612432060281414724   0.606003248995590291747010734872
 706   0.166654343279780146510184800526   0.610850336603686848307479273137
 707   0.668867232216000000000000000000   0.612756133693000000000000000000
 708  -0.391404797929026140290747538805   0.612865066518815348626828730687
 709   0.101723893344923396436537838279   0.617625793682374574331082110584
 710  -0.456354005737940479141439399814   0.619718416791141499490979326652
 711   0.036801968347295487116120206372   0.624482454821037833418021868016
 712  -0.521411232482234577695581609870   0.626519673355650537262645594139
 713   0.736887048288042388389428547933   0.626721585040071382248031719086
 714   0.604050468495303096155028777653   0.628206594573997373697670962620
 715   0.529670787729457693922545909028   0.629393593185060029009614650302
 716  -0.028122913969659229626415007191   0.631311056690942044352076379972
 717  -0.586228437119744263395721207508   0.634304281910181166187646443452
 718   0.464749363314968535859233815958   0.636255442868246901682233164019
 719  -0.093049057497511194044364489073   0.638127656574230268156093878445
 720  -0.651043842569419402686675089166   0.642103856498727698506702401171
 721   0.399826605676241703811601547529   0.643104215601460884852097089051
 722  -0.157975540522613671755030213066   0.644941022068547916235769660713
 723   0.334905063067548945354147299610   0.649964496402985645849017552161
 724  -0.716447323479000000000000000000   0.649967875123000000000000000000
 725  -0.222897463498355626246485101309   0.651797702351301916641936472874
 726   0.269983135310707399279604542904   0.656821131416133550882351685304
 727  -0.287824193880240029873746142344   0.658608710300656202735755734669
 728   0.205061235657313391557967848899   0.663678032521058251073014267090
 729  -0.353001599535573169579213908165   0.665657722262973263869517029612
 730   0.140136161468819408991252307085   0.670504809871069820429985567877
 731  -0.417935157539313711471915411535   0.672514124904651586976194350932
 732   0.692938284435774476230703919186   0.674995556320935233091101528589
 733   0.075205711533962658917605344839   0.677280266949757546453588405323
 734  -0.483008023630822876890947506659   0.679312321492327035583255075014
 735   0.567716716722060821691375820621   0.682444299442921283854996567834
 736   0.010283786536334749597187712931   0.684136928088420805540528162755
 737  -0.547825228268332562591087104297   0.687096930046857664508255924326
 738   0.502795336562267601735543423992   0.689306117388311981874622020993
 739  -0.054641095780619967145347500631   0.690965529958325016474582674712
 740   0.437872578923540769687911155563   0.696154890121525965044485946025
 741   0.631402727801655344499566761523   0.696795680565929697561137804328
 742  -0.119567239308471931563296982513   0.697782129841613240278600173185
 743  -0.184493722333574409273962706506   0.704595495335930888358275955453
 744  -0.660589500577855744759799255453   0.706685204894019459260494730688
 745   0.373640415711232097396212401143   0.707821053005500242012447453196
 746   0.308382119294992106563041348201   0.709616852609642453466902557807
 747  -0.249415645309316363765417594749   0.711452175618684888764442767614
 748   0.243460219641598098841404654196   0.716473753714567153657565139593
 749  -0.314342375691200767392678635785   0.718263183568039174858262029409
 750   0.178541065435061097447702778822   0.723356599381582193685139212164
 751  -0.379531144193890881432918238929   0.725307143111715833330587781768
 752  -0.598830517731792768365645343411   0.727844084476544087316929360861
 753   0.113613241701229372148034322792   0.730157176750935201177152751204
 754  -0.444601463912887998865587749081   0.732102531929497870342666641637
 755   0.048682791766372622074387360546   0.736932633829622927200755588650
 756   0.539624304969658560868078170332   0.743208781825382967851440957331
 757  -0.016236842126147679475533641879   0.743810953582964430176944389993
 758  -0.512160161991000000000000000000   0.744232279430000000000000000000
 759   0.474701547330931728820445901902   0.750057554558596951021304882362
 760  -0.081163997957998112237167116730   0.750617904659231167444525646932
 761   0.603663364954953321453735219646   0.755892193967543214328841221238
 762  -0.146090141485850076655116598612   0.757434504542519391248543145406
 763  -0.211016624510952554365782322605   0.764247870036837039328218927673
 764   0.346968669552799860759754273621   0.767407025383470493456481717180
 765   0.412231849638489159586161631056   0.769015587620676837975044259820
 766   0.281715303334079870647197731780   0.769373836125176815787285647518
 767  -0.275938547486694508857237210847   0.771104550319591039734385739834
 768   0.216796149127542869253495856405   0.776256681792191855814859720089
 769  -0.340865277868578912484498251883   0.777915558268945325828205001629
 770   0.151868325393711143953827400376   0.783057259161544863306873259129
 771  -0.566168997716378298638388860549   0.784369258139707286230803250878
 772   0.086937875458854393880180438129   0.789832716240232589330476096575
 773   0.022018241566334092330259435704   0.796711035993574092306664897918
 774  -0.451152302088670826263894336330   0.797056028113789481362927428696
 775  -0.042908914265516340431374039146   0.803517987069840829574246154857
 776   0.531857993499381462174634959814   0.808028181340610821617822129255
 777  -0.107835057793368304849323521028   0.810334586953129053378263653331
 778   0.466935235860654630127002691385   0.814876954073824804787686054286
 779  -0.511976060616676871407069820107   0.820769748739091839234891035338
 780  -0.172232484726576531425924543300   0.821051002013688543310989511745
 781  -0.237539526688330699457601938703   0.823900244737743190298161899894
 782   0.378605513196457297583930182454   0.824972174765135161614671859721
 783  -0.385820558279403658099486851809   0.825253628683276700910955910752
 784   0.255277921897416318771086700439   0.829064162059455613156873709223
 785   0.190358647992883944357461553929   0.835946954711009931972397747343
 786   0.125405819799476767548601964644   0.842736451054894029932624923614
 787  -0.318140852513000000000000000000   0.845328717986000000000000000000
 788   0.060465817869863945188021676671   0.849507671743971775167683227158
 789   0.318376738017992302787297436253   0.850158774136030738879733601444
 790  -0.004450586909829722171723059350   0.856416401084205559098583376888
 791  -0.440176800848729453983514686725   0.861409804381387981583687499995
 792  -0.069468637363080681267343965368   0.863153976676359356854226723031
 793   0.428199318943538619624490129944   0.867425968222126047899685661846
 794  -0.193642617931789522345695432614   0.882723332466681112661951704911
 795  -0.258862079608115485054635501863   0.885602909869413603979088955562
 796  -0.378707186694309368628548020572   0.890147928063580143015579516902
 797   0.246606258168303576533507757120   0.893768662641233300217469934666
 798   0.368716862661911706058160617779   0.894327781210704001467006345595
 799  -0.129520641891460470412566286895   0.894980670515847642536307971936
 800   0.163759263073596724028253273405   0.895565264560280853328680594921
 801   0.099254798853000000000000000000   0.905632961740000000000000000000
 802   0.034064361645071102893591613262   0.909213896348935919842613256567
 803  -0.317806634615191975442516919742   0.913663729215715885472537597148
 804   0.307556735677702342166346889384   0.917159973716976021194456958575
 805  -0.043650708973033225553731427665   0.923114836585257095624522480224
 806  -0.224310192855306913406028812327   0.940992775993003125548156931616
 807   0.206280015269126102158912027963   0.945107383710272572503115913897
 808  -0.160331875592162029354886538519   0.953979117569615680810795882706
 809   0.139199856922000000000000000000   0.957280600986000000000000000000
 810  -0.095623352690111759330294028293   0.962620715292427953365210597544
 811   0.071336490191000000000000000000   0.964694305676000000000000000000
 812   0.004362191697157477705059323166   0.967348664326053840651267294773
