   1  -0.007576514804737402061933452663  -0.904734642027212999325218978000
   2   0.181993946508774739189472394452  -0.886273309704662658899447908728
   3  -0.196811209674194650260915272862  -0.883101083572699420083285178926
   4   0.363499029236798105169157017928  -0.828535232687543017672231818214
   5  -0.377323873144580846054904048900  -0.822331363147404172280239962352
   6   0.528895019643384963454417991605  -0.734079174379112248824118874404
   7   0.069604229736207777381461639243  -0.730605628747269308548922100073
   8  -0.541114772267122338001804171068  -0.725118596710218145346847841387
   9  -0.119630465133249470817520180956  -0.708972070292755729306988300999
  10   0.251592627749897884656634846120  -0.674409511602468637239739777112
  11  -0.300143128603635666611508956994  -0.648202349867460481503943084425
  12   0.670852106464254194795188224196  -0.607091119448447055463285240005
  13  -0.680925228192205821148194753543  -0.595770937250289245951267158913
  14   0.416988618156484742941895819797  -0.579953453294037868391626833302
  15  -0.463934027726177158558409079162  -0.550989583430274454570550963460
  16   0.105481255410846871555583848869  -0.543547831202011301235176397293
  17  -0.089608959358496677689209935391  -0.520885681139372464003011909250
  18  -0.270121622828882873483198711429  -0.460115960714077216199966692676
  19   0.273783965195336925228102749770  -0.454373964666242194838839637634
  20   0.783079214253947469087231572579  -0.453198764632159925743507050764
  21   0.558945704977353974282666052388  -0.452965398363372675030793198903
  22  -0.790559297159739127855066384668  -0.440020651486944350181545057952
  23   0.026767264112094549595068232647  -0.370106520760809349724210455590
  24  -0.433912521951424365430098833597  -0.362903194276891189266574571711
  25  -0.623795868388432196116468560610  -0.348000330806245324546986837174
  26   0.415741052016206156568872982361  -0.327385909735577001478006003235
  27  -0.155435542816704057836797369227  -0.308047280029389338271373810160
  28   0.671172812767047248574709400771  -0.299073043547085545311015009661
  29   0.195069973896584603267587133548  -0.280932654225040243327873695931
  30   0.860602803346766668509453503062  -0.279222117555866466690533242339
  31  -0.865158354533830264593734025069  -0.264770084490319474406603055187
  32  -0.319226441939245549783697491395  -0.210834513592203311337981689195
  33  -0.508511579325515502168766473998  -0.187652627280266313491632568946
  34  -0.011340555217338103220559243112  -0.183490404898066229517308482030
  35   0.527968159805899430860916330744  -0.173493554919289871758227813993
  36  -0.698394925762523332855136201010  -0.172749763809620448772044834409
  37   0.337998861644070733464765893729  -0.153506835578034686649129374286
  38   0.710557290346121902489279016322  -0.112722182214048473606250002671
  39   0.156962154567151950451959657789  -0.094316538362297123120971722372
  40   0.899987280925841322424023118613  -0.092871256222829394985768235348
  41  -0.175582475787511538666788034748  -0.085757770822250515263733339808
  42  -0.901416413212245399712864899269  -0.077785770242802845334602266647
  43  -0.355724095524769281576496575184  -0.023896818419473228750689238673
  44  -0.544769638003930637287897348198  -0.000668313032749684419631780405
  45  -0.009208556371396824870212906884   0.006964931531928166149228798726
  46  -0.734652984440938467974267075210   0.014234550437896180299955954132
  47   0.529547140089650013613657284625   0.016967169155268272473188731807
  48   0.340130860490012011815112229957   0.036948500851959709017407906471
  49   0.710057264720351910708763482157   0.077744430524549412830172168273
  50   0.159094153413093228802305994017   0.096138798067697272545565558385
  51   0.899487255300071330643507584449   0.097595356515768491450653935595
  52  -0.170908709030780223375853594136   0.107617011608166776257092728392
  53  -0.897726634200467837669972994203   0.112645755835695226273332062748
  54  -0.352034316512991719533604670117   0.166534707659024842857245090722
  55  -0.541079858992153075245005443132   0.189763213045748387188302548989
  56  -0.002284035252810879507798452930   0.197306286998940911138644998399
  57   0.489184770765170853408540391181   0.203108673759308123448708514776
  58  -0.730963205429160905931375170144   0.204666076516394251907890283526
  59   0.299910244703725448600144260439   0.224390928760991323688866941501
  60   0.669694895395872750503646588713   0.263885935128589263805691951242
  61   0.859124885975592170438390691005   0.283736861119808342426173718564
  62  -0.210447291259392788070959884135   0.293935236989079762276021515090
  63   0.139616478281707832056636298607   0.327267986650421185683350597061
  64  -0.443895501606825104819898557885   0.353570970106707787008591406884
  65  -0.633913123535857504058934377598   0.369615445636528461668486396222
  66  -0.825695617773943318784364121823   0.369903937326438515954500673217
  67   0.409413777337912515509196984151   0.380233018500493255794088073901
  68  -0.042357691375682907438142528343   0.383510160961560836441881137064
  69   0.591104762438937576659986264944   0.437383403685201631359184185938
  70   0.780536229071600778409140955944   0.457553732110352756597834318162
  71  -0.290657380016441008485004218903   0.466689751417293452314275555156
  72   0.249120010915894898965689022319   0.483110076389923117788571729461
  73  -0.729961638817839071064090855472   0.534563543383824777360532144127
  74   0.067147664668121038146408624615   0.539358150088688552170815395188
  75  -0.465240179071736619349666980186   0.542838466887481912347626945149
  76  -0.122567780132731127852186863111   0.556264675389774526480135177130
  77   0.416405888322894830052103910138   0.580428655175979225983667176004
  78   0.665852345892398826111013190776   0.612570673090285091522715817978
  79  -0.306491450975367983288601177821   0.658067070844493208976844589290
  80   0.250199065151705078067063668701   0.673574288870109603470778480693
  81  -0.601878138996403005564932352835   0.675533035357207559763871947968
  82   0.068226718903931217247783270997   0.729822362568875037853022146420
  83   0.522858922983597968580039338719   0.738390630166125295615932978360
  84  -0.121488725896920948750812216729   0.746728887869961012162341928362
  85  -0.447121361593718520410561765622   0.786565104786167632777805317608
  86   0.356694096621219533663935572856   0.831487520950415562577613583242
  87  -0.272549622627250980690302377489   0.862739172210488385954868558302
  88   0.174721750373445672844655175153   0.887735594649180996959857248969
  89  -0.014993694427406493153940312573   0.904642119950266971269177030911
