   1   0.014325379814151615151936079001  -0.968637615539528167836620070486
   2  -0.048177986890679790527389851569  -0.967544793962576168613229820896
   3   0.077236926277704387558681652934  -0.965594325709413505999888886912
   4  -0.122758162783239085267563965172  -0.960934170593910276547830408198
   5   0.140994324654875499818869595601  -0.958428217009515037609189964663
   6   0.202515838980138636617859319254  -0.947339105973723140924089936030
   7  -0.239109249870518184713592019749  -0.938770905690669869706858983311
   8   0.268283475653127800376614925677  -0.930853384500695719556285273410
   9  -0.177188149551174814843010912457  -0.930189388127936958541425954367
  10  -0.302809216557373373030097891861  -0.920201404646196048593973953224
  11  -0.081047854733333404718694878105  -0.914371145447130429783519822907
  12   0.042956995163990120068970718626  -0.913066978410765903718617267811
  13   0.327761492508609100899271838700  -0.911612006707596772821409797279
  14   0.105192374115177770309706951472  -0.907182871406321800477412903915
  15  -0.019128993945191850528071519936  -0.905773483722194675096047057090
  16  -0.361528335696706332724141128934  -0.898755422366559130902763374842
  17   0.222629228369038705516645037335  -0.888150283754251996094587340573
  18   0.390905768519506243174714311674  -0.886372792273711820460137550070
  19   0.160835821131872898869351288892  -0.878693015096787331653448389473
  20  -0.256130996859457431336431090711  -0.878620051682748945781721694166
  21  -0.418742012007748708451070971454  -0.873566925956234288428031841130
  22  -0.194209896540114061465849983418  -0.870038534120016034616288665222
  23  -0.131383619936433535555267665509  -0.868114734915181022335226412909
  24   0.277973439791898097527031547739  -0.859083406205751555594659976373
  25  -0.070790156529027589536203943321  -0.852705557507120806935400883107
  26   0.055047079794670206216608544703  -0.851353125048681374689714978004
  27   0.339863629032090538095017090256  -0.850281725442917286442067082502
  28   0.437525600011765569534320657790  -0.844725986633050440467090434840
  29  -0.008852366652325038274446638462  -0.844111047507581941714595472560
  30  -0.360212737314785406067153173990  -0.836256347898730681101866398718
  31   0.115545112732940029785413392958  -0.835355204698467365886318461613
  32  -0.297462767728253050168897376143  -0.831667034611494152153860739262
  33   0.498439148306391750962024900048  -0.830675906825593017687194132164
  34  -0.513968020415682457853003267230  -0.821158279952718435411877577919
  35  -0.233024808007152746834251406514  -0.820534174353063120394302783165
  36  -0.451460989007786138862170847054  -0.820300298012382796520060001950
  37   0.176968566318393743186526539733  -0.818297654006845436065645224723
  38  -0.171103707687809376963670299221  -0.811952656790330209228869754222
  39   0.239214309411292848479703425605  -0.809816139800860880551217331721
  40  -0.109182607368466007093089191929  -0.803371139227597298063436725278
  41   0.301151717719724054357867240633  -0.801026257285587252931251073070
  42   0.551453409677927146352361380188  -0.796305520430620444010087121354
  43  -0.047261418581704925798410056932  -0.794789552818918276624509847605
  44   0.363077781053393392907965009267  -0.792238911465909593760416288004
  45  -0.398605099686806112199940394894  -0.786921860773261061956408392160
  46   0.015663882339216159019040287009  -0.786606102991284613034114386768
  47  -0.565859580678765082103922000992  -0.786299549598608529099570710923
  48   0.078160448270819346268079022273  -0.785176293495423424550182006298
  49   0.425050418703373086331993293846  -0.783470497411590346107556226953
  50  -0.333365192948316617555561965579  -0.779802167628991851039640579984
  51  -0.271444092628973247684980858286  -0.771220650066258939874207551040
  52   0.138541526443911215959057609870  -0.768990172678728413047081252695
  53   0.493881823307993644646547265668  -0.768329327951554911518698740349
  54  -0.209496070059830083096457520125  -0.762618169664860590083411747664
  55   0.200668753524889010509443583461  -0.760451597660584829091737154978
  56   0.601831568906613485487237826605  -0.758989027193822085967871849467
  57  -0.510962934406951457937755172097  -0.756395982310656907447991325170
  58  -0.147574969740486713225876412833  -0.754036652102127678917978718720
  59   0.262584098955165213865740322035  -0.751828656823071524619618818875
  60  -0.448812068213616446317498421497  -0.749677728083862111014724831875
  61  -0.085653869421143343355295305540  -0.745455134539394767752545689776
  62   0.324510120004305367985813166677  -0.743041344151657790655922662955
  63  -0.023718592575843696161150356708  -0.736879273488773242630941024243
  64   0.386482882444454322334472037724  -0.734272832270298677123019750393
  65  -0.371757555320337323688349186483  -0.730467680503522231894182573426
  66   0.038202492504772079541873501253  -0.728297645969658853785335093997
  67  -0.588837839681773222236988828651  -0.728162945624620210662284290222
  68   0.448373078393152423773478100994  -0.725471198679343410728115690107
  69  -0.309836455000993953817768079190  -0.721886162940789320728749544482
  70   0.534915328248592995288613886564  -0.721168787446515238389883770047
  71   0.100118512997877199146225080027  -0.719679553678724284785614958773
  72   0.649716563426722329881267978593  -0.718562755751988848554312466565
  73  -0.650495496962266847952266027364  -0.717857684486790156754157979229
  74  -0.247915354681650583947186971898  -0.713304645378056409563316515538
  75   0.162112022752089908937514593795  -0.711091150128914900751921918784
  76  -0.185998947588227021246131354848  -0.704689331043737126342078121674
  77   0.224027155809470324137389509507  -0.702466684526655366816408744864
  78  -0.533941193409959598070821999756  -0.698259378336668589010704904469
  79  -0.124077847268883651375550247556  -0.696107813481004215176645092730
  80   0.591754818565945196939839295093  -0.695146922622846195648026933056
  81   0.285942501239746527493686248086  -0.693843743689142062344290408761
  82  -0.471790327216624586450565249155  -0.691541124109873792577438411173
  83  -0.062156746949540281504969140263  -0.687526295918271304011212063786
  84   0.347915221395366297412320195134  -0.685075264956046874018526125344
  85  -0.410149917692358029821136407387  -0.681133193378052612748724566868
  86  -0.000235660103559929093919712876  -0.678944681137227006955695760001
  87   0.409805542134233659775956844873  -0.676273533538051741743579213547
  88   0.694708456409317572639314399435  -0.675162356280551077733683521967
  89  -0.695440293676832381840334614747  -0.674408514682016462125371836968
  90  -0.348228817373014659950555300094  -0.672551675815319701583291537924
  91   0.061685424977055846609104145085  -0.670363053618112618110089829755
  92   0.471695864366218401594325247907  -0.667471950728251528866335954341
  93  -0.286307717053671290079974192802  -0.663970158252586790417858508980
  94   0.123601445470160966213455723858  -0.661744961327178049110369694531
  95   0.533586015663147158050550115902  -0.658670003166436203481668601362
  96  -0.634259096930274161704558881183  -0.657490106910422336401865534499
  97  -0.224391309960247727378918575752  -0.655354843918267507196620115116
  98   0.185517221109431878881280971104  -0.653125110085703774581857371218
  99   0.636746711548540439697885715934  -0.651746523151408424827397988458
 100  -0.572335527345696626199490540869  -0.648926425555907624370985998629
 101  -0.162470209640904357508337468460  -0.646773326355534596031187086172
 102   0.247432354166812294081155886816  -0.644500644483444240646344197298
 103  -0.510414770025990952366176170004  -0.640342433396556871447748894568
 104  -0.100549109321560987637756361167  -0.638191808792801684865754057228
 105   0.309347685136447533414798939016  -0.635877599814755205033989648782
 106  -0.448493669706647582495595062711  -0.631760915833823960282315865624
 107  -0.038628022475580635226706933780  -0.629610194011757387810237753443
 108   0.736807508747931843573585122369  -0.628950508225876881752281654910
 109   0.371237881085145634853805002283  -0.627075966223799938639085588498
 110  -0.741263720142054575989259256814  -0.623692347192174770547068185489
 111  -0.386572569387304212625013955419  -0.623179398271091049116882836681
 112   0.023293062605035140476316924181  -0.621028566492642998964631823197
 113   0.433128054708226665869985529355  -0.618274175647868016783463241727
 114  -0.324651469067960842754432848126  -0.614597880708358137951449807737
 115  -0.679203893644839695592627468567  -0.614040937105648641773079392238
 116   0.085209083098140260080668502954  -0.612410474201708429964911687973
 117   0.495018247495429059851620879826  -0.609472519826342174272715441326
 118  -0.262735061974537280053377231077  -0.605982566374038854730211413872
 119   0.147124858737411172748493750200  -0.603790622960234155436399364660
 120   0.680525727024513339400806258209  -0.601743410724027225309717399418
 121   0.556908401954071233910147105247  -0.600670594495876503423888971449
 122  -0.610730359752662918883674392123  -0.599574101909519748996291921871
 123  -0.200813961655193910182796123784  -0.597401048811305943564778384929
 124   0.209039991794791587948368665912  -0.595166157357974621500886190739
 125   0.618798133279494058267195892852  -0.591865694445072078832513459691
 126  -0.548807132398011658498963390908  -0.591007946271087252302290888010
 127  -0.138892861335850540312215016491  -0.588819531248573032399345355985
 128   0.270955322764426827282011718112  -0.586543112689285585888531642224
 129  -0.486886032078668288628382283615  -0.582426428708354341136857859066
 130  -0.076933594488162743552485429146  -0.580208288570503755197756407523
 131   0.775838415465988795759743172377  -0.580119642687735786217359024453
 132   0.332845518713124928721017781379  -0.577741479098330319493627581940
 133  -0.424964931759324918757801176323  -0.573844911145621429971424830122
 134  -0.781562612206361083973892042210  -0.572383438696786352289511977156
 135  -0.014980367950772433601046588596  -0.571601755732414354435710392203
 136   0.394735692336205959737198308451  -0.568939688522398397638005235169
 137  -0.718540158194339152032124876911  -0.565455719191868823969425708046
 138  -0.363043831439981548887220069030  -0.565263393582888518805991801179
 139   0.046941711831697766640612187134  -0.562978972051824997337694987056
 140   0.456625885123408353718833658922  -0.560138032700872555127257434768
 141  -0.301127424346557986186164451981  -0.556648079248569235584753407314
 142  -0.655675156467228452771742979506  -0.556124932104746054367505779610
 143   0.108974055403876597551940476704  -0.554269099221120007184875617444
 144   0.518516039582050527777359884343  -0.551336107370406884278430964891
 145  -0.239206324027214616315583344688  -0.548066561685836324419320378370
 146   0.170955621356599844047413410480  -0.545593525424978913523889152132
 147   0.703992094611925667223181600861  -0.543802106797638727860591417504
 148   0.580405770907473352134408671948  -0.542531207319602459687055453133
 149  -0.588049450819571378329855015716  -0.541320848966817164315015890900
 150  -0.177285223707871246445002237395  -0.539485044123103413253887349427
 151   0.232937470960334062193974770673  -0.536919448448928249364978098223
 152   0.642295978152491987078739178796  -0.533729653161027858555131999022
 153  -0.525278394450688994761169504519  -0.533091941582884721991399852508
 154  -0.115364123388527876574421130103  -0.530903526560370502088454320483
 155   0.294828543189833593567043294951  -0.528117143530998574112489131135
 156  -0.463357294131345624890588397227  -0.524510424020151810825966823564
 157  -0.053404854581206800533573775549  -0.522292284678414499382638331662
 158   0.356718716812914624583223822023  -0.519315352955066652256866784364
 159   0.761492451365624786389325266035  -0.519275099608929236226873099544
 160  -0.818336435751282204220102087285  -0.518449153405432861419378333194
 161  -0.401436193812002255020007289934  -0.515928906457418899660533794621
 162  -0.755901101401070412695187349660  -0.515335613135106730846309451624
 163   0.008514181035929976904669381788  -0.513671873319715468293496347186
 164   0.418608909600117018564859172494  -0.510513697133540809746118983963
 165   0.823373772190520163534183696408  -0.510411283195890848709021367992
 166  -0.339519786718578692318951672885  -0.507313592123099616439295400756
 167  -0.693983965679883973022453639606  -0.506725536914662618238662431150
 168   0.070435456085622422707810795179  -0.505048763271182222998408913553
 169   0.480499064058759192623385397915  -0.501711771803075138897292514085
 170  -0.277598686399235322448370565592  -0.498732074560366705273862371812
 171  -0.632219062092461989697125220114  -0.497083867283621218534139577584
 172   0.132463235944629967534055867226  -0.496337039824257787511831849340
 173   0.542554684300090082172665967452  -0.492780223901402072875461964611
 174  -0.215677586079891952577789458299  -0.490150556997633794108429342869
 175   0.194446249738966118777025182012  -0.487662053092236955143072390231
 176   0.604444891545108717116996474300  -0.483978669742827471743538510500
 177  -0.563670756822709700893956725423  -0.483757454457415102845941845950
 178  -0.153756485760548582707208351007  -0.481569039434900882942996313925
 179   0.256336447407581839866240750378  -0.478860431595185849388671747873
 180   0.666389197681077319066627743413  -0.475566295180845486595542278649
 181  -0.501749656503366331023375618131  -0.475175936894682191680508817006
 182  -0.091833414891811637083106464681  -0.472985988316875786723783583948
 183   0.318226621030662870882421277450  -0.470058641019253927533049401102
 184  -0.439828556184022961152794510838  -0.466594419331949280515075788062
 185   0.728383957296034323107114954602  -0.466249702591258806443399097257
 186  -0.850070666532618954994338706802  -0.464590043636011885010857162422
 187  -0.029910305594504390027857805165  -0.464362402265715613240424286645
 188  -0.787635332182407163469423969176  -0.461476503365685754437788280852
 189   0.380116813817865264864056627922  -0.461256985197728085022301600701
 190  -0.377912149090599398451738893789  -0.457979104997629997293837394198
 191   0.790426818416895555546309682549  -0.457285363481721926007522313933
 192   0.854579102092927568578227523383  -0.456244019150901487266916391531
 193   0.032008576036173650206671078754  -0.455741157386258598068196738971
 194  -0.725718196461220723796690259122  -0.452866427145241641830141260378
 195   0.442006968276507438922582853342  -0.452455059867262414173475130824
 196  -0.315991048771256028581157786496  -0.449397587434897086128404365254
 197   0.093924636626375792689926185700  -0.447116703874320003325365145449
 198   0.503897139485175046121963836384  -0.443653252314294094525638590133
 199  -0.663953292873798740471361839630  -0.443224757514200242125618406812
 200  -0.254069948451912658710576679203  -0.440816069872164174962971336310
 201   0.155953864326996242263667638758  -0.438405567491515829131015087439
 202   0.565877418428489225560423075113  -0.434780955102444918820117734241
 203  -0.602063119194730407026743946327  -0.434422967331945483700483839392
 204  -0.192148848132569288839995571911  -0.432234552309431263797538307367
 205   0.217844061995611963352883207124  -0.429603945994464723376614445081
 206   0.627767625673507860504753581961  -0.425979400943870317688194280130
 207  -0.540142018875387037156162839035  -0.425841449769212572535050810448
 208  -0.130227747813225918969414464619  -0.423653034746698352632105278416
 209   0.279734235618692994369063734196  -0.420802155418532801520992098310
 210  -0.478220918556043667285581731742  -0.417259932206479661369617781504
 211   0.689657695640050781715106545450  -0.417176881533264006418492661229
 212  -0.068311724298905232150863472093  -0.415034964161482264214613641481
 213   0.341624428405895388350699084668  -0.412000499597006959010244297909
 214  -0.416304511462620104584526114693  -0.408644617872160378148379387640
 215   0.751670821737002572602321293684  -0.408236022713615744772115628127
 216  -0.006395819980389632840027912135  -0.406416037264350560048427478013
 217  -0.764173665608894909560613242572  -0.403528764765217466798138243779
 218   0.403514582864537562409225310088  -0.403198574266541288161417828031
 219   0.821632148319302960590353509525  -0.403118099436732564565417337472
 220  -0.842158920427675013437455153712  -0.402579807529312667288040117219
 221  -0.354383411143276734713945007400  -0.400063100309427466982946358696
 222   0.055519405347195006478332838001  -0.397792234096832149039277303835
 223   0.883810983108792720388532766204  -0.396663828551573116564074716524
 224   0.465418561639543977404876068003  -0.394385979653679026858236326989
 225  -0.702401404305719518515087704003  -0.393933705225206839416841888855
 226  -0.292462310823933364843363900107  -0.391481582746694555817513329752
 227   0.117434837116619194843614952683  -0.389169913223456065667071000163
 228   0.527308735262625008421056595075  -0.385584189077747105002613980218
 229  -0.640510959302369534360582160424  -0.385131703405209996878819493478
 230  -0.230541210504589994972782792815  -0.382900065183961644652080300808
 231   0.179325034785234915932830521050  -0.380368291726404959912670357805
 232   0.589200152556888368948180182774  -0.376781686303487764764773503871
 233  -0.578570626832302558021453173307  -0.376492250859257627187278088752
 234  -0.168620110185246625102201685523  -0.374318547621228733486647271858
 235   0.241215208408315946949011048122  -0.371566501150473038057048011034
 236  -0.895385492622979576951077205709  -0.369795708932954857341171375880
 237   0.651123840935815297295463941608  -0.367952831008438768163964746388
 238  -0.516649526512959188150872066014  -0.367910733296524716021845059809
 239  -0.106704086670925938283650692997  -0.365700477036012645069155634923
 240   0.303105401195518340930646398594  -0.362764845328947195546300210633
 241  -0.454728426193615818280290958722  -0.359329215733791804856412030865
 242   0.714196861949480905719091806775  -0.358200360968407577163686157653
 243  -0.044788182352410338972815133039  -0.357081550138880940902969471455
 244  -0.802571965660053044125460206660  -0.354198632257685261112242849951
 245   0.782876151639409977646365120659  -0.354068758668626383330010651666
 246   0.364995555654160514989172624014  -0.353962919998481524697473740756
 247  -0.392812019100192255579235341672  -0.350713901399472521635173637000
 248   0.017127042975174300345545617097  -0.348457746971362529893819297277
 249   0.847132003164593483295821874908  -0.346042513488739070151542178500
 250   0.426885729201461206836198246752  -0.345161128889696865311108884580
 251  -0.740799756406485558680846133516  -0.344603879922624678173469514283
 252  -0.330890918780848885708654234380  -0.342132383836739610469740608057
 253   0.079042474744598488710827731780  -0.339835426097986446521612993604
 254   0.488775902824542237852378773824  -0.336359338313764943455486537809
 255  -0.678909582783452709502019706594  -0.335802089346353963630888692576
 256   0.909017262165008669319515518835  -0.334864426228404133295548824208
 257  -0.268969818461505515838073127087  -0.333550866274006699304307579113
 258   0.140932672413214209800043300147  -0.331033804600935340767212351246
 259   0.550666109893670318649772105279  -0.327557782918374449114022317204
 260  -0.616993866956455493706610433088  -0.327181808488504524384592146925
 261  -0.207048718142162145967492019795  -0.324969348711273788138874550169
 262   0.202822846036295240816223827219  -0.322232014025003418911590004475
 263  -0.855646417066209393168475877901  -0.321168831828781254035000298238
 264   0.612556179886727272373312099018  -0.318755263694186965059471121339
 265  -0.555078151129458277911201159583  -0.318561527630655085138295601275
 266  -0.145127617822818776096910912503  -0.316387831148540876973441521219
 267   0.264713038823497634797859177690  -0.313430358203477576400842204074
 268  -0.917371706246889055992883496240  -0.311276724672105829862185477019
 269  -0.493157050810114908040620052290  -0.309980010067922173972862572331
 270   0.674446353509808303389492626090  -0.309953473118255043203848774568
 271  -0.083211594308498089278359919977  -0.307769760563324788555949884283
 272   0.326603193282139808856385403111  -0.304628432873011905552015734197
 273   0.744436600451073166430307738152  -0.303488174722626851270065169667
 274  -0.431235950490771538170038944998  -0.301398492505189262807429543387
 275  -0.021296182898138797722836771112  -0.299147293496201282920735498635
 276   0.806523333272842092218987707376  -0.296201013687219428078157736847
 277   0.388493944848182346485878411713  -0.295826191952380208145013162391
 278  -0.780346665420765150803191680312  -0.295215667794374348448522015977
 279  -0.369319543397347975468983327948  -0.292783178170869979586191149522
 280   0.040619248871285390642445343571  -0.290524972622825199548529194964
 281   0.868392992118168232820255561119  -0.287256159143928305527467545932
 282   0.450384118471263377502058938785  -0.287024401376448286289390815620
 283  -0.717477243832810046579016927286  -0.286604522032313283565023965726
 284  -0.307398443078004605598402220656  -0.284201660608137068420758120579
 285   0.102509446539901111731660911938  -0.281723351125774093794128552606
 286   0.512274325540391458299452270240  -0.278222845981057791947926595015
 287  -0.655587070209777197400190500364  -0.277802731456042569022443144019
 288  -0.245477342758661235727821113363  -0.275620143045404157255325091635
 289   0.929356407617386092557390117109  -0.273424055937712606540499772106
 290   0.164399620162982142747841439009  -0.272921560549842171938506205835
 291   0.574279133218890245740271118416  -0.269331253265793910968077777390
 292  -0.593671354382779981604781226859  -0.269182450598193129776146598368
 293  -0.183556242439317865857240006070  -0.267038625482671246089892062691
 294   0.226289812950184536729476789481  -0.264119904728316329427758405434
 295  -0.877942245561910455069597578837  -0.262767109764034194821189324085
 296  -0.531755638555782765809371953353  -0.260562169740343690529850052717
 297   0.636169306841971276756451645488  -0.260529462689861989112455430619
 298  -0.121635142119974495986658898779  -0.258457107919938334924459033741
 299   0.288179967408826710788003014902  -0.255317979397850658578931935556
 300  -0.469834538236439395938790846061  -0.251980652177610779364417023774
 301   0.698084940605979354861005027863  -0.251908592429911323524766146220
 302  -0.059719422950521536974982095915  -0.249836851069524052193380709941
 303   0.350070141031907741804183541973  -0.246516188821918736723309588784
 304  -0.818151045329538325112896239982  -0.244522179421331816097063384777
 305  -0.937538726207835638890467869099  -0.243895845814379312981300649801
 306  -0.407913437917096026068209738768  -0.243399134614877868198983994830
 307   0.759984020841065601600995502334  -0.242939493253460848784952757395
 308   0.002196008818902651390300018767  -0.241214530196147968821174406269
 309   0.411960314654988772820364069045  -0.237714398245986814867687242013
 310  -0.756044417290884661957137525717  -0.237406572482637294046463123699
 311   0.822070753662834527389675471558  -0.235652332218053425593045324574
 312  -0.345997030823672463367154121719  -0.234783820280558584977745600965
 313   0.064086206487518372479515587134  -0.232412908699096863066773763911
 314   0.473850521724116853617757400500  -0.228912842850596320526223021409
 315  -0.694180273462781407101571089386  -0.228423654423708283308623717851
 316   0.884092861603225717052067596788  -0.226746827577715810876097807592
 317  -0.284075930504329093496573014426  -0.226202302717825673812312572022
 318   0.125976380110599403495696114206  -0.223611118123164941211151417140
 319   0.535740661900330537747311023103  -0.220110817094766030202808263477
 320  -0.632264557635784191306161815881  -0.219803373565858844062327172200
 321  -0.222154830184985723625991907133  -0.217620785155092762646879543078
 322   0.187866572897801797477331464678  -0.214809462301639098700403616739
 323   0.945056277102443576789202152778  -0.212914724371500111889130033766
 324   0.597630835523411568763491550175  -0.211309026518834108347185916705
 325  -0.570348841808786975510752542375  -0.211183092708009404816030626549
 326  -0.160233729865642353755410799841  -0.209039267592359851481446514134
 327   0.249756727356443971535857690098  -0.206007536971173427851577146861
 328  -0.508433125981789759715343268870  -0.202562811850159965569734080898
 329   0.659526219292152032467071399816  -0.202543949419457369946181550436
 330  -0.098312629546298983884829692549  -0.200457750029626940316013485184
 331  -0.863006074462985375288336324012  -0.199514292453146393449175536807
 332   0.311646900979525002552038217169  -0.197205746395241505995954800090
 333  -0.446512025662446389844762161578  -0.193981294287427054404301051954
 334   0.721416359791997129568095537201  -0.193741925939193717499689958354
 335  -0.036396910376846024873152889686  -0.191837493179212657584935161384
 336   0.373537074602606033568218744241  -0.188403955819309584140332453319
 337  -0.384590925343103019974181054285  -0.185399776724694143238868023010
 338   0.783306533415081658733590030318  -0.184940135363286393033261708164
 339  -0.802286121835303079682613191566  -0.184055913529020080616771129822
 340   0.025518521392578163492129224997  -0.183215172305836574212728857712
 341  -0.951317099420806118733425658343  -0.182920264307994508990881921267
 342   0.435427281671734114365612075696  -0.179602400423919089798868232714
 343  -0.733037091406571053888687563925  -0.179137086422104807514380880457
 344   0.845393266236850584522269999542  -0.177652974327878969841354275343
 345  -0.322674518249679457273125437235  -0.176784462390374860017629629146
 346   0.087408719061193884581344793364  -0.174413550808785468458328215354
 347   0.497317421847947798495165698299  -0.170800374668088799475453474782
 348  -0.671027638202237211741023684797  -0.170356274691797832611277596875
 349  -0.260753417930336087402544329943  -0.168202944827641948852196600202
 350   0.149298892684274915597525320436  -0.165611760232853546602705868583
 351   0.559207595471028829511346225371  -0.161998584092156877619831128011
 352  -0.609111922375239995945614411292  -0.161735993833948393364981051225
 353  -0.198832317610992717531963222650  -0.159621427264909037686763571258
 354   0.211189066307355946613705847508  -0.156809969656921624747083521813
 355   0.920060279752573345632225032581  -0.155616685793177386140285575282
 356   0.621102979239769293214926075012  -0.153233506992780139218826761741
 357  -0.547196206548242780150205137786  -0.153115712976098954118684505574
 358  -0.136911217291649347661382115358  -0.151039909702176126521330542315
 359   0.273079239930436977629886374580  -0.148008179080989702891461175041
 360  -0.485280490721245564354795864281  -0.144495432118249514872387959923
 361   0.682993119739614390315950212397  -0.144431483512516486772335169660
 362  -0.902759538901080188519968454282  -0.143549863944131905311674386986
 363  -0.074990116972305977790801008066  -0.142458392139443215355897513364
 364   0.334969413553518008646066901651  -0.139206388505057781035838828270
 365  -0.423359390401902194484214756988  -0.135913914555516603706954930979
 366   0.744883293362698919481444705514  -0.135629692936609162305906919469
 367  -0.840853782884391104604765034156  -0.134858346214768277512277504774
 368  -0.013074397802853018779124205203  -0.133838135289028932624819189564
 369   0.396859587176599039662247428723  -0.130404597929125859180216481499
 370  -0.771357652982738923464655273871  -0.129730091649607636589591206007
 371  -0.361438290082558824613633649696  -0.127332396992783692541521902035
 372   0.806773467007731771984239656517  -0.126827902515032430292926792118
 373   0.048841033966571169586157909480  -0.125215814415652849252612885892
 374   0.458749760799680070678427955795  -0.121602807353193937324594134727
 375  -0.961134086033212275198586419069  -0.121182983170180241924377603885
 376  -0.709450878326390147426180944578  -0.121045832321044729808591655048
 377   0.868881015562483000690559016129  -0.119720334649939790288359343589
 378  -0.299521882989135261912578032646  -0.118717082658464409320283508171
 379   0.110731231635186890675373477847  -0.116414192918601743498212243534
 380   0.520639934422761101694608482866  -0.112801016777262015468971787956
 381  -0.647535162499392931630771671073  -0.112425551463195290562295109397
 382  -0.237600782669791892041996925354  -0.110135565095731498154850479227
 383   0.962509336163110106761748274388  -0.109726134278810652708808318605
 384   0.172621405258267921691554004919  -0.107612402342669821642589896763
 385   0.582530108045988889628368064287  -0.103999226202362021268471750947
 386  -0.585619446672395715835362397567  -0.103805270605345851315998563746
 387  -0.175679682350448522171415818061  -0.101554047532998586989417450283
 388   0.234511578881348952707734531990  -0.098810611766737899786967549992
 389   0.644425458818200693856269367106  -0.095233916098176397184113819890
 390  -0.523703730845398500039953124062  -0.095184989747496412069702018096
 391  -0.113758582031105152300834710768  -0.092972529970265675823984421339
 392   0.296401752504429983723915059062  -0.090008821190805977931345203221
 393  -0.461788015018401284244543850557  -0.086564708889646972823405472445
 394   0.706315632441285223021763860223  -0.086432125522269072717685569699
 395  -0.880000039504477006795788962522  -0.085327271287554867638718754017
 396  -0.051832082592477889976496458912  -0.084393165436188372227135283566
 397   0.358291926127511014740095586133  -0.081207030614874056075722856450
 398  -0.809925314031826948386807116461  -0.080532524335355833485097580958
 399  -0.399866914699057914373962743264  -0.077983191326914061657972443501
 400   0.768205806086318075524558811226  -0.077630335100692340704705442349
 401   0.010087110410480699333534074573  -0.075774294168058011251662829680
 402   0.911330071973019761820082257937  -0.073829783135573056856882086911
 403   0.420182099750592045756276113205  -0.072405240038942134220100509678
 404  -0.748035140408745917370626589389  -0.071730733759423911629475234187
 405  -0.337945814379714544503381635972  -0.069401673764181150492539414557
 406   0.830644433028716927865624910705  -0.069052110961279996216293608415
 407   0.072003131540783187844830477978  -0.067152100904381786265042022015
 408   0.482072273373673076772456640277  -0.063603449463010212364478162907
 409  -0.686128365752397141332152260096  -0.063046474430861004848475683228
 410  -0.276029407286290981802326018922  -0.060786359429861867271301020693
 411  -0.966948807058175829785441994805  -0.058941083071938336024734586221
 412   0.134053744209179896769402162329  -0.058414835028418018538096271714
 413   0.543962446996754107788637167348  -0.054801658887078290508855816136
 414  -0.624212649925399925536742986591  -0.054426193573011565602179137577
 415  -0.214108306966947611931744911629  -0.052204841867128956105867991749
 416   0.195943917832260927785582689400  -0.049613044452486096682473924943
 417   0.967620157536157136809740741035  -0.046639870010806507517308836318
 418   0.605852620619981895722396748769  -0.045999868312178296308355779127
 419  -0.562296934098402709741333713085  -0.045805912715162126355882591926
 420  -0.152187206647604242061163804337  -0.043623324304396044940434962805
 421   0.257834091455341958801763216472  -0.040811253876554174826851578172
 422   0.667747971392193699950298051588  -0.037234558207992672223997848070
 423  -0.500381218271405493945924439580  -0.037185631857312687109586046276
 424  -0.090266106328260872190582697044  -0.035041806741663133775001933861
 425   0.319724265078422989817943743544  -0.032009463300622252971229231401
 426  -0.848492975080914973308958959050  -0.031334957021104030380603955909
 427  -0.911005223056555383707336603290  -0.031045195964851817283813458826
 428  -0.438465502444408278150515166075  -0.028565350999463247863289500625
 429   0.729638145015278229115792544705  -0.028432767632085347757569597879
 430  -0.028345011319676942970313971611  -0.026460250858514589448350356044
 431   0.381614438701504020834124270615  -0.023207672724690331115606884630
 432  -0.786602801457833942292778431979  -0.022533166445172108524981609138
 433  -0.376544402125064908279934058782  -0.019983833436730336697856471681
 434   0.791528318660311081618587495708  -0.019630977210508615744589470529
 435   0.033570704507320272825095301894  -0.017839970000665150202053810392
 436   0.443504612324585051850304797687  -0.014405882148758409259984537858
 437  -0.724712627834752911276597904907  -0.013731375869240186669359262367
 438   0.915927959261848690484973123599  -0.011486182494313136521952680379
 439  -0.314623301805721538409352951490  -0.011402315873997425532423442737
 440   0.853418492261440290794797927172  -0.010829186480221504323332539449
 441   0.095486083160091871847250319739  -0.009217267714166215433602646665
 442   0.505394785947666082866485324759  -0.005604091572826487404362191087
 443  -0.662805853178404135238123575614  -0.005047116540677279888359711408
 444  -0.252706894712297975708297334440  -0.002787001539678142311185048873
 445   0.157376256783172902863430846811  -0.000415477138234293577980299894
 446   0.567284959570747113882665851830   0.003197699003105434451260155684
 447  -0.968737049372682033398937760132   0.003546254028167702035636931442
 448  -0.600890137351406919442714302109   0.003573164317172159357936834243
 449  -0.190785794392954605837716227147   0.005794516023054768854247980071
 450   0.219266430406253933879611373882   0.008386313437697628277642046877
 451   0.629175133193974901816425433251   0.011999489578005428651760192693
 452  -0.538974421524409703647305028604   0.012193445175021598604233379894
 453  -0.128864694073611235967135119855   0.014376033585787680019681009015
 454   0.281156604029334964895791900954   0.017188104013629550133264393648
 455   0.691070483966186706044326736070   0.020764799682191052736118123750
 456  -0.477058705697412487851895755098   0.020813726032871037850529925544
 457   0.968485451542103819252242115747   0.022360163152574675334691003490
 458  -0.066943593754267866096554012562   0.022957551148520591185114037959
 459   0.343046777652415995911972428026   0.025989894589561471988886740419
 460  -0.825170462506921967214930274568   0.026664400869079694579512015911
 461  -0.887682710482562377613307918808   0.026954161925331907676302512994
 462  -0.415142989870415272056486481593   0.029434006890720477096826471195
 463   0.752960657589271235209821229187   0.029566590258098377202546373941
 464  -0.005022498745683936876285287129   0.031539107031669135511765615776
 465   0.404936951275497026928152955097   0.034791685165493393844509087190
 466  -0.763280288883840936198749747497   0.035466191445011616435134362682
 467  -0.353221889551071902185905374300   0.038015524453453388262259500139
 468   0.814850831212352266226001756259   0.038368380834030299058168720712
 469   0.056893217081313278919123986376   0.040159387889518574758062161428
 470   0.885242201000032963157846508939   0.042977101912111406787348414551
 471   0.466827124898578057944333482169   0.043593475741425315700131433962
 472  -0.701390115260759905182569220425   0.044267982020943538290756709453
 473  -0.291300789231728532315324267008   0.046597042016186299427692529083
 474   0.118808595734084877941279004221   0.048782090176017509526513325155
 475   0.528717298521659088960514009240   0.052395266317357237555753780733
 476  -0.639483340604411129144094891132   0.052952241349506445071756260412
 477  -0.229384382138304969614268649958   0.055212356350505582648930922947
 478   0.180698769357165908957459531293   0.057583880751949431382135671926
 479  -0.941010218608744701433782134432   0.059573818353467952717274020972
 480   0.590607472144740119976694536312   0.061197056893289159411376127504
 481  -0.577567624777413913348685617627   0.061572522207355884318052806063
 482  -0.167463281818961599743687542666   0.063793873913238493814363951891
 483   0.242588942980246939973640058364   0.066385671327881353237758018697
 484   0.652497645767967907910454117732   0.069998847468189153611876164513
 485  -0.515651908950416697553276344122   0.070192803065205323564349351714
 486  -0.105542181499618229873106435373   0.072375391475971404979796980835
 487   0.304479116603327970989820585436   0.075187461903813275093380365468
 488   0.714392996540179712138355420552   0.078764157572374777696234095570
 489  -0.453736193123419481757867070616   0.078813083923054762810645897364
 490  -0.043621081180274860002525328080   0.080956909038704316145230009779
 491   0.366369290226409002006001112508   0.083989252479745196949002712239
 492   0.965026865060146047204557269789   0.084777334571860393779154526878
 493  -0.805121740302080865320528217083   0.086096496594131443528187192120
 494  -0.391820477296422265962457797111   0.087433364780904202056942443015
 495   0.776283170163264241303849913669   0.087565948148282102162662345761
 496  -0.868096890234657114496741842902   0.088017661746823594065539528770
 497   0.018300013828309069217743397353   0.089538464921852860471881587596
 498   0.428259463849490033022181639579   0.092791043055677118804625059010
 499  -0.739957776309847930104721063015   0.093465549335195341395250334502
 500  -0.329899376977078896091876689818   0.096014882343637113222375471959
 501   0.838173343786345272320030440741   0.096367738724214024018284692532
 502   0.080215729655306285013152670858   0.098158745779702299718178133248
 503   0.490149637472571064038362166651   0.101592833631609040660247405782
 504  -0.678067602686766899088540535943   0.102267339911127263250872681273
 505   0.900259545167981233299372791543   0.103659426213171835631519268109
 506  -0.267978276657735526221295582526   0.104596399906370024387808500903
 507   0.142131108308077884035307688703   0.106781448066201234486629296975
 508   0.552039811095652095054542693722   0.110394624207540962515869752553
 509  -0.616160828030418123050066206650   0.110951599239690170031872232232
 510  -0.206061869564311963520239965476   0.113211714240689307609046894767
 511   0.204021281931158915051488215775   0.115583238642133156342251643746
 512  -0.961449973171039921865568452094   0.118650730441616320222817317256
 513   0.613929984718733126070723220794   0.119196414783472884371492099324
 514  -0.554245112203420907254656933145   0.119571880097539609278168777883
 515  -0.144140769244968593649658858184   0.121793231803422218774479923711
 516   0.265911455554239946067668742846   0.124385029218065078197873990517
 517   0.675820158341960914004482802214   0.127998205358372878571992136333
 518  -0.492329396376423691459247659640   0.128192160955389048524465323534
 519  -0.082219668925625223779077750891   0.130374749366155129939912952655
 520   0.327801629177320977083849269918   0.133186819793997000053496337288
 521   0.737715509114172718232384105034   0.136763515462558502656350067390
 522  -0.430413680549426475663838386134   0.136812441813238487770761869184
 523  -0.020298568606281853908496643598   0.138956266928888041105345981599
 524  -0.903308050495050941234456359761   0.141615528197681958165593223160
 525   0.389691802800402008100029796989   0.141988610369928921909118684059
 526  -0.778515476385721086634301937068   0.142670923770278041670949596529
 527   0.947373884112986155360517262097   0.144745971142295183295866153737
 528  -0.368497964722429259868429112629   0.145432722671087927017058414835
 529   0.799605682737257247397878598151   0.145565306038465827122778317581
 530  -0.840943732303258933661205431939   0.145923303135001623777196277419
 531   0.041622526402302075311772081835   0.147537822812036585431997559416
 532   0.451581976423483039116210324061   0.150790400945860843764741030831
 533  -0.716746787993977590355312370281   0.152288316493951710870854420659
 534  -0.306576864403085889997848005336   0.154014240233820838182491443779
 535   0.863596708544575344521335407133   0.154589658542739867696598899990
 536   0.103538242229299291107181355340   0.156158103669886024678294105068
 537   0.513472150046564070132390851133   0.159592191521792765620363377602
 538  -0.654745090112773892994511851461   0.160266697801310988210988653093
 539  -0.244655764083742520127266898044   0.162595757796553749347924472723
 540   0.165453620882070890129336373185   0.164780805956384959446745268795
 541   0.575362323669645101148571378204   0.168393982097724687475985724373
 542  -0.592838315456425116956037522168   0.168950957129873894991988204052
 543  -0.182739356990318957426211280994   0.171211072130873032569162866587
 544   0.227343794505151921145516900257   0.173582596532316881302367615566
 545   0.637252497292726132164751905276   0.177195772673656609331608071144
 546  -0.530922599629427901160628248663   0.177571237987723334238284749703
 547  -0.120818256670975587555630173702   0.179792589693605943734595895531
 548  -0.951522764321845126824325863364   0.181545434298839514982760411191
 549   0.289233968128232952161697427328   0.182384387108248803157989962337
 550   0.699142670915953920098511486696   0.185997563248556603532108108153
 551  -0.469006883802430685365218975158   0.186191518845572773484581295354
 552  -0.058897156351632217685049066409   0.188374107256338854900028924475
 553   0.351124141751313983177877954400   0.191186177684180725013612309108
 554  -0.407091167975433469569809701652   0.194811799703422212730877841005
 555   0.760749402897003007149354219982   0.196603018592522868904150014515
 556   0.003023943967711152185532040884   0.196955624819071766065461953419
 557   0.413014315374395014194058481471   0.199987968260112646869234655879
 558  -0.891742931376768926026243664116   0.203049339150752636191800387058
 559  -0.345175452148436253774400428147   0.203432080561271651977174386655
 560   0.822870894473099159529277315985   0.203587672685510850495272467368
 561  -0.766639593846816469904590138915   0.205124961370474212505125737251
 562   0.064945038976295081405800766317   0.205537180702220310392113531236
 563   0.946314703814684762854397604148   0.207249916982004928450038926179
 564  -0.829378613184976918452992736294   0.207357114088072301803403441318
 565   0.474904488997476045210239008543   0.208789758836044568724857002651
 566  -0.698051219973620295535783957886   0.211940146682420133138557318683
 567  -0.283254351829092883903819320854   0.212013598124004563142607415599
 568   0.126860754803292297201210039822   0.214157461560069749638410076888
 569   0.884303889137666862388589042399   0.215157127079771417342027594068
 570   0.536794662620557076226419535615   0.217591549411976490580479349422
 571  -0.632146471907236900509087951193   0.218551923747840962932952277558
 572  -0.221333251509749514033238213562   0.220595115686737474308040444543
 573   0.188776133456063896223365057667   0.222780163846568684406861240615
 574   0.598684836243638107242600062686   0.226393339987908412436101696193
 575  -0.570030921619269547477678656997   0.227154804896104583727080889257
 576  -0.159416844416325951332182596512   0.229210430021056757529278838407
 577   0.250666307079144927239545584739   0.231581954422500606262483587386
 578   0.660575009866719138258780589758   0.235195130563840334291724042964
 579  -0.508115205792272331682269383492   0.235775085753954022973377434908
 580  -0.097495744096982581461601489220   0.237791947583789668694711867351
 581   0.312556480702225958255726111810   0.240383744998432528118105934157
 582  -0.446199489965275115886860109986   0.244395366611803462219673980559
 583   0.722181741847942196603508091135   0.245800585906796006291989727899
 584  -0.936921821559588482090342448759   0.246255044680073757626399821759
 585  -0.035574643777639211591020381927   0.246373465146522579860144896295
 586   0.374446654325306989271906638882   0.249185535574364449973728280928
 587  -0.384283774138277900091450836481   0.253015647469652901465970526209
 588   0.784071915471028096462885009111   0.254602376482693692664710133099
 589   0.026346456541704158279560725365   0.254954982709255491025577925239
 590   0.436336827948388020288087165953   0.257987326150296371829350627699
 591  -0.737392315435663112511353106784   0.260521452925502081163039700747
 592  -0.322368058311280684296041562975   0.261635928327502340712267071860
 593   0.088267551550288087499829450799   0.263536538592404035352229503056
 594  -0.876915137891356826373589570638   0.263778258528522314103090178494
 595   0.845810264601940201908109880240   0.264412644319367850479196264508
 596   0.498227001571469051304267693025   0.266789116726228293684972974471
 597   0.930977573324226184873367920592   0.267852206845972319672478181758
 598  -0.670391375357020250533905980370   0.268000811182791697103881889610
 599  -0.814550819699564818800338642816   0.268086033465841979714693232754
 600  -0.260446957991937314425460455683   0.270217445890235251877700100804
 601   0.150183267377285303295238724304   0.272156819450253474598526048708
 602   0.560117175194550082320448220097   0.275590907302160215540595321242
 603  -0.608454161743422483162835916778   0.276465247266857686529766831084
 604  -0.198525857672593944554879348390   0.278798963452968163043133129748
 605   0.212098646030056902317393742149   0.280779521736752409366977212435
 606   0.622007348817631113336628747168   0.284392697878092137396217668013
 607  -0.546538445916425267367426643273   0.285085528124707125776063376735
 608  -0.136609450579170381853823731341   0.287414277787287446264371523612
 609   0.273988819653137933333574269220   0.289581312312684331222599559206
 610  -0.484622730089428051572017369767   0.293705808982556565022359922386
 611   0.683614080798854171681356248545   0.294998153221047809396483352948
 612  -0.074688350259827011983242624048   0.295995795350020357429804552556
 613   0.335878993276218964349754796292   0.298383102888616253078221905977
 614  -0.422707014262430835776608096262   0.302326089840406004268656468037
 615   0.745504254421935202697536775617   0.303799943796979731252105699719
 616  -0.012767249940483642112661516756   0.304577312912753268595237581500
 617   0.397769166899299995365935323364   0.307184893464548174933844252748
 618  -0.360791298435433619981198822757   0.310946370698255443514953013687
 619  -0.917296448339784581116632053417   0.311498431148761005264317348602
 620   0.886548438415297720455339887624   0.311828530927026582749127761630
 621  -0.771186373949779516832624499778   0.313112580671369592166210351146
 622   0.049153850378859727757919590537   0.313158830475486179760670610444
 623   0.807242603552852684914038186396   0.313610211633620051765939580098
 624   0.459659340522381026382115850435   0.315986684040480096789466599519
 625  -0.708814615481173186219063240151   0.317311253553544799906567831437
 626  -0.298875582608436404185789549251   0.319566651556104882761249559338
 627   0.111074945387443656978188315970   0.321740386358634724087322188261
 628  -0.854914781711422280480007260897   0.322291927328160017396405411285
 629   0.521549514145462057398296377507   0.324788474616412018645088946291
 630  -0.646898899654175970423653966646   0.325931534411394239152864377088
 631  -0.236954482289093034315208441959   0.328148169118837793926682588282
 632   0.172990661214440872773597589476   0.330360667216484163333618733913
 633   0.583439687768543088414476904579   0.333590265192343940500711293062
 634  -0.584961686040578203052583903054   0.334395970495460228578749318562
 635  -0.175033381969749664444627334666   0.336729686681570705092115617226
 636   0.234908331836319406401194357336   0.338982471334322340815054214188
 637  -0.523045970213580987257174629549   0.343016251353309667825045864213
 638   0.645046419749766146759204405956   0.344195720535299612500976977997
 639  -0.113116974876326101743571717617   0.345345001015889988313354011090
 640   0.297311332227130939427602953702   0.347580670202868056182715531026
 641  -0.461130254386583771461765356043   0.351636532211159107071342409864
 642   0.706936593372847177775384933027   0.352997511111231534356599324768
 643  -0.051195874556982731872990610324   0.353926518578622899478787040034
 644   0.359201505850211970443783480774   0.356382460778799978038337877797
 645  -0.399214538559586555666356082538   0.360256813069008546317638955514
 646   0.010725225762360637997590496969   0.362508036141355810644220068978
 647   0.768674942503764659991886343806   0.362807778947871854870433205147
 648   0.421091679473293001459964007846   0.365184251354731899893960224568
 649  -0.809982666128566116111441100292   0.365754210950704901279613162666
 650  -0.337298822732589339870946809033   0.368877093926857985563935501165
 651  -0.895296092159850035223049743676   0.370012099948398708557632581392
 652  -0.747693898246935236722372486054   0.371043303899972134215192838624
 653   0.072646326081704007868171604261   0.371089553704088721809653097922
 654   0.831205338450603360674577222173   0.371348002071580187624801322496
 655   0.893664702176441356547912103637   0.373935083709478716012726547559
 656  -0.685322139778328906108811226427   0.375241976782147341955550318915
 657  -0.275383106905592124075537535527   0.377497374784707424810232046816
 658   0.134567421090287937088440329694   0.379671109587237266136304675740
 659   0.496140190571517569974454269579   0.381904421460986589933150412888
 660  -0.623406423951331690313401952922   0.383862257639996781201846864566
 661  -0.213462006586248754204956428235   0.386078892347440335975665075760
 662   0.196483136917285152883849603200   0.388291390445086705382601221391
 663   0.558030364194598600990634796650   0.390706212036918511788772759659
 664  -0.561469210337733922942331889330   0.392326693724062770627731806040
 665  -0.151540906266905384334375320942   0.394660409910173247141098104704
 666   0.258739268183133777246059791933   0.396774785540207544446534261822
 667  -0.499553494510736707146922615824   0.400946974581912209874028351691
 668   0.619637096175821659335362298028   0.401311667379874183789038444594
 669  -0.089624499173481821633319703893   0.403275724244492530362336498568
 670   0.320628653803970034872279866638   0.405582115210039670145308969641
 671  -0.437637778683739491351513342319   0.409567255439761649120324897342
 672   0.681527269798902690351542825099   0.410113457955806105644660791365
 673  -0.027703398854138451762738596600   0.411857241807225441527769527512
 674   0.382524018424204976537812165256   0.414381818668983702998453849617
 675  -0.375722062856742275556104068814   0.418187536297611088366621442992
 676   0.743265618929820172568044235878   0.419923725792446426158494671745
 677   0.034217701465204918107842510693   0.420438759369958352693202556456
 678   0.447896452285407919979156952546   0.421658752352337747435126118484
 679  -0.313806347029745059760694795308   0.426807817155460527612917988643
 680  -0.869567626871838982046574755451   0.426984998614003649854263198189
 681  -0.807066497870190143787937776433   0.428199075200109106661566838447
 682   0.805227251873698508220635212988   0.428207514259432405528526963261
 683   0.096138801784548287978423617985   0.429020276932691263858635585400
 684   0.867686615599536504093970094452   0.430794595897330933916452188324
 685  -0.736598781190680266442839035648   0.432563735351203675694038176307
 686  -0.662354772204856413062023899771   0.433388427135218863018162319724
 687  -0.251890631202747843965285521803   0.435428098013309966859214534294
 688   0.158059896793132217198692343418   0.437601832815839808185287163218
 689   0.519926186102398196366052522065   0.440263620366607764401784453700
 690  -0.599913948248487410203149939197   0.441792980868599323250829352044
 691  -0.189969530883404474094704414511   0.444009615576042878024647563238
 692   0.219975612620129432994101616924   0.446222113673689247431583708869
 693  -0.537976734634889642832079875606   0.450257416952665312676714293518
 694  -0.128048430564061104224123307218   0.452591133138775789190080592182
 695   0.281891328447126648789510890429   0.454842394531538686677880254520
 696   0.588889480436995882521303241019   0.455740053676136838696185474208
 697  -0.476061018807892427036670602100   0.458877697810514751923010839169
 698  -0.066132023470637541523067690168   0.461206447473095072411318986046
 699   0.343956356920097318556512302031   0.463579385626530000045074273314
 700   0.651486083201524982863528291752   0.465257101239125216070900671371
 701  -0.414145302980895211241261328595   0.467497978668364191169307384820
 702  -0.004210923151294171652486582876   0.469787965035827983576752014990
 703   0.409328791236319895057005109957   0.470856319666589550539619743533
 704   0.713674392071280816268230442861   0.474989363003361710405425226968
 705  -0.352229587153897995445852055090   0.476118259526213630415603930470
 706   0.057710177168049198218094524417   0.478369482598560894742185043934
 707   0.471343716018567409279789768192   0.479613219359837139373250945454
 708  -0.775022021314833202127996295429   0.481874177721956778496724118134
 709  -0.840218188569181324057076959676   0.482179885875018782375322673625
 710   0.775636025015159151920821419971   0.483273151470347689775457518484
 711  -0.700388608708417335081732559924   0.483521448381150843505437173722
 712  -0.290313871326900779650442781584   0.484738540384063069661900476121
 713   0.838095388740997147794156301435   0.485860233108246218163382743547
 714   0.119631277487392568088675631709   0.486951000161293805907618072878
 715  -0.638337188372640345888307198979   0.491103423239352426053515293871
 716  -0.228398155499903563855033508079   0.493358821241912508908197021772
 717   0.181552372495976497308944357142   0.495532556044442350234269650696
 718   0.543116568957289381854561502863   0.498315935148029253688198263150
 719  -0.576421472545643130092897925473   0.499723704097201865299811839522
 720  -0.166477055180560193984452400786   0.501940338804645420073630050716
 721   0.243468088322973713104353630648   0.504152836902291789480566196347
 722  -0.514484258932045362721827861882   0.508188140181267854725696780996
 723  -0.104555954861216824113871293494   0.510521856367378331239063079660
 724   0.305383804149970928899762904153   0.512773117760141228726862741998
 725   0.612085452469278430403636667767   0.513790135415228686692511697247
 726  -0.452568543105048146926418588376   0.516808421039117293971993326647
 727  -0.042639547767793261412815676444   0.519137170701697614460301473524
 728   0.370761129732212237075705246732   0.520053886624135847586240167230
 729  -0.390652827278050931131009314871   0.525428701896966733218289872298
 730   0.678148570775183084853266846186   0.526426520095053781183140004132
 731   0.019281552551550108457765430848   0.527718688264430525625734502468
 732   0.432651303273887054705557619132   0.528855677772479083920694887292
 733  -0.738811848832570270766889819705   0.532831890751903946308123115549
 734  -0.328737111451053715335600041366   0.534048982754816172464586417948
 735  -0.807369991465935678607164582658   0.535366924291384882700407141618
 736   0.742089832233089676917545673365   0.536022730220001310519825473606
 737   0.081202652870893478328346538141   0.536300205827163436791167531412
 738   0.494540601393624428362550411827   0.537663622293418743640442328574
 739   0.804495900190856356150560268584   0.539676193027843475977450662024
 740  -0.676896133005573054971480546200   0.541452171609753385554419661200
 741  -0.266821395624056499540190767860   0.542669263612665611710882963599
 742   0.143123753190236848198927645434   0.544881723389896347956600560356
 743  -0.614844712669796065778055185255   0.549034146467954968102497781349
 744  -0.204905679797059283744781494355   0.551289544470515050957179509250
 745   0.205044848198820777419196370867   0.553463279273044892283252138174
 746   0.566312540989571929736894929611   0.556366016887121101684524486189
 747  -0.552928996842798849982645911749   0.557654427325804407348794327000
 748  -0.142984579477715913874200387062   0.559871062033247962122612538194
 749   0.266960564025817993214605644372   0.562083560130894331529548683825
 750  -0.490991783229201082611575848157   0.566118863409870396774679268474
 751  -0.081063479158372544003619279770   0.568452579595980873288045567138
 752   0.332188576962085847418955848854   0.569247618757747076268028635914
 753   0.635216947703154672829290963764   0.571865939642831421344360696735
 754  -0.429076067402203866816166574652   0.574739144267719836020975814125
 755  -0.019147072064948981302563662720   0.577067893930300156509283961002
 756   0.394077875081823221075948641549   0.578055563278686735987776077196
 757  -0.367160351575206651020757301147   0.583359425125569275267272359776
 758   0.702178269459291468167626953604   0.584136473219178209096385097922
 759   0.042774028254394388568017444572   0.585649411493033067674716989946
 760  -0.771159818983672747246058106934   0.586324637321332050511806139033
 761   0.455968048623498038705801013950   0.586857354427029972322230797258
 762  -0.305244635748209435225348027641   0.591979705983418714513568905426
 763   0.765171501447547074089719195297   0.594118355310984268527051828067
 764   0.104695128573737758438598551865   0.594230929055765978840150018890
 765   0.517833278422040628976111537361   0.595832790372497853703726815638
 766  -0.653403657302728774861228532476   0.599382894838355927603402148678
 767  -0.243328919921212219429938754136   0.600599986841268153759865451077
 768   0.166616228893081128309179659158   0.602812446618498890005583047834
 769  -0.591352236966951785667803171530   0.606964869696557510151480268827
 770  -0.181413204094215003634529480631   0.609220267699117593006161996728
 771   0.228537323901665057529448384591   0.611394002501647434332234625652
 772  -0.714482231939812018022667999041   0.612697279117770825016102994305
 773   0.589444036223448172162549225608   0.614441821114723836336373485677
 774  -0.529436521139954569872393898025   0.615585150554406949397776814478
 775  -0.119492103774871633763948373338   0.617801785261850504171595025672
 776   0.290453039728662273324857658096   0.620014283359496873578531171303
 777  -0.467499307526356802501323834433   0.624049586638472938823661755952
 778  -0.057571003455528263893367266046   0.626383302824583415337028054616
 779   0.352400575791788393091996725291   0.628402840097420735798647011280
 780   0.659246646387263056143651071182   0.629575892766955849257605790526
 781  -0.405583591699359586705914560928   0.632669867496322378069958301603
 782   0.004345403637895298807688351004   0.634998617158902698558266448480
 783   0.417237534442279329386960314088   0.636120141867920609374929148105
 784  -0.343667875872362370910505287423   0.641290148354171817316254847254
 785   0.725259938673748865339800475536   0.642232098310161167103611452384
 786   0.066266503957238668678269458297   0.643580134721635609723699477424
 787   0.479127707983954147016812686489   0.644921933016263845709383868167
 788  -0.281752160045365155115096013917   0.649910429212021256562551392904
 789   0.128187604276582038548850565589   0.652161652284368520889132506368
 790   0.540987286930080998155427144539   0.653936232825210661470005662547
 791  -0.630616874227433417772590872183   0.657594814799108914733048348419
 792  -0.219836444218367939319686740412   0.658530710069870695808847938555
 793   0.190108704595925408419431672882   0.660743169847101432054565535312
 794  -0.568565453891656428579165511238   0.665176789657310497281126468568
 795  -0.157920728391370723524277466907   0.667150990927720135055144484206
 796   0.252029799604509337639700398315   0.669324725730249976381217113130
 797   0.613473734907556555476909333026   0.672151774238848264249618579468
 798  -0.697060689366371675247672196770   0.672733559505545387951926077239
 799  -0.505944045437110289762141884301   0.673515873783009491446759301956
 800  -0.095999628072027353653696359614   0.675732508490453046220577513150
 801   0.314162104524096146950137190190   0.677856701660978677359457560695
 802  -0.444006831823512522391071820709   0.681980309867075480872644243430
 803  -0.034078527752683983783115252321   0.684314026053185957386010542094
 804   0.378518171218993940844138496363   0.685198406099869297079720693102
 805   0.682328315601720453315824593115   0.687671517857938807264832144987
 806  -0.382091115996515306595662547204   0.690600590724924920118940789081
 807   0.027837879340739578917940364728   0.692929340387505240607248935958
 808   0.440229469145334396080735745878   0.695177424923587749988907677013
 809  -0.320175400169518090800253273699   0.699220871582774359365237334732
 810   0.089758979660082948788521472021   0.701510857950238151772681964902
 811   0.502250884825140418317807946032   0.703001049755492119534007808077
 812  -0.258259684342520875004844000193   0.707841152440623798611533880382
 813   0.151680079979426318659102579313   0.710092375512971062938114993846
 814   0.565016985614189381469787251957   0.711646185949335089383250756338
 815  -0.652220547309466853372066407021   0.716290726180551630787387146708
 816  -0.196343968515523659209434726688   0.716461433298473237857830426033
 817   0.213601180298769688529683686606   0.718673893075703974103548022790
 818  -0.544375634373972580216910868531   0.722819809530835171386342990029
 819  -0.134428252688526443414025453183   0.725081714156322677104126971684
 820   0.275522275307353617749952412039   0.727255448958852518430199600608
 821   0.636555404122013952649082854959   0.730247399329831222256844933929
 822  -0.072507152369183073543444345890   0.733663231719055588269560000628
 823  -0.482844986578838980839351404759   0.734624979604367094128165396372
 824   0.337438130175537146596885423897   0.735874731085556168554819224322
 825  -0.420514356120668242280819806985   0.739911033095678022921626730908
 826  -0.010586052049839703672863238597   0.742244749281788499434993029572
 827   0.399405072024468369858078334836   0.744118712303927254559736815764
 828  -0.358598640293671026485410533480   0.748531313953527462167923276559
 829   0.051330355043583859028192378452   0.750860063616107782656231423436
 830   0.463663990594852580432578162838   0.753131616427479434612394445912
 831  -0.604664488826485496632918812844   0.756865181321698454631129458685
 832  -0.296682924466673810690001259974   0.757151594811376901414219822210
 833   0.113251455362927228898773485745   0.759441581178840693821664452380
 834   0.526280583509248801632168053450   0.760711002879616547447252901868
 835  -0.234767208639676594894591986469   0.765771875669226340660516367860
 836   0.175172555682270598769354593037   0.768023098741573604987097481324
 837   0.588131807555346422356805546545   0.769782452181526052874598168468
 838  -0.172851492812679379099182712964   0.774392156527075779906812913511
 839   0.237093656001613968639935700330   0.776604616304306516152530510268
 840  -0.110931130216923381563699287906   0.783010552777446140845460597674
 841  -0.548925144724379945383075983562   0.785166959136965644746982074672
 842   0.299014751010197897860204425763   0.785186172187455060479182088086
 843  -0.049010029897580011693118180613   0.791592070340179052010893626618
 844   0.360930605878381426707137437621   0.793805454314158710603801711800
 845  -0.449948595337217553909515349186   0.795060744519951400996588828989
 846   0.012911070421763358177462926680   0.800173587902911963176326655561
 847   0.422897547727312649968330348560   0.802049435532529796608719303242
 848  -0.335106164590826746375158519756   0.806462037182130004216905764037
 849   0.074859092990906522765986264841   0.808776068304310312967122458938
 850  -0.273190448763829530579749246250   0.815082318039979443463202309688
 851   0.136780193310249892636567372133   0.817357585867043224132555487882
 852   0.512960142325151581831569461548   0.821788256870760301576083525537
 853  -0.394902854715348520254682080158   0.824688966670927593481932600855
 854   0.198701293629593262507148479426   0.825939103429776135297988516826
 855  -0.503203836717040966543405445619   0.827798251664118977142745361193
 856  -0.211905694149771114491836210012   0.828676935735849503689303903668
 857  -0.149354370341076317248856547687   0.832320995148199243648146539501
 858   0.266932419307716848133816668833   0.838838656761514241466625950798
 859   0.328848274175900376980749680692   0.847457938888217891591245574512
 860  -0.088402726058505419791662107214   0.847523609556334417138864368476
 861  -0.025481291950257347955324294224   0.849508075028381582321784662120
 862   0.458889831287400761024324271217   0.853161279879685672610227729404
 863   0.391962874829364412671268825291   0.856652185631266802731464347335
 864   0.036439808369086021915256813068   0.858089592591114493487217691063
 865  -0.448382190605845083387513397490   0.858683194737338053255810302091
 866  -0.329747948773872774403208459563   0.868744897036961841127890189095
 867   0.098037806595015055272374401391   0.869467104408473139659026226713
 868  -0.255807558322778496376986927185   0.875129801154195775850100258124
 869   0.160308931257572556374361258522   0.875273590555245754443446523384
 870   0.223159893375608572263909432953   0.883468591580653149781246043834
 871  -0.389544638898394548282732019965   0.886971826525759430392917025913
 872  -0.195719597760905411429407994244   0.892372251790705186010119879626
 873  -0.133207604790416051913273255452   0.892712609389662353295559864468
 874   0.332598894018841967382419485589   0.909858243047984707473335687447
 875  -0.073096001692168462164168151056   0.909872454417996081083333098773
 876  -0.010584048243933726636508142347   0.910219995096783967188393969098
 877   0.051337052075409643234072964946   0.918801512659516878353826998041
 878  -0.297105831339091735116735386244   0.922058659592343755286014874095
 879   0.273223916697532572791803838957   0.929415266761517246303873331233
 880   0.150719477920606586276691579035   0.937046622641552083064238833929
 881  -0.237017870777218650169156453303   0.939301110228853165446034495597
 882   0.212711205635057086629954383425   0.945102105458559933266077537720
 883  -0.173016692356553559973994932141   0.953105520313369512208122493537
 884  -0.111189800568881688304582174960   0.962341350558301012610703801433
 885   0.094380478573106155448764566483   0.964135038264471505028810211477
 886  -0.048890842720781850261643667720   0.967509034708707128803469069792
 887   0.013611701848677584063098055040   0.968647907300534661374235676510
