   1   0.001469069802118760188616539749  -0.967831347469278541866420068519
   2  -0.062833632429071577596835758332  -0.965790665696273540898911601836
   3   0.116728302363509616703273457014  -0.960767494630004615816578313768
   4  -0.126858691216336096900679474105  -0.959482437449045319353148649059
   5  -0.215292411025880384789981770702  -0.943582986845855678911509614008
   6   0.222741707904141541593994466163  -0.941852327528168803512462153617
   7   0.057362703215945851471390649048  -0.935973795144397752666030864588
   8  -0.277505231016638944976570927777  -0.927194975217556236471589804707
   9   0.284823090584015699988897551567  -0.924973233331890777562132447115
  10   0.163550169785696306531936131058  -0.916645905499160989541903963474
  11  -0.338491836557136922901353199152  -0.906709960182670198550966308929
  12  -0.162926763106013819176110355689  -0.906208653216152257678795449935
  13  -0.016855948987234424870783308430  -0.906161293288163552292093950465
  14  -0.081196233571005186893649861215  -0.904131791431216899440260688912
  15   0.104287297407689006133225793608  -0.891607657680277476073675795531
  16   0.384477840927868724678636505987  -0.888187179115825419412317795199
  17  -0.401153156582000000000000000000  -0.880763451063000000000000000000
  18  -0.223867340527213026432875809667  -0.879821929135220256821021261294
  19   0.215975502842000000000000000000  -0.877845934779000000000000000000
  20   0.042595347207861036756213919537  -0.873356488488311952880593220801
  21   0.322078807126753761234951132636  -0.872523128649259692839764150328
  22  -0.286080160517971586619464966742  -0.863433917506920814381101451994
  23   0.444314110986805127492408162671  -0.859816635154430986980672545488
  24  -0.123816070040357628585866612710  -0.855126801406964305650646416239
  25   0.156636873131108486402847854555  -0.852683352191014585199621827609
  26  -0.458811574808220414707604906309  -0.852168770920575119372451111923
  27  -0.347066766058469564544247238118  -0.842948902472034776460477956215
  28  -0.013237576105012245339667083402  -0.841392656260767383226998697508
  29   0.267229403604367719584993750849  -0.838899553146790129235810962392
  30  -0.183072948593771756505303927369  -0.830074371575953213682370591725
  31   0.500455786615767910754314980290  -0.828398262282747578398234826922
  32   0.097374000753101186004137517106  -0.827645104372131071731393659666
  33   0.382772834918187402292074040766  -0.823874700926606523056563560167
  34  -0.514413122057723271507787809773  -0.819804132195678050327645183276
  35  -0.072492024580030399357101127326  -0.816334479306862208097779173880
  36  -0.405534300957703942445469775166  -0.816105853853470309405965494376
  37   0.207956466598709616453664859805  -0.813885140600118322603470059355
  38  -0.245284496619418025613559434210  -0.813681532023742819538724870123
  39   0.038104053192646854066470231844  -0.802623609362583795167644952116
  40   0.319873130203000000000000000000  -0.800847458055000000000000000000
  41   0.440557376592904796450309469974  -0.795591337622808044783267249192
  42  -0.306289987819000000000000000000  -0.793166773434000000000000000000
  43   0.555021985245000000000000000000  -0.792798605688000000000000000000
  44  -0.131748903133444527276538441986  -0.791282049475851116129503349367
  45   0.148696433005789027885014932496  -0.788840174740733945353842298062
  46  -0.460804281628325670205441939677  -0.783178188691772216906223610370
  47  -0.021160517503965686283115282647  -0.777547304856608322308477231375
  48   0.259442979559011459400043175067  -0.775037408672009895531498855711
  49  -0.580465244103870049956333991060  -0.774441589597122185226064405221
  50  -0.364755748876000000000000000000  -0.766279381636000000000000000000
  51  -0.191051790381055642360205468838  -0.766235982028085559429948011237
  52   0.496699052221867579712216287594  -0.764172964751124636200829530626
  53   0.089433560627781727486304595046  -0.763801926921850431885614130119
  54   0.370235806113013275749092746146  -0.760772998849166172188160416073
  55  -0.518942272683038539588722003438  -0.755628671591577301493952112678
  56  -0.080415940071087797885985374683  -0.752489248791009371478900293856
  57   0.609683768932082801286957011285  -0.751655091921190632625118110729
  58   0.200170090884276006751988057024  -0.750022881603040084696392929299
  59  -0.253261012754274958324559724615  -0.749834319062058151841372895364
  60   0.030170477199984201314018369832  -0.738764178641269849791787520042
  61   0.310762415216385461238673449954  -0.736238988341531806190647673829
  62  -0.420589056914603462550258460308  -0.732961283196146221882843925749
  63   0.429867848538747550389015390684  -0.731961647678666131707511593035
  64   0.549872389923623327502576808167  -0.727956973062550837750079996800
  65  -0.139715663114015681230551345186  -0.727442151044354723387592534184
  66  -0.313534032657630703653583904098  -0.727336208740044708137793296313
  67   0.140910008887359013683113563070  -0.724978030274863265858069304601
  68  -0.612452139321800988651456173789  -0.718621875958937758174449712217
  69  -0.029082192692652090972845875828  -0.713701796333794002929417711964
  70   0.251502279754797799474667305828  -0.711194263519604012337302315954
  71   0.658284536801415117972666164277  -0.709479488018102760329801712446
  72  -0.478727047969316331933538524069  -0.705411766095951306470572428056
  73  -0.198975489431776028429405651738  -0.702390724649910486932410720781
  74   0.486044986094000000000000000000  -0.700008758931000000000000000000
  75   0.081647136509351713284403225621  -0.699939782455979752389841136659
  76   0.366678888107134759314856209936  -0.696536325284672946028896288438
  77  -0.672636535865395035712105169418  -0.695887753829081267914998570626
  78  -0.368934664776629241697745627101  -0.694609938119497441051212742431
  79  -0.088336641183160037725015911379  -0.688643619416517155869246658074
  80  -0.540807473102823019237072137257  -0.688529150434423117626471777563
  81   0.192229444495988531745990571274  -0.686179609879909886693367917637
  82  -0.261181711661487417698628630202  -0.685977686776330645797264669361
  83   0.598467307611378081614318327827  -0.685796139683072369218664493398
  84   0.022384333195592776081029072412  -0.674901371169987016481866948656
  85   0.303030283687529366898527864096  -0.672370247643501167810817845352
  86   0.424274495409108493246715357490  -0.667870179470339349420635512866
  87  -0.427072655831342111081025690863  -0.667060421019302525638941244739
  88   0.703965582117900572888190110712  -0.664177788324548126951979609462
  89  -0.147593533735379575268504096047  -0.663591222697110958872391128414
  90   0.538539355763917158013439790393  -0.662394377277214759251256643540
  91   0.132969309002935872966042478522  -0.661134885132433698996108403601
  92  -0.596487174619612372581022061854  -0.656299152988983394723266607808
  93  -0.317853053134890154886711452938  -0.655498931376965851293538898650
  94  -0.036876876920524245242077433693  -0.649840659528068670165495677814
  95  -0.717382883475656003403348399479  -0.649662584582517137402134699823
  96   0.243577386345869906411103083061  -0.647349154382028431575888197774
  97  -0.486808066751178929933845987264  -0.641586230204906963337879741639
  98   0.644148352927863536529842274262  -0.640494439989517735840842390414
  99  -0.206850426698496872552009710353  -0.638538826949608776820267916681
 100   0.073706436624928572567332141073  -0.636096637313550185527880235658
 101   0.479997167946332730193903278492  -0.635714532040360871389533010217
 102   0.354232912196820663551257264646  -0.633416601109327511501342562978
 103  -0.655741617137088107466835093566  -0.631240961947430343833965537361
 104  -0.375991044189603024269991516700  -0.627949414276770935881267400957
 105  -0.096131325411032191994247469244  -0.624782482610791823105324623924
 106   0.184304551087060638682426348506  -0.622334500742334305931953799457
 107   0.584080392908228569986729667248  -0.616951932006826261435969457184
 108  -0.546011898917728205457789425741  -0.616408697499598625359042443449
 109  -0.267096078752127375327743253971  -0.615967533123939578752850943231
 110   0.746702394421000059391611603098  -0.615739563026632334032204219727
 111   0.014447581340277221385324793401  -0.611048883588224748513264017297
 112   0.294897261398162952236922222207  -0.608551315254715741424571902663
 113   0.412994523732403994609295184144  -0.604531690892662111155177029016
 114  -0.435305394739861310246839031762  -0.603031377436073227713835731779
 115  -0.758959325946237968100374202903  -0.600566746390036973420626395468
 116  -0.155388217963251729537735653912  -0.599730085891385626108469094264
 117   0.125044415594007979902478255755  -0.597289775994858118234694285421
 118   0.686783352330835114669221101077  -0.592314997047113152086791796994
 119  -0.605514498458397337640847495043  -0.591038493794734563658474635552
 120   0.525538205090644142167193155347  -0.590272086769972373574245823862
 121  -0.325234069806840244711023317732  -0.588418016023744663340579445539
 122  -0.044806867150230725366845242150  -0.585990706670947901453092963407
 123   0.235637409575821764106319030183  -0.583505919304043062076723448673
 124  -0.494605599907043004374233475100  -0.577725441194630820905525441481
 125  -0.214645110926369026821241268218  -0.574677690143883444056345882531
 126   0.065781543216000679503767918305  -0.572251528175974604766466117478
 127   0.349317280342676665230520909108  -0.569269594477635565366525215533
 128  -0.672330722015599409863427901863  -0.569069698599482226142684972557
 129   0.626860178582874188781968749291  -0.568901002422028516569274716001
 130   0.465774231171873146853796046071  -0.566329679851088044003549563405
 131  -0.384547879085457989055237667753  -0.563500674167287236275935550510
 132  -0.104063759702450262910333426818  -0.560938309951541704456237433747
 133   0.176364574317012496377642295629  -0.558491265664348936432789050356
 134  -0.553950778158461420711356559207  -0.552565325935019888057723132686
 135   0.748538203362084928026195692333  -0.551430685708927288180407188766
 136  -0.273904989139244399536568609486  -0.549632356635882709078522085575
 137  -0.797182149138271963477320087453  -0.548817179400908322237978519814
 138   0.006521374877909829538448392063  -0.547203937449569959333803101304
 139   0.287015962533921314591819885851  -0.544700809974457315328314080818
 140   0.568317990765289760962432237390  -0.542221157185174628707551082679
 141  -0.730696404432000000000000000000  -0.541772025966000000000000000000
 142   0.406856336289177003118832463381  -0.540490106346028537336571555348
 143  -0.443750517279099572654843144972  -0.538320334073385079235244753700
 144  -0.163320652254669800453821611485  -0.535885913232135507459381904088
 145   0.117104438823959837597694202877  -0.533446540916872748735529536320
 146   0.809412403554458082261560957996  -0.530614018173736120809736043334
 147   0.679065127808689197470219590131  -0.528444574263499521871559764929
 148  -0.617625156105329104576935756653  -0.527853575754979073306299196994
 149  -0.333158895805461174536014883385  -0.524572898518774970772703152439
 150  -0.052739301441648796282931199724  -0.522146534011697782804005773230
 151   0.227730451085976576633394849936  -0.519658586518940200022102847952
 152   0.508530708249297306415838382485  -0.518258008731191368640925758343
 153  -0.503009180638303634637583571462  -0.513272126288948053051347548579
 154  -0.222577545217787097737327225792  -0.510833517484633325407258692354
 155   0.057842047823545060076897954478  -0.508407153758921712646678068746
 156   0.338319586054506609601522537146  -0.505881483473475192036120076122
 157  -0.677750337295561275553357859555  -0.504963305263489523863935546633
 158   0.619738762759086425544773438112  -0.503557141564784365475468616417
 159  -0.392421655775762765663739061845  -0.499534384644460763914835999098
 160  -0.111996193993868333826419384392  -0.497094137292291585807150243571
 161   0.168457749502472076128335846367  -0.494643616134695713415957327781
 162  -0.831882457575603822345863941066  -0.494642549815780182790979137537
 163   0.449400435716583301641941120957  -0.492230376754548512740568605669
 164   0.730424004748972034745291410768  -0.489698378892022214637460683771
 165  -0.562495243341954203377563696519  -0.488768856295962250185806476533
 166  -0.281834438180904395020832840098  -0.485781121737131143355135480621
 167  -0.001414844453336711661904908851  -0.483354756388254068027857582975
 168   0.279049679301090111637588705173  -0.480859891802018336340868992224
 169  -0.743323858307000000000000000000  -0.478565717046000000000000000000
 170   0.560304384838790751609236507098  -0.478387122247795136485873103629
 171   0.842876334281961957038885720069  -0.475667068880835175718755287402
 172  -0.451675704042778166874618760663  -0.474475261349700134798236155178
 173  -0.171253087593230318222145182505  -0.472041740702989497989691020536
 174   0.109197480136383885132246303120  -0.469599208156257189479790323645
 175   0.390107926121597311315056623138  -0.467262393210411434131052948089
 176   0.671041978893895275038781335981  -0.464611738059686309320456989592
 177  -0.621709063520784578366254757284  -0.463614822898494034664422294717
 178  -0.341091331144021692304338454405  -0.460728725989628961303012268887
 179  -0.060671737005556249205393093518  -0.458302359668847871031002053316
 180   0.219789409935001920641499161926  -0.455815483823579812404701988088
 181   0.500904043299636803965849536192  -0.453676773780732440977137077629
 182   0.782799858498000000000000000000  -0.451950048047000000000000000000
 183  -0.510934367401982228857359187154  -0.449427053565263108614338950057
 184  -0.230509980556347615505650796811  -0.446989344955487315937567808802
 185   0.049935089135969107611450054721  -0.444559820998306153390938856070
 186   0.330690456898097208912121559004  -0.442000357272956234171139712932
 187  -0.681847276423586239970685942554  -0.440758811759428114410232744233
 188   0.611719354290601217434523700616  -0.439715390807359187383192763549
 189  -0.798623910148263006008123690539  -0.439571042487987462872341631555
 190  -0.862944547743966182071598752954  -0.438208150117321007778547547427
 191  -0.400351105748320603702286970108  -0.435683147334315455478767710163
 192  -0.119928629968673538706963139218  -0.433249963921345670572123348717
 193   0.160516708351497420136440158357  -0.430800513439335325798556467917
 194   0.441389924936740980987412788125  -0.428395953334438923288806110142
 195   0.722400855834178112313853156619  -0.425865542688209002086357908435
 196  -0.570380876910826172254887659105  -0.424827980339900891747967747378
 197  -0.289766873519464912789156411118  -0.421936949207985133885444597068
 198  -0.009330413112153807037652548983  -0.419508490490087727343889291921
 199   0.271314500902372356087379227103  -0.416991520040466313049724108132
 200   0.552004003578055933204325130726  -0.414589743247884427410323093006
 201  -0.739960897168508421967455149947  -0.413157924450373068446442492577
 202   0.840266895110862635935273283624  -0.411384935099012576923730222815
 203  -0.459608141390178973949463978295  -0.410631089070146172934962652961
 204  -0.179185522931790835990468753525  -0.408197568173843488520000136983
 205   0.101256438985409229140350615110  -0.405756105460896801862389463780
 206   0.382127136493012258136890394653  -0.403357506852964498174250596093
 207   0.663114634302438092859590234115  -0.400766933227498904152987891160
 208  -0.629635361204134451306730743962  -0.399769888084785217495209039333
 209  -0.349023766482582210072662025424  -0.396884553460482951833321385335
 210  -0.068587305664373344581140733651  -0.394456093770681530347033762261
 211   0.212046462080102163989185641732  -0.391948053510092884574132914456
 212   0.492717283645640358234313314152  -0.389608015205430609976300211146
 213   0.774521037301072862623841953952  -0.388149649749160526293667893195
 214  -0.518866804749383035932204404785  -0.385582881285709146751065447840
 215  -0.829603929530493446441746600607  -0.383186290157162847292140388843
 216  -0.238442415894908133273974367831  -0.383145172426341306467876925250
 217   0.041994047984994451619554366711  -0.380716718302945765773537996206
 218   0.322742993400486793605880326347  -0.378158053740847090014319620099
 219   0.603418973029866399029612324245  -0.375918011807448478307642752925
 220  -0.688704034867602178882444889958  -0.374276875552513560784134865770
 221   0.892640620563890370651787194732  -0.374021921589624974483880802825
 222  -0.893137682584779011796471813720  -0.372833414888437013549698327251
 223  -0.408283516217476756656602926448  -0.371838915962318298499994160846
 224  -0.127844198627490634082710779351  -0.369403698023179329888155057663
 225   0.152773760496597663484126638164  -0.366933083125848397967987394284
 226   0.433442461439130565681171555467  -0.364553649802329779131986017308
 227   0.714473511242720930134662054753  -0.362020737856021596918888810002
 228  -0.578310937844978286211406338930  -0.360978065967463754018177626326
 229  -0.297699308858025430557479982137  -0.358092776678839124415753713516
 230  -0.017262842735463251676271359057  -0.355664317250840212895433451396
 231   0.263416289004614144778560344639  -0.353143104671328792740821968956
 232   0.543995454727047247010949142230  -0.350755073658132393261586528843
 233  -0.750156878978000000000000000000  -0.349623123793000000000000000000
 234   0.825410330917519930892449120848  -0.348788733962674494036193166490
 235  -0.467540576736671072128798017444  -0.346786916541985637100256258127
 236  -0.187108090569047735588321238907  -0.344352170388530134683598464423
 237   0.093400754693534366512231281707  -0.341902443697156139957753720668
 238   0.374179672995401842830649161996  -0.339515203320855354017430503259
 239   0.654641864545594208323462718289  -0.336992219829637857385451870048
 240  -0.637379611508446013787120484925  -0.335485053435192097307103452763
 241  -0.356956201821142727840985596444  -0.333040380931336942363630501783
 242  -0.076519735287682789219759543725  -0.330611920531434015898577921736
 243   0.204126380364386428700754950141  -0.328102347296219809628180798214
 244   0.484732674861295997477608029355  -0.325716606873696210658843042855
 245   0.766162198412488623434781458131  -0.323715627035170310321390825932
 246  -0.808521238563239456584576943029  -0.322403710104066444488114951025
 247  -0.526799240095875134111538443935  -0.321738708757548610916359053006
 248  -0.246367894427658523832532199286  -0.319300135921075539676735755928
 249   0.034091089290905868368464046435  -0.316868890303777811662760570828
 250   0.314741232427361661738706373999  -0.314322532926328961558659239563
 251  -0.872019840201383782350222222894  -0.312063038639791968859474086252
 252   0.595355289499440875432590506529  -0.312010147945411869242115763661
 253   0.877784056370547665608963031955  -0.311425720453286891596343746500
 254  -0.696642801527185702096445568758  -0.310433489988647269624601601775
 255  -0.416215939121455079522286113348  -0.307994714012091716715229539617
 256  -0.135783631647356918757581403428  -0.305560395323092904872471985310
 257   0.144727168550830856368812451429  -0.303103197849513093962369067235
 258   0.425469886417567274627085635883  -0.300678160392221785544287528806
 259   0.706000741485877045598534538926  -0.298246024458160550151352788891
 260  -0.586057669780404831015107398528  -0.296689948156364061963997241734
 261  -0.305627186482060343950549841397  -0.294248038033355327463698808383
 262  -0.025188340690884707356247942093  -0.291819283156633512368189789200
 263   0.255445638302640213180073746192  -0.289303691894276025187373516173
 264   0.536055803395024123303345020027  -0.286911798107314129211359672738
 265  -0.755902187752869040966181784745  -0.285386992419384268079022681911
 266   0.818132852780269621687639036488  -0.284866592194006812376492842599
 267  -0.475475351806776026249740692184  -0.282943034760575708485853671443
 268  -0.195043436487465830148801872340  -0.280508359557041927169710241124
 269  -0.926899840709775274702685151053  -0.278489426374640111648440814935
 270   0.085409256526246338307562668232  -0.278065637281311387378937622353
 271   0.366207240600050241308939201495  -0.275639376335496176305153725285
 272   0.646633685913426225265148775756  -0.273157503794183498896712615605
 273   0.928769423974349992544650900904  -0.272189331900860843341759728479
 274  -0.645318378168029537001121163726  -0.271641667871325806147570188769
 275  -0.364891684140684179667819177973  -0.269196587053716772390617604283
 276  -0.084459174022360296029842070849  -0.266768618542031023325847092142
 277   0.196049831834305458479217366314  -0.264276245580910166265164972794
 278   0.476793023529272873770003907151  -0.261873331322877946608616186750
 279   0.757689428655644738898653942305  -0.259940913637309263553854804820
 280  -0.816478244836924586554646228687  -0.258562595236824807617851652728
 281  -0.534735591924199395410378883376  -0.257895022961779740422721272932
 282  -0.254302728674100773034204081676  -0.255456261494367279768185288502
 283   0.026136127703922664855479491825  -0.253027520624850751915294391811
 284   0.306860470567052195631091793249  -0.250471961364025015628735703333
 285   0.587373993596163116773165600940  -0.248111730442276127727746868303
 286  -0.704581591469220419545410519118  -0.246590107319900353617839415776
 287   0.869626681450000000000000000000  -0.246294387951000000000000000000
 288  -0.424151323924171990566325500536  -0.244150689404339651369483514871
 289  -0.143718977565775013318062036861  -0.241716584491604697358583762011
 290   0.136728725640213401360186422365  -0.239267261204568351253396067188
 291  -0.877281100098902340658989727897  -0.237538449871964198881579584211
 292   0.417530235085544150919481513680  -0.236834884841403521494060672701
 293   0.697992562853709062540220596394  -0.234411308422706191662613534447
 294  -0.593996436439988354229108077328  -0.232846562592497770804463977739
 295  -0.313567226135269444067326952292  -0.230404810775976860939372108240
 296  -0.033134714699065963182432623470  -0.227976844007945693437940830303
 297   0.247369089772559242958536162365  -0.225477590178966381824357690752
 298   0.528113054229115543219591631501  -0.223068907884367108915092702965
 299   0.809035652733667453118227325674  -0.221177952330653574162616630446
 300  -0.764182885222947418455447936340  -0.221089975109902651662917450452
 301  -0.483413875946359302517970435579  -0.219099619040416599170363295816
 302  -0.202978270733908079350473754731  -0.216664485130333667261159773699
 303  -0.943383222899000000000000000000  -0.216147492687000000000000000000
 304   0.077452114842157858824539050069  -0.214224539291449502202596098524
 305   0.358269295718496577365907544240  -0.211792062283494502681406507365
 306   0.944800786647012636828964687795  -0.209883655536749647552078481616
 307   0.638757934891873261135474720883  -0.209306313968321106268195523633
 308  -0.653257168110064254450086114086  -0.207798285202578890140808002770
 309  -0.372830559736483628576717386731  -0.205353215035893139701455364563
 310  -0.092394519940778390590322704282  -0.202924807710542815811958868842
 311   0.188035184083951019866430555233  -0.200442341440793965663166941756
 312   0.468850274363364293686250518625  -0.198030441099930926312349216976
 313   0.749681250023476755840339999772  -0.196106197601854905065115550377
 314  -0.824415872647463066642809596680  -0.194719068070218702455183741441
 315  -0.542674358583782918624379562177  -0.194051637397913449263188008938
 316  -0.262242768327309873150981192572  -0.191613034236988813243858588360
 317   0.018189753695741409029294810448  -0.189185081476162932985045432914
 318   0.298673931802523672540724909161  -0.186659874112559267305273118929
 319   0.579494738646778565254282315566  -0.184260972907424556258084812110
 320  -0.712522306446193658533064621855  -0.182746964054657855282509182493
 321   0.860316164179935667733580888324  -0.182328099793726740888872469566
 322  -0.432090061627940998142892175786  -0.180306991130718010122585362971
 323  -0.151653811812217262519733919251  -0.177872710064896437450033294585
 324   0.128766070367367784915228227824  -0.175418871346050296927088404742
 325  -0.893658605370461524748057508223  -0.175322863260473852704940468022
 326   0.409587485919635570835728125154  -0.172991994618456501197793702927
 327   0.690436600136244949305895114023  -0.170521486668814140184597073324
 328  -0.601935226382023071678073027688  -0.169003179923750854797701791740
 329  -0.321506101731068892976225161050  -0.166561438758153228250209868520
 330  -0.041070060617484057742913256903  -0.164133033176457485924052607003
 331   0.239354442022204804345749351284  -0.161643686038850181222359659715
 332   0.520233799279730991700708346127  -0.159218150349515537445430646772
 333   0.801027474101499470059913383142  -0.157343236295199215673877376002
 334  -0.772140959212495772334176855363  -0.157217930464827562072084279163
 335  -0.491352642605942825731971114379  -0.155256233476550308010830031822
 336  -0.210918310387117179467250865626  -0.152821257872955200736833073557
 337   0.916985749024868986805707465734  -0.151872229262173886152414360126
 338  -0.955671021584000000000000000000  -0.151445994592000000000000000000
 339   0.069503709220951335119983988203  -0.150379413530763727709537739131
 340   0.350155690928891707398810656009  -0.147970660593701551274089286566
 341   0.630814863242876499043522142220  -0.145463463866600948663528353987
 342  -0.661197883087037493437740216822  -0.143955141937336391805477769487
 343  -0.380769644511457561993969875270  -0.141509869029691500704526794276
 344  -0.100329354187220639791994586673  -0.139080933283834555903408401417
 345   0.180089577769117076785580300092  -0.136599806743137445956412676142
 346   0.460971019413979742167367233252  -0.134179683565079354842687160783
 347  -0.844096514013699469193222588599  -0.133468155817866164730718647977
 348   0.741919839440647243583856284638  -0.131940688762893992536199234651
 349  -0.550613148525817636073344512536  -0.130208254729166533256425822938
 350  -0.270181643923109322059879401329  -0.127769662219165180554696348640
 351   0.010245674505861771439400155455  -0.125329718561821574682067016055
 352   0.290659284052169233927938098081  -0.122825969972443066703275087891
 353   0.571555172511917858440125625553  -0.120417686761409338033604116762
 354  -0.720459286386232937441899514479  -0.118903356342035444582207293411
 355   0.852307985547767684675266945792  -0.118493383758272382400133215123
 356  -0.440029021591260521868860829607  -0.116463349821515501078607056786
 357  -0.159593851465426362636511030146  -0.114029482807517970925706594443
 358  -0.904725140246892540431861757296  -0.111946734456636822791918546276
 359   0.120820464052533841834377972682  -0.111576336648393777220334139128
 360   0.401684774610149996831062940088  -0.109144135998995076979229672294
 361   0.682175093160332824717463948645  -0.106719061959256581069425631004
 362   0.962018386079302127537869881787  -0.105925918243164961350029903541
 363  -0.609874934236477767433570864775  -0.105159911402177524472084255391
 364  -0.329445186506042826393477649589  -0.102718092751951589253281298234
 365  -0.049012159543182235453637485447  -0.100279548898768063961864270858
 366   0.231397224629727493205551791737  -0.097785798061236271324788132850
 367   0.512294233144870284886551656114  -0.095374864203500319220949951424
 368  -0.788791547086000000000000000000  -0.095073039423000000000000000000
 369   0.793215373025035127014342941108  -0.093055910582463489037736312538
 370  -0.499291432547977543180936064739  -0.091412850807803392004067845822
 371  -0.218857185982916628376149074384  -0.088977885855131568047670833836
 372  -0.963933988133391920744302461202  -0.086780999254080479740532144466
 373   0.061562128152018329818106426616  -0.086527354181365698335090201682
 374   0.342068030274210728309680469146  -0.084145965988348907125101930977
 375   0.622875340557231216242678392022  -0.081620172317246058001236811514
 376  -0.669134863027076772346575109446  -0.080111534224713981105175880404
 377   0.903405100354592440208337593434  -0.079402633512850179636693179327
 378  -0.388708385349919571746285447231  -0.077666480255038089564829997653
 379  -0.108272035799681189357544044834  -0.075234210761776636854148405541
 380   0.172129714369736470443260261078  -0.072758530453411710226201071987
 381   0.453025338822092655508290176544  -0.070337158111714694295359304850
 382  -0.847732280277662472439876112540  -0.069235896788577507888674709282
 383   0.733658332464735118995425119259  -0.068138264053336433421027792331
 384  -0.558552856380272331828842349623  -0.066364986207593202930808286589
 385  -0.278120728698083255477131889868  -0.063926316212963541557767778353
 386   0.002304294102974322925068785713  -0.061477184518312187614887456486
 387   0.282750049940829226572257882827  -0.058978919045216824739720616016
 388   0.563615649826272575639281875354  -0.056574395212054447371312574288
 389  -0.728449506403062920104470042468  -0.055066389932168699167608733600
 390   0.844430305550470276366841314567  -0.053693190225538587090607579073
 391  -0.447967811533295239317825779967  -0.052619967152768585071844870786
 392  -0.167532727061225811545409238904  -0.050186110789694338236544354723
 393  -0.908360906510855543678515281237  -0.047714475427348165949874607581
 394   0.112870920380339531939547420480  -0.047710631714115853806954812880
 395   0.393386647938132266159153548112  -0.045346463705509685105538959544
 396   0.674235570474687541916620198447  -0.042875770409901690407134088531
 397   0.966930308552418254955496621600  -0.041778627466781408566320449749
 398  -0.617812921329229742792417091738  -0.041316428905942180702450218938
 399  -0.337383927344504836145793221551  -0.038874703977298178113584501611
 400  -0.056955582153524630978837773673  -0.036431846381320760507171591168
 401   0.223487990518387485849871576484  -0.033938747134010029361233660975
 402   0.504354710459225002085707905916  -0.031531572654145428558658408951
 403  -0.787991198768228931387828907138  -0.030698608608795469241215433917
 404   0.784916085398683068998094968341  -0.029258389304384939364470413490
 405  -0.507231021185914326517869838992  -0.027569567460280053547912910883
 406  -0.226796270757890561793401562923  -0.025134539848929929050742263550
 407   0.053612558693323618717584339329  -0.022661710250256173075021828579
 408  -0.967569754397354923990955985143  -0.022548740224791822898488205771
 409   0.334136850069124003490443899709  -0.020269764199024566676430930083
 410   0.614986610636685920948418686258  -0.017770584718166773904719439026
 411  -0.677076977678424726447256514147  -0.016268565064463845970201246748
 412   0.908317022827708567625964333247  -0.015255342736466626852983725536
 413  -0.396647201082724521660307239131  -0.013823100793324330081227523578
 414  -0.116215001882198522663027673112  -0.011385428079442521189779927303
 415   0.164226164639134943621172795319  -0.008898022508133897784356434369
 416   0.444702087893567963978897195588  -0.006542758746938020039247501873
 417  -0.846958060933733169197254618057  -0.004905480337731401471960113714
 418   0.725656607869199697396415605152  -0.004212107758725091924098696544
 419  -0.566490843473024307187688576587  -0.002521503711357859161174250136
 420  -0.286059469536545265229447461830  -0.000082927438310130418070981730
 421  -0.005647936356601949206676138015   0.002382163706652988392849210930
 422   0.274806184074671732377349298835   0.004863832238169322293301395964
 423   0.555701031544149278693552573141   0.007271988505271981574053254456
 424  -0.736333912473177169308325971043   0.008783731737671141948125719855
 425   0.849342228023586403784468054380   0.010454100550844965693101874718
 426  -0.455906704204521751670861375456   0.011223402741736135149298674294
 427  -0.175474910647768734642011331858   0.013661334838709242635092444856
 428   0.104964931996691993710169223953   0.016144106036182375330395258359
 429  -0.907586760041217468691032634549   0.016620221985221254246698866467
 430   0.385452616423580604953343043515   0.018533509113759569089833374685
 431   0.666346840554142246622360492683   0.020973817189177593689383283957
 432  -0.625751001865981766974315788270   0.022527041971852710495323922473
 433   0.967569648802856181856710698206   0.022553270844833612891198905346
 434  -0.345322743077309786059815013450   0.024968675484415581370017972464
 435  -0.064907356085275840890866037454   0.027428582008531227710240874795
 436   0.215544124652229991654962992491   0.029904004149376117671788351005
 437   0.496017485673578255878856947936   0.032261001985897147844108872691
 438  -0.795592571849309568914714032275   0.033831948945195539408106363486
 439   0.789828007871799196415721708154   0.034888901471998613419239040301
 440  -0.515169127497282621016446188377   0.036273900212781225189028823807
 441  -0.234735011596352571545717134885   0.038708848925723482088954533073
 442   0.045703926491714395436898000721   0.041186969378331254324341036497
 443  -0.966930112914478081575813374308   0.041783155092423795365397012698
 444   0.326189624099423337088957596932   0.043577447253491263779343526231
 445   0.607043070924929260894560305461   0.046072207147317544039519826602
 446  -0.685009519622004393903632080876   0.047575594219257284344716174287
 447   0.908956363078146494527178409853   0.049076555575148394604535629560
 448  -0.404586093753951034013342834620   0.050020269101180390139916021503
 449  -0.124166857660442094907022098507   0.052474806662052842616323825131
 450   0.156282443517878933366078258436   0.054945071328358437251012964678
 451   0.436766070797784188044893471499   0.057339839738006083184571023234
 452  -0.854894998200572728447722492178   0.058938132679970369778555185701
 453   0.725488470875537882749684563081   0.060122747695244555169625897253
 454  -0.574428924009776331369587273119   0.061321967166437032036599891274
 455  -0.293998285269350215143469253729   0.063760452023403629065531492345
 456  -0.013557582397333950916555786509   0.066229163603610858288609013505
 457   0.266883128158698301048173286381   0.068709169431140306637657799092
 458   0.547335806098333026184913741202   0.071060897412483068617366256562
 459  -0.744270849740016728558793845164   0.072627344755372913198641019270
 460   0.849981568274024330685682130986   0.074785998862459987150621229814
 461  -0.463845506488614546632529466008   0.075066783875772956313342817852
 462  -0.183426224444956824164786959606   0.077521350228584295602953039330
 463   0.097021491494507848106888154822   0.079987863936522490717250796329
 464  -0.915522031107518921243056872172   0.080464042120267408044496054196
 465   0.377503010219328734067073863848   0.082383868129955841801857923940
 466   0.666288290507061543351059352033   0.085308865710366979102843896921
 467  -0.633687578169718926238666287721   0.086370699862881820061358294086
 468   0.963933581773045468426828526322   0.086785512849036838242845246115
 469  -0.353261635748536298412850608939   0.088812045378920301591161517545
 470  -0.072821515434968452220864642773   0.091275022615032375895079592359
 471   0.207619192537205179720145220585   0.093749108482473217251751370216
 472   0.488083718259479128737284272130   0.096140625236871959754253051083
 473  -0.803529509116149128165181906396   0.097675561962897310658621662901
 474   0.777472297931633765656129780863   0.098026357298206109147082500234
 475  -0.523106836974276021247466919408   0.100117417225792458889846617694
 476  -0.242685619910265921202059323685   0.102567825937112817164643597999
 477   0.037760177617102453946346492469   0.105029800240559455646556762613
 478   0.318249815549545658997077265366   0.107445009719209038885585521021
 479   0.598641630062118972547650352012   0.109877315636332798293593022670
 480  -0.692946456888843953154099954997   0.111419207236959055595231473702
 481   0.905320296048335781097296237968   0.113308797579351619956181970329
 482  -0.412524896038043828975010925171   0.113863650235217211303960165061
 483  -0.132081017010134706237020703827   0.116321247268553990801162542695
 484   0.148357511402854121431260486529   0.118790175661455536830975983889
 485   0.428820602662854974637971635564   0.121184726395359510227979107651
 486   0.718723940829925592102804373989   0.124249103801613804060454945441
 487  -0.582365500313513490633937772570   0.125165625057466141602634262888
 488  -0.959394896664516060614122360572   0.127519047849195544763757802103
 489  -0.301945045844555862505878704516   0.127614229556598996736656782648
 490  -0.021501012018381653908304689500   0.130072030558943571801323750438
 491   0.258942364336173594834914482968   0.132552306621026961639956236462
 492   0.539393875400358828623430084450   0.134951315394482370652755953768
 493   0.829556041111438478075008191939   0.135792553727181476424764780621
 494  -0.883864019021416098387361683455   0.136470936044926122988142668227
 495  -0.752220878808765362594736717216   0.136488270607257933196634221911
 496  -0.471783858347517123759412759789   0.138911150755952392086729553301
 497  -0.191340586224648496400392047274   0.141367765742315067191053117851
 498   0.089096559379483036172070382915   0.143832968269619590297213815540
 499   0.369567407993071899567975037082   0.146245867984612707311706704732
 500   0.650670240892672946249170411259   0.147719429099702777285967026889
 501  -0.641624515436558485489134161842   0.150214312880583591311873593502
 502  -0.361204436614878867505007980440   0.152660716373355600050579348104
 503   0.955381130135000000000000000000   0.154394029909000000000000000000
 504  -0.080760458196928820305504829737   0.155118386280758218992656504497
 505   0.199680305124418816550252573466   0.157592479030862248279737707623
 506  -0.823535890327797455712253387434   0.158820852927500713033892602158
 507   0.480132502627650188343214348422   0.159993112323334595572522446674
 508   0.770807684009730304521682785065   0.162015300230589171338137225828
 509  -0.531043774241115580497934793529   0.163961030243494230140361917109
 510  -0.250600334368644128654438490373   0.166414197732024896082227813475
 511   0.029834736775463588936578875987   0.168874841424644287581191940105
 512   0.310305111050307798594092099683   0.171293371995013538860995760046
 513   0.881881979622508842336604008660   0.173222462293293270099012885599
 514   0.590732473496281300961398728984   0.173724376169679770295145545222
 515  -0.700883404256960948356164731607   0.175262818998885137768602373073
 516  -0.420463398924352162289409815058   0.177708216894090780833348736344
 517  -0.140019959772095074321660890791   0.180164610934279833898739454833
 518   0.140417650421898584861199196096   0.182633425139649435103708872737
 519   0.420879307957867113273217749939   0.185054253912587792656250043755
 520   0.701246817041345812948679668302   0.187481368707942471078926540420
 521  -0.590302437580353049884405646691   0.189009238075167912853149562303
 522  -0.948803317695593426696801400539   0.190976280307575585863046379803
 523  -0.309862129411871575848474031953   0.191460307620329310556052810575
 524  -0.029427515176561954120526507841   0.193916939862780501961682918231
 525   0.250996921840997395648422084503   0.196394861706860218831329238861
 526   0.531450021310801672192310434322   0.198794068143213621776079180993
 527  -0.760117670690637729006905205950   0.200368666453133678336512685400
 528  -0.885221404958443698988167262777   0.200791690080849593202319147343
 529   0.823605079129000000000000000000   0.201289853628000000000000000000
 530  -0.479722058269995106313528716978   0.202756434173746629600945171287
 531  -0.199279326521305429551938013515   0.205211154584340371045166075081
 532   0.081154043400939951476102457250   0.207675887503175894409467102698
 533   0.361619151117244702196753311100   0.210098928147974415826335881058
 534   0.642009176865685541627866816918   0.212579254729494282626096894078
 535  -0.649561462804675480691198938452   0.214057924642509673485244492873
 536  -0.369123523838016002873152660114   0.216506545946509020342308666458
 537   0.942939373899000000000000000000   0.217638525688000000000000000000
 538  -0.088689099508947114173091747513   0.218963030091160689646413920367
 539   0.191734152908489467848497315093   0.221435971435177857485231434401
 540  -0.820312508970414033259684231803   0.223075126785016826780795073529
 541   0.472196826641018597122313835840   0.223855209732466818859806778074
 542   0.754111682309270960451453369363   0.224146173583134799068939536437
 543  -0.538980721609232575699999570140   0.227804642005420312313732816481
 544  -0.258540112658820278548177993452   0.230257457493997053492246756041
 545   0.021892729585156007914810844320   0.232717823953038967538851211820
 546   0.302357157555439344152328833623   0.235139255929621883156907014490
 547   0.879604076325254823358339236569   0.237517198103468001292870942810
 548   0.582747820607233239226881144284   0.237621090739272036330675179321
 549  -0.710125482249693331431697947332   0.240862900502154917267109073163
 550  -0.428387968087658705493922692134   0.241553366278423626274800868158
 551  -0.147953241737447911762799461486   0.244008678267039994602222226572
 552   0.132472519917092591668762951509   0.246477152547992544614367377673
 553   0.412936669800396186045849397001   0.248899883967853442029892615376
 554   0.693363403829465903316167768606   0.251331612971081848411079312930
 555  -0.598239384948470045086470423301   0.252852849837093995026520461675
 556  -0.934019254374749656708251289115   0.253589644440619000856379679613
 557  -0.317802420539918769768925603348   0.255303503601840611305137064491
 558  -0.037368574101295454343635374712   0.257760040347372539863571169875
 559   0.243052196243681624967748471093   0.260237506009200651026627400569
 560   0.523494625937450164156884545802   0.262682232328525233414402776402
 561  -0.870437341637599928999617151353   0.263405054213893008195652447153
 562   0.803810175590431367250832607730   0.265000324680841621718968583737
 563  -0.487652902298122456030680546827   0.266600804398014034721957774580
 564  -0.773895151251000000000000000000   0.268719784165000000000000000000
 565  -0.207217572747352697884748429440   0.269054604860672178809115711303
 566   0.073211034790474919021940257794   0.271518745447866027413889750965
 567   0.353672087358293077188219248884   0.273943635523425459631083651991
 568   0.634065364878330865471805267300   0.276422012716922784930240742496
 569  -0.657519967878616002733265266053   0.277898852684948629287406064581
 570  -0.377066714058785429237341097938   0.280349381295892420289441328435
 571   0.925724626920501088921466821280   0.282371369694560117000415737714
 572  -0.096632823598426591875558122502   0.282805799015464318431197696465
 573   0.183790557213038697542284927018   0.285278802152301395329212084162
 574   0.464234469096827753080420106962   0.287726906563911856584488613705
 575   0.744620836483165905165817244273   0.290211909961758430250356816700
 576  -0.546917668977349570902064346750   0.291648253767346394487103715852
 577  -0.266481885127035463713669129662   0.294100469221161875311980875088
 578   0.013949552928901047907405083241   0.296560660990089035904955960474
 579   0.858799019937926081111469909676   0.298395367631237782815563856042
 580   0.294409180603949262776027635075   0.298986209906892905688927750301
 581   0.574812170208547790401808668818   0.301483154306175982013968339577
 582  -0.720331153048938733047890597015   0.304383339573915397384159098782
 583  -0.436331179288738875739719241135   0.305396199017477743207992552766
 584  -0.155896945996999706335211352345   0.307851449658706446558585283762
 585   0.124528903787038497585742482255   0.310319934905203058794175691242
 586   0.404972476386195967039515436900   0.312767236359999422011094202545
 587  -0.915108033153710264674459892179   0.315082470105575356362898606856
 588   0.685359522544994775651965542327   0.315253846121994321483578521927
 589  -0.606192076841761048529547212642   0.316694502290505547010346869547
 590  -0.325746124320160935904545132976   0.319146275053145668187527738776
 591  -0.045312319888884349475243319298   0.321602806571855399153656772220
 592   0.235107785084723762927561382469   0.324080189440187725090106725225
 593  -0.851526120416560536965825754417   0.324897879878849363702171374395
 594   0.515552013367925379325344229978   0.326527828541562605184054176879
 595   0.797573880056000000000000000000   0.329049854058000000000000000000
 596  -0.495595952596854637851312783411   0.330443657156044954942019967098
 597  -0.786234918303000000000000000000   0.332232699401000000000000000000
 598  -0.215161302980017201351843533504   0.332897373020601284699195456496
 599   0.065267162963614058845013023324   0.335361495989569757955009190411
 600   0.345710764789155691062598670037   0.337808231446477669680463321819
 601   0.626106464065950549285497642101   0.340315309710754870787937878112
 602  -0.667725300246395366113164691251   0.341419346130725327946525866257
 603   0.904919570533172346674597494387   0.343249539222329898523108650946
 604  -0.385009925259865599483137646939   0.344192214034946537222633013044
 605  -0.104576527857978386447970013361   0.346648570407130770387560753655
 606   0.175846317386439972799602373601   0.349121761726629178112387424821
 607   0.456290741136866312532922159216   0.351569863400737153015632763446
 608   0.736677132388792763203085376003   0.354054681373977410298265410710
 609  -0.554856871943420382796647318672   0.355491585076069141167303347525
 610  -0.274425588907277629849288659290   0.357943240672466932194371549373
 611   0.006005482738123262064895232116   0.360403386849311255308374391161
 612   0.286449185444535563462929735617   0.362849539517604839280413646897
 613   0.566846171103603222926642975363   0.365359661855471523899858667741
 614  -0.732117628016000000000000000000   0.367636313440000000000000000000
 615  -0.444274229587471057560351477720   0.369239051775508663428054745285
 616  -0.163840676229664209802306456409   0.371694217818635552448665028955
 617   0.116584550309157311227873597199   0.374162625513841122194675452594
 618   0.397028144364757029554755991123   0.376609929638595881963457511537
 619  -0.891421041497000000000000000000   0.376760967587000000000000000000
 620   0.850187056818795649103648806069   0.377063054846076749549196577703
 621   0.677424073909748536836617475778   0.379116144962737959602624766895
 622  -0.614117723332832160916055297445   0.380539517945843731312728852512
 623  -0.333689335521241106150341681978   0.382989107792199785120719423384
 624  -0.826433913021510149437397807931   0.384137925661880155725961358304
 625  -0.053256024148436144047655210157   0.385445577963521851110019829410
 626   0.227164080825171968355149491610   0.387922960831854177046469782415
 627   0.507585049817781980220910328051   0.390402053919309796558882749070
 628   0.787864213882434512160413937789   0.393027551225902403713040163683
 629  -0.503535155562925449745895755334   0.394286988464767701622219598771
 630  -0.223105006760259367487463063132   0.396740144471906341581586130781
 631   0.057323092772836273002503172198   0.399204221848791977358427621098
 632   0.337766384050434056796319027697   0.401650918662869449473028017516
 633   0.618163780947401210477762809039   0.404160497107454612714545556524
 634  -0.673412308501505629488006328829   0.405502571965869686705015353838
 635  -0.392952975558597781303769883523   0.408035066792977457442695205562
 636  -0.112520258090642889915065117425   0.410491338567059876277640498848
 637   0.167902613126888178227190482742   0.412964533118295630068750482011
 638   0.448322618324242336974033424279   0.415441345239259854773875299289
 639   0.728611155403390285793946037563   0.418089014814662953017399519868
 640  -0.562796009371425211122529153080   0.419334924534708509547765856363
 641  -0.282368800108357800095085208292   0.421786073411521049127563233981
 642  -0.001938221521428532507516658743   0.424246158240977707264737448351
 643   0.278505070235478879723091557987   0.426692855114693784305365461863
 644   0.558904201021096326264560367497   0.429206536380954302994113300923
 645  -0.731657496701379091762564034067   0.432824723196933591838510200566
 646  -0.452213432553541869454934449642   0.433082383084231410108254376958
 647  -0.171784380009906375937925986037   0.435536989269940609331055703239
 648  -0.863807901328848758847820056396   0.436503820043001181175704858928
 649   0.108640846049605516655461706340   0.438005396905507574151038509785
 650   0.861863998638292313748898542482   0.440329561989081693555312504370
 651   0.389060887631703768019166671434   0.440482295134518177900177106201
 652  -0.795525611467983690408461015255   0.440562023274585310612877619880
 653   0.669350862441042959435091370825   0.443133366959379606129320309497
 654  -0.622110705567888296797924873904   0.444376138559108361567333851767
 655  -0.341632418103283798976687389387   0.446832003254605740321779530540
 656  -0.061199754381100647514750314221   0.449288346123450957000099574603
 657   0.219220350592507464888054387546   0.451765728991783282936549527608
 658   0.499641346037539814085290798423   0.454244825370614853441273423354
 659   0.780061035480000000000000000000   0.456905518410000000000000000000
 660  -0.511474292990930278071777589742   0.458130327923407070002682107609
 661  -0.231048217961339537733259612133   0.460582977210960458514777815389
 662   0.049379388513284478430091281340   0.463046993240458429314790678288
 663   0.329799573816748590945939201724   0.465524231586342512732514550549
 664   0.610091282514738075221888929282   0.468179406232879296408888053895
 665  -0.400892178524668593198352855446   0.471878398101700204122894837235
 666  -0.120463961870885056050684647053   0.474334110018364933160031173132
 667   0.159958882894223674760095378678   0.476807301278224735958830227204
 668   0.440378914544000170838413894651   0.479284116690564911656265973574
 669  -0.687721017598395788453312147020   0.479820336825919405758153585785
 670   0.720670054100864534152056789587   0.481932110028122250727465074575
 671  -0.570737854064617669304036209987   0.483177927277382012884523047967
 672  -0.290311850407055131508069906344   0.485628926169556305283895759924
 673  -0.009881951754093035974611762807   0.488088926400906813154817193544
 674   0.270538260001793413872711732013   0.490566168038166847564851994896
 675  -0.832899599775322299818883263721   0.492927917655706336062621120504
 676   0.550828427531181563042619360208   0.493217695222539846856048176327
 677  -0.760932370496662235831310720316   0.494807772553279362611204253844
 678   0.830705822437885922928276422139   0.496616060833797860942413336056
 679  -0.460153625266554911721589270797   0.496927118520775587849753431250
 680  -0.179727591210986546183722535038   0.499379822008994726264247387848
 681   0.100697115816941013188366602276   0.501848165065436680041118254978
 682   0.381117183851461601883547141807   0.504325066585823234782567780486
 683   0.661410474174559649938854348044   0.506978149301621941007032818973
 684  -0.629996539026487519964367820664   0.508226083954504297595526357910
 685  -0.349571621069354610871270361309   0.510675334563328487001979162213
 686  -0.069143458161342813650369843849   0.513131117574756013882490248887
 687   0.211277139404992613231197421371   0.515608561732525172574139684950
 688   0.491565996037641919795742456437   0.518256986542489905071040726546
 689   0.771385193947255437661877633936   0.521517163857728436113180307382
 690  -0.519416137684122736253284646649   0.521973330666080573339439299213
 691  -0.238991268260036869146244310185   0.524425829968995714671110341332
 692   0.041435658280619974962996177276   0.526889761400387535204870423481
 693   0.321855870036506424810319672096   0.529367003037647569614905224833
 694   0.602150244894874575456751042895   0.532022652132601866010225955696
 695  -0.408831315982976452909765678798   0.535721737556571286991335068523
 696  -0.128407173071965226296481196054   0.538176942757419050093222857741
 697  -0.713823126020730498918468713263   0.538622393186564558384168793312
 698   0.152015671706708823103238412503   0.540650134018966625596420384546
 699   0.432304265345103350840875703592   0.543297936437748228197342533459
 700   0.712125614020950553448675192393   0.546563203131228126392748051781
 701  -0.578674800759048052977032597087   0.547021539123059856593823365738
 702  -0.798310958499480772614247968097   0.547173910973397159675871956588
 703  -0.298251053373125943402652878266   0.549472257478279051964095391598
 704  -0.017825655534335202110231292435   0.551931697852211870037207867828
 705   0.262594749439705624168805361454   0.554409396732005894624192914887
 706   0.542884796724059912762894313755   0.557060475753559589703153393463
 707  -0.468172253106952260457294199092   0.560871482161664981464394469801
 708  -0.187670641509683877596707233090   0.563222674767029982420579913791
 709   0.092753904629426161531509636101   0.565690997806178569678708412319
 710   0.373042951530148173767648233881   0.568339872889572563029679977806
 711  -0.638126970782281049295164929518   0.572045344180522193888040730955
 712  -0.357511116824530366816383948863   0.574519147968469080511664051598
 713  -0.077086776131136002751745603077   0.576974091546570195046495557882
 714   0.656016249408423829556187606661   0.578039243211110148984324431332
 715   0.203333435624750447095577891744   0.579451333183830229456530359234
 716   0.483621229435559621242383456711   0.582099625742089441735704552649
 717   0.770380440359420341765222334812   0.585844392669169848786339827343
 718  -0.527203650323000000000000000000   0.586479591031000000000000000000
 719  -0.246930471226107681040827282108   0.588269161277718461351309973005
 720   0.033492447093105123306139211101   0.590732594141129424842460580823
 721   0.313781830933347373126133923240   0.593382266583930888038967667859
 722   0.594199920069814517830053949518   0.595864599404813413455152432299
 723  -0.760194814590527636087009598498   0.599002102817641353692343306123
 724  -0.416773454487799529304787534305   0.599564703749426176525070508987
 725  -0.695874997603744515356989896346   0.600403187796695512018944738353
 726  -0.136350293040856041775098547760   0.602019887674272251062812418280
 727   0.144071967926466656967618882875   0.604492905470271682478811058830
 728   0.424359915620604444169155987001   0.607141562193913776568041996996
 729  -0.586805288182541295116979212917   0.610840792257111996647931610639
 730   0.711208561188698735670437694477   0.611096929407828961433943699509
 731  -0.306190190837900855838402322857   0.613315596932345934723514693657
 732  -0.025768866721850053767088258610   0.615774530592953759674798025170
 733   0.534937043136285877301981773768   0.620902836441259183870369078854
 734   0.255931825776249582737628232490   0.621531490368176959784702623239
 735  -0.195609844475754689491290205013   0.627066006075752729100779545464
 736   0.084810200849183995395890106473   0.629533769257483626561099086604
 737  -0.481594402851000000000000000000   0.631929757650000000000000000000
 738   0.365098795023803643527641676359   0.632183955888272101577329687050
 739  -0.365460608847742374825750075720   0.638371839287255725946297034219
 740  -0.644549182039355547811187646961   0.639212496144956622206276041522
 741  -0.085029924205172067122213254171   0.640817073640539994788555215085
 742   0.195389339526371219898336684710   0.643294055819315643248077660121
 743   0.638155326329000000000000000000   0.643541664751000000000000000000
 744   0.475675729321330700228754304057   0.645944772893083518702706523202
 745  -0.254869608690882593476576726699   0.652112500731785344110729275065
 746   0.025548743312862957170519681473   0.654575365592434481724851255107
 747  -0.541189324669384645110143221393   0.656208024585061724645737185389
 748   0.307488933699067459886708463625   0.660821444857741330717915732973
 749  -0.425378669102980246738564842937   0.663321681232353375406305503506
 750  -0.703912315348058638084621195494   0.664234241522987223783108299342
 751  -0.144275916831680968033316202363   0.665895236532415839377307237121
 752   0.136142580823675431539618121868   0.668370408814844050922056733822
 753   0.416414608724529899587239993415   0.670987166587441843711994213255
 754   0.695152599857924028263416056536   0.673396271315079257574290563028
 755  -0.314132332251671168904103030280   0.677158562763324371281435410928
 756  -0.033712314170459056184605314088   0.679617908640020716838608445022
 757  -0.598917321803849340221452440253   0.684606620380893631050379566927
 758   0.526993831948771025645124807593   0.684745669182001073507959236196
 759   0.248025205153295295421656710976   0.685378864994362488143333635221
 760   0.591861383034000000000000000000   0.688271438887000000000000000000
 761  -0.203548981940529601927039649604   0.690909345529819611860198847523
 762   0.076866130658406209553380255348   0.693376495116705845964517517291
 763  -0.492596169045372962541849645369   0.698370888847732346302852355509
 764   0.358808309080623373590255894383   0.699631819450904171515612323929
 765  -0.374041510998388278512867014290   0.702134415358309190783753754881
 766  -0.092958306796967957095708262280   0.704696071531896561427360467058
 767   0.187482718903416932582365163196   0.707141430445501171606708672103
 768  -0.658227637156255875837108675150   0.709532277626589185316727732521
 769   0.467732518133815848571897337882   0.709787605633825408340296680543
 770  -0.262811750104652906542277434122   0.715955466562763780668649992336
 771   0.648878580560909950667411702859   0.718092099246010064434621452419
 772   0.017605073175084196198255259787   0.718419038164292081078274707205
 773  -0.550323779400372761140298195206   0.726770270866239821325232448099
 774  -0.434952570034868905820111524095   0.726940407384942969242853861930
 775  -0.152109336089981117285239281532   0.729997408056058772613186561424
 776   0.303140512941530246410503520692   0.731882375560034662019305210489
 777   0.128352013170535915116479747679   0.732490227968524579406311690906
 778   0.410137337213499206115800394960   0.738454738582880019318345592352
 779  -0.322071145456657574126889323356   0.741001942539368019895835941747
 780  -0.041640919288607989753879302192   0.743497201440814833348813524062
 781   0.536388896640886741183568527600   0.748391051227855479037595915827
 782   0.241223088973468695214493973670   0.749353337339259142696873489444
 783  -0.609634443556347218528166249677   0.751695098121589303200860015191
 784  -0.211491123354299914992740357027   0.754752311360798048418119564795
 785   0.068961467888868325080366667525   0.757224112165673987869047318199
 786   0.599737356602443362022275829286   0.759614888220206330717399330541
 787  -0.497158218201294287124674428154   0.762997677600904767968735862207
 788  -0.383642371804948146847652347758   0.765751043220214236958816952539
 789  -0.100791948745531701298733616699   0.768798537581776817058583444402
 790   0.180680602723590332375202425891   0.771115902790397826160248526326
 791   0.354925799846000000000000000000   0.771571934905000000000000000000
 792   0.474951400796171175963653413753   0.773716391242805588152431897229
 793  -0.272077356973000000000000000000   0.781743119744000000000000000000
 794   0.009700410405546311725241671964   0.782266655213260222982804508114
 795  -0.557704415020000000000000000000   0.790701839625000000000000000000
 796  -0.441134036690529051076283440225   0.794625086321516647285732757948
 797   0.295288274234231590818384863566   0.795736461127172857610418918197
 798  -0.159204975757416994513545069845   0.795759994731577989711047409280
 799   0.120740947445383754649687344813   0.796373508839650944070319554405
 800  -0.332299694085766033636948629526   0.804518701660672132078555124275
 801   0.419441142204456084627085145198   0.806237355057131979734253352327
 802  -0.052073496183985003551075621480   0.810833291118595995982132888016
 803   0.526665557936053757303913033674   0.811987109130550222331750112340
 804   0.232808574708495606744487302233   0.813135763179112318386467452445
 805  -0.219347010194249233175726472826   0.818605948205458014858614559161
 806   0.061184560506877290311988033320   0.821087416244806466067364618749
 807  -0.502580473915000000000000000000   0.827105721253000000000000000000
 808   0.172266088458617243905195754453   0.834898328630251001849842489327
 809   0.362192726012132895991714955844   0.835590732031551018862325906634
 810  -0.110491552756566260988792972968   0.837783848860774569095978103776
 811  -0.384073351866599799444711648515   0.842718387271080629345049428505
 812   0.469961305209263929589710153917   0.846070946739271947880985014066
 813   0.001730127045637554517408377427   0.846106113853622824758739045320
 814  -0.446380012918509885100967579029   0.858745922480656568938744940044
 815   0.302545038089876914901136553938   0.859697893246861369896338040262
 816  -0.303409829833278705300293680951   0.862002417961940097864623657806
 817   0.116560774092159635966442335955   0.867084037379103143748259039307
 818  -0.175605258694000000000000000000   0.867668084578000000000000000000
 819   0.412712889016940740954339964563   0.875424323713690987009057568373
 820   0.240580138622946975349730201074   0.876999717728258450950170751517
 821  -0.060881241810938569204548316429   0.878745037127351247075416791551
 822  -0.241375139072850750218752709092   0.879052316454009784660436889599
 823   0.054801193294942367130399931600   0.885105027254351330565367591084
 824   0.180037652373068612510438653294   0.898762283179397134413545788399
 825  -0.355295404042714352898301206480   0.900258213612298696764597674682
 826   0.351800895992000000000000000000   0.901619561110000000000000000000
 827  -0.121056507825000000000000000000   0.901890025255000000000000000000
 828  -0.004462004384019537818878024476   0.910142505106485118554650300588
 829   0.291120729497145386029347765608   0.923010507073095445492469145777
 830  -0.287158129679143069871529117183   0.924250985322417346387003837906
 831   0.088416873408441701819883725193   0.939959269996719865028725057009
 832   0.229155830030215446477941412744   0.940312331554492526546301857032
 833  -0.225093465250996307830840020757   0.941293050655098266317345411903
 834  -0.162059812720804881769353356696   0.954167853373388660026235625534
 835   0.150713520265624279069847209433   0.956025684863867102994068592320
 836  -0.098310065277963468182574512508   0.962826467425633992024052723457
 837  -0.034125914410695536611529506557   0.967230632928836035303729584383
 838   0.030209028891098581179356394459   0.967360889163780305190160941197
