   1  -0.025066736855876358613548941376  -0.968772181276049681532954069274
   2   0.036739291596067175916915297933  -0.968399765057786537222599340837
   3  -0.086770802623121557915311200394  -0.965203972392932237210340932918
   4   0.149140928946246642632748690633  -0.957551494084786870821788007532
   5  -0.183987281443068487255637965495  -0.951470735639381670638455416696
   6   0.239210485002892990028340704698  -0.939109271797290756180583350877
   7   0.090524695617303101403492060907  -0.937948916775439829143682715672
   8  -0.244265235897968731586958776872  -0.937807205583973187839023827523
   9  -0.130126317226164580336441836067  -0.921153737429343196674433726577
  10  -0.307046249720882151603972395023  -0.919168363817695094519054012427
  11  -0.048646191711527419389024590751  -0.911446467743660351639991009816
  12   0.013160697649211549298958053809  -0.911266816995119734825319390618
  13   0.185888099007178274242400504790  -0.907854720151713015092780952389
  14   0.346933935118209991438153899623  -0.904867241740107793238792653980
  15   0.285493362799962361480815906218  -0.898145640736755825480422700823
  16  -0.367887966914046281056822346381  -0.896552466011223798353530362314
  17  -0.200458592904612263810732864110  -0.891898764498761388617664689921
  18   0.127270809734804231988707318244  -0.888251362065920536413885064155
  19   0.403909715308616949127453728008  -0.880911358985834069218131738220
  20  -0.260736515992545120800369356267  -0.878235096065747868214619503886
  21   0.066647796987000000000000000000  -0.875798102056000000000000000000
  22  -0.424291621356408966667201006933  -0.871277510646123987177165764816
  23  -0.094856447257203819252784778645  -0.870397849896814726786604603590
  24   0.232175336280627129277475875852  -0.866883652717348869840569397669
  25  -0.319270624744211338712883135077  -0.858388636444692242719537920672
  26   0.459242532588239122453271885327  -0.853372238107671945945936068156
  27  -0.153576248573000000000000000000  -0.851027968659000000000000000000
  28   0.010463337969625788342853510720  -0.849518553071337844207367711231
  29   0.173556003030235837427674494029  -0.847290347326944497637573304941
  30   0.345705606134418253866244258758  -0.843072298138307683798232153192
  31  -0.375673874248207779538423685585  -0.833114196940877239672843593706
  32  -0.212132198786833819541234766436  -0.831204030192162423006184478738
  33   0.282996304124000000000000000000  -0.830766589603000000000000000000
  34  -0.048152537826679370890320463943  -0.829914906689243360498044870215
  35   0.114940127053777967947680604672  -0.827686701483515568472644923096
  36  -0.510404204189745725798613203551  -0.823793316831588144586246922831
  37   0.402681386324825211555544087143  -0.819116415384033959777571237432
  38  -0.272412699790000000000000000000  -0.817526144984000000000000000000
  39  -0.449263735302765544723666492136  -0.814739758905430738960090467487
  40  -0.107219806782739823941592388915  -0.809839851349270098885989620792
  41   0.056324251219864750190283053787  -0.808083055213871046951949362585
  42   0.219851060578890954224168353522  -0.806317688056743698931629901412
  43   0.543800057973547661928614094889  -0.802140497331311166925945934299
  44   0.482296155492343476156323783110  -0.796025448155335169396742771493
  45  -0.328971343955788818958125931290  -0.792596380279917309088119780508
  46  -0.165841098966828606411733043768  -0.790249690687094190859619848016
  47  -0.561879401599497343432296064358  -0.789581799787335642160927144682
  48  -0.002291624576440409042890920875  -0.788479408831776563242626521569
  49   0.161230126863564884783094162575  -0.786724708359242917651006374716
  50   0.324758657477707531208805674323  -0.784922928504448332931757726447
  51  -0.388005355774934070496902179930  -0.772549699005221178051381947316
  52  -0.224473579022858155630540645526  -0.770641548566060384387179732325
  53  -0.060923838824891766223940188121  -0.768891015008197046780337140224
  54   0.102609444929326113409203496058  -0.767122040787794646893558149106
  55   0.266134797734503484618802389118  -0.765343170700756809689244508480
  56   0.429717130484342473442566439753  -0.763535911746668389500033496846
  57   0.599376789528253192174294496414  -0.761508597906656001970834669745
  58  -0.508376637295000000000000000000  -0.758004672171000000000000000000
  59  -0.446635416634804389991948921863  -0.752988517720967685070619901591
  60  -0.611069070862937094016099308301  -0.752158541182619112335943071089
  61  -0.283124887609911125037404476890  -0.751144168027424797229832756988
  62  -0.119565191227757095568023431970  -0.749278185835953800084121956296
  63   0.043993569095412895651744069123  -0.747518394518150125372875186270
  64   0.207513971662311157316044446955  -0.745754332106908132885536713296
  65   0.371049657835374801479772733761  -0.743967626421673084007837675480
  66   0.541291622551847721717071459890  -0.740384270126459669711192589897
  67  -0.341746805686297419020350746672  -0.731558597627573456796235257643
  68  -0.178184528586982373486967684245  -0.729684892738380468833715271909
  69  -0.014647585658624181186758661921  -0.727919900308526152440228566545
  70   0.479382840855000000000000000000  -0.726169172830000000000000000000
  71   0.148894638522598923459743277801  -0.726161026385373693849137081228
  72   0.312427975237067123486446615308  -0.724358267832382858380401437558
  73   0.646927802185000000000000000000  -0.721502267643000000000000000000
  74  -0.557771363043827735268375473666  -0.720848630337803786455639424214
  75  -0.400379906293026029146566758352  -0.711993986258055290505382544246
  76  -0.236809109802838879437381180961  -0.710077875236099401239028886304
  77  -0.073271538555910688319962740800  -0.708326732026100759350880246707
  78   0.090278762688685705698540048448  -0.706557380115729172339820688322
  79   0.253804115493863076896443330103  -0.704778510028691335137888219592
  80   0.417338292931763965901286063129  -0.702981075212424890058141497031
  81   0.588628410535569820107651946072  -0.700643203831929747016876046265
  82  -0.635815984511437277996097295310  -0.695521855971390918159601699148
  83  -0.459016723505647292814240721312  -0.692434186026099666723085297850
  84  -0.295459912095000056337041559088  -0.690578971745700245894109900438
  85  -0.131906547803491622316259541114  -0.688715699388379231551415423416
  86   0.031637608046795144839151608314  -0.686958885988051236721503802904
  87   0.195183289421670749593685387940  -0.685189671434842658334180424408
  88   0.358715072185836490117918468211  -0.683399404287390491063318588954
  89   0.522232838865283130622708381671  -0.681588976001582476953684139654
  90   0.692426618410972950772623980832  -0.678006827861565027174632471897
  91  -0.694440481179391966333943823332  -0.675944005045155969988914297947
  92  -0.517893096454605886001109114935  -0.673627363986817858951057736905
  93  -0.354082339149295670672267492901  -0.670994924842522426275995736782
  94  -0.190523999757544963983718709557  -0.669116766426191539991681882341
  95  -0.026992968424221200489265026699  -0.667358234452863139506115947391
  96   0.136563956281958515737384218786  -0.665596365713308219297780792339
  97   0.300077835057022030911918811432  -0.663797571961419528656375869086
  98   0.463610323936859023552581154668  -0.662005192140725254090924107053
  99  -0.579046686830000000000000000000  -0.660724494810000000000000000000
 100   0.633794601641565873417182786059  -0.658451510006975028376194185580
 101  -0.412710950526622250716520308843  -0.651429399287192750840326056600
 102  -0.249143554115067857112175284394  -0.649513980625939121790881854346
 103  -0.085615123864185097661628581770  -0.647761726241522308748665570223
 104   0.077922801640364261441618256674  -0.645997871585569828239765280289
 105   0.241455320146577884382455376559  -0.644213788046740709768741160345
 106   0.404988152751718873326758259253  -0.642420379341461560334115928558
 107   0.569565011652000000000000000000  -0.641824647473000000000000000000
 108  -0.634852047358168108287559888400  -0.633722222657829002872817288257
 109  -0.471341013604604179213362516040  -0.631868224295117202411779199916
 110  -0.307794287171393646260122791239  -0.630014378142731298319969451807
 111  -0.144239877440412258889618735834  -0.628151577774100582754474168969
 112   0.019292225247627525719788356781  -0.626397220139231528031769622267
 113   0.182835987006865650526154207405  -0.624620482325206270732341528277
 114   0.741722218261347175911228904122  -0.623695463706786532947039779455
 115   0.346364932005791397543390664335  -0.622838708416427161339293020482
 116   0.509881635726797126353151420903  -0.621028496909406095761642875884
 117   0.680235088750648528313472957090  -0.617414002779848388355857526529
 118  -0.693476538077189005009783376188  -0.614144354163595217437440052788
 119  -0.530217386548505973555422649053  -0.613061402240004651202352056448
 120  -0.366420482235252275248195942325  -0.610431783642345727053516232332
 121  -0.202858422595015822994637057148  -0.608552867442485442665425377733
 122  -0.754939438960669211964951433110  -0.607630088139739028560871564814
 123  -0.039334323805720760983824644480  -0.606795747761928701266035910638
 124   0.124207995267277477057427592989  -0.605036857176285220745141436473
 125   0.287726631974136876342458776109  -0.603237092857903452039153901629
 126   0.451259871053627750643311168734  -0.601442467361648589060362643564
 127   0.614782830772681010317166430170  -0.599640997211462863900106110595
 128  -0.588587552487750502519667213114  -0.592737830332804455965022457249
 129  -0.425049141481576080178784479573  -0.590866267839081725715105281803
 130  -0.261499817494001675209796758550  -0.588954533781103277056955261846
 131  -0.097951100393013300392748992975  -0.587194559620946402711506169140
 132   0.065577418840900295349790800000  -0.585436205736810529328481109622
 133   0.229107298834424642486157606955  -0.583643787136369013002754269560
 134   0.392636949668833718757298223930  -0.581859900237945483716893961101
 135   0.556159610026753534533798142166  -0.580059326286428464905285277464
 136  -0.647212043266146431119943657467  -0.573159962016364847861552766372
 137  -0.483680650434499938525495588438  -0.571305387425066611452112608269
 138  -0.320150092976041963833675539262  -0.569454045768674897952920035089
 139   0.784184210031810573388082500588  -0.569388272840021018139450310749
 140  -0.156567913215299977445483070768  -0.567586378354176539263990968098
 141   0.006950869866127965225228738999  -0.565834733448297089791689585513
 142   0.722537250743622155462362650093  -0.564941222428510162096092832136
 143   0.170484783923980495956694172082  -0.564060003221690194115119560820
 144   0.334013728922906242973930629012  -0.562278229312911084722071053025
 145   0.497540280345297565858591803122  -0.560466010218471657521562839131
 146   0.661050121232923507864606703061  -0.558659761501572017504910579211
 147  -0.705833895211635451930550260746  -0.553574193680064016610664076454
 148  -0.542316324970107339957608726268  -0.551761039940527740978768977842
 149  -0.378773493031382956834657746145  -0.549871673246865453047285550033
 150  -0.215185365212429188752836812799  -0.547987445520822276192117758176
 151  -0.767297979828808996286613463456  -0.547071106027647697014710583362
 152  -0.051665006046361228454405837600  -0.546231087089863238879138786608
 153   0.111862612434168516786263115646  -0.544475191334384391250079143745
 154   0.275385276592637315847899158328  -0.542674606166969013799073864875
 155   0.438918515672128190148751550953  -0.540879980670714150820282606811
 156   0.602426900486996032081238415057  -0.539078090576537618510089746081
 157  -0.600938896701870854948318428727  -0.532177379799140730411052146752
 158  -0.437402912071114144404981679669  -0.530306312430716839151830409506
 159  -0.273801285641439262444684439429  -0.528383932593236092565537319350
 160  -0.110280881841396532436717482609  -0.526627440703971824935254908246
 161   0.053236063459400734855231182219  -0.524873719045876091088401072868
 162   0.216765943452925081991597989174  -0.523081300445434574762674232807
 163   0.380295594287334158262738606149  -0.521297413547011045476813924348
 164   0.543807570805540063406032076013  -0.519484774508580811126367307748
 165   0.818885362966989661025135233477  -0.518241876761593450045774432454
 166  -0.820521199654128423148032321762  -0.515647982085750954996241860759
 167   0.757240708183461053215370153671  -0.513762994818333206394948577048
 168  -0.659562679386094683135646142867  -0.512597390085001789800934745534
 169  -0.496033061962941794557798528239  -0.510745154794452519205406807739
 170  -0.332451561123479551068563220142  -0.508883444580807713461502092592
 171  -0.168895878045448439323350094865  -0.507021164493506471199163564651
 172  -0.005379812374512502245352454121  -0.505270072776231627404792461483
 173   0.158143428542480935462134554301  -0.503497516530755755875039524066
 174   0.321672373541406682479371011231  -0.501715742621976646481991016272
 175   0.485185806132370687696191823844  -0.499898744960823304425087075428
 176   0.648696735329586687593081593242  -0.498099727621418695232569529185
 177  -0.726087861431390578061612838784  -0.495056677447164438326280919704
 178  -0.554668391576119856470965022758  -0.491199772526611274507186882752
 179  -0.391074517407895573606745948710  -0.489300981933900223582832985884
 180  -0.227513330042577650630703836896  -0.487422231660152208127290354730
 181  -0.063995688169547806227664099129  -0.485666426390340213460908583122
 182   0.099521257052668956291703497865  -0.483912704643449953009999106991
 183   0.263057452498579658644064038140  -0.482109241710665804272837613545
 184   0.426562884747576655810178879040  -0.480316177837120199081618392965
 185   0.590077405648130718917875254198  -0.478506411553461887848847090852
 186   0.707041939351562290782609681268  -0.477704605300723459385196010002
 187  -0.613294019683512797394081919651  -0.471617700284214445994788029253
 188  -0.449703128901765283285107534981  -0.469735457122565167174189114563
 189  -0.286129250471587724322551463527  -0.467818718732566024500709915903
 190  -0.783115223327765620126141928668  -0.466440184102578660397861309062
 191  -0.122610684373599713114296711386  -0.466060150179874859724817239527
 192   0.850255577753005101963491590884  -0.464987454681156436551938916382
 193   0.040906193730391308722520454270  -0.464306629091023333075732980186
 194   0.204438075622347650330219451169  -0.462516066840717972348008037854
 195  -0.851722737840404708999154431290  -0.462294558000202126298484304390
 196   0.367939664001649180006579220396  -0.460734506912085800063953743960
 197   0.788673673519000000000000000000  -0.459571302896000000000000000000
 198   0.531455640974961343208035002029  -0.458920382005704381147566858531
 199  -0.671918174030509039362261693381  -0.452037786396289234898007624163
 200  -0.508333191728562477981827804723  -0.450174281805936238478050792410
 201  -0.344779525953628012946430244240  -0.448318230720137645396674689145
 202  -0.181226698275033998745141646501  -0.446456531915509907767852530501
 203  -0.017710494495041191118933208249  -0.444705412079711967614813605166
 204   0.145815560711903503800756016296  -0.442932282926039153460373329114
 205   0.309324742958822156171272247305  -0.441128006000774957854800341233
 206   0.472832719590167311322022057225  -0.439337814882001275804098176069
 207   0.636355275520288860267613373335  -0.437537122971187519297753202682
 208  -0.730859002516565523578313846461  -0.433433953882010043499366585719
 209  -0.566968521341740539894994299242  -0.430628899538094993779830867423
 210  -0.403402482238044035484612972808  -0.428735768073230155518005582437
 211  -0.239844150202977908195915565646  -0.426857598875232843277864409446
 212  -0.076325584044486983966590004280  -0.425099030141687340408192835228
 213   0.737915048149567226887290396089  -0.424160464631658376939510718085
 214   0.087193389222091524630324959860  -0.423347471038733350595332912039
 215   0.250705366082590147857427660334  -0.421534831130827125929970765542
 216   0.414209498844239835538653769221  -0.419756143956966876809277342938
 217   0.577728772993889597613624647855  -0.417945408272367798919540761719
 218  -0.814004977669664570377050546847  -0.412904207391649198857996887388
 219  -0.625591423121430630827532607970  -0.411046273724101419576376291974
 220  -0.462031093731913745162974559078  -0.409170243261895099109361711116
 221  -0.298482533059737823368457575604  -0.407258663777675282461481207317
 222  -0.879459766965603692200351901687  -0.407060681962484635200532394542
 223  -0.134941504603185272536088263021  -0.405495517601878296293506205377
 224   0.028580095006480306519772539650  -0.403736107291245629151330018014
 225   0.853801549482716848962352049807  -0.403282107009061077013758136887
 226   0.192082851172146001327964225461  -0.401951047216148307042336056801
 227   0.355594577801412811703346796131  -0.400149643045656034600123940211
 228   0.519103180967048140422412350078  -0.398360159263420943575273095164
 229   0.682617635519625053460387224006  -0.396550321508595959024560509205
 230   0.792523563524908812597241665337  -0.395211649537717817559533433614
 231  -0.684215205501859352980936739836  -0.391466284289624851591658874087
 232  -0.520661156558710939859694828821  -0.389609067945266170413223388964
 233  -0.357132578261159647032595950648  -0.387757483179740806610572228165
 234  -0.193562250339055832951801890853  -0.385892862920658829712262561842
 235  -0.030038361233498149085095578409  -0.384140178252697597448087785268
 236   0.133460679682334022032154630083  -0.382366235328842504035744874401
 237   0.296975200925180803389502209160  -0.380556468175708202675294364520
 238   0.460479333686830491050496947406  -0.378777781001847953531757126042
 239   0.623995952571149333258645548881  -0.376964047357280959190109241984
 240  -0.743156033998001652457805504956  -0.372862451807299630297562480318
 241  -0.579296486171889001772861323339  -0.370063685677424925715003463976
 242  -0.415757725827885056629591708784  -0.368175625921153613035322744806
 243  -0.252197432791128007241821677722  -0.366297543920342101238635700860
 244  -0.088651537146168432414010341357  -0.364528460931859852303336408992
 245   0.074847385466722803921602209852  -0.362754871581354782591741980353
 246   0.734177427181292412551195784952  -0.362466428969046779840338850110
 247   0.899207879881900116965039431880  -0.361348957753105061097391873707
 248   0.238352686014736656860038774287  -0.360972684261029383787659655780
 249   0.401864412644003467314265488651  -0.359171280090537111026410971927
 250   0.565372950316058427530706479407  -0.357381722330826983313913287713
 251  -0.801444731255715922188554606341  -0.352306391415273825170322159439
 252  -0.637919387951579092705399632067  -0.350481059863431351511548888528
 253  -0.474387839161385185807161927093  -0.348610894774371591180892924042
 254  -0.863062239247987806334459438646  -0.347468359205336648007341686893
 255  -0.310834206098788187815887999337  -0.346698280522790943350296275573
 256   0.829028435307578808325669840258  -0.345336623893885782998681044069
 257  -0.147269232341257967583455927712  -0.344930255481930097399583042902
 258   0.016228929226744348316734091793  -0.343158942542806750888499747606
 259   0.179730514524924677689603422229  -0.341387872373723580922632096560
 260   0.343245035767771458901399739589  -0.339578105220589279397835518289
 261   0.506749729536976804434444066178  -0.337800051505048817838851439617
 262   0.670271872049468509015073034660  -0.335988732946433476272182360403
 263  -0.696543170332007814858803763934  -0.330901070428954783526831470640
 264  -0.533018073761714201957504924929  -0.329049754400630108200922684040
 265  -0.369484251300210011480026374381  -0.327197099924856467499387296420
 266  -0.205885108372696762322850846593  -0.325326609802896869770990601093
 267  -0.042384246685925934987310776537  -0.323547225221969005669420178425
 268   0.121117220309313459579051002019  -0.321776508626235859478629202535
 269   0.284622520857327312371936304716  -0.319994321305910460510200809548
 270   0.448134842520888016474396620641  -0.318193448868864619681186439748
 271   0.611643242167850210023221186557  -0.316403875392510819057238115000
 272  -0.916176524246354683041219182536  -0.315861452112830135602839577581
 273   0.774725324275316055135366486682  -0.315818900759134647707920981289
 274  -0.755170747569404459132015289225  -0.311332446713548276029851872160
 275  -0.591651944685558385436568617024  -0.309499996669955828482144259382
 276  -0.428107306831484801307802147402  -0.307614553763622845341053235267
 277  -0.264502563628108254284103961453  -0.305727686714576154920138933092
 278   0.875295353218117573639695376622  -0.304354967584000669520472837842
 279  -0.101001941881015470181612427262  -0.303949019772039250840010619413
 280   0.062498764069335003974182883960  -0.302180579587687827775386969789
 281   0.226000349367515333201500952658  -0.300409509418604657645173250329
 282   0.389515431636726968280463522919  -0.298600375745028727574918242218
 283   0.553019564038539855706072756462  -0.296821688164865932636982573440
 284   0.716530906656234891562499147594  -0.294997430954674277611432347921
 285  -0.813792081025427580328849732444  -0.291745126563006409964599286085
 286  -0.650277087459514379198802291036  -0.289918411299052276811457712950
 287  -0.486738088901063673258621549677  -0.288050221246002947563136925071
 288  -0.323118490113133217307119882673  -0.286124191894921466401099681218
 289  -0.159617817912454264921007346144  -0.284345374093006023211418177604
 290   0.003885588156664720670138015630  -0.282568862266850082556307400608
 291   0.167387055151904115090948532448  -0.280798145671116936201170356304
 292   0.330892916726282821751000088046  -0.279016591830349908687283533478
 293   0.494404681768853783031703880197  -0.277215071339086926952200595666
 294   0.657906796720861011227310552727  -0.275418422268653511216691751862
 295   0.820992242185854820449392023045  -0.274837244449249534229712775062
 296   0.929409456646544265913741671129  -0.274492153634548122416676097624
 297  -0.872427999596014174171388715320  -0.272201511231507037073486991019
 298  -0.708902105809984009258969017926  -0.270342122829345403871662666481
 299  -0.545370741271646729579368842579  -0.268489573463741245235376339465
 300  -0.381768535314555040971258257717  -0.266623011296986990550190702065
 301  -0.218235273167865756882260461004  -0.264746451004685308360566509604
 302  -0.054732107038424814524163635095  -0.262970656816920327726897841596
 303   0.108768598911925659486080414389  -0.261202216632568904497928123557
 304   0.272270745236470842580564735989  -0.259431779943044105822255974258
 305   0.435785266140936386417494588500  -0.257622012407833930400969321140
 306  -0.934447986921559717010621857341  -0.256816744487585106968707106092
 307   0.599283575975376555572076995302  -0.255836751342292807287783273354
 308   0.762797824566773656876524683958  -0.254015774644789164133224141695
 309  -0.767526013896022219891050740535  -0.250762509769792290505640073317
 310  -0.604005122211208540326117121763  -0.248939920284090436789470311476
 311  -0.440391439989662955702390991114  -0.247040394150770560478160316172
 312  -0.276851199652890719905276382224  -0.245142956185030619841527257730
 313  -0.113347983069863609263558553977  -0.243367011137887100098305399787
 314   0.050155567569699606339232402679  -0.241590067242017508739216427821
 315   0.213657492827714096586143537104  -0.239820291246123348119174306145
 316   0.377162751230492239823574632368  -0.238038228493155111440554922619
 317   0.540668694303085791167601054756  -0.236230132730573157491428291045
 318   0.704173714750907293194718987432  -0.234436765600935075552446980196
 319   0.867259164527765764019073373441  -0.233855593142235792883833615124
 320  -0.826151034717211074037790650587  -0.231186228699138128721544236087
 321  -0.662630422293051810997367980360  -0.229355891348179470466686648631
 322  -0.499020335159209202567414285508  -0.227475719401610126595181672222
 323  -0.335478633026706900035461564118  -0.225565536741441436376746322048
 324  -0.171965438325275101224811668837  -0.223768088049566385247453731787
 325  -0.008462272112870426327801416577  -0.221992293955478114308944277723
 326   0.155038994807653335522201360064  -0.220224487187238401195532079115
 327   0.318540556144820998423371554118  -0.218453389963109559207861689438
 328   0.482049278078106584364127562199  -0.216637075585637259436707577799
 329   0.645550493885902206092401730061  -0.214855095032392887646569349798
 330  -0.890699462271219208140791390125  -0.213156803606262008439354519531
 331   0.809064746908684600446206034354  -0.213034123337775422787344981757
 332   0.925375365268740222696496558242  -0.212816794263097304727165738927
 333  -0.721256160476049226129346590412  -0.209779698784629572951235581397
 334  -0.557650398891058147881589755365  -0.207914546797663039872818603766
 335  -0.394125535358515177789900411303  -0.206054906466501061739516389112
 336  -0.230581364810300064247827590056  -0.204164593229911696728414479912
 337  -0.067078148144309221067196335459  -0.202388648276444886680351835914
 338   0.096426613169850327336926117796  -0.200610396191563585543915052676
 339   0.259927274878899330785215981046  -0.198841654811645730374914072057
 340   0.423426763167662437834669180435  -0.197053291670958440549057742976
 341   0.586936179576662315610960375608  -0.195246780344492885826753119223
 342  -0.949530091478150784454154176702  -0.193753673225700726009707606546
 343   0.750440637092818236764400337827  -0.193455114293921334206567820258
 344  -0.779883717020135283029521500612  -0.190203356701586611010870705047
 345  -0.616284270231081589112531414803  -0.188364790315198691038940816790
 346  -0.452751596134201269361199282277  -0.186481740019356138109481554790
 347  -0.289204585556227539961617666238  -0.184582922304877297525291766600
 348  -0.125695603399720713028449450318  -0.182789725188124171829500167913
 349   0.037808124219150866922248558902  -0.181014565002792735200798525372
 350   0.201308724104298378693740948445  -0.179246005057500280258045037018
 351   0.364804591679692851688356921453  -0.177468479778137901039310146955
 352   0.528316196345002257665340491300  -0.175655419678067167792877911808
 353   0.691817416227813149662083080457  -0.173873443725379146300690189861
 354  -0.844453762527411087427482047793  -0.172151205183026863026926185642
 355   0.865560073568599460570493073455  -0.172071801280983391630211811499
 356  -0.674905650294296644582137364617  -0.168777609652168813716172842349
 357  -0.511380491904771984961512640719  -0.166917067071268445079114400621
 358  -0.347829022114412073442859319107  -0.165004891630739617665290372855
 359  -0.184311529884745676051465371538  -0.163186230368469483310460916039
 360  -0.020807751812287927817146359980  -0.161410919323759507572206083563
 361   0.142696492198364435973745642331  -0.159631302219789239098593292063
 362   0.955947199973681726507758817341  -0.159100067169799696039010872914
 363   0.306191476434462713594381632340  -0.157856581142578683614179758836
 364   0.469693681434558111135882109536  -0.156071635763388348905228076985
 365   0.633203101918573259180641726003  -0.154265129037479144480873959285
 366  -0.903362045310612221302878409306  -0.152660664575638281151958979045
 367   0.796708611257590666735897303282  -0.152474650432094972039518387184
 368  -0.733531414107217292693079112211  -0.149203553756833198407295182905
 369  -0.570010555636620930275688110576  -0.147355894467321358356751332162
 370  -0.406475482918169531124176715639  -0.145492934219054359065052115273
 371  -0.242934750650884464240254157665  -0.143604559336957772931323092317
 372  -0.079425207067699419778399474840  -0.141811996235438792721354415561
 373   0.084077813732080718545239442622  -0.140036037952407573321348297039
 374   0.247572841347997797150047748744  -0.138261187106174532671893206860
 375   0.411071509946588524989569850554  -0.136486823870567809395480480965
 376   0.574583118686913201235021841695  -0.134673768371053426446998751871
 377   0.738085390378379308556758435786  -0.132892979906083239596817165623
 378  -0.792149638292167992230582852120  -0.129606930572086801332089056541
 379  -0.960469577005783438667475376391  -0.129018917713769816424517527299
 380  -0.628638252434401348112102310075  -0.127787628958349775884462596488
 381  -0.465101534557525977586843295918  -0.125919740406556858491552614650
 382  -0.301561731786593124626392789296  -0.124023655599579083964194767831
 383   0.906116735885188040828070540674  -0.122534390701167953595624704969
 384  -0.138041133552724382801415396060  -0.122208501415784104202315163688
 385   0.025461930701525115785811142765  -0.120432384370530364689241925846
 386   0.188960768625722311840759600609  -0.118646173008785535226364082081
 387   0.352459700241042577158029802279  -0.116871023864375123970297844224
 388   0.515960603776469054705563459931  -0.115089984456374607559348917047
 389   0.844928457230920420852480617414  -0.113809804626758654582465412852
 390   0.679471076069139418362282042260  -0.113284665218183236919188589452
 391  -0.850990963565058196438581932642  -0.110690739439302916799698222177
 392  -0.687262231055071347279286540420  -0.108208227089924224123605156165
 393  -0.523730882409334205996769729257  -0.106356422249512307731541229134
 394  -0.360186680548400691618467609415  -0.104445729443082586816369249769
 395  -0.196664085981153667047875247499  -0.102626027225422044381020406561
 396  -0.033155533237036441139592023151  -0.100833451477893526204694120670
 397   0.130341971006355493188089626069  -0.099051265188083899694931657994
 398   0.964144914081083663025761645768  -0.097838975682172882807298782372
 399   0.293839760711303705895055163727  -0.097279532436414944142474424086
 400   0.457338432288499468559251200950  -0.095505172563554068049601321027
 401   0.620851092837479360129897473552  -0.093693304551757519743351844869
 402   0.784351255596194748144697102171  -0.091910135172109310243980386780
 403  -0.909635403093472057635608524111  -0.091172707795710140137632483316
 404  -0.745884392848922786971997955588  -0.088623386180241457958711126294
 405  -0.582360945770558599464168324473  -0.086795248534704392282957103698
 406  -0.418832260229526983004183974365  -0.084931123510416698285841396577
 407  -0.255287306687436904884090123007  -0.083044356181701507030162727114
 408  -0.091771460084423855619079523079  -0.081229956249088332531908619647
 409   0.071726094975437804460047255378  -0.079447619507492539162927385236
 410   0.235229179902395202415460672068  -0.077660060881745451481864659821
 411   0.398726622582953520727711152675  -0.075889372557361382624418684286
 412   0.562228577927035213600439091788  -0.074109520637078700855702010046
 413   0.725737139591507690346937269955  -0.072301227710673126841359083072
 414  -0.804683892132238759900298957735  -0.069084072679264602416321165951
 415  -0.966740865298359275599899373960  -0.067527623037810104140084021651
 416  -0.640987685881372997254974177020  -0.067224116967492818860672260804
 417  -0.477458696977412804686807210180  -0.065359083221059483555436158471
 418  -0.313910527539777866443619859587  -0.063462685575245708773248268929
 419  -0.150394412512853139865539374518  -0.061647482058726272710613862520
 420   0.911811867065261890473197623266  -0.060990184406667939132192092588
 421   0.013108639720670843430576589236  -0.059848696417244128444187202567
 422   0.176608891877646377393811323035  -0.058069612220789045914336255026
 423   0.340106683053214649464736514123  -0.056297881129401202796595264148
 424   0.503606406439065627454126832806  -0.054524708744258161345954414025
 425   0.832574747549132295635151918676  -0.053249836793707641118220227313
 426   0.667116958198536009061185355691  -0.052710459979489751870221966301
 427  -0.863337408067518627543979494546  -0.049494991095268194118797830231
 428  -0.699611640256122540292592739771  -0.047644642502907130194608400973
 429  -0.536088543861265192595305941157  -0.045797260677694472122535293746
 430  -0.372534964125942087522171613136  -0.043884654984890379225646128635
 431  -0.209018263729862792157785112426  -0.042065099104098934553680475871
 432  -0.045507286764327265319315909741  -0.040245201597509143625243837841
 433   0.117993715207390027962046492909  -0.038463875541013024245152212416
 434   0.281496102244306145985142022463  -0.036678409574731710135985499883
 435   0.968420825185439069291872978705  -0.036179909592345271346821189284
 436   0.444994596739209494933363416405  -0.034908908721064365999741111624
 437   0.608494443288091862531726973927  -0.033126676064810932982572131478
 438   0.772106731821000000000000000000  -0.031320223226000000000000000000
 439  -0.758234784157061611725711968078  -0.028062741522362129085656475780
 440  -0.594718624944751333116204975234  -0.026236090345294820463994387914
 441  -0.431180537510090240842803767031  -0.024370030487181671300553758480
 442  -0.267641954564335115470405801089  -0.022482897854245885817620737797
 443  -0.104130239192756549565775761180  -0.020662727407147083803949080713
 444   0.059375560878577715165813664548  -0.018867043400954737770403278647
 445  -0.930154705932566907219630752529  -0.017712195811870121336510794534
 446   0.222875814219557320963492673431  -0.017087960913775304568457095088
 447   0.386374657203786499897083688752  -0.015317417310111721981873664115
 448   0.549872271800122276385414714946  -0.013541864171990393472824535457
 449   0.713392707900656340688822582758  -0.011738776631733717011822513614
 450   0.876790135680242835912468227013  -0.010062763504848064940410688202
 451  -0.816860394501182374550655289599  -0.008488225982472010557643965992
 452  -0.653344376121287210970172837194  -0.006661976917172912205700307238
 453  -0.489806481102688325662814508601  -0.004796513053680183009457490900
 454  -0.326267885624831600315023013434  -0.002903179977099860731891297346
 455  -0.162753459857704217283582942675  -0.001081056239676932022853923439
 456   0.000759634303127886185964001028   0.000736451148322786638588728767
 457   0.164260706383104863319847224019   0.002517981556892327566769621997
 458   0.327764076356834092200988690001   0.004302054346826284906714879025
 459   0.491260689841799137346369424082   0.006074616327448047615176019336
 460   0.654765755115532077386223813693   0.007850019124160449094074478401
 461   0.818313042725903593226090736440   0.009951067873767245734897228150
 462  -0.875478537951715812553611449111   0.011108638696725091357373885487
 463  -0.711967858302756324791857804780   0.012918912114045203158673025834
 464   0.933399093676770794442964816510   0.014747511007728623291816115451
 465  -0.548436826976607855997109130572   0.014763813874739143136724818626
 466  -0.384892651528397688534714042018   0.016674501291475206100907923708
 467  -0.221376680686197207070414005004   0.018500614438174455577564458124
 468  -0.057863318125301398060495850411   0.020318925338684846459883485895
 469   0.105642483246305711915819769783   0.022114607876912408520028083360
 470   0.269143788305522875594774089138   0.023892502978456308685810718162
 471   0.432640522799035536633017571052   0.025665426997774359890429262397
 472   0.596143583627378455756561098273   0.027434831017188803392157567949
 473   0.759611612339725209366414810954   0.029297021390167832831984280845
 474  -0.968610845616268488116581290537   0.030674260634843473470120335043
 475  -0.770595561604803884183076953619   0.032495784117959276928528159856
 476  -0.607066890255092353921084460802   0.034324987837540627619787470499
 477  -0.443536638527512499927963702536   0.036193892565019917466188450376
 478  -0.280001117236059215502779876268   0.038078645137233096565238126075
 479  -0.116486538790249065778303031906   0.039900596506154998240978643169
 480   0.047026556670855882935970106263   0.041718102426189932929020090774
 481   0.210528690745791946721975233373   0.043498478264143920223994422313
 482   0.374030179275228191881719163927   0.045285607396113554759652192519
 483   0.537532385288240833585511056573   0.047053151778087555140845328403
 484   0.700989100557377617613186830468   0.048880814668554860030726720037
 485   0.864827937355613049404812065806   0.050651048517854848531358470852
 486  -0.829633439505494255800833943802   0.052561633706716021181764361505
 487  -0.665692175874973752404616980122   0.053900475898618605160822895167
 488  -0.502163794467600239447912209542   0.055763778441506627442951312559
 489  -0.338625728646382853260307048875   0.057656152226508550630889281847
 490  -0.175109759618742055565134094234   0.059482267184006385841397024732
 491  -0.011596395757573401310489745176   0.061300576616551992750314847901
 492  -0.910480346690962730090061045593   0.062074398368102943354340180685
 493   0.151910456902802600255647063395   0.063095072559344746252128172717
 494   0.315409654255646699807439058229   0.064875346885721358976898108561
 495   0.478911642989120983654332937966   0.066642338584627096131698704996
 496   0.966794460744028802502002899064   0.066755907496037877789895343008
 497   0.642366929069408150199322082564   0.068465626561375754935968399520
 498   0.806115732584300790342938356548   0.070542729611597415085249652546
 499  -0.724316116422843640651091227245   0.073479991762957434938612536481
 500  -0.560794519404485031491838434763   0.075322969125618148814773252658
 501  -0.397250340765445166377327270438   0.077233657193474369041602859190
 502  -0.233734196168604063997499965499   0.079060297883065026829070692683
 503  -0.070219616422521069028296926671   0.080882247784022144531410005176
 504   0.093294530253229839416977565357   0.082698566886989115012271274805
 505   0.256794892748280123253775067728   0.084482324732309971365152793925
 506   0.420301826392602502643870409035   0.086264313014512167040324772944
 507   0.583756640718827637375941088097   0.088085971775053452991620501961
 508   0.747260418930097514207362120083   0.089857502466526931677959400944
 509  -0.964685509412456066963219231928   0.092356637230830099055619342442
 510   0.910661798257362898351105861182   0.092625736428601956098408733467
 511  -0.782940729531091478011989570737   0.093057493767818396437479227376
 512  -0.619424582682527099442134045147   0.094884143089751152270758671659
 513  -0.455893137723030171997016444195   0.096756623459734676597335988805
 514  -0.292358807531223093962735609097   0.098637805115191359211907961483
 515  -0.128842837251014062252896118180   0.100463918461873536012954358764
 516   0.034671577824800555170517713918   0.102281041077351174833566031933
 517   0.198176323559271557246232432014   0.104077915896536039527873261099
 518   0.361680403965533679545043654661   0.105852676814928228980966704729
 519   0.525135181764480392690921176770   0.107672916327633887842799216119
 520   0.688638247442128046793497372179   0.109442314359347826583201080427
 521   0.851969545557349281837348502321   0.111999515611813048630057398372
 522  -0.841991132016360123343144512519   0.113120788940660366350526828116
 523  -0.678049195812951924089934460943   0.114461645028217407814594156461
 524  -0.514521204958550646184013931408   0.116323779080043157931126817427
 525  -0.350983419697990010416708209972   0.118215309939306294275505909627
 526  -0.187467273800876070685261989446   0.120041949160932177000628026717
 527  -0.023951720570964896545620623520   0.121862800004699091507447139939
 528  -0.902934279643330103599470080013   0.123419167655750542603058933745
 529   0.139560396854509204556075549570   0.123681410059159365158799427843
 530   0.303066207553253802906436286887   0.125461450078252628144152435829
 531   0.466526091894795352609852696134   0.127296841304285769063181600678
 532   0.630028671964549932070495745568   0.129064788953069606330010399954
 533   0.960264041662000000000000000000   0.130138885715000000000000000000
 534   0.793216327472111362274192163173   0.131187616389913808287994727257
 535  -0.736673808921892316316880722639   0.134039147031006071280557253350
 536  -0.573152211915358431831806644225   0.135882124359560956841928639068
 537  -0.409608032598680330240055714074   0.137792812565695934235855875244
 538  -0.246091885049652836220469924348   0.139619456733957833102430204424
 539  -0.082574958671160202173499679754   0.141444490182653365528911772059
 540   0.080937444426079920309615698131   0.143263884249521424980094184971
 541   0.244447042289285373630477926520   0.145055281949646802765577417557
 542   0.407904315220529748899818256161   0.146882834932248796162494982991
 543   0.571406501179191436358013697189   0.148649602948978273509716948164
 544   0.734594155984141894860327415269   0.150772428282734703193236406740
 545  -0.795298422041957345554300139454   0.153616649001762741606241693986
 546  -0.956836171253589958126830141977   0.153663339452608816503060558363
 547   0.902833450098530615106102652257   0.153935122430634192454744735674
 548  -0.631782275193398552856738750699   0.155443298323694357587223838841
 549  -0.468250462397148856957525987005   0.157316881664471673672549784105
 550  -0.304716497330262010782697150273   0.159196961217173437309991520897
 551  -0.141200198006526349346590187970   0.161023427224588900454548996164
 552   0.022314248036508719111534077361   0.162845628091984618790811312430
 553   0.185831115307263693462544700118   0.164658775283243799472245670039
 554   0.349290289156728683538937073757   0.166492011239124322686109876846
 555   0.512796708923793019238386126955   0.168277128073256739591574944536
 556   0.675985656293876486394612882394   0.170398115809500195985140862551
 557  -0.861560742432000000000000000000   0.171857000299000000000000000000
 558   0.844141197398516998592345293396   0.173308901613845284986393400579
 559  -0.690406888313004097502817843423   0.175020800294544790272558434010
 560  -0.526878384697246295946743353755   0.176884471542017056865871308466
 561  -0.363341109609495396056740037758   0.178774465704508840406472821909
 562  -0.199824963624035724747716739383   0.180601109096484919008405462114
 563  -0.036308997064714254775243111706   0.182427226102464144503427162901
 564   0.127207379954266334763257273702   0.184242133517389759780977969978
 565   0.290670985311893430442957205242   0.186085404604975017999300599679
 566   0.454173626736993467084878657736   0.187861788782176652328786548799
 567   0.617362411537598988069711693072   0.189979714852674936709127393286
 568   0.780864908474726701419668135266   0.191749755072035137574842033444
 569  -0.749031501432758183859191291356   0.194598302264950416449319719960
 570   0.949350255263206969122987908651   0.194632919473147665612246044975
 571  -0.585509904425764814782776888851   0.196441279593599064370341260211
 572  -0.421965722510484284177958819632   0.198351968330004421750160109444
 573  -0.258449575909749376587358168175   0.200178613564415224639225821471
 574  -0.094933433602536553393244631632   0.202005256837574481099206692052
 575  -0.920105702842434241711221386326   0.203372458707924245866596775373
 576   0.068583286184001920963455005261   0.203824890600574228366239645232
 577   0.232055058250459716308162506150   0.205688897701124028440084954579
 578   0.395560606672708348617217596563   0.207474004003588605737644035313
 579   0.558755078152995681528113835701   0.209608884992750697403606015195
 580   0.722256456753044427183693891617   0.211377275586330897479981918643
 581  -0.807656114552363728505270384081   0.214175804235800849134654315129
 582   0.890846526563988928552096602673   0.214568755927391829580689601404
 583  -0.644139967703804935807708995326   0.216002453557732465115636459983
 584  -0.480607060674019361509756893868   0.217879315954093148120868225478
 585  -0.317074188188918561892506240957   0.219756118051943202034866106023
 586  -0.153558044845063981179945453141   0.221582764429313676870806356063
 587   0.009959710229001011007548230427   0.223406862169791278482223498846
 588   0.173432106306301726661524336259   0.225271373341221786706754640318
 589   0.336940288680669182328194409471   0.227064367710254235815937522130
 590   0.500131556526209091838442402399   0.229189655123564350519829064481
 591   0.663632196133848119521971044843   0.230958134542296762399301356487
 592   0.827133191029875385545443860159   0.232729870692162456575091609163
 593  -0.866280727671969273298874761701   0.233753306206651281378226076344
 594  -0.702764580823410480453788088050   0.235579955528582897800971055153
 595  -0.539235904983224431688557468395   0.237444143114307760728789789442
 596  -0.375698800917900028659365812230   0.239333621192513076687483085791
 597  -0.212182657131596223888378956663   0.241160268894792721546201500140
 598  -0.048666493650315895989307560888   0.242986888263125210111176652243
 599   0.114808917971614514204577883215   0.244853141298121701398324696079
 600   0.278324361605688155252365695280   0.246667860765895755869804351636
 601   0.441519780644211774944083717485   0.248805556193884744309451145722
 602   0.605025739205770067640144003515   0.250589921347868262663486409270
 603   0.768539459399896750979109470963   0.252399607280140956850496851343
 604  -0.761389193943164566810161535983   0.255157457498988523977732341103
 605  -0.597867596936171197446850851322   0.257000434827637171957297895443
 606  -0.434323413822001641031610802579   0.258911123808687639217142556585
 607   0.933857585624670960571055851536   0.258955382802167988931955444796
 608  -0.270807269410762018749091282513   0.260737773382330509688756949912
 609  -0.107292074653478887442759489016   0.262565490657243398263325908313
 610  -0.932463395352840624762649447563   0.263931613941962353374509988901
 611   0.056185665542010239801248097774   0.264434717368933153412994259257
 612   0.219701312407621693545393795200   0.266250446215014994033487599902
 613   0.382898228758236236478112601430   0.268392222610658092588554753044
 614   0.546400761698550556165164383925   0.270168729046261151866151219366
 615   0.709901445357791290619162442828   0.271937158726563441745014311612
 616   0.873293892815769157520676105071   0.273831129279654186278536507752
 617  -0.820013807062770111912581107807   0.274734959469838956569946163715
 618  -0.656497660214211318647715164025   0.276561608791770572666692394507
 619  -0.492964158532366683409009672399   0.278440253503988283299798056503
 620  -0.329431882139746631756449992178   0.280315276522890962959623156230
 621  -0.165917688260038182379483988226   0.282144125499019764013914573896
 622  -0.002438770021887227915262947022   0.284012751020362832212928529804
 623   0.161077746332873264761355996580   0.285832773260732356234852051329
 624   0.324282301683255209402283887239   0.287995715666299612642421582549
 625   0.487788985816553239270805699011   0.289784630116581545655773300607
 626   0.651313691745301055610882718491   0.291625517155885533070112727520
 627  -0.878638420182375656558660200531   0.294312461440689389255280758884
 628   0.815184934626779087034588056161   0.294889923761586976941897535475
 629  -0.715122273333816863861098811776   0.296139110762621005236262903739
 630  -0.551593387191120646816574891431   0.298003928867314624756553930643
 631  -0.388056495043848405416542289367   0.299892779139065042514625446411
 632  -0.224543116978904725865231994887   0.301722551612838870685647224532
 633  -0.061063380765730308046783401307   0.303590260105406251604517782458
 634   0.102454461743943950548750931903   0.305414253052808388707287065264
 635   0.265659350143221614085061244441   0.307578192516201716905738237819
 636   0.429167433993039401257282771511   0.309371296720298534618394240987
 637   0.592668717589886438218765913641   0.311149213480677936459668029148
 638   0.756092013694271066008996127296   0.313004849720763141463004867797
 639  -0.773746886453570950217472259709   0.315716612733026631413024189689
 640  -0.610225289446577581141057857204   0.317559590061675279334045729940
 641  -0.446681109038169806306371267183   0.319470278490588323491439279961
 642   0.914901420537582762675091823448   0.319536024900589494060968658361
 643  -0.283168806419623728771599404387   0.321301270127490252542327403213
 644  -0.119687992563899299039223169820   0.323167766033283384288026883278
 645   0.043828517292901867467885688285   0.324993990281430025874876232642
 646   0.207036195668690207953147757440   0.327160061842119186657852761083
 647   0.370551506855553356585423399371   0.328974789589045323093124079136
 648   0.534056941153541524151738019462   0.330765115176870136767131251471
 649   0.697835775647962408286075716953   0.333652720689313355447411496839
 650  -0.832371499573176494863551352434   0.335294114703877064098358784858
 651  -0.668855352724617702165989963679   0.337120764025808680079340929712
 652  -0.505321425064191813580224057831   0.339000695363004172304895108833
 653  -0.341794636358703286785315859555   0.340880146434827553845143558739
 654  -0.178312604464834803334967880566   0.342745271653427395955890193820
 655  -0.014797356732037368171037890240   0.344572925550150403755631371832
 656   0.148412911079760894532566372143   0.346741541634195218249509446919
 657   0.311928555315519761268200756572   0.348557266438947427356440734405
 658   0.475435388737902582597503240670   0.350351782449110629184115239912
 659  -0.903303709505804908522956290378   0.350984741696857007830691141602
 660   0.638876390225643661375781737056   0.352197658474718481024136460497
 661   0.862947095370585598776309529348   0.353015450571947780415217599704
 662   0.801181393638357357188465937827   0.355278620112105194674416312052
 663  -0.727489234898227800118169582737   0.356708728065448042962953750386
 664  -0.563951083259824211378430951839   0.358563083425441588687401567296
 665  -0.400420051571810706790329634187   0.360458550092795461905592098232
 666  -0.236937216722431617491873422415   0.362322776205553248910483965549
 667  -0.073423096226323865965462321149   0.364151704517956601511834115543
 668   0.089788481735610453566876718482   0.366319593910016524359840545261
 669   0.253305295538519880421940537685   0.368139503714608641115188007994
 670   0.416819461600416537925643868530   0.369955275317857417658845078061
 671   0.580264614344096137747645142398   0.371813559546382844790846411696
 672   0.743149044239286202157225316869   0.376547617974397740331225226138
 673  -0.622582985533245337132425514901   0.378118744565941895249199430942
 674  -0.459067739535119970205009600814   0.380023521440690535677329738743
 675  -0.790374658766000000000000000000   0.380761902044000000000000000000
 676  -0.295561829131259356944264072350   0.381900280304819829265963519676
 677  -0.132048466090874509642672878194   0.383730065752667832639745569208
 678   0.031163876152058922188940427805   0.385897118447482892621135478646
 679   0.194681943772439200938382328576   0.387720810301729357102530666231
 680   0.358196510060382942608421225732   0.389537752167759521922161733330
 681   0.521643062521062169355822468157   0.391400226151536002969729643125
 682  -0.857036788896605746827847442280   0.391966394960044682673769167576
 683   0.683990034295030673256632986287   0.394445533754106688574304281614
 684  -0.681213048811285458157357621376   0.397679918530075295994494630715
 685  -0.517703755220549059993707889903   0.399566845400042815601006342109
 686  -0.354186442821272954076238676699   0.401477780567589574816873041860
 687  -0.190673387250165053507853806530   0.403307918994167744418580454393
 688  -0.027460731075795904636780372902   0.405474638061106849403870478029
 689   0.136055991726104470150116024830   0.407300854633347631225863430287
 690   0.299573064122164932163607250016   0.409120199622954891258274754401
 691   0.463027135383576124683963096017   0.411003719020282791444459481274
 692   0.876540557277089048186858079365   0.413309244947808043832522514540
 693   0.625378580020894369064835171928   0.414062395753746393551747547540
 694   0.814775953163063003024836656977   0.415631905420934196053898512729
 695  -0.739880382144116741349420172843   0.417261046904389116434223154705
 696  -0.576335657493970185747702452966   0.419122506540543122162804205755
 697  -0.412820402217109538497610503270   0.421027272949988301575898579644
 698  -0.249297999658992792960244456465   0.422885423093434324774060008520
 699  -0.086085339924018880729165553395   0.425052152822560496840915539204
 700   0.077431052223090845110973890451   0.426878802810770739195135829379
 701   0.240949718694601205083706796576   0.428701499053801788280977853897
 702   0.404404183843542529366740453219   0.430586195870184895707776136543
 703   0.566756706996089351160431485443   0.433648100997768547631494721867
 704   0.730795458006641554609845748771   0.437107610989875307751162309788
 705  -0.634965720772010306772634559441   0.438683680504676522908099405528
 706  -0.471454361333631137653652741322   0.440576766170124540615845313087
 707  -0.307922613349006390092219060814   0.442462923356204070324969530703
 708  -0.144709950941924847115024761585   0.444629661086925946910008836786
 709  -0.795103328746958456273194347664   0.445019829574776011886079334240
 710   0.018806446639604759295568707106   0.446456327348433083218494857280
 711   0.182324809891834280392456961027   0.448280365518529145839446008487
 712   0.345781090064279548147336229197   0.450168246901417989683002057453
 713   0.508140779858603306488572113303   0.453251593866515336106224560016
 714  -0.856295210567114037670985237521   0.453769096425460475705610171012
 715   0.671647449158599267823194691596   0.455041849087826123120403631909
 716  -0.693604196057174399388608211482   0.458232237369016369465764035034
 717  -0.530088320700002138044485071545   0.460126258640898137652198603246
 718  -0.366573065484943581489386042978   0.462031025120048696504917010375
 719  -0.203334563350752586567415411519   0.464207165186192527265488390913
 720  -0.039818160588315513073049034587   0.466033846961861064243172218491
 721   0.123698357523994454748541805452   0.467860021765739073195119899615
 722   0.848411146378976397119393293514   0.468344325481656818629290779014
 723   0.783703828043073607645480031479   0.469062277853586412324127629409
 724   0.287157745068606284600519655693   0.469749545846083270826246254805
 725   0.449517828318569711171349470505   0.472834070716417440369541215285
 726   0.613024294503958831838819202513   0.474629001342242668318867782124
 727  -0.588718383978042259069417178020   0.479687432605031538397493803019
 728  -0.425206318393218816361850680111   0.481582636312897045420645901824
 729  -0.261959177040766183699390015868   0.483784665448962272816397913097
 730  -0.098442769436538371649299153707   0.485611361723315063580728415652
 731   0.065073928180487704084954164167   0.487438074043487852620626861809
 732   0.228533382337486862919232159373   0.489327797586527699668995113528
 733   0.390895453456294077499737205920   0.492418273849272067843385639197
 734   0.554408367366472787166959830366   0.494232494210989456793597620280
 735   0.724269564579251608540382841685   0.498569278408002094430004434414
 736  -0.764433809771185540447295277682   0.498681660739302167906007449961
 737  -0.647352343344413259463137554080   0.499236925075805135425185100418
 738  -0.483840983906034090341267690124   0.501130010741253153141593000737
 739  -0.320593074032285835821213872343   0.503334344996973841524255195904
 740  -0.157067390559249611682126051089   0.505188867925739906905282324537
 741   0.006449322597001618269548980823   0.507015598581150196643985889710
 742  -0.825627834169109237657680405151   0.507431335213132922789824722719
 743   0.169908789525750119776302907034   0.508905360368961669178755852350
 744   0.332271389630989673553566927300   0.511997420599034037540801643296
 745   0.495785154034465048878673421189   0.513815266623093090987666354980
 746   0.659298230668116062263589742255   0.515602732911597939200511653336
 747  -0.705986307010461025879153274378   0.518786404650736778532087587704
 748  -0.542471047184074211366199796599   0.520691184705386553886888200510
 749   0.816830696811164974879387949632   0.521474345733271615841457097697
 750  -0.379226239554924162490745212475   0.522886218248326903791132708469
 751  -0.215692088991461962792755130025   0.524766354471397538553568242014
 752  -0.052175284630918654099068760870   0.526593118194578177668663250920
 753   0.111284360182243371551057896443   0.528483412646710445859082236990
 754   0.273647047005526813826385163522   0.531575732542978988902742084047
 755   0.437162605668633995453654817060   0.533400619581404492256658885376
 756   0.600682303530630017591730370115   0.535206225780344727675241491485
 757  -0.601105006550445211759920172659   0.540240677176160150914579497909
 758  -0.437860992437081423219971501020   0.542433330600038343511614007897
 759  -0.274326357032651910313861883767   0.544341883894746095693461233564
 760  -0.110799893479141512675318879990   0.546170632956032177006219448082
 761   0.052659754598757285735652713099   0.548060937184372789882441264891
 762   0.215022434088763865076593956423   0.551153235121239321035725721165
 763   0.378538310297954127056778852339   0.552979073797006623166179288542
 764   0.542055082442457216779187931227   0.554793523930613606046963491767
 765   0.704942380180123779186181624041   0.557276891117464135467157332970
 766   0.766748123514596443189977782326   0.557693949525084686443254957411
 767  -0.791602093616345325549187809814   0.559029521486277025527117879548
 768  -0.496491055715121544244903607495   0.561994504564171744256909207670
 769  -0.332960254024171562435685740242   0.563891563442757664401318516371
 770  -0.663909259849000000000000000000   0.564380571107000000000000000000
 771  -0.169424504497067252521432826275   0.565748141220338415688436512581
 772  -0.005964852629162986632965028595   0.567638456797800770907118626102
 773   0.156398004745257116851348945833   0.570731287398988097716052105805
 774   0.319913969099215399257576066115   0.572557390013064228488852338565
 775   0.483432536175289084689594871498   0.574384642223472289026366307909
 776  -0.731870549860877768381680907818   0.574912421959135998982021449059
 777   0.646326453042637734514322251901   0.576880383986210923941887171119
 778  -0.555118742823277904042567794112   0.581562799103814070868188928661
 779  -0.391592542040682438325621548577   0.583446068007972152711797675192
 780  -0.228049116906113297097583220605   0.585325645318951283844310748764
 781  -0.064589461477385845209215147715   0.587215971559254770244674823264
 782   0.097773404850664562302119557104   0.590308828971949136060035665717
 783   0.261289354655224316628606121170   0.592134888432677575091748465829
 784   0.424805546340672240436695490744   0.593960370943503646377517272760
 785   0.587703536850663233761770270558   0.596462966655277152731098862798
 786  -0.613884582456207007683503951459   0.600712210036762847056713866647
 787  -0.450228192723745238232305625268   0.602990544901157096155375697153
 788  -0.286673731200236194306448304406   0.604903143772722143586790362628
 789  -0.123214072495311585055329094000   0.606793479823561008926891887762
 790   0.039148791933855986948366151205   0.609886331550072839836807465226
 791   0.202664925311717568403361110579   0.611712940710426351772074850469
 792   0.366181660886323472009656519121   0.613540051765148161087746676564
 793   0.747715487488793992836614828925   0.616497713118509604518874124703
 794   0.531584873630734235879786737080   0.622363149767569379243564128749
 795  -0.508858259089133152276193576114   0.622551718234781747181343347370
 796   0.686361537393235331826103506894   0.623968767563082773125601218685
 797  -0.345307628191755846428272160881   0.624452823320733712294647645435
 798  -0.181838684904357629631479488330   0.626370983922173877082766123946
 799  -0.669414466275899660455288538279   0.627851772483742629651801239191
 800  -0.019475814819544021108211729916   0.629463852584445023403664087054
 801   0.144040326794804516828895361844   0.631290486408823700688195330377
 802   0.307556272803119712568122932553   0.633116544474594997715665553920
 803   0.471071500586136759497919622354   0.634943115173223827112008583156
 804  -0.730584093258307063229014129429   0.636706182778912791105944691125
 805  -0.567705747693371324167888321936   0.642365296560492885807936748595
 806   0.627738621201260831073551525551   0.643551350232149001914812910365
 807  -0.403939803038917991462735726257   0.644007667210007945515856288797
 808  -0.240463299198480526840344572130   0.645948482375944736825245737809
 809  -0.078100427834383197771927668471   0.649041354869017183475795261525
 810   0.085415712500139923140190046263   0.650867984861710373850778514026
 811   0.248931843459612964342877921962   0.652694596752343774395991938560
 812   0.412455974445179531453029331948   0.654547807011170144977539955856
 813  -0.462575546132034542998510119670   0.663551809011584031781854073935
 814  -0.299097196190000178962168428605   0.665498161923956305533103020617
 815  -0.136725040341337543919764577667   0.668618858674444758443727930922
 816  -0.623415418397061875665761443834   0.669133868373879654249195697653
 817   0.026791107285991583565194710556   0.670445510505349062277997902285
 818   0.190307362100086038825599543880   0.672272493272873224987865701604
 819   0.573534678095170628933824503745   0.673250784546522997662438685205
 820   0.353822554927969523838341108020   0.674098918554019458970244204262
 821   0.512222756728461660422011306226   0.681059250795702498096388212998
 822  -0.521205609410452019537167334213   0.683112982974586397258545373393
 823  -0.357729371037162323996631993982   0.685053005813230538754311663979
 824   0.684753933950881645602383679327   0.685755007600927863733435196168
 825  -0.195349654635460441128629661468   0.688196357128215618186207544785
 826  -0.682166286098804599948333785194   0.688329164441781360564971163219
 827  -0.031833507181395765838984751629   0.690023008440281325024784065349
 828   0.131682630650137134208265249840   0.691849640901254917535382400820
 829   0.295198125584462775613096097429   0.693676970831768235650570588902
 830  -0.416365114130278875532406387395   0.704597147614806625020309449117
 831   0.626212508380407779066242975377   0.705579874284432891919297092564
 832  -0.253983551626980093250453517943   0.707746036676227186894064827593
 833  -0.090458119775052146242534708249   0.709600511986080642489390653814
 834  -0.576924848496381649523691570935   0.709861632333518353193870110822
 835   0.073058062949930930264601125079   0.711427278879469209801565365252
 836   0.236573644224935850095817719346   0.713254867352297686242444351946
 837   0.400058331836317881047229996985   0.715115705123953480954981583960
 838   0.461840827939886690057753056404   0.716861277252106327537061245183
 839  -0.312614685316464052116955866800   0.727304002038910961283371212375
 840  -0.149082849038028468761411341615   0.729178140235488008267687453579
 841  -0.636877678926094861520288084979   0.730389429623994170293549296068
 842   0.014433411141907547562771083035   0.731004664997899316788690310596
 843   0.177948912774986945478483425306   0.732832014980679378789961051162
 844   0.544162686706352190446583020536   0.733973943649857183925873096904
 845   0.341433902492811132821984986394   0.734693757401702257635307968600
 846  -0.464853760444243662277060634536   0.742924357603029198811171717840
 847  -0.526596774667407345723760701245   0.745739325006088462111819233310
 848  -0.371251468964151942678710395915   0.746845021723060535485654820235
 849  -0.207723311165484730983543491169   0.748752252554830080691210346125
 850  -0.044191201624839164727826012385   0.750582168025381588560857577066
 851   0.119324345074780741534819300546   0.752409652958893671056144015594
 852   0.282809421133284207304706608312   0.754271653922231708227181731644
 853   0.599575169779989336568131705356   0.761352412680392034209136502234
 854  -0.266361423621159455227788660551   0.768301070585372918212866394110
 855   0.493780757917777220082324770706   0.769775970106261013366546129078
 856  -0.102815815919136235950609366543   0.770159666478630886040912277464
 857  -0.587417117119397886009431331440   0.770771698381623637563694461008
 858   0.060699693266757358832989258502   0.771987039077323778043268960938
 859   0.224184689683335302687372314272   0.773848801550613400774698430860
 860   0.387701139817485378892301137320   0.775675053100891045467303136465
 861  -0.419738825956856385500216489839   0.785173862805254955210717125935
 862  -0.161440375291002732054630131783   0.789737329395756088837400654097
 863  -0.326819381727000000000000000000   0.790041636966000000000000000000
 864   0.002075080500010646542392163081   0.791564542104806049815436227408
 865   0.165559569164898460165904390119   0.793427062679385252857772445359
 866   0.329076633806782271110111285177   0.795252999119737083562086619896
 867   0.549822807433359778469595693549   0.798024285931860338448563524589
 868   0.441331631014838280139558780815   0.806397915284820655675887531468
 869  -0.537089043290493379674300502566   0.806649391054291656121306953242
 870  -0.220065044923203103530998692884   0.809314662139453394826059346043
 871  -0.056549533794286424680391191076   0.811142040558055347295490927806
 872  -0.475499839633530243321032801764   0.811835318140473813103878533134
 873   0.270532926608011750167911663804   0.815071127040070623717870909879
 874   0.108645160345010688514564997501   0.817530038445279501266030491211
 875  -0.375453709981400046708189875810   0.828289432497449222819671974538
 876  -0.278698942852044992611708489620   0.828864338876224004542217708122
 877  -0.115139498924473258514204541380   0.830822991573836318261956856882
 878   0.497833958946686876215882218764   0.831450076571302927504809239607
 879   0.048342001847850407156428278665   0.832546194534093092345536076806
 880   0.211827136937662786793467387494   0.834407985304855009518371454036
 881   0.378346129009987561700670441758   0.836770123439124376318271495632
 882  -0.173798615197721312414777381020   0.850296869587309763805532356520
 883   0.319721665657243274641444942433   0.856348075989835136083920803484
 884  -0.008577700596502045500074514501   0.856638187218649814120329342712
 885  -0.440850826348791726487744312527   0.863017050479620882087407531287
 886  -0.327304886044326921857041675363   0.867042685268265935183814866059
 887   0.431976620207340462947928085253   0.867492985623053986526855890635
 888   0.144694130323000000000000000000   0.867937357145000000000000000000
 889  -0.068500706577716101656064972072   0.871782730824102689451291979683
 890   0.261178143000396183108375462051   0.876166749047568097897930190406
 891  -0.235555922676000000000000000000   0.876202678439000000000000000000
 892   0.080335655804205437717981475113   0.885428421731546559903059093086
 893  -0.384940599391670443408139673209   0.889364163574707176883890759349
 894   0.202473608986285026935945523475   0.895503282682843719102380904188
 895   0.365988901352114936118464692617   0.897329373529045296257996619520
 896  -0.123443271196226822904386026691   0.900092418918160754666738669762
 897   0.023470864526149417870318494389   0.909646583506239599933834696494
 898  -0.184241313453486080752545761535   0.911215453779501284158965525244
 899   0.307887014014000000000000000000   0.918758806950000000000000000000
 900  -0.298797366372503680286891951291   0.921882863687037422862894928182
 901  -0.036486936010662780017348099483   0.924652782279743902686533733736
 902   0.119971203085820843203137601468   0.932853596887036589637963551595
 903   0.248571524581694141205046071318   0.936674995730931097266672632632
 904  -0.239423609580856499820961716588   0.939054958820957728411760260048
 905   0.178572123491503789974943829518   0.952501904052003528401234955062
 906  -0.144209461567755632240191064074   0.958306585443977331860453654186
 907  -0.082828254312963170983814885400   0.965550289108974433856342455430
 908   0.068248801946221733208708785418   0.966690220051833572865523535714
 909   0.006487664800521425341386001681   0.969074708532006365378238432019
