   1  -0.002948203462000000000000000000  -0.969405155013000000000000000000
   2   0.059424109128079119948148375572  -0.967641141234768754641995833815
   3  -0.067306527677092812656585254404  -0.967124823229469705648067537084
   4   0.120232715383417521068208820303  -0.961979524818760620609207788365
   5  -0.128067234070395856735976384457  -0.960967874186461775191112117786
   6   0.180564220498694290889760431684  -0.952500601584694845573413566462
   7  -0.188319502429409215953667822394  -0.950997685984506395983117730814
   8   0.262134481572247272010889334618  -0.933352084135102993583354727592
   9  -0.270178596612138899468859233996  -0.931055508375414641320414929515
  10  -0.033495078076208903643862544405  -0.916266295773892710381906431840
  11   0.027572401871527767321766845215  -0.915532912540534993889780362006
  12   0.320381936083768372345327489416  -0.914995217897091146326919049709
  13  -0.328265444975243109764016470782  -0.912196596890556435437304343096
  14  -0.094256049503731008338959455419  -0.910109387886756708353919979982
  15   0.088381453616312292338891606782  -0.909871411417154127916543952447
  16   0.148713238640056804204060825576  -0.900392252439144358991837798323
  17  -0.154508525923261959368075556224  -0.900138958935648329888480895954
  18   0.211193800972927505369430958017  -0.899665298092385364690620936817
  19  -0.218783318768285393349190818123  -0.898066632818568513591432419071
  20   0.377357951675114117780757498282  -0.893007172452197561131651436696
  21  -0.385049605877261588089799050757  -0.889717727572780351867756926662
  22   0.432836461359644200556760710681  -0.867475320375391964986844773485
  23  -0.440305737249671365456569068857  -0.863708105489655595546742214801
  24  -0.002869463627472182961982959802  -0.862588935970322651494717212180
  25  -0.063705739737920379581809171653  -0.857227816647197664659286250294
  26   0.057939484177240187470876052182  -0.856927209271524588900876636051
  27   0.313047982741363310126586323909  -0.854365574788101921211806565279
  28   0.251976588603437338572139924227  -0.854206473555924755066574330131
  29  -0.258905652903455561842796048638  -0.851729292318072552541025574965
  30  -0.319979866505890930970977717223  -0.851682624710539871478181034481
  31   0.179342930709478765018133576124  -0.847556935707989208609567360305
  32   0.118271264521660745400188603984  -0.847447812828691936517614251475
  33  -0.123958200505290314162314589463  -0.847257409021813020432402768643
  34  -0.185029739766215736232050663247  -0.847170302894859659348080246086
  35   0.486597304230663510683332731804  -0.838500982264754282383402374455
  36  -0.493814560851071270922786873726  -0.834270947135863233180234408823
  37   0.382152313632108508861074986980  -0.832124050089942650845308008931
  38  -0.388907697872325136032496389242  -0.828700890873316264611457025662
  39   0.538427136035532342896655621874  -0.806199139744071561033823667956
  40   0.027340898220921211672073384177  -0.804073388395704598989393804055
  41   0.436294610515205341564758386410  -0.803868923415751611056348220143
  42  -0.033803130295000000000000000000  -0.803542002599000000000000000000
  43  -0.545363732450199774909701700374  -0.801523070829214243855851094866
  44  -0.443012974639437984416730889932  -0.800374939501718917035672225868
  45   0.332552675513495590455727437177  -0.796492373260825846414622779884
  46   0.271480168743524361704271620253  -0.796332897056185410981306607389
  47   0.210423430014484938122284387558  -0.794985621685002396781462770615
  48   0.087675206817579077931193316933  -0.794592715928230143991589092506
  49   0.148945903157539728269516849983  -0.794587461266867202914847291456
  50  -0.216774801769388280012359852666  -0.794128940179950911810268177220
  51  -0.094491635447686516365779958135  -0.793764457113494731112224493707
  52  -0.155563185068685323600715280200  -0.793677661817703753160614482036
  53  -0.277844723425002419501646706883  -0.793668530155077425216260282936
  54  -0.338916306281704067869862978057  -0.793620964106215393662760852735
  55   0.488414832059000000000000000000  -0.767935195808000000000000000000
  56  -0.494647742135000000000000000000  -0.765509425184000000000000000000
  57   0.606034295500219325106424271297  -0.756692319520331539088602224859
  58  -0.611949847244719662934009633909  -0.751916363833552266491660356840
  59  -0.002609468002359344255994860537  -0.750849458805471032661418463050
  60   0.545979168528761581435338774687  -0.745596274297187048343871253147
  61   0.424567482831044217097046333633  -0.743933833765102378407272393417
  62   0.363474337655099302683112155204  -0.743820726722850887644833315759
  63   0.302154529215257147736749574337  -0.743523578704192112532888585139
  64   0.241097790486217724154762341642  -0.742176303333009098333044748359
  65   0.180026399110678024346340822727  -0.742016145262234667034655835803
  66   0.118794302016755275315301756812  -0.741476912017656081592770981257
  67  -0.062955980397765684668210808175  -0.741464444018320240803064164011
  68   0.057722331664199854572814705048  -0.741370394365968650263598692299
  69  -0.124973973088179874943313011395  -0.740818976574948487631793686978
  70  -0.186134931836468268081159714498  -0.740808873343609398311892332477
  71  -0.551898098810120514771085373346  -0.740802048510528640266811214566
  72  -0.247206520377999334805886474204  -0.740769273268984100717739328545
  73  -0.308278101857328513554211545523  -0.740719970473563821755180503213
  74  -0.369349684714030161922427816698  -0.740672404424701790201681073013
  75  -0.430421259594439816369244222170  -0.740615511731888776219521710071
  76   0.652476143748870387709220124417  -0.717032576374400232589440386765
  77  -0.658079244811268606456819702719  -0.711893630602309208090567327477
  78   0.587363313578000000000000000000  -0.697569885079000000000000000000
  79  -0.592776210239000000000000000000  -0.692423600369000000000000000000
  80   0.516274510786849421514936890146  -0.692235485288891481394997124655
  81   0.455213318729129438706413291139  -0.691107957177395760649471178234
  82   0.394141849677951280267695033168  -0.690980823063298170514938357682
  83   0.333070377357621484705354704104  -0.690855269173789994358352480161
  84   0.272018207006283187850672615923  -0.689314817764901016381609008640
  85   0.210947111448969039872331156724  -0.689066256743453259688949759273
  86   0.149875720073429340063909637809  -0.688906098672678828390560846717
  87   0.088807398172691776957315578644  -0.688273204226601188687523946495
  88   0.027735888551092850237544675212  -0.688167337844171574509986131457
  89  -0.033335611646859606361590848017  -0.688056168048489162432670633577
  90  -0.094407116099806005220748662756  -0.687947360853289625032830227537
  91  -0.155478706947959671800242104168  -0.687911494048409195878014277080
  92  -0.216550277321083666930222020097  -0.687849952903290656863607834855
  93  -0.277621863292467433341382836532  -0.687806569820636755525090479109
  94  -0.338693447677656965498377389745  -0.687761008492153837512523239028
  95  -0.399765030553912852811001168855  -0.687713467556238597006745299476
  96  -0.460836605449822645919156180049  -0.687656591504514185727798984017
  97  -0.521908181581561399984970660775  -0.687601058296284016692868335848
  98   0.666295585620739332729317236217  -0.657545069101847499042336699989
  99  -0.671858135189188913519758307005  -0.652396717446203082315146482163
 100   0.725595211361540356102032196633  -0.642940450580540354170879875288
 101   0.607965325089641436810107227096  -0.639453048719197527466651980989
 102   0.546893752073018292773643980439  -0.639394189333820974992463029114
 103   0.485832560015298309965120381432  -0.638266661222325254246937082693
 104   0.424761090964120151526402123461  -0.638139527108227664112404262141
 105   0.363689618643790355964061794397  -0.638013973218719487955818384620
 106  -0.730924448864528372988359230886  -0.636875406807008150904060858316
 107   0.302637448292452059673255787112  -0.636473521809830487631171987192
 108   0.241566352735138376569903082843  -0.636224960788268511803555160785
 109   0.180494961359598376914649994436  -0.636064802717608417941434592656
 110   0.119426642676170454396484294746  -0.635431597907718961314290997842
 111   0.058355132814826530096164507667  -0.635325869918279915882402092782
 112  -0.002716367698729463096972859577  -0.635214873635868861721922229990
 113  -0.063787871278994641765257084045  -0.635105577718120400314244295613
 114  -0.124859397352561738130712441757  -0.635009670483808631353767751021
 115  -0.185930987995074156857147238002  -0.634973455219504898047615378299
 116  -0.247002558718426078751159612884  -0.634912262616982808721864875421
 117  -0.308074144689787496548554690248  -0.634868879502868146447244326816
 118  -0.369145729074977402217125665840  -0.634823318174885893025530914639
 119  -0.430217311951232056217130626347  -0.634775777237386326273173531030
 120  -0.491288886847172161793323704596  -0.634718901218210424175910050931
 121  -0.552360462978910915859138185323  -0.634663368009980255140979402762
 122  -0.613432046450375415566822827938  -0.634616597934898621597795835460
 123   0.764637559595168640290599811072  -0.595978385681772525263395761635
 124  -0.769574343696671803481084137695  -0.589589826292265270572286988285
 125   0.699617766971694547978109719283  -0.587669184283082978434165201281
 126   0.638555613439204697758566142691  -0.586594986383896650119558193984
 127   0.577480511943803527282849406151  -0.586534085136431229030105514420
 128   0.516419319886083544474325807144  -0.585406557024935508284579567999
 129   0.455347850834657760889269698660  -0.585279422910694633322974140716
 130   0.394276378514248673814932792428  -0.585153869021140576242125534468
 131   0.333224208162914886323905946300  -0.583613417612072880237373278960
 132   0.272153112605579523326356566474  -0.583364856590679664276272194044
 133   0.211081638945646938078806951804  -0.583204650907392307116934257774
 134   0.150013320262219015560641252114  -0.582571446097502850489790662959
 135   0.088941368444462636133626350764  -0.582465462379552428212301984781
 136   0.027869344632857928703726314141  -0.582354163308430374225637388161
 137  -0.033202531747440303609059006669  -0.582244651686773593483507076375
 138  -0.094274256541308280009809038010  -0.582148629473365248557398306347
 139  -0.155346051381989401812837192159  -0.582089020063772456372602899250
 140  -0.216418098565130490857080557016  -0.582041846466326009616449498301
 141  -0.277489853544270480379572143016  -0.581993153495390341761235033282
 142  -0.338561837708889358557340211612  -0.581949480270922367543660725717
 143  -0.399633422476471636477932802202  -0.581904434427701318426393420200
 144  -0.460705005072154508939072116245  -0.581856534419096672054014068335
 145  -0.521776581743856978872075788646  -0.581801598234794521674078995789
 146  -0.582855391808322539421167424424  -0.581750233432249001239548059130
 147  -0.643926975279787039128852067039  -0.581703463357167367696364491829
 148  -0.704998451840963325614402149978  -0.581579989515101624238284359458
 149   0.800675927157931118859146209250  -0.546600065398585518125938574843
 150   0.738660115205322832166677333723  -0.540707119384315149526681087627
 151  -0.805997306189725835391226393449  -0.538728359689317679049531524414
 152  -0.743648346673106756107127056787  -0.534294409000358743906510489426
 153   0.669163554774215624737407507449  -0.533745325571883287522441160236
 154   0.608070800653852540509453438380  -0.533676023009752512761923181189
 155   0.547009608596132557700929839373  -0.532548494898256792016397234767
 156   0.485938139544954399216329065483  -0.532421360784159223922468313901
 157   0.424866667224624603639479192518  -0.532295806894651054823562705296
 158   0.363814496873290816148452346390  -0.530755355485583358818810449787
 159   0.302743401315976396856478696219  -0.530506794464202263506375860401
 160   0.241672009940416748582527581938  -0.530346636401034570780323139475
 161   0.180603692760473400539700116780  -0.529713286606833023889752281784
 162   0.119531982508390341725112397003  -0.529607588544675116913719527324
 163   0.058460083870148864971635149449  -0.529496361915749957881406874096
 164  -0.002611938801042868536596052115  -0.529386765630483009863806620724
 165  -0.063683547837006737512180006859  -0.529290810410141037076091747906
 166  -0.124758310837446246908241713896  -0.529228584146152634702451550184
 167  -0.185830222376830829792883266072  -0.529169296882492157269154160849
 168  -0.246901883878257010461342376566  -0.529120709543981899595846521652
 169  -0.307973467011006827557008403313  -0.529073499252656265814654748836
 170  -0.369045357839636850723766574213  -0.529029772263505211983578943523
 171  -0.430119152538961300502128704527  -0.528985999476268817086436250048
 172  -0.491190734680049237218223562301  -0.528937523334425615714241404780
 173  -0.552271510573372168605559762120  -0.528888463657122955089470932409
 174  -0.613644534973389962236862717223  -0.528668434326898356947724732651
 175  -0.676372060294003365815464101347  -0.527631104103053803008853151793
 176   0.835709789078806778858439508077  -0.491375243841177587544507871504
 177   0.774637361124844804375018393580  -0.491357567499842899384393481040
 178   0.708906210401924797490857286106  -0.487373774804190546447589201931
 179  -0.839600792672976559292224756254  -0.484697165956658042130884848183
 180  -0.778531505421432287728810744455  -0.484165517820809410642735599698
 181   0.638677167732922644450876208814  -0.480827269104166500651442901227
 182  -0.715023465988726666813477924290  -0.480346687074803975532211470307
 183   0.577615975675202661642352609807  -0.479699740992670779905916954806
 184   0.516544506624024503157751835917  -0.479572606878573211811988033939
 185   0.455473033460439833473941399788  -0.479447052500709767781616242057
 186   0.394420875438116533006976399170  -0.477906112537815794439401945874
 187   0.333349777351562230170528560143  -0.477658045745615782443275012540
 188   0.272278085677954656614996038670  -0.477497713771523262892112895926
 189   0.211209768510874670811722352844  -0.476864362382147085137220973748
 190   0.150137494809264772241910218282  -0.476758339619520060014584592960
 191   0.089065232466190379550215794071  -0.476646902367272102856593362961
 192   0.027993217299964743140415989203  -0.476537310428135506577835815821
 193  -0.033081721474632998877080199421  -0.476439427093910735305725601198
 194  -0.094170972881355586595297931644  -0.476368814453957846994541933492
 195  -0.155253359123947170491049738447  -0.476303467382082046518424900363
 196  -0.216325054597290511996806163543  -0.476254860394700198312326417281
 197  -0.277396634277594972548777635294  -0.476203377346982151336211875388
 198  -0.338468220439703032097128595432  -0.476160263588268852621600364095
 199  -0.399544348671733717524626702773  -0.476118978909259896119915147236
 200  -0.460615929984589521340734657854  -0.476069470332015253040935609998
 201  -0.521688644227231738104492629105  -0.476026106717556875156996695065
 202  -0.582768722250468428205703935363  -0.475976644797114347711120807899
 203  -0.644142034882915185250251194325  -0.475755898874807874367049798405
 204   0.864990624635695221312991451078  -0.437780236123580248673063512486
 205   0.803918215178585650515575423936  -0.437763052099146278545318399525
 206   0.742843372466930208012003902677  -0.436599671896058957134337230095
 207   0.678419380206986258330742191063  -0.434455973642228395536008270914
 208  -0.809526569838723978686280249543  -0.431543787737887227183336684827
 209  -0.748497458997004534194644752802  -0.429266042137276576834478015209
 210  -0.683370600019049229833754236821  -0.428117992173843497272063763552
 211  -0.870424910126856453352147333791  -0.426873880173243373999618774041
 212   0.547190342522109705702337159505  -0.426746730290866582994149444538
 213   0.486117503321014081869159011936  -0.426620383458299612050023717151
 214   0.609925173556745935095623708870  -0.426603014406683389739152347479
 215   0.425065345298690781402194011317  -0.425079443495405638707809420969
 216   0.363994247730628270205279916250  -0.424831377003979961901100125119
 217   0.302922856354305278127492891103  -0.424671219231890405608876267231
 218   0.241854539190883764793227838391  -0.424037867844636516126649186252
 219   0.180765444027311197474357804825  -0.423922090492157239768285833558
 220   0.119693567998048786820317403474  -0.423810877178960683180193018390
 221   0.058617000136726374842095786018  -0.423698646365549265559892929964
 222  -0.002467026850665344715407782320  -0.423595496806382111425015610444
 223  -0.063566719703927155821366412517  -0.423518836378240154093992918576
 224  -0.124655963466607834432693635615  -0.423449518862220155750696303350
 225  -0.185749538316274373385456423894  -0.423388251847326024509718421785
 226  -0.246823096645851106188480741993  -0.423325730880681950147816544890
 227  -0.307894688735490585550770797691  -0.423292044256280188360441498305
 228  -0.368970534519164197810183572539  -0.423251385968819352965641882428
 229  -0.430042115832020001626291527620  -0.423201877391574709886662345190
 230  -0.491114734039222155708522704484  -0.423158569315409015354809480846
 231  -0.552186368219704369268043728133  -0.423113991467102730405899097853
 232  -0.613264323653682027391670105747  -0.423063897843206390777639816219
 233   0.829800808353204365286318829379  -0.382447305103293825037613306809
 234   0.890872361552376459607535733026  -0.382370591397401421218644469137
 235   0.768740162606629492048408576794  -0.381290569972303650586339572236
 236   0.707670186271691171196363103891  -0.380845052742499380494269168961
 237   0.646110778409000000000000000000  -0.377190861697000000000000000000
 238  -0.835931969569641880912621096137  -0.376475690256655684354314301754
 239  -0.651908864050494224017684463933  -0.375773941270260278086295684927
 240   0.578437716660261272940702406190  -0.374274431840900093886907148077
 241  -0.713006445725532591694236333639  -0.374037481403804893057364683725
 242  -0.774397516043738522835364618749  -0.373958172021376409012327869433
 243   0.516763339219099284413744335524  -0.373794506870592983232185127750
 244   0.455711181196775983946779334905  -0.372253566907699009889970831567
 245   0.394640083628713472749865239838  -0.372005500416273333083261535718
 246   0.333568692252390480672078214691  -0.371845342644183776791037677830
 247   0.272500376196964310329681538708  -0.371211884432020384382740600445
 248   0.211410219212027997621920031457  -0.371095598567838202868311428198
 249   0.150325797855527773290880470369  -0.370977109670760476021253449434
 250   0.089252183250749971236229562235  -0.370866591221704799379059488578
 251   0.028161899662542167522120495536  -0.370759814206452422227589771772
 252  -0.032952581960544853054961003738  -0.370674583470462243663829944042
 253  -0.094051990099223770479827693896  -0.370599378755684714966509954419
 254  -0.155149967272407464258060508538  -0.370535562728575209409225882681
 255  -0.216234736279122334884899887192  -0.370466552820224790572878853347
 256  -0.277323199330351941425176814634  -0.370400686998667678082457369211
 257  -0.338397403790565367171493236259  -0.370383397803919556487262488632
 258  -0.399468977399650650257478336779  -0.370325156392046341972601370078
 259  -0.460540919886652635994079574250  -0.370290976374968472200536216038
 260  -0.521612505018328662036003284222  -0.370246426892067278850751230097
 261  -0.582684088765778515434907547759  -0.370200018593262692606563118105
 262  -0.896536315226000000000000000000  -0.368874166683000000000000000000
 263   0.852110091103422924907495568337  -0.325596303367855779763106736292
 264   0.913181638596668995466239451306  -0.325515174259832764118961611109
 265   0.791049445356848051669585315751  -0.324439568236865605311833001719
 266   0.729979469021909730817539842848  -0.323994051007061335219762598444
 267   0.608091112670155904206375980075  -0.320885138904653558722375891249
 268   0.547019673041642550749518133728  -0.320744579832275546994723785595
 269  -0.857486592971065002270997268539  -0.319334298033725013403424329023
 270  -0.674341621783246672904308784910  -0.318971548049062157305464809740
 271   0.424921587837711869214420553487  -0.318969936895251032041546099746
 272   0.669127688085024231028388551571  -0.318817058447545965359283579224
 273   0.363850196461388877136633528340  -0.318809779123161475749322241858
 274   0.485991015851975387313191496408  -0.318454711543909280324645787090
 275   0.302781890270538886199188662641  -0.318175370632855990425268528259
 276   0.241710378603478136504552169878  -0.318070690873390539981341231684
 277   0.180638878284530537124102145851  -0.317959587566678804500007548756
 278   0.119567374731951260071407917930  -0.317850276179917145705372009265
 279   0.058495848877679630331768437734  -0.317754229404797414746010673879
 280  -0.002575722385948769731250877823  -0.317693578406975110204622539801
 281  -0.063647295039005553223744322230  -0.317634342992012082920025834252
 282  -0.124718877037803556367044912083  -0.317585687919607306722754338285
 283  -0.185790447530535566763989241121  -0.317524265584550394077962448260
 284  -0.246862023097250539665730598499  -0.317468114440290002810830299008
 285  -0.307933622436303958695213426122  -0.317452324503336146154517707647
 286  -0.369005196045389241781198526642  -0.317394083091462931639856589093
 287  -0.430076787973470667901037374389  -0.317360104835495149682954328324
 288  -0.613291502224483729881960075351  -0.317351857642617341075908395035
 289  -0.491148373105146693942961084361  -0.317315555352593956333169342384
 290  -0.552219956852596547341865347898  -0.317269147053789370088981230392
 291  -0.735387953323391626971656077966  -0.317214874874370172913289018720
 292  -0.796459213184937762885240547980  -0.317010634634743259766762959515
 293  -0.918054538870351559450513599299  -0.311507138606891052643192559647
 294   0.882575604981511656722660700900  -0.272666227236265321835863169643
 295   0.821514959234936783484750448314  -0.271509492105275147384589435085
 296   0.760444982899998462632704975411  -0.271063974875470877292519031810
 297   0.577483794003212197783037847910  -0.267813701989651097856892508227
 298   0.699593201963112962843553684133  -0.265886982315955507432040012589
 299   0.394312779503298517022330806877  -0.265878016167760696409717624587
 300   0.638521685981731691156718144570  -0.265784850597714098079806558992
 301   0.455383545299091671182551561549  -0.265558547441028377776087524900
 302   0.516455136813545034346711210590  -0.265523833701284831186814509723
 303   0.333244473312448526084885941178  -0.265243607677455211085663910988
 304   0.272172961645387776390249448415  -0.265138927917989760641736614413
 305   0.211101461326440177009799424387  -0.265027824611278025160402931485
 306   0.150029957773860899957105196467  -0.264918513224516366365767391994
 307   0.088958431919589270217465716271  -0.264822466449396635406406056608
 308   0.027886860655960870154446400713  -0.264761815451574330865017922530
 309  -0.033184711997095913338047043693  -0.264702580036611303580421216981
 310  -0.094256293995893916481347633547  -0.264653924964206527383149721014
 311  -0.155327864488625926878291962584  -0.264592502629149614738357830989
 312  -0.216399440055340899780033319963  -0.264536351484889223471225681737
 313  -0.277471039394394318809516147585  -0.264520561547935366814913090376
 314  -0.338542613003479601895501248106  -0.264462320136062152300251971822
 315  -0.399614204931561028015340095853  -0.264428341880094370343349711053
 316  -0.582828919182574089996262796815  -0.264420094687216561736303777764
 317  -0.643900519956920852852032802001  -0.264411491734997098784043728409
 318  -0.460685790063237054057263805825  -0.264383792397193176993564725112
 319  -0.521757373810686907456168069361  -0.264337384098388590749376613120
 320  -0.704971924274087070886452666043  -0.264256347024515430213431047655
 321  -0.766043184135633206800037136057  -0.264052106784888517066904988451
 322  -0.827114472328535123542513773329  -0.263856521479975414391450358962
 323  -0.901646483168612828183723065900  -0.252680986231942900456682628905
 324   0.937657730317532399093625103475  -0.246290102357525442125218389806
 325   0.791435111831975500001314520060  -0.218359296664745087709690374286
 326   0.730601621078978459268564106676  -0.212971635023828636010969811770
 327   0.547387865082099205984269725868  -0.212865337609419603584106890629
 328   0.669530509340746309317044745575  -0.212727081945045475078428317335
 329   0.608458993359365037630209206011  -0.212624950226804065726194863738
 330   0.364174957718066592963043189387  -0.212580740402780342667294773101
 331   0.425246398814714919354898796533  -0.212440820673675117833286202226
 332   0.486317990329168282519058445574  -0.212406106933931571244013187048
 333   0.303105040603427843507896722381  -0.212127178099306858156959089884
 334   0.242033528936367093813260229618  -0.212022498339841407713031793309
 335   0.180962028617419494432810205590  -0.211911395033129672231698110381
 336   0.119890525064840217380115977670  -0.211802083646368013437062570890
 337   0.058818999210568587640476497474  -0.211706036871248282477701235504
 338   0.879528294622045096551215816181  -0.211670699574599283924180831697
 339  -0.002252572053059812422542818084  -0.211645385873425977936313101427
 340  -0.063324144706116595915036262490  -0.211586150458462950651716395878
 341  -0.124395726704914599058336852344  -0.211537495386058174454444899910
 342  -0.185467297197646609455281181381  -0.211476073051001261809653009885
 343  -0.246538872764361582357022538760  -0.211419921906740870542520860633
 344  -0.307610472103415001386505366382  -0.211404131969787013886208269272
 345  -0.368682045712500284472490466903  -0.211345890557913799371547150718
 346  -0.429753637640581710592329314650  -0.211311912301946017414644889950
 347  -0.612968351891594772573252015612  -0.211303665109068208807598956661
 348  -0.674039952665941535429022020798  -0.211295062156848745855338907305
 349  -0.490825222772257736634253024622  -0.211267362819044824064859904009
 350  -0.551896806519707590033157288158  -0.211220954520240237820671792017
 351  -0.735111356983107753463441884840  -0.211139917446367077284726226552
 352  -0.946235388509791580244433306149  -0.210948864124058427682075028600
 353  -0.796182616844653889377026354854  -0.210935677206740164138200167347
 354  -0.857253905003886954080312403474  -0.210740081389048981816923637599
 355   0.951304630157560798564900454426  -0.186762775692302083887875359686
 356   0.832288946512913255725044570992  -0.172964311401892688830022423525
 357  -0.896941282895000000000000000000  -0.163163404824000000000000000000
 358   0.764022670859113679257354483225  -0.161854969703415028040769101864
 359   0.700277854388662298875205094600  -0.159960224281769987127083122153
 360   0.639177544071932820088574898428  -0.159732384148547181598319691620
 361   0.578106028090551548401739358864  -0.159630252430305772246086238023
 362   0.517034427373601422761648209133  -0.159621251241722328386899663457
 363   0.394890211568489381726544702229  -0.159447968410147416437796478548
 364   0.455961803082942744890704351270  -0.159413254670403869848523463371
 365   0.333818704378111008968371433362  -0.159340708690113614943488086320
 366   0.272746542019236466767022268659  -0.159135649919175751574380598380
 367   0.211674943041536305621315280376  -0.159031020179497926630056085273
 368   0.150603275922677436526580031980  -0.158920012432073952539427535517
 369   0.089531772370059077387877605433  -0.158810701045334683864197842924
 370   0.028460246515787447648238125237  -0.158714654270214952904836507538
 371  -0.032611324747840952414781190321  -0.158654003272392648363448373460
 372  -0.093682897400897735907274634727  -0.158594767857429621078851667911
 373  -0.154754479399695739050575224581  -0.158546112785024844881580171943
 374  -0.215826049892427749447519553618  -0.158484690449967932236788281918
 375  -0.276897625459142722349260910997  -0.158428539305707540969656132666
 376  -0.337969224798196141378743738619  -0.158412749368753684313343541305
 377  -0.399040798407281424464728839140  -0.158354507956880469798682422752
 378  -0.460112390335362850584567686887  -0.158320529700912687841780161983
 379  -0.643327104586375912565490387849  -0.158312282508034879234734228694
 380  -0.704398705360722675421260393035  -0.158303679555815416282474179338
 381  -0.521183975467038876626491396859  -0.158275980218011494491995176042
 382  -0.582255559214488730025395660396  -0.158229571919206908247807064050
 383  -0.765470109677888893455680257077  -0.158148534845333747711861498585
 384  -0.826548869977606926166822367685  -0.157948592309966398504050416150
 385   0.899739292919845938628582692807  -0.154040359969854020208395633527
 386  -0.957640044474177974460931884113  -0.150951578206394078226886901675
 387   0.961176375980167366750560213484  -0.126494300271350636153128849333
 388   0.852499944810714097802411447618  -0.115333971797147425114237225354
 389   0.730951298077806129004714156520  -0.107150373426073551489352981626
 390   0.669880061526000452905509332823  -0.106939278221548749593905000142
 391   0.792022103678336246789836079583  -0.106838606759737629009155227745
 392   0.608808763626316664889555735999  -0.106746747704337691921204505752
 393   0.547737247644935393202720196435  -0.106644615986096282568971052155
 394   0.486665650801757060378259068929  -0.106621075037319577485336768117
 395   0.364522766744494097092439451011  -0.106461566475183187248938284776
 396   0.425594358258947460256599100052  -0.106426852735439640659665269598
 397   0.303451279005652027461926217562  -0.106343750871625050915122220367
 398   0.242379988985707065536118909288  -0.106148736893280146616675805819
 399   0.181308477318676234110990666417  -0.106044057116359996216156801670
 400   0.120236976999787367195932075928  -0.105932953777364079787301893174
 401   0.059165473447208090156484196887  -0.105823642390602413592024328575
 402  -0.001906052407063539583155283308  -0.105727595615482682632662993189
 403  -0.062977623670691939646174598866  -0.105666944617660378091274859111
 404  -0.124049196323748723138668043272  -0.105607709202697350806678153562
 405  -0.185120778322546726281968633126  -0.105559054130292574609406657594
 406  -0.246192343746930506818347219861  -0.105492783720677432102882228630
 407  -0.368335506969427520104680715853  -0.105425681113856487008084452754
 408  -0.307263905634390963499487044821  -0.105423330296957671144697475054
 409  -0.429407080578512803190665816373  -0.105367439701983272493423334200
 410  -0.490478672506594229310504664120  -0.105333461446015490536521073431
 411  -0.673693357718997945604678029537  -0.105325197611453697525534571441
 412  -0.734764958493344708460448034723  -0.105316594659234234573274522086
 413  -0.551550257638270255352428374093  -0.105288911963114297186736087490
 414  -0.612621830577803360122815517790  -0.105229972644600902739840825699
 415  -0.795836362810510926494867898765  -0.105161449948752566002661841332
 416  -0.856907622672055781712389257214  -0.104957209708742703236885956907
 417  -0.917977601509499092456494060314  -0.104512035645925487065520286261
 418   0.909628271712454045524621527129  -0.093744743914707655001330880235
 419  -0.967064004149706614059605301364  -0.068176576780026916067649271143
 420   0.967233792783234214324331657673  -0.065723845304928816325956024635
 421   0.830553408533432409093158952497  -0.057523177234052420062423976010
 422   0.700687514870327762687287189932  -0.054099196491851960298805804866
 423   0.639534592178130319507896412092  -0.053937677644758892114666591176
 424   0.578453162164351637599264002803  -0.053753559887087768409765248684
 425   0.517381646182970365912428463239  -0.053651428168846359057531795087
 426   0.456310053514115756220458467433  -0.053618808520121907726173260849
 427   0.395237851534983701383933097371  -0.053434183481382225225934611882
 428   0.334166250392223314208033530381  -0.053428797242695904715884312734
 429   0.273094733994476312834662068894  -0.053326914802117854339554801661
 430   0.212023371408620826404516065519  -0.053156131140868633339570826795
 431   0.150951860163764871292820712574  -0.053051205350847100372913247749
 432   0.089880359397790252757027186171  -0.052940348039222669006372620384
 433   0.028808855845210975717579307131  -0.052831036652461002811095055786
 434  -0.032262670009060654022060173065  -0.052734989877341271851733720400
 435  -0.093334239135824712390778735795  -0.052672224067714342153699206472
 436  -0.154405813803771320794663095169  -0.052615103394683290781362943996
 437  -0.215477386628460034833526778190  -0.052556045188327326207562560322
 438  -0.276548951682424936851798918369  -0.052489433073960663190143847421
 439  -0.398692207842047833058271473166  -0.052433123077069546627471898602
 440  -0.337620529858940828156968883781  -0.052429521397378866627695212858
 441  -0.459763982358821206646042431844  -0.052374995995970141268000459424
 442  -0.520836008639088023119148591145  -0.052341267321873340951933135307
 443  -0.704051900679658701176599304802  -0.052333694854335228538195272583
 444  -0.581907782389955843506923202608  -0.052296825892619054943289162204
 445  -0.765123482376332856079758705872  -0.052275728612121047301748483979
 446  -0.642979593033228357324383348781  -0.052238022747923506937826375813
 447   0.764743265582159032072450939469  -0.052197912334478631515533251348
 448  -0.826194992230927281417557687273  -0.052169996724050287143476938478
 449  -0.910564655317000000000000000000  -0.041416792933000000000000000000
 450   0.915685688515520893098392971318  -0.032974288948285835174158055536
 451  -0.969437824267524791731758268019  -0.007151127390446664424412557074
 452   0.801792391975600545676876724095  -0.003647909979846614075677431936
 453   0.862850097891365138376393113233  -0.002345203775061945365188684875
 454   0.969243212414000000000000000000  -0.002152848574000000000000000000
 455   0.731226671228231578265444311864  -0.001145210172239879550672643512
 456   0.670155088790567144171286977629  -0.001097109116782927877617275043
 457   0.609083747599154583516422440831  -0.000918839001355660291150119938
 458   0.548012244392848847720637266970  -0.000809334324892747898905911401
 459   0.486940728411467576033801727406  -0.000707202606651338546672457803
 460   0.425869221266042676179418474537  -0.000599917294075875499745410837
 461   0.364797719691996693504868914801  -0.000489506047918269878461771868
 462   0.303726118549236306328969347811  -0.000484119809231949368411472720
 463   0.242654735109869966769746015735  -0.000320963583883908422770912623
 464   0.181583231904990771106162544786  -0.000211458111832747287211208043
 465   0.120511723430490785947887750976  -0.000104932053727181007998015570
 466   0.059440219780550361723832292032   0.000004324924505134919557990298
 467  -0.001631283772028924254967270444   0.000113636311261806761874911664
 468  -0.062702809626300563510146833097   0.000209683086375487246855852187
 469  -0.123774378037986453108318701300   0.000273140857761211663649682293
 470  -0.184845953168146694954806056031   0.000329764820639607828247545087
 471  -0.245917524238187812993319689582   0.000390610435894805122060716660
 472  -0.306989087086443833589145476590   0.000459213814047691292837274339
 473  -0.429132253457356769293764658450   0.000511603932236018592531648492
 474  -0.368060653460533785191599973047   0.000524603164132673975966506455
 475  -0.490203827022499632565059862625   0.000569891403637993391430771189
 476  -0.551275418975450955036966819692   0.000603824929689508834968096822
 477  -0.734490104044049843049938918075   0.000612091296216420311522495599
 478  -0.612347004106844100737260767845   0.000648374800381413771190368053
 479  -0.795561676909955728935625507010   0.000671106856257436988674120430
 480  -0.673418576990221169615257735578   0.000707372277799555999625203823
 481  -0.856633188565270879708051214001   0.000775793468031377082486174864
 482  -0.914653564552027932238135512198   0.019838229448443864693377077376
 483   0.915793459058132197843327900140   0.028097217342799897958390509786
 484   0.768275797621673091869870096491   0.047404792182392137889183175900
 485   0.700803523528037948692287694059   0.051809228538449728537832727226
 486   0.639731998243103290388644624077   0.051905636647889327641414982284
 487   0.578642829519683905936422455589   0.052025386739381736784044130602
 488   0.517569402143600757341746218105   0.052133784689190418263676855506
 489   0.456497886163150661736691994710   0.052235916964243961190892327182
 490   0.830042989593000000000000000000   0.052318397021000000000000000000
 491   0.395426384589104679062142434974   0.052346328210401566812175966151
 492   0.334354122944895757157096717487   0.052453179114924427609927743912
 493   0.273282553221352093274443928271   0.052515361542698716548696910458
 494   0.212211050016472897610860457323   0.052624867014749877684256615038
 495   0.151139541832631187210072135135   0.052731559577442907378412458991
 496   0.090068037885048398009043667321   0.052840650055298722224204132385
 497   0.028996534332469442439299928526   0.052949961442239991283775463911
 498  -0.032074963100580704250932806323   0.053062639909252807905987078227
 499  -0.093146498514171893698468585474   0.053152402810588714428903084974
 500  -0.154218066494208988446843480053   0.053216274648568105049960609888
 501  -0.215289641602645047371927353343   0.053272922189662298045172517971
 502  -0.276361211304082140890831174105   0.053335127485261783909482280391
 503  -0.337432811110769074494708979099   0.053408211637453993639264643110
 504  -0.459576052083681940561702239777   0.053454173008091608675344313230
 505  -0.398504452777882388154482417055   0.053470091043229254293026226362
 506  -0.520648294961290889469072214774   0.053512075596178182891741109299
 507  -0.581719899665671971017970135215   0.053546001789493249862973223805
 508  -0.764935249241840479664956524564   0.053553886024365037854835693227
 509  -0.642791484797294030772363051977   0.053590551660053517418318124010
 510  -0.826006825467174222990393527971   0.053612962000566524368965927061
 511  -0.703863716882304862441777755988   0.053649170081096430059083516368
 512  -0.967960466756029589672881324166   0.053967007662893832309296379255
 513   0.967576180567375691315165148683   0.060474528044093640036462233950
 514  -0.911899529762626315859522324463   0.080847702381183945933041355029
 515   0.910065880660741876288893053219   0.088899646084205670281516584515
 516   0.792428609066718911740498640262   0.103497413751115797155856403897
 517   0.731368589784971811821337694443   0.104686758303653617005761074399
 518   0.670297061513470221142195923931   0.104781255579598200168794418032
 519   0.609225553116828116769529021205   0.104887826264366370965464165347
 520   0.548154045974337096147809762712   0.104995113247021620636239439462
 521   0.487082529993887000542755539317   0.105097245522075163563454911138
 522   0.426011031632115460526153071027   0.105209419494613889230046000363
 523   0.364939519918192388045816547840   0.105314071910429086066047658953
 524   0.303867954083975060747239291976   0.105379963555103220730665746151
 525   0.242796455924225726342753133415   0.105492247461842682422176799710
 526   0.181724943925735716041011884504   0.105596733682320421840807497195
 527   0.120653434490894125522075874127   0.105702707745343445687182615376
 528   0.059581929342743173264738372257   0.105811124032638066665319549209
 529  -0.001489462182863388042919379200   0.105971224869769241551626315628
 530  -0.062561047897945941790392590989   0.106014967266863788913847440405
 531  -0.123632616554596863092822913367   0.106078188845077231686585157519
 532  -0.184704191445136723027790973194   0.106135070662561466690730914762
 533  -0.245775761252958571280198110675   0.106197170262575248867828836669
 534  -0.306847284984779405126407973241   0.106294557251560980543089510623
 535  -0.367918868379829097719760933526   0.106341427001610218881134651942
 536  -0.490062029142595955392670086313   0.106372465666824915630818350443
 537  -0.428990436510706336413165516222   0.106405154449375154976231691968
 538  -0.551133599898043871705696764638   0.106433626228446267575992751464
 539  -0.612205193379065933274488987129   0.106464688114458664467608621926
 540  -0.795419876064925777771486476751   0.106472956527772753493680782476
 541  -0.673276778510459078803299061633   0.106509237985150804484019131042
 542  -0.856491448867658284502510891168   0.106532037425888873160287623355
 543  -0.734348350479725539519704522541   0.106569174240340199004002640283
 544   0.853060620495755734867896607564   0.110811761652407276756872710571
 545  -0.962638709100844026263968216002   0.114837056232591006802550175141
 546   0.961848602169985369760730301762   0.121276956785499412359588308678
 547   0.900452140552638168609703685872   0.149331682756299597929390908455
 548  -0.896870715713405605129065996316   0.152349668357135310127651115634
 549   0.700918515529931193367273469736   0.157625718182125837891301437352
 550   0.639846999539313333356214758269   0.157727844377032138155569927478
 551   0.578775492396822312734495499776   0.157835131359687387826345201594
 552   0.517703976416372217129441276381   0.157937263634740930753560673270
 553   0.456632478054600677112838808090   0.158049437607279656420151762495
 554   0.395560966340274310929811744148   0.158154090023328566963121195164
 555   0.334489342024014473249117245701   0.158257035493377776092388998376
 556   0.273417788520548524327141189977   0.158333506636820279223498055039
 557   0.212346274524683652851587054114   0.158436818915994239262625695204
 558   0.151274280039713529604775994615   0.158543074067193693651140291177
 559   0.090202774890939222256667333663   0.158651490354849547173352556510
 560   0.764492797285000000000000000000   0.158709483626000000000000000000
 561   0.029131383365145287254188717546   0.158811591192089304595478520879
 562  -0.031940113533199773655354519744   0.158924559099595187401687922895
 563  -0.093011707705153094066402757787   0.158954231447265081361154207911
 564  -0.154083277022509758279316535959   0.159016811534186417028879085734
 565  -0.215154851913049516865486287309   0.159073693351779465903498611541
 566  -0.276226421720871475768890662251   0.159135792951684428859433857563
 567  -0.337297945452692309615100524817   0.159233179940670160534694531517
 568  -0.398369528847742002208453485101   0.159280049690719398872739672835
 569  -0.520512689610508859881362637888   0.159311088355934095622423371337
 570  -0.459441096978619240901858067797   0.159343777138484334967836712862
 571  -0.581584260365956776194389316214   0.159372248917555447567597772358
 572  -0.642655853846978837763181538705   0.159403310803567844459213642819
 573  -0.825870536532838682260179028327   0.159411579216881933485285803370
 574  -0.703727438978371983291991613208   0.159447860674259984475624151936
 575  -0.764799010947638444008397074116   0.159507796929449378995607661177
 576   0.833363816060433631516998379137   0.168619861346037187083553535394
 577  -0.953498047897657305524439160717   0.175220736212537046073176930051
 578   0.952304027092959226426534556738   0.181598110469352230434904824072
 579  -0.866276644300214303432429391812   0.205205541157766743866025031621
 580   0.880755336117316065258805457445   0.207139782449929508256071733277
 581   0.731509613097881778522807717117   0.210483312194151269929585639793
 582   0.670438097107263918511749005651   0.210585438389057570193854129919
 583   0.609366589964772897890029747158   0.210692725371712819864629404035
 584   0.548295073984322802284975523763   0.210794857646766362791844875711
 585   0.487223576861864112974761033356   0.210907704328148874696039941550
 586   0.426152063998717418005721196917   0.211011683982981854100671241325
 587   0.365080549276735372886189954442   0.211114566025678045888963580999
 588   0.304008996253599221976703011485   0.211193775117385767854292118131
 589   0.242937144500716081147963660664   0.211294664777616935311912008104
 590   0.181864586491420133355007759550   0.211401125926325395374246966562
 591   0.120792650016510644035683415511   0.211509791831097587955586504019
 592   0.059721258490609381962091946216   0.211669892668399457129532626473
 593  -0.001350239338603425964436845974   0.211782861114758970424236888451
 594  -0.123493349400485408285053466043   0.211875082629931600423593082013
 595  -0.062421749921967456116911671433   0.211890323609716627796605778253
 596  -0.184565457126166216098316020038   0.211981011861462498366250999650
 597  -0.245637057041200473330249775840   0.211994389827179290647812235003
 598  -0.306709257199293178093555696176   0.212095346171080984939669023711
 599  -0.367780830806240753578913164421   0.212153589824497641255519041032
 600  -0.428852412386389308011731830936   0.212202767575959151717695793497
 601  -0.550995508388159003677957919879   0.212231200359981468084648309351
 602  -0.489923941884615528017754687199   0.212296468692621010526922298700
 603  -0.673139733512010345575976705197   0.212322811705596933246818816079
 604  -0.612068134763956937657104808119   0.212340742370404277499581071455
 605  -0.734211318643403491104786779701   0.212367361576289073263229325195
 606  -0.795839002044208840253473428629   0.212796708690254091353422526239
 607   0.792480550883892585689249854650   0.213988342956695100568077401495
 608  -0.940573528325644473907085527704   0.234909070826468403997703396583
 609   0.938980331995155372465869419205   0.241198610837157336348288553947
 610  -0.886295645899106592124382675726   0.262902855394527600252334910907
 611   0.701062298981753545485011913464   0.263423859587107053856283944556
 612   0.639990821112449215996904558346   0.263546684710964229199149712193
 613   0.578919281119290517951256115562   0.263633275795936682847506119820
 614   0.517847894686178523962593798360   0.263795307550488977354779023017
 615   0.456776317862969490280107731238   0.263850075048662696174046617289
 616   0.395704986467471253458584641322   0.264031670018885983785421719175
 617   0.334633389620933955722773224327   0.264055202251984559206355907907
 618   0.273561862372000110251809346749   0.264150358096312814024677136959
 619   0.212490324823582524057339133472   0.264238656591203160858549149341
 620   0.151418819674738367063612439648   0.264347072488010947028426207655
 621   0.090347428149131805432276576782   0.264507173325141998445842840096
 622   0.029276035166264666225613333160   0.264666717313387760859211533526
 623  -0.031795535888215737941948471384   0.264727578545138928994147644060
 624  -0.153937667055929125344461946037   0.264817353242802153707138270385
 625  -0.276080527833860161542141230229   0.264937147417320508280926354977
 626  -0.215008968453112428734460789090   0.265008771126960635763734596200
 627  -0.092866416361446647395418850687   0.265024316436758155515416223896
 628  -0.337152023090849778668341049052   0.265050999195847301736617135201
 629  -0.398223595037757849449132181169   0.265110958228612748021922486948
 630  -0.459295186407390558596614800783   0.265145925821933015831829463623
 631  -0.581436957738597756810796165496   0.265175120280937935073977406848
 632  -0.703579746014176945830267347856   0.265267557752961444967453197252
 633  -0.764651331145570091359077422360   0.265312107623653584983863706368
 634  -0.642508236661351821894674141290   0.265373579070499129893982142751
 635  -0.520366001488449572283390985152   0.265455829818477026787919390706
 636   0.823102845209008932206059861895   0.266827869690173005693897344520
 637   0.762031388698077715320243366546   0.266960891438079472598906641621
 638   0.884160852784643279887755122637   0.268116359521625944668414932494
 639  -0.825580041023494753418741508437   0.269487369024292439230807919927
 640  -0.916529670263766123378259476758   0.315965500125723885040545135943
 641   0.670636749651048025191409360903   0.316376918451319835808021849941
 642   0.548523911518396572862434413028   0.316603663768624132968882207125
 643   0.426397918022633217635673270613   0.316830196965213965464826659494
 644   0.304262605081176191627405714221   0.317039689996904673628235537298
 645   0.243191078108098177370528280372   0.317135022722574154541219795871
 646   0.182119540304214897032528202144   0.317223144347810931154561370839
 647   0.121048035155370740038801508320   0.317331560244618717324438429153
 648   0.059976643629764178407465645454   0.317491661081749768741855061594
 649   0.365331438539741832971572864071   0.317621132308705821247646308241
 650  -0.001094749353102960799197598168   0.317651205069995531155223755023
 651   0.487462804681443855251951979858   0.317735797593852007841342528378
 652  -0.184307545004100864714513610904   0.317802360637018217142737394187
 653  -0.062166121424984579307980690398   0.317818562202430578062041621032
 654   0.609582850247224673972038158058   0.317847245877370799930144617941
 655  -0.306444877328536865819622188631   0.317925323220202282788103639678
 656  -0.367516372585526482945822007454   0.318039174998729076243794419902
 657  -0.428587944532434553726613139570   0.318099134031494522529099771649
 658  -0.123236876925569229513217389910   0.318139992972253109747306923645
 659  -0.611800726846610484671257289345   0.318163628664428698962428515775
 660  -0.489659368382017679386879892265   0.318246389376213861352270770986
 661  -0.733794002272831611888926351490   0.318341461075482640102814793507
 662  -0.245375611551593289659184646333   0.318459432400995054782303170441
 663  -0.550730273281342967909429870126   0.318538056874481127615142604445
 664   0.792677308217225977778389886875   0.319786719514673468805388964787
 665   0.731605839367372195026640813986   0.319913950302292254550644547006
 666   0.914796832927640157247180963947   0.320947952492403193840388702786
 667  -0.672792956843548555740464617410   0.321276244148645591756121139509
 668   0.853727058098896384903727253950   0.321420284492708663467326896562
 669  -0.794743454876620040613223560285   0.322202124548323408295677742271
 670  -0.855814065388154284672618309468   0.322550013755488724019018144963
 671   0.274665046495110943028269944678   0.370511537739986785209658933124
 672   0.213593460764214429395173425473   0.370555258052615625319463011442
 673   0.152521922960331149057173347245   0.370643379677852401932804586409
 674   0.091450202342397302547852513218   0.370751676192894717928592212861
 675   0.519050395742658720667842645812   0.370762810050811887306587970173
 676   0.396805379480593406786114594833   0.370777967198457998103981739195
 677   0.030373766917662380958812388709   0.370908982107050916740198303828
 678  -0.030748186889244042558810613369   0.371040474941779300897651434935
 679   0.335734347020282827502248140740   0.371041658969725804434867758696
 680   0.457875774050675915931068227731   0.371161897148339220374356924680
 681  -0.091871444513993278149481667223   0.371178980822692410759641723565
 682  -0.336232848663870506979430761398   0.371265551504416296543616895396
 683  -0.214092630959174964036591956298   0.371338468739956719198997027049
 684  -0.397313936628028875870256835584   0.371348139275714869755508146208
 685   0.580134676899597527007418725161   0.371350008251290159715149133621
 686  -0.458392076496714922043718674846   0.371407375525461473469111082453
 687  -0.153020645792297358042151998974   0.371456665854619796912925340148
 688  -0.519545040539203990610769239765   0.371506009116361818118912744150
 689  -0.580752927500287741968914903435   0.371720579650310938502819515040
 690  -0.275163149118111018283445262475   0.371773999836877661676419970727
 691  -0.894755218687000000000000000000   0.373188622988000000000000000000
 692   0.647668068314000000000000000000   0.374307955147000000000000000000
 693  -0.710887631098684750281785894232   0.376140795731931709267111367190
 694   0.770654017776205785790630683845   0.376749120915092391560962541742
 695   0.709582548926352003038881610956   0.376876351702711177306218123961
 696  -0.649500161787211724134484587685   0.377731413917369779629993145091
 697   0.892773542486619965259421760917   0.377910353892822116595962279741
 698   0.831703767657876192915968050920   0.378382685893127586222900473516
 699  -0.772490466112091924075883072005   0.379075184833468645276712403720
 700  -0.834003795804902578391996003603   0.379594317904613590500173123300
 701   0.244265620552465036981063979506   0.423479773226214131535308744067
 702   0.183194034414754130945150712614   0.423523317982876596954968821584
 703   0.122121364286668589854946721120   0.423610789728573016283355797100
 704   0.061048200568800227959651987862   0.423718257952624874654423672326
 705   0.611542968626455715412771123844   0.423726145049955928552069709388
 706   0.366409762245232276953662815618   0.423850364652869739375566519601
 707  -0.000025895560751654969237087172   0.423876906517494684943565448702
 708   0.488559322247513664946921333585   0.423965877729393087887486360105
 709   0.305334922591757549132987763008   0.424009720002449661991077129063
 710  -0.061097483632083825992206806219   0.424037273735357706306697357696
 711   0.427480712102202651857069027460   0.424132461656379454005976292426
 712  -0.122169290364048843295752712733   0.424205210483099624967820990901
 713   0.549630226625904451298581868785   0.424257654283331364612763903332
 714  -0.366452049796446085581045812566   0.424336639471980348379947717020
 715  -0.427523587740383106877169967937   0.424424663981292700080006561437
 716  -0.488595156651058894656433396233   0.424487639695322688340481867796
 717  -0.183240040581096559068834837003   0.424527643551951459197224715250
 718  -0.244311634131990448919555667901   0.424558567878638595907214318605
 719  -0.549666586028541116075448211239   0.424632584316404341523089954163
 720  -0.305382563969392317726132852715   0.424844966110332097937576982017
 721  -0.610737489319418403751234668983   0.424924588405917980199176473274
 722  -0.869092915149038020765578802337   0.429579257624543221693319895169
 723  -0.681559443919515949112586301114   0.429711630580185817574718220250
 724   0.681333731260492594691044996530   0.431021940587060827743892369012
 725   0.744836769988362632824225445531   0.432121140271788085477952811457
 726   0.867082336339676955386848765962   0.433622648659964734915914875385
 727   0.806010038577588835780596274860   0.433786411229072052978436048368
 728  -0.745891377914654022490146730495   0.434049988172970449611949869100
 729  -0.808176750234826506443415124921   0.434936022000830152184807063368
 730   0.213889331043829195401280970359   0.476461439576305984990551053854
 731   0.152817745262013759950586183776   0.476505088703877595247390403308
 732   0.091746206825096617859903006472   0.476592770668668938384541824490
 733   0.030674624286426160398251811352   0.476701145368948105198179622930
 734   0.336030024249626177156349893160   0.476829719258888734260381125427
 735  -0.030397205161210714332493244959   0.476861093293409651200512601652
 736   0.458172336813260447380494176130   0.476941075807082819254071001739
 737  -0.642692154548258293812506387498   0.476969183372780292320780995609
 738   0.274958635970063086672843455513   0.476991053566532824239140042022
 739  -0.091468595690846967721241074147   0.477021573744762928477716427546
 740   0.580314601214569710123179616991   0.477061154652667228776342543329
 741   0.397100974106596552059756105002   0.477111816262398448890790898252
 742   0.641386005506451985452624273314   0.477216309315640068421431252670
 743   0.519243241191651233732154711330   0.477232852361021095979348544966
 744  -0.396823027334360857929198124731   0.477321016589612441645277428671
 745  -0.152539455750219199167151609137   0.477322483652339143570736332602
 746  -0.457894565278297879225322280101   0.477409041098924793345336273088
 747  -0.518966134188973667004585708397   0.477472016812954781605811579447
 748  -0.213610762558898815244538090385   0.477512167157425331833190964753
 749  -0.274682222322119549565035302553   0.477643687274859374242756168818
 750  -0.580037236718650372635024039925   0.477718858790127427632185684760
 751  -0.335753541507307090074285164880   0.477829343227964191202906693668
 752  -0.710235448750600047727234076940   0.483632194765657954117091662316
 753   0.712181585206624278289746728951   0.483730103162416335302955854252
 754  -0.776286842413140374330161161241   0.487020321691584761265247388948
 755   0.838059236721892244328792870175   0.487357475579635452462734075628
 756   0.776987361927091833558398321235   0.487521174047871905970327226356
 757  -0.837338122995652848680096687956   0.488595642143504610454183943558
 758   0.183493678425737647620462530277   0.529431665147585964690921370820
 759   0.122422092643811764806936047303   0.529475314275184385179892324265
 760   0.061350365404055544186713609243   0.529562887899603049069393449321
 761   0.000278846466197713256173510197   0.529671299095884629969357054541
 762   0.305634631139753640470608258422   0.529800093741690837042498716408
 763  -0.060792544801111873439901442161   0.529831498458247047318687010862
 764   0.427777321708408347474620080118   0.529919997496363711591758653509
 765   0.244562983351971538892025015431   0.529961279137812803939510358981
 766   0.672134326003000880575536968535   0.529982598571124863431513626011
 767   0.549919657406802838078856091153   0.530040976578292463972932568481
 768   0.366705580996724015374014470264   0.530082190745200551672908489233
 769  -0.121863407270621618170152089042   0.530131918800775875130092891004
 770   0.610991084322917853055786007889   0.530186954595820742006050292989
 771   0.488848265213860490249869881519   0.530203466199842169735601656880
 772  -0.427218380273042093315152989548   0.530291414123376344888177971161
 773  -0.182934716472639112445211519032   0.530320830165051139029562966627
 774  -0.488289918216979114611277144918   0.530379438632688696588236815578
 775  -0.244006103675655010904705162656   0.530482571474817598074387425116
 776  -0.549361340638261452002556930664   0.530527285151998490970256552215
 777  -0.305077507969995430811809976683   0.530637725170221648413005420754
 778  -0.610432728561994484936733843231   0.530689176617691767751096850963
 779  -0.366148894445988325460240029697   0.530799740761728094445807236158
 780  -0.671504115302388880179827948177   0.530851092513016032877256513569
 781  -0.740630913249086399567248507686   0.536602528284272265770389182164
 782   0.741563369730807610241232973732   0.537269352627892033811416500625
 783  -0.804270878580049656211969453280   0.541303230741865884542963498766
 784   0.803160887701000000000000000000   0.542920293762000000000000000000
 785   0.153097918870340056354743516637   0.582401829355396714498888172938
 786   0.092026333088524685389737735895   0.582445478483058549772877941784
 787   0.030954794651826603989088864638   0.582533160447497529705420374486
 788  -0.030116710491309748211516621800   0.582641579559507802738458067972
 789   0.275238612076130724289214212215   0.582770109035589434071647658508
 790   0.397380950404942175871829186426   0.582890944532669822056904224840
 791   0.214167223796573947626306001791   0.582931443345623553747477161099
 792  -0.091187431814297024594623524760   0.582969439654679852327628832281
 793   0.641666108820525538609056361970   0.582995887241947451743951788624
 794   0.519523288619399226566601818301   0.583012399480316882639564573783
 795   0.336309561933101099192620424058   0.583052206039099148702057431333
 796  -0.152258821247288847314421293092   0.583130336751713170672078748326
 797   0.580594719353434587980626778965   0.583156771395522339998516707225
 798   0.458451899148981264974700736505   0.583173282370958316588077967881
 799  -0.457613851484890364432966855217   0.583261743789725241490240726865
 800  -0.213330098644842695079188015962   0.583329264334032813453866444167
 801  -0.518685389428827385729091010588   0.583349768299037593190299571282
 802  -0.274401574876307021442292565580   0.583452901147591140666137221255
 803  -0.579756811850109723120370796334   0.583497614818347387572319307919
 804  -0.335472978914017828578641205549   0.583608155824361722421664590109
 805  -0.640828198653564366950901924866   0.583659506926879568804137503503
 806  -0.396544365657836596578053895366   0.583770070428076991047869991861
 807  -0.701899585373330865917399306531   0.583821430602440371997615812612
 808   0.702721625060508744748187623023   0.584397469141490247962328401114
 809  -0.768557120859782525618746172666   0.590915210262207002826453410792
 810   0.767171890241016863738596576255   0.592712514266007252409533644990
 811   0.122636012316997414160335532530   0.635336571970762374246984507807
 812   0.061564426394309374314313662934   0.635380023549687145066990544661
 813   0.000492921250942741168669359474   0.635488442661830799998425564945
 814   0.244776895287492021452878502614   0.635788949289627047653304191599
 815  -0.060577751428866010605441464784   0.635825241693361396932998321426
 816   0.183705339541880548337227308725   0.635863608451593301719271078776
 817   0.366920891668821863969824636792   0.635898085603763002521546374857
 818  -0.121649163793461807476339229728   0.635977185582592367812542811355
 819   0.305848183072266053459636576715   0.635984661990515674925435261938
 820   0.611206784867277241329939268888   0.636002224748939456298751266298
 821   0.489063681939588413729977601735   0.636023747929100556003527712278
 822   0.550135247031014576333220782039   0.636090324469085314993096076164
 823   0.427992136852560026513003708948   0.636106668584174396614742139767
 824  -0.182720435770651806213557996332   0.636177770327941053736357637301
 825  -0.488075190590610901152449042088   0.636196302927495769820614285000
 826  -0.243791915338146098415929333532   0.636299748150130970935218832245
 827  -0.549146613011893238543728827834   0.636344149446805564202634021637
 828  -0.304863319375856905552277973501   0.636455002826901552690746201099
 829  -0.365934706119675673551690663318   0.636616917430616821316951602851
 830  -0.427006150090365385927536189831   0.636755577038600518162990115765
 831  -0.668754406264260493002399589845   0.637972188904814305860201732131
 832  -0.729825792984026991968896971510   0.638134112580375109053680041240
 833   0.728330145570717998245551225546   0.639840630779605466560445545480
 834  -0.608782396220181632793628060986   0.649509021504140835154682282914
 835   0.669204372930149166002752345860   0.655133881081870879802875148795
 836   0.092100205211630420474522415186   0.688269594423079815336763106505
 837   0.031028700067882154710115663092   0.688378013535443805752934883856
 838   0.214241760371231424989267379712   0.688752808654326231053303699621
 839   0.153169890462482993931660457751   0.688753369697712555324802118335
 840  -0.030042175090020789242849487804   0.688758819538125233797854948774
 841  -0.091113680784832857301893602761   0.688866927592045175081155553519
 842   0.336384841453112760854574662862   0.688873725038403407018479644246
 843   0.275313240080607645178889013034   0.688874715418813041981064851321
 844   0.519599214218645256377402250960   0.688979748697695360005456592334
 845   0.397456319990566529201010176994   0.688996217492467919869652168350
 846  -0.152184952664149581149114677770   0.689067542182135352194090695245
 847   0.458527785579442935945753164339   0.689125004054903371070103268738
 848  -0.213256432291991695943188829033   0.689189489785820552629576230689
 849  -0.518600748375054056452144521371   0.689227895992789581854069884673
 850  -0.274327836329850578254183367189   0.689344744462676624441305546548
 851  -0.335399223073669346253596057006   0.689506659066391893067510948301
 852  -0.396470667044359058629441583519   0.689645318674375589913549461215
 853  -0.457538682880513731559165892881   0.690307086750925900763234740886
 854   0.590775664985000000000000000000   0.695016057507000000000000000000
 855  -0.671791839988401494525814368592   0.698968209197317241752753689728
 856  -0.578236531583342450702043754523   0.702392768050124852806118145951
 857   0.655170801974160928083826814844   0.714571237865086117165190876174
 858  -0.626449069553843230709835093262   0.739879988240411029100742541286
 859   0.122068907427929518321658313975   0.741482538173936533074092449260
 860   0.244672060958590581331032971053   0.741703293264184240380432431289
 861   0.183600459578819760648826087966   0.741703543997782899735725612896
 862   0.305850111007618957816276065563   0.741763901175121016095528702625
 863  -0.060763522542863663596277697675   0.741863233028758021792807403515
 864   0.366921682907454568557532187247   0.741886447529353020476498177830
 865   0.427994407640847712869704531351   0.742015961002295479497367726725
 866  -0.121834897488928030488803503606   0.742063906642867512098534826911
 867   0.059987426985018867350110257271   0.742147267114889007513122631359
 868  -0.182906377116770931255599545638   0.742185854246159096622760892842
 869  -0.243978270328352696583005093057   0.742341389060921737279409436753
 870  -0.305049659646446018803376203609   0.742503305138845640838745958691
 871   0.548974158349047546417790145637   0.742522751531751305984633757165
 872  -0.366122690891850451726245188675   0.742642873699100531533656817148
 873  -0.427191104684842218576701477207   0.743304869655586940661986459140
 874  -0.523891040482182082618801684394   0.750607516034334034232537362998
 875  -0.000409698829663603512377519718   0.751201987193027188632195029423
 876   0.608878582594159931150291825308   0.754405531131389200026121561932
 877   0.492686240003000000000000000000   0.767497743546000000000000000000
 878  -0.578558144622000000000000000000   0.777868482650000000000000000000
 879  -0.472744721074581396402278399152   0.783981906979536798609467469415
 880   0.152644933241239113124194679434   0.794348852029557642838305311951
 881   0.091573161947704421754596478970   0.794416587390360863395624532843
 882   0.275208766063432977326235044178   0.794592382841532234853782447542
 883   0.336280244601391048694800026947   0.794714875044164420409372619248
 884   0.213890431624229188103390426893   0.794734525034150237836403765399
 885  -0.152266157216917988800453591270   0.795014988439714027112264693435
 886  -0.090799827866522780190115273083   0.795038258005730781446876045554
 887  -0.213341869028594338856421569015   0.795172737809104793902924425430
 888  -0.274430822414286544032239027744   0.795344835223642615128529589010
 889  -0.335552601331843471799098924755   0.795512620430526541526596418941
 890   0.440420890889669098716693541839   0.801810077646115254741444239140
 891   0.542774298931988265432176437728   0.803278839608261633324370363222
 892   0.030828759786057085911917068285   0.803680046351928712886079949960
 893  -0.030399546384473423273062559322   0.804403508714279109290024158368
 894  -0.416828983765000000000000000000   0.809541095886000000000000000000
 895  -0.528171133677000000000000000000   0.812765403203000000000000000000
 896   0.386194832461529070302408057338   0.829904761375365158041369827608
 897   0.491119672052102761909075075576   0.835860122840384167788804983387
 898  -0.475213961714871377631719436343   0.845004137917685050862863766449
 899  -0.121574945968503423653426609814   0.847814515400257625189880296872
 900  -0.182667130621948064844347584081   0.847982160453883643705854545981
 901   0.181806658965111516487984839379   0.848008549670983083735915279241
 902   0.120714611581362603994357694156   0.848087029987365965014880300779
 903  -0.243738518287814350147844443800   0.848143726902920476219524332656
 904  -0.364971700477963407599379715494   0.849031698322068947874865729730
 905   0.256112504020573488238484232607   0.852601634441371980114720792732
 906   0.317183982558532096683700134949   0.852724126643736392991798406682
 907   0.060320327468924957483778749311   0.857159667277054334455986690563
 908  -0.061249898549084104110614315076   0.857334449696080759212663424177
 909  -0.304129788192000000000000000000   0.859543207895000000000000000000
 910  -0.000456356570673505735421582697   0.863158157791935472222728915256
 911   0.437516113909677250293943522687   0.865124419340205774356810751697
 912  -0.421050267911000000000000000000   0.873245495324000000000000000000
 913   0.382176304376717848608557145139   0.890955588782964725429279603326
 914   0.215972680334737580339793944663   0.898629385004268826127448065536
 915  -0.151975885097610876921322156845   0.900781707087379214321633887909
 916   0.151328508436694846097748240677   0.900931827711364186209124105228
 917  -0.343986149327725620049811047193   0.906385047414452514714813296764
 918  -0.228205468054573000344884201882   0.907206954427358893614745628982
 919   0.090978641329163101527693559767   0.910296201461866410577636700007
 920  -0.091658841751792389846393152826   0.910354729763017591838187923740
 921   0.325319231763069877000464165526   0.913251461092992015464660551273
 922   0.030191330291543639929181701610   0.916185328891447786928133755355
 923  -0.030880496461441404333598722868   0.916336054528704351170699519550
 924  -0.286233751369870976093673193073   0.926245513773551183840273488166
 925   0.267171759820509597514503258038   0.931922615365576346408509529159
 926  -0.186092183582939233705497172871   0.951436037236786778872006428628
 927   0.185494545526227679782196580262   0.951552498170692361601807142937
 928  -0.125287911559478978198532348522   0.961334175481900966491784511222
 929   0.124535095848000000000000000000   0.961385503578000000000000000000
 930  -0.064509255277365073129328116265   0.967315247263473597185766790572
 931   0.063720604835000000000000000000   0.967350431549000000000000000000
 932   0.000338713775907380966775577367   0.969463946212225159957983947787
