   1   0.121649318639854354610963046481  -0.900742680492730219994262054829
   2  -0.121879545086873303623964570840  -0.900711557423455243004844691225
   3   0.298818358792218851214874556008  -0.858395900290474509961901187600
   4  -0.299037755587025121353846179568  -0.858319494081454566106592399437
   5   0.463985226157259656279985823736  -0.781571265525138215321249580711
   6  -0.464184981129640905075919257777  -0.781452645065869881326477746103
   7  -0.000097798499492653147137274752  -0.765244495817560429621408554169
   8   0.177071241652871843456774234775  -0.722897715615304719589047686939
   9  -0.177256008999644470877018883479  -0.722852432475559752723156262380
  10   0.610515919769076898155875387922  -0.673354471950166492697160457340
  11  -0.610688009671387508561878223377  -0.673198401684353979515466327914
  12  -0.459759116967496737851751063771  -0.571205323834993405158049398668
  13   0.277831691586400225087184545512  -0.571143142994901548695241369857
  14  -0.277599923586792076491941737449  -0.570822115145970766125645875437
  15   0.459990898212682099247928535912  -0.570766283217470853616128203507
  16  -0.090752326614975909092609555804  -0.562542633910716308129465923851
  17   0.091406820161828270309634253185  -0.562137877743362551584614869055
  18   0.732524968900624959620063152373  -0.538092095392515434277451028812
  19  -0.732662481665109677689170756970  -0.537904843952062137858867609670
  20   0.580680115318475482399118497350  -0.433745228552116057921168809705
  21  -0.581422163885340010250368155696  -0.433490959672240000611668192345
  22  -0.191096241202123514707532409775  -0.410512316581127321531955536907
  23   0.192167270095356651940044563922  -0.410383305122959380690808551972
  24  -0.380039721755942971770075244412  -0.407416018295491230263100771157
  25   0.380949184813052608343940819663  -0.406648867551554607896559678947
  26  -0.000023282349840598226994425465  -0.404585807186628764744897206813
  27   0.825111825623012540852210352791  -0.381217009594048465207647353976
  28  -0.825209237988093734519853386112  -0.381006098016657957328969570054
  29   0.680681291356888098889958228699  -0.270212778352126192405188027204
  30  -0.680750335685495389203768782388  -0.270038786940212359563152498482
  31  -0.498593082516964371898816312263  -0.269114828010391331017409907756
  32   0.498541457622779443389989311632  -0.267529580759783430978429448195
  33  -0.283016152695832408734769465551  -0.253245509997547762531471045979
  34   0.100737167583687783403415885272  -0.252831234566225593851090889731
  35   0.283477128721886204894863153840  -0.252761516338503930503421932188
  36  -0.100367196936988203841917279435  -0.252555489857039778147386819869
  37   0.884557697500899439788076358887  -0.209030172412206499359026096470
  38  -0.884611096855444205703836658142  -0.208804072055545422105168002489
  39   0.000393252996540177788493031302  -0.100800917236636607253580502787
  40   0.740127163234774997825824234796  -0.098025941170284226556566769698
  41  -0.740152194552845860387752054418  -0.097836760979099824339350930917
  42  -0.557994941384314843082799584293  -0.096912802049278795793608340190
  43  -0.375835794607510663680555775303  -0.096508045881925039248757285394
  44   0.375828182723862162923611508739  -0.095747499745295221674659245485
  45   0.557987329500666342325855317729  -0.095342743577941465129808190689
  46  -0.192287108430697097869154335212  -0.095288683273460219146902328941
  47   0.192047026210217336358234475190  -0.095209445781770143663704269946
  48   0.908474914550904154545836984266  -0.028447545034622741008206720027
  49  -0.908482156085997242994328079181  -0.028215337320458117437540996190
  50  -0.091526658497168716238744024475   0.056465889346942951746903988141
  51   0.091703111623069730743311621220   0.056820871547818842933806116997
  52  -0.467265897119179532217184453954   0.061044024674808747590960376848
  53  -0.649659438367363987527248924445   0.061071155146487662593694848202
  54  -0.285106750342375352814940644964   0.061448780842162504135811431644
  55   0.284398080212193294386982830089   0.061804570811438565165058416757
  56   0.466557226988997473789226639078   0.062209326978792321709909471553
  57   0.649928393729737942347070853600   0.062432396831118158738405978652
  58   0.895902831072453498878530021497   0.153277690689585820069143151061
  59  -0.895863623928604937388445813494   0.153506679034746228092231025020
  60  -0.000216799870639163283925434557   0.214087678131398401934290607925
  61  -0.182376202461187473839968283934   0.214353440925710941366885625109
  62   0.183012970249599283698130211138   0.214442660332274293121192736782
  63  -0.546350802127561114248518839532   0.225140631531329583837852120106
  64   0.364852639452601235482712742829   0.225234012710503950623553604889
  65  -0.728510146503161420796861280664   0.225443680470863000984038451547
  66  -0.364191655350756934846275030543   0.225545387698683340382703174902
  67   0.547011786229405414884956551819   0.225638768877857707168404659685
  68   0.729168638575874431904897104680   0.226638631485911599777231251676
  69   0.091093058755890389670893155361   0.371709466915853852121677227710
  70  -0.091066343834657920885149694016   0.371975229710166391554272244893
  71   0.272932727958892341455475687053   0.382500819294083509624038095817
  72  -0.455621757862425803382903709193   0.383097458255417127222420837144
  73  -0.272881796724227381891456440625   0.383167176483138790570089794687
  74   0.455581683717736546348327873168   0.383190839434591494008122321927
  75  -0.639612573851047716408268474537   0.384438460758048733999977639205
  76  -0.822622900965834279657221252610   0.384742608280224249645648294702
  77   0.823010566899665123653543447695   0.384783931799712069836838534772
  78   0.639336284188243514427337354498   0.385107135256166803172313864027
  79   0.172667308056654864141821418689   0.534582916050527199014453236884
  80  -0.172281560056245284441510783230   0.535028004099592565852087935251
  81   0.363661772224027652321090817392   0.540457646018171053008606812855
  82  -0.364311899235896250428085119275   0.540719247039872577409807456929
  83  -0.546471301826444560984127968652   0.540985009834185116842402474112
  84   0.545818777644315801037941543005   0.541429221193550381405753040207
  85  -0.728615226213467590443086676641   0.543374443010220112397284499724
  86   0.727956428510627989389839253401   0.544256714590477473761989737323
  87   0.000268493077558513706109849838   0.593411201558534341611727304060
  88   0.263396352321790175007436549028   0.692539742774614742399021953922
  89  -0.263711662567914152978139461880   0.692580074656326352691805597493
  90  -0.550698423881004428865304073401   0.723095553244346168739884050505
  91   0.550116846956841366149741570240   0.723538103959309573737730581918
  92  -0.091161609434110354830518828812   0.750963272115268128451444966302
  93   0.090997537342693824571724980178   0.751368028282621884996296021098
  94  -0.395450436024702156625447418562   0.818385536183675744281025968752
  95   0.394792292171470318941031912314   0.818703230254263690625412924522
  96  -0.222514164874703814022297766509   0.880759647517065070670708510196
  97   0.220010579607418168239719723110   0.881388367932508443755201167306
  98  -0.000432565168975043964903698473   0.908920098839355671836013683340
