   1  -0.010696184436000000000000000000  -0.969172152092000000000000000000
   2   0.057207828178219709332278609382  -0.967545889167394702458701459653
   3  -0.072635379790348392545485606931  -0.966510157656040876608992714613
   4   0.118482999334322874648257054622  -0.961966507794494884651689734580
   5  -0.140201673615550123636907081646  -0.959041852040353814895203337556
   6   0.179280693786509221245852411773  -0.952510480826862637589962656023
   7  -0.201490737236746730318454210102  -0.948060792384847769799548266826
   8   0.281794104357091796586295756186  -0.927367168924573046623014584169
   9  -0.308465426412396969179842752481  -0.918839955573227808409112606758
  10   0.022093420173829540421048136714  -0.917021098745115676322072292607
  11  -0.039392742895822475841929658565  -0.914734650038899129326786843071
  12  -0.100848663829139199514094112587  -0.911743683815097513653888028470
  13   0.083368591329932705737026581954  -0.911441717372215858515060567535
  14   0.223002786482239887734049248019  -0.909218972340556297307724858086
  15  -0.247949835045237040678858008460  -0.907720634631870035341180714471
  16   0.340067417928806478853430859543  -0.907618826662838463317978707178
  17   0.144166285782119052334621939105  -0.901985690404583611453333488977
  18  -0.161486583957886555713323070875  -0.901312061737316178044552420059
  19  -0.366143949716814823248295703859  -0.897416509395366383649780142497
  20   0.416465137290323807292958063910  -0.875199733016038393822249319518
  21  -0.008727523634000000000000000000  -0.861327862573000000000000000000
  22  -0.444997846868470646636969990417  -0.861042797735407744194468544929
  23   0.299780676751000000000000000000  -0.860062271447000000000000000000
  24   0.052750180788417318910064890395  -0.858072353195515962090257914627
  25  -0.070311993223798811293176620794  -0.857903475792736996664227722736
  26  -0.320213905066000000000000000000  -0.850748266751000000000000000000
  27   0.360519962393825850098551732634  -0.849588924701690844486129632177
  28   0.236796444164858511354355861465  -0.849256391471744996625970522172
  29   0.175268832474930009904174992231  -0.848897012836428714506845062444
  30   0.113713712267808786543410113932  -0.848521526116066693823607232934
  31  -0.193703977753948035269468390678  -0.847773115404538151319208416105
  32  -0.132177872131182537235777198397  -0.847212380520388302571140355148
  33   0.471157089035238661269623868265  -0.847011676838893013436254865966
  34  -0.255276396723364962167909354709  -0.846629738495943316134026405391
  35  -0.387310468885872411117953872526  -0.839643206192417043747174143340
  36  -0.498734053872830353729112852714  -0.831072876923056545534762683376
  37   0.523950316615813263152052885910  -0.815410233543694359730893116155
  38   0.411550731854000000000000000000  -0.810849647913000000000000000000
  39   0.021344609210436297962864367695  -0.805162371428610112372567171153
  40  -0.040177425773548819283347116936  -0.804259427275680302835697565772
  41  -0.434686747784012108688862385623  -0.800384267153267221348359737816
  42  -0.550460403821644640788289091524  -0.797753801040211310484758343493
  43   0.329399093103659798809451976080  -0.796510985863239342763304536024
  44   0.267871481874347614231792068408  -0.796151607053880827807221059166
  45   0.206343869344555866724815684190  -0.795792227927106349318906722756
  46   0.082142870950950187794460729053  -0.795709992572154784473061794179
  47   0.144816257817923928472194055737  -0.795432847878451740369693194355
  48  -0.101152337961966200663665884285  -0.794078659342319206777527132134
  49  -0.162721823656824692430817376550  -0.793800367621479305949092960387
  50  -0.224249734948907710658952609942  -0.793496675758628502333228261946
  51  -0.285780330094866977254619772875  -0.793194860882338131759176084646
  52  -0.347308249517282213325630426628  -0.792892820714849203543114639517
  53   0.468000242708208405424619438289  -0.785370495300139587580843137756
  54   0.574632067684150213158316368204  -0.780522754337521764670081922949
  55  -0.504739956677000000000000000000  -0.752846808710000000000000000000
  56   0.519923948054040044031575686598  -0.752359103171306228858163273904
  57  -0.007962206793807523822403084245  -0.751061663185488220978757120697
  58   0.422379333931282882029062986793  -0.744084786039896791075599345472
  59   0.360851315277359573242717113006  -0.743625916182757531946526470956
  60   0.298946518667489985233834494116  -0.743046822099803039132258383338
  61   0.237418907054044969602251891133  -0.742687443509242180500157259750
  62   0.622998098968347193599342303509  -0.742489832880840610001863489189
  63   0.175891295830934035737587628868  -0.742328063638197307137028540985
  64   0.114363666871104270817991559686  -0.741968693240285335980964083239
  65  -0.068782632919677605300736744643  -0.741752964963847409362131365635
  66   0.052836054946706366009193277112  -0.741609284329032893079251743723
  67  -0.131696289487608355858706062438  -0.740666646443410210155479737373
  68  -0.193224200779691374086841295830  -0.740362954580559406539615038931
  69  -0.254753668320409725745663028108  -0.740061798145023317958377941201
  70  -0.316282715348065876753519112517  -0.739759099536780107749501416503
  71  -0.378005988319301877177077531896  -0.739569046193938035113565750812
  72  -0.439593704268063796285589442955  -0.739051585206546337087505929284
  73  -0.567609286757147720318386473026  -0.738663261097015580207621538808
  74  -0.629123004081402860175355146736  -0.737307282606908951018177462928
  75   0.574653118297594737582608566297  -0.704430156835732577778643322561
  76   0.668853499356017921362522116671  -0.701464738706659777941381336343
  77  -0.674637232066394278581401227615  -0.695904008006411192974274897423
  78   0.514604240006626306458278408586  -0.691017166389509966404142973077
  79   0.453076114742173041077457450901  -0.690760460028570918039867374831
  80   0.391549166058466549710870577348  -0.690301458518173810167203080509
  81   0.330021555079081612043849918671  -0.689942036922455288498953929038
  82   0.268493943847187340604294316841  -0.689582658555164391825194583922
  83   0.206966332624076406739630054576  -0.689223278684119518462065865158
  84   0.145438721394764222161970146904  -0.688863899874761003505982388299
  85   0.083911110228951419436169614134  -0.688504510194126598575244064035
  86   0.022383499124765255498532448224  -0.688145109963149720374681993236
  87  -0.039144370657832781911275796653  -0.687833121614556197326872202596
  88  -0.100672294711864872235740603264  -0.687532026421538972422362290749
  89  -0.533757333397763050331810424454  -0.687284069292666966717543663282
  90  -0.162200206003947890463875836656  -0.687228334558688168806497592307
  91  -0.223728134151193389173551713996  -0.686928076966954222164764718187
  92  -0.472229923687494750028305898183  -0.686891703317102255663656937667
  93  -0.285256053573608625244562367750  -0.686626036799465293948703273058
  94  -0.346812858794646978169400430699  -0.686339192780541944105499346202
  95  -0.408352306042944085415949803523  -0.686044499513655374716093423766
  96  -0.600880209626031420467983508491  -0.682643577481244087801370865452
  97  -0.717432727712430523775187012205  -0.651696297715964215815891994907
  98   0.605725675956046471275629089869  -0.651323921257636936510472860619
  99  -0.646376076756479043340581411976  -0.641220127953679940737787160248
 100   0.727730435641097400050646042434  -0.640176691461983593344285600950
 101   0.666202048371208824437221996790  -0.639993233890288529073500803669
 102   0.545676799643338096064141562847  -0.637910921954906402756407342668
 103   0.484149171659185411045280127170  -0.637554423206366974366623107929
 104   0.422621559946759860981347568524  -0.637195127118170835233546058386
 105   0.361093948967374803238583875539  -0.636835705522472868739759691666
 106   0.299566337735480531799028273710  -0.636476327155181972066000346550
 107   0.238038726512369597934364011445  -0.636116947284137098702871627785
 108   0.176511115283057413356704103773  -0.635757568474778583746788150927
 109   0.114983504117244610630903571002  -0.635398178794144178816049826662
 110   0.053455893013058446693266405092  -0.635038778563167300615487755864
 111  -0.008086716564182661874477044641  -0.634690998310415363386657890583
 112  -0.069614586346780699284285289517  -0.634379009961821840338848099943
 113  -0.131149079616723096997878729221  -0.634081659925349214071979607262
 114  -0.192678722359130197508523930116  -0.633778955352743378016619497657
 115  -0.440490226495896419265735474541  -0.633576126509780870797382829319
 116  -0.563765647598008818620598776224  -0.633569293154500599480163255978
 117  -0.254209638590083122171431738028  -0.633480401770965161442979896858
 118  -0.315786197020189726660443685932  -0.633206130043227130304701202757
 119  -0.502238237887740518317094249954  -0.633176927178935888426276530364
 120  -0.377327434109999578121080332036  -0.632910391651958939448441275512
 121   0.766883072258155956395367096289  -0.592712524528953321295235837410
 122  -0.715359440835532770886022783803  -0.590202577888325862588288909184
 123   0.699807802048071058130750172772  -0.585348754879037161839918421287
 124   0.638279414778182482517326127129  -0.585165297307342097569133624006
 125   0.576751802404423881202981534529  -0.584806114486892357001207708629
 126   0.515224190929584405657655939097  -0.584446777715603258529357578989
 127   0.453696562945431720638794503419  -0.584090278967063830139573344250
 128   0.392168951713272291053587700796  -0.583730900645169512158184756896
 129   0.330641340481378019614032098966  -0.583371522277878615484425411780
 130   0.269113729258267085749367836701  -0.583012142406833742121296693016
 131   0.207586118028954901171707929029  -0.582652763597475227165213216157
 132   0.146058506863142098445907396258  -0.582293373916840822234474891892
 133   0.084530895758955934508270230349  -0.581933973685863944033912821094
 134   0.022985677324110529320256912228  -0.581584666910432943627463653210
 135  -0.038558164867102567968223442197  -0.581237589298113085793687102286
 136  -0.100086034649700605378031687074  -0.580925600949519562745877311646
 137  -0.161622429806229208768568628439  -0.580629335140156506807884648337
 138  -0.776127090376246600734889941579  -0.580555357251739331136080301764
 139  -0.223185642182471074123548818216  -0.580345782701231749528559153856
 140  -0.284760640734231045909909936043  -0.580072421424370255371236198629
 141  -0.654692410739391506853359102020  -0.579941605418433505008863336457
 142  -0.408583240889701858227469185230  -0.579911800734238157468609390839
 143  -0.346300772335542326612123587270  -0.579777328914644125647643132068
 144  -0.470111331229300888765546146982  -0.579646855690617349412970021805
 145  -0.593165201816078736037760259002  -0.579518924899577801927451922278
 146  -0.531637792105810435734255732731  -0.579126558924013090873565196664
 147   0.803064798942000000000000000000  -0.542681153801000000000000000000
 148   0.738960438665129614475471226627  -0.537884587946006889790868657747
 149   0.607877206677389973400761280287  -0.531672476860948498264626983583
 150   0.546299191439454381414511895388  -0.531341971529857890311906196470
 151   0.484769111166654870128668816692  -0.530984037867229237670933390121
 152   0.671532227038921108530635225489  -0.530701998757416057837642241116
 153   0.423241498379932201880455969449  -0.530624658635757465629281180068
 154   0.361713886441056039181925429773  -0.530265279854810346222472920482
 155   0.300178354520402301415716075444  -0.529901266364001334702126823622
 156  -0.811557148375892836174473471864  -0.529898837675251182583479970046
 157   0.238649876917622037113887716015  -0.529541380821080181772782269455
 158   0.177121806697261781456807140245  -0.529181722651515067434732601043
 159   0.115592806263082273738261769082  -0.528821509870412447252050792032
 160   0.054060680070008017135260737484  -0.528479862033129587045888718440
 161  -0.007485770978809376773489485329  -0.528131257898130666034492864913
 162  -0.069039863171548308909538762478  -0.527789311924924716234861870715
 163  -0.130582363032044317533268888598  -0.527486382655178316632778407174
 164  -0.192158631297079803359446983985  -0.527212891087560000211188250287
 165  -0.253736644303161340769472174819  -0.526937802341218344440088228566
 166  -0.377402498435920574680064733864  -0.526688170602508028726620490260
 167  -0.315275216356996022867584311409  -0.526643620471358440700442674260
 168  -0.746600100932816465738050706487  -0.526574499615707239804865473542
 169  -0.685071596698229882667533579398  -0.526435707078228842581713088180
 170  -0.438930425766483084635770718800  -0.526387745705041615874223034221
 171  -0.500458331931205686146018228534  -0.526083016810630097686623443658
 172  -0.623544387774917111851934736380  -0.526013026559373139500301674000
 173  -0.562016978064648811548430210110  -0.525620660583808428446414948386
 174   0.836323679473353742081131124984  -0.489878032168971846322476205215
 175   0.774827111774164704803747688075  -0.487891009790371561187668270516
 176   0.710343765536146483973745830070  -0.482958511492738884671658506761
 177   0.638902037075766955985693197190  -0.478538344747344324923666980498
 178   0.577374113658158702000979951891  -0.478237119531048258731330474316
 179   0.515844113822244522824120958406  -0.477879232937081016574255325720
 180   0.454316502039264658853960106791  -0.477519854292963082396036663522
 181   0.392788890498626128125112898944  -0.477160475745050170163932618756
 182  -0.843807320057000000000000000000  -0.476821079582000000000000000000
 183   0.331261279133353611719042973935  -0.476801097868792353741169438804
 184   0.269724472423443899613589563532  -0.476436337643773994006500931780
 185   0.208196861256868210633327417353  -0.476076948093745947262512855203
 186  -0.781748221823914461418194635821  -0.476073156123293501693458353485
 187   0.146669250149995275702429828647  -0.475717548322731785659175629525
 188   0.085118589270058789947723159425  -0.475365058326108318019885514107
 189   0.023589231767088111041514339928  -0.475026453020827309452917930143
 190  -0.037966787341062897228637657014  -0.474683304352292898948594400516
 191  -0.099548830617879290380934507098  -0.474357085740412461149831664093
 192  -0.161133893824437422982138535258  -0.474078704715059494395002251870
 193  -0.222709661343555728317208128802  -0.473804926701961816101797893103
 194  -0.284251219949982464370401569505  -0.473509001401945619796174297520
 195  -0.346253755556350362943587016169  -0.473482486117508678821296696616
 196  -0.407781683915688313313085106275  -0.473182271990300161530128685306
 197  -0.716135108316293449040126707298  -0.473117411015698383226459309259
 198  -0.654606828574774834915586475084  -0.472900872881807652598838539670
 199  -0.469309611725321460449945196178  -0.472881847364836953447072785944
 200  -0.530837517890044061960192705912  -0.472577118470425435259473195381
 201  -0.593079418864506534612081948814  -0.472508506906242941544951814055
 202   0.807296207481515251097984799583  -0.435626931106624450627178686757
 203   0.745837237409890994078973131482  -0.432699287950569969148479921196
 204   0.678364937525340453845564644023  -0.430264224024240271128521995004
 205   0.868576776860488494897625143277  -0.430107156355527663192810312425
 206   0.546919036638588651751045009150  -0.424774381287987279110748078134
 207   0.485391425406428666932669785014  -0.424415002966188020203469150598
 208   0.609977422690633036269881106571  -0.424232334220098791524690723523
 209   0.423863814174534143492950703568  -0.424055624598940267384490936459
 210   0.362336202939327236031764935550  -0.423696246798791860835738852130
 211   0.300808591707127528033412317349  -0.423336868483793436173119492061
 212  -0.813257029908488634536712777702  -0.423224588405677237001704442927
 213   0.239254371653105092113731914354  -0.422961911195503686867601373844
 214   0.177726760546232157182834325648  -0.422602511424489525264264148167
 215  -0.751087055263627184182121016709  -0.422476460698468065897495686119
 216   0.116199032838670353240517194735  -0.422263437594793996962777553647
 217   0.054639678060781509196142967908  -0.421907286219413145227373536477
 218  -0.006891784549265882025460321384  -0.421578499448813343820095084825
 219  -0.068475626981439333740791561427  -0.421251227839099120911651849748
 220  -0.130100735422486946887612539637  -0.420949431818409101945076332026
 221  -0.191684923870913347939899680075  -0.420670740329461310285611894686
 222  -0.253224237385980095592327035765  -0.420376125988628378823134537640
 223  -0.315225876585467048320153686764  -0.420345604755118870876569078434
 224  -0.376753804948941356419916930378  -0.420045391475644881597970266754
 225  -0.438281733605119999943669213553  -0.419745177517862788442008172237
 226  -0.685558495970371590808328297741  -0.419724088641442463785305813129
 227  -0.499809661843855240597249209214  -0.419444753137316251547092144335
 228  -0.561859724408972029925883228111  -0.419441454369833054831717488016
 229  -0.624031086260103290504823771471  -0.419331722665877752731419087515
 230  -0.874548778834151988421666207059  -0.417830368318635563302976564881
 231   0.833156227013384128331759833174  -0.379796513890510446805641496700
 232   0.710169926675801935303102696798  -0.377273502737312037288025825937
 233   0.771697256941759871312748165073  -0.376868870734455965326942731139
 234   0.648647834437416993317232970275  -0.376374468074101515930814414914
 235   0.894371761866620615491071462655  -0.373517943966098797879196225920
 236   0.577994073010916221284938622563  -0.371669596087663595058020224130
 237   0.516466461778756236466563398427  -0.371310217765864336150741296594
 238   0.454938850546861713026844316981  -0.370950839398616583331763082454
 239   0.393411238861415376838774022322  -0.370591461335004038191707626329
 240   0.331883627629215668840421404121  -0.370232083020005613529088266259
 241   0.270356016394008761379235636103  -0.369872705219857206980336181931
 242   0.208783033775020982269943711093  -0.369486751147027494926268097957
 243   0.147255421409567220084503946098  -0.369127515835310212802851135485
 244   0.085727579639401181259252849975  -0.368810031373686372206544402752
 245   0.024153459730482384725256546447  -0.368456292187398120327716670039
 246  -0.037400624235514445377348338199  -0.368146422961811798135680027299
 247  -0.099027040050186103025897276692  -0.367843482556071043144944000172
 248  -0.160651769217548022596924947588  -0.367541469208638854205432072531
 249  -0.222199499913337715215018587038  -0.367241939616127873006948539224
 250  -0.284198451785825483778529201538  -0.367212471683958826923587632212
 251  -0.345729665861312002420338315049  -0.366910644883057161358138670290
 252  -0.838006038497750747270966703439  -0.366892868473097254171065028234
 253  -0.407257594224786310520101558663  -0.366610431603583172079539858609
 254  -0.776479106328252090149714790130  -0.366431658625077888241334218098
 255  -0.468785522584124126126916452259  -0.366310217476347035606043740124
 256  -0.530372886620457831957743770935  -0.366043766367698742386823462713
 257  -0.591900822056816961253353501663  -0.365745006174196832552921303738
 258  -0.714955133608876482197645224606  -0.365672134076742064419886141930
 259  -0.653427723898608181894140698336  -0.365279768101177353365999416316
 260  -0.899297787423414101155920132797  -0.361498648386055580472337150188
 261   0.855515449636636531884451709648  -0.322474255906391950617845290056
 262   0.732529149299054338855794573272  -0.319951244753193541100229619293
 263   0.794056479565012274865440041547  -0.319546612750337469139146524495
 264   0.671007057060669396869924846749  -0.319052210089983019743018208269
 265   0.609478885983804055059131332149  -0.318806729642716885722337898832
 266   0.547541498190576086981059059342  -0.318205432543046301439803659023
 267   0.486013886958416102162683835206  -0.317846054221247042532524731487
 268   0.424486275233742946372667635735  -0.317486676134680354138979772324
 269   0.362958663995673404741501374842  -0.317127297816247111071051103897
 270   0.301431052763473696743148756640  -0.316767919501248686408431743828
 271   0.239903441528266789281962988622  -0.316408541701100279859679659499
 272   0.178302186911403250711306668219  -0.316006185478293598286753002933
 273   0.116774485515808084332596547213  -0.315662573666837728818611598050
 274   0.055246558471179583546041100433  -0.315362080568660875480612915241
 275   0.916596787071778571315922733186  -0.315068426185941008409357891574
 276  -0.006356437248575568239948679202  -0.315023597820127421995687473680
 277  -0.067952010362116463723799431809  -0.314738662266784820632070196507
 278  -0.129578401287651705078154039952  -0.314435707623465181458734285134
 279  -0.191166858448174707812965935432  -0.314112369126534751036683761007
 280  -0.253095006542486147330662487263  -0.314032506553537889586661187565
 281  -0.314622935023024458585039178333  -0.313732317266984698599620809446
 282  -0.376150846247129806958283655297  -0.313428611632183715625159461009
 283  -0.437678774610604115058046898911  -0.313128398352709726346560649329
 284  -0.807698963508462790878078553664  -0.313042125161087914636978962207
 285  -0.499206702969941930664861792507  -0.312828184225473589873064530843
 286  -0.746171550144363172471682307096  -0.312650332566448283021652944277
 287  -0.560734637519619949593918439497  -0.312527972633033579353321309538
 288  -0.622262566186142474187088849328  -0.312227821468927015235430764277
 289  -0.684531227656162036123821877749  -0.312191651250814012872475223228
 290  -0.881007233772411817568012697937  -0.302751463399421490594021689972
 291  -0.931545799076492332397611411924  -0.267656883850448575785790525714
 292   0.825138342374537488900962628078  -0.266445822727929590228572527565
 293   0.763610777849346407652034038242  -0.266078534949141929558885168095
 294   0.702082412468938548512656659841  -0.265887877326618149441753056666
 295   0.640554482240329262566045283528  -0.265588046545365726124801643162
 296   0.579026311163463920755251768928  -0.265342566098099592104121333725
 297   0.517088923331534852053322779139  -0.264741269020472711215278618893
 298   0.455561311645297335508507153960  -0.264381890957310813339741421357
 299   0.394033700368000974275394988245  -0.264022512615923427018323249887
 300   0.332506089129931432644228727361  -0.263663134297490183950394581466
 301   0.270978462707863855124954716894  -0.263303747610532594470921145264
 302   0.209450742858293097913155588332  -0.262944448700004849832791980075
 303   0.147799191050249109269966013249  -0.262527553724222092799803440244
 304   0.086271231011905769936788230821  -0.262227308400634536647267566061
 305   0.024737717654918243740537934411  -0.261930004726878115093469708909
 306  -0.036911911900620017775511729104  -0.261613448062843913169692681807
 307   0.886461777382143874695839198487  -0.261424626099448051952731454358
 308  -0.098503398541741217093860988075  -0.261330902746169432103987381162
 309  -0.160092978211499965223294542326  -0.261006907413535836367409801355
 310  -0.222049576521749665336977214956  -0.260895509642642851305853324515
 311  -0.283577455676880032614853607609  -0.260585370133678235419114058582
 312  -0.345108981391552187967992667804  -0.260287232614324861872038143012
 313  -0.406649006945921784691609269710  -0.259990439033332066632173275448
 314  -0.468182687092712554195914059352  -0.259693508814151983196581677838
 315  -0.529710679414023790842969450427  -0.259393331200384265034133108715
 316  -0.837520571719749736355366032896  -0.259223468726664527916934874095
 317  -0.591238663319789455392365836088  -0.259093147783534990223656402195
 318  -0.652938800167385689964858717795  -0.258891672700554004965188209362
 319  -0.775993158355650117948969786327  -0.258831676132024896301608856165
 320  -0.714465771586931132843254749868  -0.258435729006182642275610460476
 321   0.940882851615455422488218005059  -0.232717087437863135303419224341
 322  -0.886836186708946803248636619799  -0.222430178374328813543508918622
 323   0.733158248985351360441555347345  -0.212614345228343323815374735903
 324   0.671630028374575700309128819417  -0.212381611075885998943429432207
 325   0.795944903707279578245956798157  -0.212236684217975864972705747351
 326   0.610101907381288027638309003332  -0.212123883022792135900276603037
 327   0.548573736304422685827515488732  -0.211878402575526001879596293599
 328   0.486636348011755071409587124681  -0.211277105753552310881704258994
 329   0.425108736779555363411234506480  -0.210917727438553886219084898925
 330   0.363581125375326477905256661207  -0.210558349022890089910941358234
 331   0.302053513836769836854092461213  -0.210198971022186578717141789952
 332   0.240524896959536697884791610791  -0.209839147235780354456056433358
 333   0.178997166644166921678147585481  -0.209480855550232292033284228393
 334   0.117332991492717838391114027219  -0.209071152943524740343301540617
 335   0.055761915787809241389017467153  -0.208795503440754035086817897301
 336  -0.005813673303886317045899402911  -0.208522246787165274358907090200
 337  -0.067466288100224076577360667598  -0.208203942809099190706396777152
 338  -0.946651506841599150538361090809  -0.208011316625136765909767207937
 339  -0.129017975465589477239001490449  -0.207902102536240087012662897383
 340  -0.190975693768005883893292742113  -0.207790049402469962251812666248
 341  -0.252503680641434312741549171387  -0.207430484471503512250070319603
 342  -0.314057788760826509317919980776  -0.207137026924504046446064772392
 343  -0.375622010313482094963619860201  -0.206857548329992170387841783322
 344  -0.437158729820404209565216717592  -0.206558866842011674429903108168
 345  -0.498686722173512823582674052961  -0.206258689262633843166363538953
 346  -0.560214705214193296641416847017  -0.205958506350885675904468201372
 347  -0.621781111900622199770869366634  -0.205680275445481622287105964243
 348  -0.807184331362261547705930808603  -0.205535372181697005281152806582
 349  -0.683309034272684644654129998763  -0.205378836742829718799994656038
 350  -0.745572365240825451380991584553  -0.205349422598922582402919669526
 351   0.865318536860915710931654740833  -0.203642799570897622415988287112
 352   0.953752827948857134175499135166  -0.172549489796843109197688725264
 353  -0.898126967068568223183620962585  -0.161946342718967256636968570614
 354   0.764233287429697199701149841689  -0.159509561240491279270088614406
 355   0.702705676211559321201536737116  -0.159150180518035741921154808178
 356   0.641177502190890429016419614415  -0.158905439029349440520455110241
 357   0.579649332067325539471791353905  -0.158659719759336480821624515492
 358   0.518121160990460197660997839305  -0.158414239312070346800944206054
 359   0.456183773146013098853715168314  -0.157812942234795383492691690180
 360   0.394656161913813390852259051130  -0.157453563919796959361409004956
 361   0.333128570461161003223612966889  -0.157090645278666229969554144618
 362   0.271600815476366630913595428207  -0.156734877844762399482635369156
 363   0.825691864072534599235994447084  -0.156573670617446882920683677347
 364   0.210073390887866537043888026722  -0.156344851921992089925563561762
 365   0.148523441729857797427664551452  -0.156028744398650878234584853788
 366   0.086785950634117372510008195892  -0.155660906815117950448817991595
 367   0.025210524723643986237824478876  -0.155387745362963737397763407576
 368  -0.036365065470417000667564275616  -0.155114489547220753744446473134
 369  -0.097988223820057674486234038970  -0.154770844226930160071472664206
 370  -0.159900685922257155382097571250  -0.154685241565645178882072505902
 371  -0.221428297382286899641022044420  -0.154325902258561666353306013588
 372  -0.283027427999864774731158553522  -0.154006124355861707815997968607
 373  -0.344598053722790310563748577126  -0.153722906012828967614644336091
 374  -0.406131513295934826270405778345  -0.153425850579708147896746321594
 375  -0.467662764947063821736471815931  -0.153124047316672999666264336816
 376  -0.529190747973682329381121449551  -0.152823864413135254036698631610
 377  -0.590756091153056238896507588148  -0.152545026388918923965361881445
 378  -0.714415627926578963191866833448  -0.152292530335569658927303865088
 379  -0.652284019512473050158366535201  -0.152244812277872695608635160791
 380  -0.775955793723548989828468424531  -0.151845933270195406431291771106
 381  -0.837483722091200096570131124089  -0.151545720846746621887218142047
 382   0.896313974468704944533296194356  -0.150491516009579523154976167577
 383  -0.957942287201220570473345433595  -0.147527480969775209003226859928
 384   0.962779259139082819897135123867  -0.111686531959730725824671244210
 385   0.733780712581773463320542809104  -0.106045395316475355120507614637
 386   0.672253101349599176212983184818  -0.105686016997124729417535442273
 387   0.610724928945548239108893166044  -0.105440869426499393891756692290
 388   0.549196757201583567370413761851  -0.105195556240579553703306122449
 389   0.487668586124718225559620247251  -0.104950075793313419682625813011
 390   0.425925250659416448833370235028  -0.104238653559709468389336243960
 391   0.364394352079373888898390940014  -0.103881192661300108872433042617
 392   0.302849274245054790674432104523  -0.103528155336618477510471918773
 393   0.856767460285471554433390744219  -0.103355019399528844828282932860
 394   0.241225298664679120234549306169  -0.103226896429492320329573620100
 395   0.795239289335995086463403487736  -0.103109507025097715775773522978
 396   0.179572042388058664407040275309  -0.102908498786628643659624897031
 397   0.117971807825291614964397219150  -0.102621125443343004511221048708
 398   0.056234559524605500589321830662  -0.102253148710850835266403394423
 399  -0.005340867509119091854063397712  -0.101979988160906818979521570876
 400  -0.066879653881644925226900936656  -0.101685695898034239252794391669
 401  -0.128737990330187108419365420344  -0.101477049671410223991795674034
 402  -0.190278592531254050425947346887  -0.101178616865809537481720254467
 403  -0.251951353056229466424588852442  -0.100901945375535852264914305773
 404  -0.313566579598924467538700570853  -0.100590967550223320221290197461
 405  -0.375107396549881371546717019644  -0.100291116814141020220360286677
 406  -0.436635788696215937369326313783  -0.099991168216784951738282737470
 407  -0.498166790747233327534919212521  -0.099689222467174410536599429473
 408  -0.559732133912545271636212190683  -0.099410384451168502097592311683
 409  -0.621260062286024048312164298172  -0.099110170331911852108535958654
 410  -0.683271047930688241906670060061  -0.099088625746832652531029855111
 411  -0.744799056409302501639343673426  -0.098789041006842482955675966667
 412  -0.806459766322136204687466416061  -0.098411078049855947413014971386
 413  -0.867987694689787311429129115619  -0.098110865626407162868941342327
 414  -0.929309282071218948186252024640  -0.093067154915487767213275836859
 415   0.912199388512250766951772185552  -0.076651509709317770158684297897
 416   0.703522417173081760201102334002  -0.052439839048385079753072823501
 417   0.641994631088450382891895939356  -0.052111759427195000598088174637
 418   0.580466458754092833025420609549  -0.051866594365253071831627427681
 419   0.518938286940392569453251534050  -0.051621298670673661826695681137
 420   0.457410115863527227642458019449  -0.051375818223407527806015371699
 421   0.395467718617647943584329797727  -0.050775430368568926685657478498
 422   0.333927437066753963065361750400  -0.050425199673349792793718461386
 423   0.967924983972407513050982216055  -0.050373420697507991220400433928
 424   0.272297641969233866460511356261  -0.050120535433111758591016687068
 425   0.210673662832203093659238577779  -0.049819278577038297368041824123
 426   0.826510608819761282011122687914  -0.049779847574363926218440076970
 427   0.764982437870284814041135431431  -0.049534335199932797165930667088
 428   0.149020408483492481943772943007  -0.049500879831320769936261091951
 429   0.087420416939626851375415504771  -0.049213367470691514549309522109
 430   0.025683167288269194055954454018  -0.048845391506707593238000551034
 431  -0.035855455920347016413400058751  -0.048551194511720304487869489411
 432  -0.097617488455370175533705459311  -0.048385023858380562456458011354
 433  -0.159249914144403275757442908454  -0.048046731765811641916771714247
 434  -0.220876118127463806980015924422  -0.047797276267213780983916276250
 435  -0.282490157200244339072162986260  -0.047486989247429757765463023304
 436  -0.344076366128465904547627580857  -0.047158953614345869662315849860
 437  -0.405611832121273737921808817378  -0.046856525890425969744433578072
 438  -0.467139814980462056241008787834  -0.046556343084609540370923300031
 439  -0.528708176686096269790009953653  -0.046275742505207658597493109546
 440  -0.590236105045513081051868900706  -0.045975528394161430240766388892
 441  -0.652247090704239240060467823031  -0.045953983800871809030930652974
 442  -0.713775604607776471263417059318  -0.045654103959430917613517012389
 443  -0.968173367776098202335639724262  -0.045366432289537971398180498062
 444  -0.775303532967193282525276006372  -0.045353889848384689256790291736
 445  -0.837069545617050970700950241414  -0.044914523028436611607082944006
 446  -0.907431287350710894776058450761  -0.035559508087231783366620422211
 447   0.917221174167278352466120967748  -0.015328122934377184357603635640
 448   0.673066560000967820205854211959   0.001033589023771196187581770007
 449   0.611538715381783296743362145444   0.001350501048605944153314214322
 450   0.550010543047425746876886815638   0.001595666110547872919774961278
 451   0.488482371233725483304717740138   0.001840961805127282924706707822
 452   0.426954200156860141493924225538   0.002086442252393416945387017260
 453   0.364999191842303799651909370218   0.002681505664884989299567528497
 454   0.858430316038739657756425647963   0.002821562936844787401519373691
 455   0.303375804741444094930960956021   0.002982420185365872655525690726
 456   0.241745999452587533777821429667   0.003287086330226018673738116816
 457   0.180122028927636911195971245477   0.003588340378269576355321980957
 458   0.796055263278840884379976755291   0.003682737704475132459665491416
 459   0.118469009229846262849684284072   0.003906883032386184114816844944
 460   0.734527092329364416409989498808   0.003928250078906261512174901298
 461   0.056869024706851160155342911380   0.004194389731358188650644910707
 462  -0.004831421166722970515221126124   0.004583402168031826313995318866
 463  -0.066546715246641534760887502028   0.004776309627139771406679813144
 464  -0.128141395477985690602849789700   0.005038446609090212096695011450
 465  -0.189847447070834900562793718756   0.005334613113585753699438411915
 466  -0.251414922236593014869207134764   0.005617679880837410542808066020
 467  -0.312999530323989565331033915072   0.005944782651975667359640909934
 468  -0.374583608598204257971302401094   0.006275624844476871816179188006
 469  -0.436115857921411301551211330624   0.006578298959090854024371668175
 470  -0.497681201086712211724759534671   0.006857136975103071571976738179
 471  -0.559212147819064079205666663676   0.007159113551799413259332813245
 472  -0.621223132117920425466636764712   0.007180658921407893790561618571
 473  -0.682751647381327469417214822288   0.007480537986529925886582189748
 474  -0.744279575740744280679073769342   0.007780752097576154243308910401
 475  -0.805807504100161091940932716395   0.008080966208622382600035631055
 476  -0.867264509361757182828197825270   0.011049568740142757292456288446
 477  -0.969047335995000000000000000000   0.017288709755000000000000000000
 478   0.969072271977989038893666774114   0.017796486535594114277538198909
 479   0.908854173223000000000000000000   0.048384755159000000000000000000
 480  -0.915831742738121103982595910499   0.048825221466201656356860087814
 481   0.642613763491027078474226368336   0.054519265096557135746812250228
 482   0.581085810926822354795277876947   0.054814476835775184492401764238
 483   0.519557638592464804928802547140   0.055059641897717113258862511194
 484   0.458029466778764541356633471641   0.055304937592296523263794257738
 485   0.396487270548491690729068797139   0.055542426921583831328333367940
 486   0.334446571625955312965924106705   0.056089703508111349302547883232
 487   0.827974970497819260125279715340   0.056284148215683846079624942077
 488   0.272824168908117431645348803531   0.056390038037333291944316621999
 489   0.211194314760712961530217531313   0.056694735000966569958791192701
 490   0.149570638032284466777127404631   0.056996098345379322287788974246
 491   0.765603455758439143252244809500   0.057147338287051289394775009884
 492   0.087917606104689622442371589779   0.057314646600991247458986922970
 493   0.704075284808962675282257553016   0.057392850661482418447284419767
 494   0.026354436295468630467586465375   0.057623183380456404089711468279
 495  -0.035520950250695233173528397140   0.057911902065535219239706740667
 496  -0.097117365307936588015256628596   0.058173045965083118912282270635
 497  -0.158738921086956392165712127571   0.058419787200371552409588964365
 498  -0.220386610070274571555148798347   0.058749778849572813291388005592
 499  -0.281924295346791299901402519990   0.059049451787978096351883688224
 500  -0.343505401040989385654257403634   0.059378554262369141859632789044
 501  -0.405090075079319665769404297978   0.059711874932757176008221389384
 502  -0.466657243860263209878557297647   0.059991778921063915072075940319
 503  -0.528185172219680021140416244701   0.060291993032110143428802660973
 504  -0.590199174891471423620434527682   0.060315300867368737290660820708
 505  -0.651727690154878467571012585258   0.060615179932490769386681391885
 506  -0.713255618514295278832871532312   0.060915394043536997743408112538
 507  -0.774783546873712090094730479366   0.061215608154583226100134833192
 508  -0.849374492547500260494825681532   0.070438927625131806564351295134
 509   0.965990450617651828495524162603   0.079247918364453627702914313638
 510  -0.965487358485794538508163763419   0.085158345766671672458057021075
 511  -0.898266477160217474146270511838   0.107793327607502418313819833369
 512   0.612080305209124884402657798074   0.107987055597200646799249302306
 513   0.550552133444860494677850703430   0.108232363691598431465521434309
 514   0.489023961110502944811375373623   0.108477528753540360231982181265
 515   0.427463978098830692789734570771   0.108704628588320409771615020533
 516   0.365935629237707158868038745770   0.108950041640190791306029454780
 517   0.859051414165343571104341696111   0.109388109891750792119342823846
 518   0.303894336421528223606045794111   0.109497672021559998611839324014
 519   0.797523162977417518997547769549   0.109748748798260003014734460546
 520   0.242272534997024238155271370274   0.109797656988907412781649137055
 521   0.180642485164391204445711650404   0.110102749647386579224915629810
 522   0.119019245786894002224002058358   0.110403855540212866107126960985
 523   0.735072245576340003216095600370   0.110566635376497202219527723578
 524   0.057397392596320500507536742540   0.110746727697617697559618629101
 525   0.673544074626863535246108343886   0.110812147750928331272037133461
 526  -0.004261270538700374060135555984   0.110994098603620940779993277950
 527  -0.066093334958712836548123810105   0.111307645247730653285733763338
 528  -0.127714890916907289578118966467   0.111554386556364459225176223550
 529  -0.189277725824518151404310714296   0.111834742989130511433577916159
 530  -0.250896429862401835996350766098   0.112181811609433718909230001357
 531  -0.312430166082284693972089313037   0.112483223387813405986110692321
 532  -0.374009429644952246395108572521   0.112813377511282526678020928434
 533  -0.435631461048016019582087352381   0.113125354912157019784278634256
 534  -0.497161214993231019294214007671   0.113426634978070986928901863110
 535  -0.559172199292087365555184108706   0.113448180347679467460130668436
 536  -0.620703732928429465724810348229   0.113749821878451612886780594022
 537  -0.682231661287846276986669295282   0.114050035989497841243507314675
 538  -0.806100321656818400292556635454   0.114178196037633612299401169674
 539  -0.743759589647263088248528242336   0.114350250100544069600234035328
 540   0.919696571901318530004544357294   0.119777572817846412685405852133
 541  -0.954955550348635830990904934102   0.145778945516889225150758340909
 542   0.581590624671392973027445661508   0.161430067090014659820255535928
 543   0.520062452907128583302638566864   0.161675375184412444486527667932
 544   0.458440508609677496915184243608   0.161866933412552549238469829146
 545   0.396912336788046160928704519401   0.162112243306927369749311107373
 546   0.335383987932185959583225592214   0.162357656361808622482463780408
 547   0.828599606644941829976609750320   0.162852710474326949054452342315
 548   0.273341901757721126229887546543   0.162905759438564773298655625713
 549   0.766991952795318378961398560419   0.163168045887705915839487174240
 550   0.211721144040601210041302649404   0.163205414921082322499850352182
 551   0.150090935114400292447443390479   0.163510599170837879970702413476
 552   0.088504650163984600814368669170   0.163832645070617887042278439951
 553   0.704582565038608091840883463804   0.164009646869311215240533957201
 554   0.026801040988840085021332973752   0.164128749867125383281924546923
 555   0.643054394089131623870896207320   0.164255159243742344293043367083
 556  -0.034830288849339547161566308876   0.164391769116835332615430683442
 557  -0.096690804197385284563216475187   0.164689018149731703837298111484
 558  -0.158253695654469048816717553193   0.164969342345123418249165175344
 559  -0.219787099725216127540803646353   0.165266514444898360952940415096
 560  -0.281404651887490807865892381198   0.165616956229226325654591521051
 561  -0.342934194799844533842081451426   0.165918046571878339952659414991
 562  -0.404550815583839899361566946833   0.166226857473235149236805267392
 563  -0.466135432180983828997744062405   0.166560210969164091641104557046
 564  -0.528148242065638363708981871676   0.166582822293640310960229870573
 565  -0.589676757329045407659559929253   0.166882701358762343056250441750
 566  -0.651207704061397275140467058252   0.167184677935458684743606516812
 567  -0.775076313892039374481025304301   0.167312867853924046594733136114
 568  -0.712735632420753853697164118499   0.167484892058849414426350554899
 569  -0.836604242256446534578071110107   0.167613080942212391988752840803
 570  -0.898109172297081847232106297371   0.169321787298071892690940621304
 571   0.954065459079946008036017238701   0.170812420626150637410025201118
 572   0.889244764380916788876812411503   0.173242173400422569620515370602
 573  -0.946921060481824786346028460404   0.206780773926323883825055035195
 574   0.551039733394271406796869854859   0.214838110855794886839574062597
 575   0.489417039056130552114700690087   0.215029238274305539844675242542
 576   0.427888867298892965054154192239   0.215274548131159509216165915985
 577   0.366360695482524961643891365845   0.215519858028545200925745433001
 578   0.304832346686092312443454076383   0.215765271117421779305259649632
 579   0.798068396462842689940460541190   0.216272007563772861879205056009
 580   0.242782759565709857627578753649   0.216318051248837022010307379335
 581   0.736502272257586467586186423853   0.216611057380519928860493407862
 582   0.181169751771187301628420503298   0.216613172102173487021176253748
 583   0.119556375100925872303439527589   0.216951064429203269991196374933
 584   0.057917268858015349410494318317   0.217219798970757961369808689934
 585   0.674031673761486525610307657155   0.217417690635091442259852483870
 586  -0.003786595781085023487490191626   0.217515757601685433428479520590
 587   0.612503502812010057640320400671   0.217663203009522571312361893752
 588  -0.065450184117392056441745838338   0.217760281467166912078001850834
 589  -0.127229546016039327897757709737   0.218104009910917902776641191099
 590  -0.188763069555167024953210485249   0.218401113800891267768527674281
 591  -0.250292974765586955904472068403   0.218700283587036171479463135487
 592  -0.311910035142283317347703776895   0.219052570322977774070877339997
 593  -0.373475580738732186808539825738   0.219331526533830962511443753949
 594  -0.435054786716807708777223656856   0.219661713530242221093631190183
 595  -0.497118708285894340874856798154   0.219718584707653120744553500866
 596  -0.558652800102596405813357692223   0.220017343304723186556349643887
 597  -0.620180728462013217075216639277   0.220317557415769414913076364540
 598  -0.744052356676064477556717783419   0.220447509806000451828419201929
 599  -0.681711601838570854651928553025   0.220619575868492518993359095027
 600  -0.805580285912602213221495877565   0.220747723404236131836698271740
 601  -0.879579493350000000000000000000   0.228780238819000000000000000000
 602   0.941305069228828653741850869437   0.231003354723915726020233880598
 603   0.879851866185529210838605606374   0.234049652876265700120689131295
 604  -0.931892887073869095469610643215   0.266445923726977298532907195980
 605   0.520393569507822764547955805539   0.268191543133005786330679746705
 606   0.458865397750609352829887536531   0.268436852995923371021109568170
 607   0.397337225993371765769341038683   0.268682162852777340392600241614
 608   0.335809054236431314504119850015   0.268927472784158357748541302225
 609   0.274280883295688498091728574585   0.269172987614373923814698895646
 610   0.829378797051672832025639482412   0.269238363976886496674645672292
 611   0.767578715925110778565248404624   0.269715019056586874900211289631
 612   0.212224013264939756913580044684   0.269730108570607378634162261457
 613   0.705951380980464901355610617204   0.270019101146300155879811934531
 614   0.150655144329919816216792555423   0.270041954882799715543544143254
 615   0.088968993185540201730395958656   0.270338218685593228999962507402
 616   0.027363899382685529056898806627   0.270626425061702732406143739963
 617   0.643481238475916539440756234466   0.270825995238179144977555530910
 618  -0.034393988180242135925415195477   0.270891441577130359099570676228
 619   0.581857338925561415391406351351   0.271016635286733470803467577860
 620  -0.096039538588221308832079512400   0.271146304823209804415540486028
 621  -0.157739013661173412555476110020   0.271535727838797736461297722340
 622  -0.219268944595537853316878907299   0.271834882943029078295050394672
 623  -0.280797006072659470028274274927   0.272135105292840886389197271508
 624  -0.342451421170303046371845160945   0.272466050336972789365698223044
 625  -0.403979551871699996224196535762   0.272766382590838034368269676740
 626  -0.466038062821718220654336392606   0.272820087268731250197080134003
 627  -0.527627056173630606855472223223   0.273150942000541265366631562309
 628  -0.589156697879769985324819186995   0.273452241237757020806102222102
 629  -0.713028397583557746659934515724   0.273582151343829532408733129150
 630  -0.650684626239186796586678134049   0.273752455348803249162828942755
 631  -0.774556325935765303577173289840   0.273882366932385900947403815194
 632  -0.836084254295241294491705304383   0.274182581031303447241623512393
 633   0.924697670295915670347860718888   0.290434160757778234612813091374
 634  -0.887080850982466793526157026494   0.308608199733578937853637714967
 635   0.868910479519285100617384993125   0.316387300104797967883375109252
 636   0.489842106117418950196230303741   0.321599259629957930840118992719
 637   0.428313934360205538478162034733   0.321844569492875515530548814184
 638   0.366785762602967951417615536885   0.322089879349729484902039487627
 639   0.305257590846027500152394348216   0.322335189281110502257980548238
 640   0.243729419906352696546442365518   0.322580704111937016634529161926
 641   0.799539168483061273786320082914   0.323047031156080776592200857364
 642   0.737027824647989212334672597975   0.323123062822367101919529816300
 643   0.181696125544831897303479203271   0.323166653300103451606530936474
 644   0.675400945704430836876881164502   0.323427405754842563827505251699
 645   0.120067763023325085679779212342   0.323429108782581430839980602543
 646   0.058414019027035446210627413161   0.323745782802412992841042146075
 647  -0.003207377498545461281962180612   0.324022802528391522281889281463
 648   0.612834046474837314291654674736   0.324178836954089501313497260322
 649  -0.064987091689751194061343125729   0.324275316617918315441218548324
 650   0.551305875535157601039680849553   0.324424351783685615312906823873
 651  -0.126547647205334561032628948148   0.324578798732070346233629756508
 652  -0.188244914379966090984893538519   0.324969482320858634616464026810
 653  -0.249772975902610367440681113824   0.325269704648833793204784530693
 654  -0.311338392011720013496655470629   0.325548585254694651589349033426
 655  -0.372955392303270855787501870969   0.325900906393979861222524145834
 656  -0.434962827976610508101309271511   0.325924756329327063471718620560
 657  -0.496546410709454486634951817674   0.326252444561619394819158195446
 658  -0.558130953950804186366933717995   0.326585839933575099616384140524
 659  -0.682001421984173688594684096748   0.326715030824140262578202976878
 660  -0.619660595656853545099861059507   0.326887139170842243810093803499
 661  -0.743532368930994427634902501457   0.327017009007778966174281567098
 662  -0.805060297290470418741232415137   0.327317223106696473160129538446
 663  -0.896048210083173492215795407599   0.369479889109453594328150392070
 664   0.894948890931877574371695644977   0.372134741551222868294134107029
 665   0.833461209095387243831729250643   0.374379976302543065894882942467
 666   0.459327364227946653674400384791   0.375027965623392616266041748188
 667   0.397799192470733241956332115783   0.375273275486310200956471569653
 668   0.336271020713495654895785617935   0.375518585343164170327962243096
 669   0.274742848956555203630564429267   0.375763895274545187683903303708
 670   0.213214678016880400024612446568   0.376009410105371702060451917396
 671   0.768347958037011949668761745627   0.376083664605275704731551615728
 672   0.706477389374665917815685246649   0.376531367432460115204828182740
 673   0.151108744238237166766465860191   0.376553807199885166902967395762
 674   0.644753753693835130567091925841   0.376780247465286417986872240082
 675   0.089514391843633157264310035044   0.376835733898478516847962825098
 676   0.027839911762409622785291285404   0.377143814625871196400480097128
 677  -0.033800764752926277352784567594   0.377406514960344849382632302832
 678   0.582319304585365017769824755786   0.377607542947524186739420015791
 679  -0.095504230038427720902046475756   0.377702653850104379922847020967
 680   0.520791133645685304517850930603   0.377853057777120300738829579343
 681  -0.157057159711687159156107667062   0.378010491044205783435857855007
 682  -0.218748945728966854643909659456   0.378404304002728009296562563268
 683  -0.280314361841670910909062309525   0.378683184610687558404936292611
 684  -0.341842363144687822912312180653   0.378983441311701723446174956216
 685  -0.403937493629551875626453169269   0.379059964832989619970264904740
 686  -0.465471175864346774081924696580   0.379357113622215208093796682003
 687  -0.527050308486628066146413312447   0.379687342494653229068910773661
 688  -0.650977463481866205797943784151   0.379849672025159979503218549923
 689  -0.588634851802934620738821791051   0.380020737910481655398237137721
 690  -0.712505391834074317597250350096   0.380149887613602627284477345341
 691  -0.774033269393293144537084218846   0.380460338530455942645255242648
 692  -0.835561230266405196573360852846   0.380753813419997089237411923400
 693   0.428775722917186297155848562259   0.428435580348063191562676983051
 694   0.367247551159948710095302064411   0.428680890204917160934167656494
 695   0.305717657577612482453136420302   0.428927203369535612707223741562
 696   0.244189486638539156488830914562   0.429172718351097655631074962883
 697   0.182627296710285669487599103487   0.429396564005153417356888376684
 698   0.868818940414510956628588371727   0.429617774337374922278287062230
 699   0.675766999430743312934166677594   0.429921142128211930586608817041
 700   0.120555373058545238350996682892   0.429960432315782252910949618317
 701   0.807291912991550815747376331821   0.430066096998311866430900338215
 702   0.614239011804362834045262006891   0.430208953458721103412794995551
 703   0.058943111683718512940015868141   0.430232109488007138110515482723
 704  -0.002754640702051059239716534684   0.430529197917366380955484630791
 705  -0.064397004672278494542567511539   0.430788592472478419464625058223
 706   0.551767841541886273816857023915   0.431015259642932082642666439782
 707  -0.126013442746009647410494124378   0.431134517346313458610642765084
 708   0.490239492335195893502102181427   0.431260672495896083575509682997
 709  -0.187563212886033597724412728859   0.431444158487475540304624694232
 710  -0.249290331668027398112290855157   0.431817783964581774496714325186
 711  -0.310818332974638720324719019549   0.432118040667694630261762215402
 712  -0.372824464470968842751263478953   0.432142499750711482193915715123
 713   0.743215205541271058279082991003   0.432245224846261075454743166538
 714  -0.434447028347728580304984497228   0.432491644462160637471893526540
 715  -0.495975073641520353593386191352   0.432792011555249042343549260218
 716  -0.619951893034351504640031841233   0.432983372019798986414313303019
 717  -0.557554206263801645657874807217   0.433122240427687063318663351877
 718  -0.681481433331766834800510037499   0.433284528814622344209492918385
 719  -0.866669763354827153549127137994   0.433936982217557764073848710036
 720  -0.743602872758769474855387159327   0.433937644183031578300359461420
 721  -0.805141833360613230328096545523   0.434236861094955674443254258884
 722   0.398224081606401765294818510890   0.481843195066670151540373069891
 723   0.336695909849164178234272013042   0.482088504923524120911863743334
 724   0.275160066884471922022688680510   0.482338490464375217544972110309
 725   0.213602105201198621630584760639   0.482559872175970493225000610204
 726   0.707542696391683121074692035098   0.482609671993454132255754620515
 727   0.152073925530593741072129926189   0.482803189121050503364870599239
 728   0.089984092898630594026702515989   0.483356807905310874173502275943
 729   0.645229858222159450606728232909   0.483362914129799428956883753262
 730   0.028350577047336634325913322809   0.483616310533220635385975397192
 731   0.583687548790751308046089303147   0.483616670171214305736066148612
 732   0.777038562945931684248672824821   0.483643246117420804616556006836
 733  -0.033327711458000000000000000000   0.483932456924000000000000000000
 734  -0.094902794211878557679677680538   0.484222410427773604836448051325
 735   0.521216199884473123379347969414   0.484422874163251338547959803698
 736   0.839165858179000000000000000000   0.484437685578000000000000000000
 737  -0.156520297876400597524458570856   0.484567726933304750847007456578
 738   0.459687851024411361641072130058   0.484668287214503043553205769836
 739  -0.218104598825094141192793924558   0.484857638449329305504776456152
 740  -0.279794302800995207527947565181   0.485252640021588846353540247976
 741  -0.341800434300919740163670317849   0.485277099106704389009502974308
 742  -0.403333999189145547429794806912   0.485574179379882499695544336923
 743  -0.464950926124902159816445992000   0.485926542395194471721646104755
 744  -0.588871074293849040273806767772   0.486084773160767287435954514579
 745  -0.526478971418693933104847686123   0.486226909488282876593301838434
 746  -0.650455862884252133642598094580   0.486418228809261351120587671481
 747  -0.711983782100706510411576711824   0.486720310986234308297707693573
 748  -0.774229084277056307675007083939   0.487436278768564183741627343676
 749  -0.836906263384000000000000000000   0.488775608595000000000000000000
 750   0.741535565817914897651152034609   0.533895741494685708947873559395
 751   0.367672617881476781931127395680   0.535250911372262095820525936089
 752   0.306144446124239194870580897832   0.535496221229116065192016609532
 753   0.244572684889948648646793942916   0.535725643970018428936550520758
 754   0.183039084433374638850837153624   0.535974144536758374829033028324
 755   0.677027572142275063545915911360   0.536038159607808210194693715249
 756   0.121502645370679096747835759286   0.536199564710579124627423256865
 757   0.059408754299340611406374961467   0.536751457248409147613167939762
 758   0.614816093671573357282522140374   0.536849164910495503707028025654
 759   0.553135907103471052131178028379   0.537024284674448186968155019168
 760  -0.002176799134052543697939460360   0.537037798720970997459824412015
 761  -0.063865416953681568293896277857   0.537349214487930988922477269130
 762  -0.125413074489025831624049718185   0.537653664335237884385244651181
 763   0.806306232795000000000000000000   0.537822722944000000000000000000
 764   0.490664558573688591518317918045   0.537830488881858298525655890538
 765  -0.187061683815461140992839766554   0.537981206895158516047159218497
 766   0.429136387299486378277381014848   0.538076003520094987833358636034
 767  -0.248608569958061950608450634588   0.538292494506336377361602378939
 768  -0.310776403776023346820975469231   0.538411698665315403576254598023
 769  -0.372309969019096444842201645808   0.538708778735875406511131596108
 770  -0.433837896966319126941256301684   0.539009077312916333945296915138
 771  -0.557795839448741327720779646678   0.539189442221363100710593001136
 772  -0.495454823902075739327907486772   0.539361440328228305971398682973
 773  -0.619375044143749669276373021120   0.539519629950229652142228883042
 774  -0.680956900829594896664047720659   0.539902254873585121193695635107
 775  -0.742495977991294573554825263837   0.540150470995805491400032704185
 776  -0.804014370500488910543629294272   0.541275045718681546436427681778
 777   0.770272108668462930936380073836   0.588301505910900058196116136589
 778   0.337140622566629165937396797705   0.588669759720088932916043602849
 779   0.708745168783110102580646472011   0.588761685286989497518308539504
 780   0.275557064127954879378820692980   0.588883374733750313483459209082
 781   0.214021067090512689560944443466   0.589133272138204166688361849337
 782   0.152465782974984373745536222106   0.589369671033689437256284072728
 783   0.090933301326071678528266747846   0.589597048746780902866804712079
 784   0.647194873551823818797127581021   0.589850669227089925048001183364
 785   0.028862951118615619456838461163   0.590163216375479705129263407439
 786   0.584127160775465046064507717455   0.590178007898246137248438802461
 787  -0.032752351469816370017490714823   0.590431728114460722168542215224
 788   0.522584265792686520270147977010   0.590431899393055146945851106008
 789  -0.094382189592248905980482411150   0.590784260786218749180108376810
 790  -0.155954460428086375092430913883   0.591067144297091649585396413101
 791   0.460132562924319116458216955953   0.591249337038486331756002454363
 792  -0.217565654948428950408496476584   0.591416062952165587903985141284
 793  -0.279590666678487041018180139897   0.591451555629725526569175325658
 794   0.398604391984638762283650416873   0.591494851867921824928876302795
 795  -0.341285938849047342254608484705   0.591843378091868313326718855294
 796  -0.402813866796270024353663140580   0.592143676668909240760884174323
 797  -0.526771877357893622446270010745   0.592324081327125767556261740531
 798  -0.464341794743492706452717796454   0.592443975245950168195049493354
 799  -0.588299809298641956723345900026   0.592624299010825465416867369598
 800  -0.649827419187237288345870143528   0.592983907284958223291452788383
 801  -0.762504448299819924402865280273   0.598334981070453866223544461931
 802  -0.704999536138296405723667724052   0.620220162678324139861643104586
 803   0.306533617977759112718372386593   0.642045665958867551722411219457
 804   0.245005446328518920292971193529   0.642291002901936051235270537662
 805   0.183448032398230670339159770996   0.642528643158719782871103021160
 806   0.121914166812352821076189119129   0.642777300138202485816094133549
 807   0.060385935205457129417459444313   0.643007108846046183595780664492
 808   0.615455915804033640709677248266   0.643133510021008950037725980872
 809  -0.001712601217148206862712793301   0.643557145768969429837981210648
 810   0.553575519424284177306216035863   0.643585622640406162696975618975
 811   0.492047442382972522824376431366   0.643853676839054322843489557016
 812  -0.063262643401074135717101194193   0.643862975367200630997561481114
 813  -0.124926505487147183042888120540   0.644199451878233332539394597436
 814  -0.186458431561054184508087623913   0.644502000354098721442222335888
 815  -0.248542660384484070205695141651   0.644578091044861697293627823627
 816   0.429924274078790405964933474287   0.644851905836437652181410110631
 817   0.367997387395768709064626005761   0.644870758106700443735243919403
 818  -0.310100206049497781455573238860   0.644883232602124065818955197479
 819  -0.371789836626220921766069979476   0.645278276024902147576471433531
 820  -0.495658663128037478849763530277   0.645406507769415271794542511416
 821  -0.433317764573443603865124635350   0.645578574601943075010636752539
 822  -0.559546863108854077903796948676   0.647021396195520546153365066913
 823   0.719575392906299315082206230663   0.649329682960311084963584692309
 824  -0.633081112905000000000000000000   0.657299264352000000000000000000
 825   0.665576132548157604475799183527   0.678823003856534757810306498925
 826  -0.690620390148256007626175499044   0.680045042597226642549237722639
 827   0.275985089947967829054194341863   0.695455061498669863266229936361
 828   0.214432411636236901071186521059   0.695686373922451667418011709485
 829   0.152896416235599117669812668019   0.695936272263232831430913081981
 830   0.091344019959540570774313106149   0.696203408058389258444377700394
 831   0.029807150613480774777642898495   0.696399187187233729684624899728
 832   0.584904274492952094722381700118   0.696541124739446004111596023318
 833  -0.032229767491417571539683520882   0.696992408918574544091525394613
 834  -0.093804035197533753773650334210   0.697276451979841638911946158842
 835  -0.155430819691291594240945257487   0.697634508278846320298816198180
 836  -0.217435436997109304305286288977   0.697664028446794830831865018232
 837  -0.279057342550329434571247749757   0.698006831148212792875948327736
 838   0.398977017144335541835316839386   0.698031256950820705570982994660
 839   0.337448859365977425400447961031   0.698280153646502755279062636307
 840  -0.340604103826671360967034733613   0.698318130535157900068707775706
 841  -0.464634632957988376262170369173   0.698541107125408178610129770601
 842  -0.526274123886945408066265240407   0.698777564150507893931678640729
 843  -0.403109707171375438707704175257   0.699219047879286557007200092610
 844   0.468688385467846425222515716733   0.700775821747174220433205943033
 845  -0.588267576805014823486878594844   0.701435518457091239808548476303
 846   0.527528930716200018110587460041   0.718763771368808482692254508737
 847  -0.646080202474714952598926414893   0.722494398054285589948881507918
 848   0.635024491237076058488503635378   0.732230618574971811884176541371
 849   0.245408967115326575035884099241   0.748848664198218364077963178638
 850   0.183880795473605348401839418082   0.749094003026964715977821770306
 851   0.122352660605676851551807797730   0.749348397185703297110857485105
 852   0.060825412036568539261644076832   0.749765266744627806216109030908
 853  -0.000703214271136731825087020736   0.749830392782105887125820278876
 854   0.431724025254427410436323015554   0.750121654881260593516808920229
 855  -0.062771680858194436194262762048   0.750406190176746835061447116584
 856  -0.124308007041379661448270438296   0.750711307631034848367187354129
 857  -0.186108551131295758680216189092   0.750969795767668547706640217025
 858  -0.247950119162954668670838897086   0.751092768550145926414185522340
 859  -0.309561240327503014082709244510   0.751441729081246627125700905962
 860   0.306872736533336171382137718409   0.751673756346051256090795878583
 861  -0.371089057958446095202874601432   0.751763838204694743207504711214
 862   0.369958404668714200671238570357   0.752287097435543751048095250242
 863  -0.443029350489523460987034195218   0.756151764699956321882599129936
 864  -0.504557703352146225789738560487   0.756346420104658582394815991118
 865   0.579056374555240604964270987509   0.757791252600802446598664530519
 866  -0.598936364933456774279714168889   0.762032160745129071928325491916
 867   0.490603806951321701451047126453   0.767980753515852173068234252726
 868  -0.549378863297002923991341950140   0.798498996750832565474958221702
 869   0.214865211485404308917879228952   0.802260789120688829757907581761
 870   0.153337039843683082283834547794   0.802506127949435181657766173429
 871   0.091809791131897307974181041224   0.802922997591522995794612135295
 872  -0.031244611682196976704159649670   0.803243866184363499045291561626
 873   0.030283612794671659979988883383   0.803475696361111072493831094275
 874  -0.404023018045579180721662014484   0.803736238281015286969273715823
 875  -0.216925879129921342323522504076   0.804227245371572625078740137016
 876  -0.092764685050033401967715771739   0.804271810506796466754274972879
 877  -0.154293118567728838991261500306   0.804439039608723991030218012618
 878  -0.278454016940128248182300391839   0.804527666483179760663938100566
 879   0.337857115771342402114164468472   0.804831487109783140637704566908
 880   0.539690587414301825825260012615   0.805078786893555519238370956957
 881   0.276328980903413905264132848120   0.805085881268521721770740281707
 882   0.413239945097717874077474332115   0.808808236631046766752501886700
 883  -0.342316014746000000000000000000   0.812510144837000000000000000000
 884  -0.490463081114017252603516058915   0.816238971567077003825703838572
 885   0.487521170453580502613575909950   0.837699762211476366353903842056
 886   0.372957770616289643304092325750   0.855365833114949572794984590083
 887   0.184462606828505398770462614942   0.855753384185709815136342578907
 888   0.122934435186784172136417933784   0.855998723014456167036201170575
 889   0.061408256849558524142225775942   0.856551421784044243735420129555
 890  -0.061114421848524138333976551005   0.857035785069467210483995305082
 891  -0.185788592563438670558894194827   0.857295554954512390378684728873
 892  -0.123446327929000000000000000000   0.857719125307000000000000000000
 893  -0.447141683780355674841154570421   0.859931449521217099927800954473
 894  -0.300379748241422380250691108594   0.862017129897073697467832170541
 895  -0.385665100036868219987816040973   0.862462407431568982617983153341
 896   0.000169546292451832633833358079   0.862517695832133907700373922419
 897   0.298336791179446965087331691326   0.862543973680018750446794582733
 898   0.433387083431621017925202831455   0.866944876658387263461832596946
 899  -0.242165988219546081488006417357   0.881940338494822092390723389144
 900   0.240026175921828556031383347225   0.882181902414791111256052897638
 901  -0.342790850625064311031103781761   0.906593743623536147479356255434
 902   0.340319404954337057247534173033   0.907524372048001302842973149938
 903   0.092856198696100571391944245217   0.909674376585926614918195221018
 904  -0.091186815542511265632122895427   0.910714712352227267864211024140
 905   0.168001280140665511009715501779   0.915039139813771173660654674700
 906   0.031623854358490678608318267606   0.915705637120373164383498809709
 907  -0.029902847401535294664312986343   0.916196623114893965080589641477
 908  -0.169488729927967276979546115623   0.916625906165159730794315011242
 909  -0.284577090603188012268419090525   0.926516952221284542402247474037
 910   0.282051576750888907777801603712   0.927288893119037938895303594669
 911  -0.225216508404333907517235924723   0.942706374006113176458790910940
 912   0.222647103982750512960724852652   0.943316516519077716870789888768
 913   0.126964286711032999333857125948   0.960883891606864097373123491846
 914  -0.126771588804977913124711924232   0.960909333663407986501554599260
 915   0.065598094365754230867076682440   0.967012802552223032054174441923
 916  -0.065058286094000000000000000000   0.967037294742000000000000000000
 917   0.001285709822635072576705246839   0.969234816852884790194411895318
