   1  -0.010723687203482553502161632534  -0.969529025462911551013084287802
   2   0.053648413184603630166010734537  -0.968103410699705585323945755697
   3  -0.074728607827548713884076587574  -0.966704712524866718668768494031
   4   0.114242279842058477733984994937  -0.962834911883713104592475229896
   5  -0.135193300987385238429999592176  -0.960117251909246259910154241585
   6   0.174386594506912251573033819691  -0.953777585028035003637531427436
   7  -0.195125998305321373947738238173  -0.949751657451030984883901895075
   8   0.268682720369375533408150854819  -0.931617926953180057381579786517
   9  -0.277516512359945687757474013713  -0.929024731324845243876503962388
  10   0.020371189810627157687304828010  -0.917191720875127906216546329191
  11  -0.040446932610515981501137673292  -0.916463887485966170834288573551
  12   0.080965056468082005255279088411  -0.911923222059135425485075803390
  13   0.331024689405651083088887029541  -0.911331455097167712699467039997
  14  -0.100911625770352506047060677893  -0.909876426870345712075674321105
  15  -0.335219703607295961432167581637  -0.909796744530922921232945200014
  16   0.213117737227354931851314282121  -0.906881184954636699685688888822
  17   0.141109371132935779094327913165  -0.902865895203457324530132000930
  18  -0.160844323088288641564799323890  -0.899510832412130437049421974595
  19  -0.225701164913935485876856305613  -0.897172831454903788187081034889
  20   0.389502255223317684183828914823  -0.887913486338380982254019972086
  21  -0.391603780023218288754851101946  -0.886988638888433361945701493599
  22   0.284000279615366668457140778466  -0.872755832741190929725622348111
  23  -0.013419360448168779798522419719  -0.861976420126171890519181863772
  24   0.444407463344138953027271986088  -0.861744957960101192849797406470
  25   0.047398187025101581997041131203  -0.861202032876768657928426480779
  26  -0.447221102667000000000000000000  -0.860260825608000000000000000000
  27   0.340919953437579687705572146017  -0.851319310442823351165714068856
  28  -0.263973427758573114109888716444  -0.849901194577950790572285202126
  29  -0.324795899136680986833732660187  -0.849874143981264533247479138772
  30   0.167612905485800319684404790758  -0.848121613099459818091186714091
  31   0.106790436488398896700204132620  -0.848089654756649016322596576719
  32   0.228435296473346066900304205768  -0.848019090742647572029731450415
  33  -0.071989190323034024237713784929  -0.845576762059465890515262910818
  34  -0.132811652391777122197739710100  -0.845533586003143651458995276911
  35  -0.193634114423851327103875322176  -0.845490358321916762123850351379
  36   0.497563894558990288623187933000  -0.832185398139692651541702573738
  37  -0.504710848905441048034377070304  -0.827870355214376447387232371380
  38  -0.396518301552643150083997164201  -0.826365035940304718124193311361
  39   0.383755768511676582520056422831  -0.808139839589033286331506244826
  40   0.020771174725000000000000000000  -0.806250196150000000000000000000
  41   0.444148577998538652745413665121  -0.800923031530125580921944517799
  42   0.548762374299531180943496780436  -0.799351125975794206507075301105
  43  -0.451001218538293209096874659181  -0.799328292182775470126148422993
  44   0.263385555695000000000000000000  -0.796038403980000000000000000000
  45  -0.038911736382687924921140790720  -0.794493955631131528055573559486
  46   0.080661018507690145660202361883  -0.793165823205445792860314094645
  47   0.141592473972724127938907509371  -0.793146064897110403780198158710
  48   0.202595319864802990475506818706  -0.792958493532433087080757526852
  49  -0.163185447137725042816137875270  -0.792838174922039454752403922100
  50  -0.224076519692177606679133040403  -0.792834554104769790028823020852
  51  -0.102279174149535093098208067310  -0.792833130822454571717871817074
  52  -0.345800168968317860980281097622  -0.792793548284343836593459868389
  53  -0.284900725629389847046712797697  -0.792792333968570376240662820295
  54   0.324943342293276194452852620614  -0.792632670969948011746102138425
  55  -0.544691973781599136418900325937  -0.782034960485929029395593648816
  56   0.597801432684231549161619898350  -0.763371346807246201292617093514
  57  -0.601545750822699894119023385605  -0.760424273489992578013384921879
  58   0.480943414368310209713403839175  -0.752492526961235647212125689246
  59  -0.497842795803662274330792002929  -0.743246711246408973135183605089
  60   0.420865739267387633483801113315  -0.743003232427735277839067100426
  61   0.360043277196393916516587477155  -0.742960059541994772116155628001
  62   0.050078006093498083098051458195  -0.740591560415094593662685821437
  63  -0.010744471088504022496059913988  -0.740586488890109272865049859525
  64   0.111109675861954768503130911691  -0.740513634061991184066018160452
  65   0.171932097083480109847223665260  -0.740430971937192235878104185396
  66   0.293870703300906275198622741363  -0.740346297388245245487781746504
  67  -0.071566426692510015759692953204  -0.740334550842453854388200091443
  68   0.233048237485676637347149321633  -0.740308768322781557353109597350
  69  -0.132736670946834573257234043202  -0.740186054501750642417714612921
  70  -0.193627852406051322391395593496  -0.740182370704892482657376591573
  71  -0.376278509844852819278041749702  -0.740158536232580508981852335471
  72  -0.315351497154695606124403364420  -0.740141367502709937607183982115
  73  -0.254452060347491544470169450338  -0.740140149409651518074625964491
  74  -0.437100971999877020110558213999  -0.740115481892714238914991455441
  75   0.540278366643037076528335426664  -0.739123263898844456230226599460
  76  -0.648040268886800869798793451932  -0.721211602753832301352875034740
  77   0.626835161936430690571288506711  -0.709925894970953074508785574213
  78  -0.534661704551781939908549245194  -0.694834504987313843632646972044
  79  -0.595351918951375396005187488923  -0.690825560935956730208879887977
  80  -0.470186818686526940942464092355  -0.689075397072986241517708135341
  81   0.324933774066963960606186056971  -0.688039698689847624728834520818
  82   0.080526663447762705940980008003  -0.687939371271639984868389887244
  83   0.507424579409312057964496713857  -0.687937304684655068674574670894
  84   0.019684298291465995481638643503  -0.687907632293510623466923146706
  85   0.446602117335923171109491417845  -0.687894135173389553413280738605
  86   0.385779655264929454142277781685  -0.687850962287649047690369266180
  87   0.141452270414151695021518191021  -0.687796820262797133271996071471
  88   0.202385014704353756718866168188  -0.687781246727540706150456255894
  89   0.683464694545364816344573516180  -0.687734234538051732477323623730
  90  -0.102023923489809495918718929096  -0.687687474521749925088042887289
  91  -0.041137717614243369540676373096  -0.687670698882676519295807114058
  92   0.263491971517363299420908440442  -0.687653732338713937985647799721
  93  -0.163179076215160852832491761428  -0.687530250284603670322687282394
  94  -0.345829838031230564422164016500  -0.687506355450946609995576449198
  95  -0.284902831872797303547860017061  -0.687489182943791079441147126311
  96  -0.224003393061365260182432003432  -0.687487966009774210703179535212
  97  -0.406652454770297560705437948968  -0.687463211715678802041963939111
  98   0.570718972170642168662415276486  -0.686466419221364295017698005061
  99  -0.671890191130673251879184140682  -0.665260240257135459679635864301
 100   0.726855383080942803264731416925  -0.641703684056656063906087250181
 101  -0.727602299808231106259503994240  -0.640856660540718540230043047615
 102  -0.558539467916822593396800443596  -0.638895018281064429560459936920
 103   0.607157165214725213261933229171  -0.637767016309648113520260854822
 104   0.355196073996385815216958591556  -0.635277030410092855779195238842
 105   0.537873202493163812787031409059  -0.635275314812789792622893681450
 106   0.294373600843963331140595421062  -0.635254317013636031691252460437
 107   0.477050734266042509264157365957  -0.635241922652751994887913286080
 108   0.416228272195048792296943729798  -0.635198749767011489165001813655
 109   0.050333376190413403603075936337  -0.635140326196272185021143428889
 110   0.232828748736040418792625286996  -0.635126210743473086782994458266
 111   0.171978254897053197768394411246  -0.635104850549587684115590223816
 112  -0.010502128386257430329125573990  -0.635104664567198497838527020589
 113   0.111155796391740886745585891564  -0.635056916792228289882979149225
 114  -0.071597870648317660198741011524  -0.635022219706432843378693880546
 115  -0.132492118361387315306251323107  -0.635016591357080260927777848574
 116  -0.497848621325111866951283893995  -0.634895656299827050726393489649
 117  -0.315381172749332261845620669141  -0.634854170892027751829539593394
 118  -0.254454164586671019260122570155  -0.634836999543913772069700697032
 119  -0.193554616870474790623528171363  -0.634835845589485398368490226033
 120  -0.619226098028220908093420390726  -0.634832176664922366964187540833
 121  -0.376203782956675305849560215766  -0.634811030934044903055688052838
 122  -0.437026278280439887845079387127  -0.634767817214353947515876048958
 123   0.667356593478414474196555761222  -0.629083549663172004252413556255
 124   0.765659649929981473276046783742  -0.594867772294589010482772418510
 125  -0.771296593203080700385187560615  -0.587540578478584937423921785074
 126   0.568937870578468150382612613292  -0.582984205118833147611112120879
 127   0.263836972525396078430249819732  -0.582653099468704536129793839195
 128   0.385644690926505153371624539669  -0.582624817889455297253827786318
 129   0.324804507798512410297617757450  -0.582591866840869583004221175061
 130   0.446676892046351611682725929267  -0.582546538935685703839650232027
 131  -0.040979026379346142174447810893  -0.582468817039164927464263535011
 132   0.019946498953531993877225067291  -0.582452458066443370559185012169
 133  -0.710688941446643191924340321143  -0.582433103089909053814026127947
 134   0.141610767515017018405168877003  -0.582405804387656006264169975667
 135   0.080779147604457366876527477526  -0.582363150892175567095760660148
 136  -0.102052624486690275649782439683  -0.582359104055388644072264530690
 137   0.202605675880452605166627875314  -0.582344209801472379474833886735
 138  -0.162875087886873862621456617470  -0.582317846221459933928079053634
 139  -0.649866629086586253517090796077  -0.582291415224523721769080250288
 140   0.508120107148770804097865188341  -0.582226968243806216578141283860
 141  -0.284932505463205977557883222235  -0.582201987492150444458093164115
 142  -0.528222500843705249833161508718  -0.582200294082023614508708656819
 143  -0.224005388395780549701218738087  -0.582184879123624959735011387853
 144  -0.345755117674777003273016868407  -0.582158846375126044889651197034
 145  -0.406577606466817632989201653924  -0.582115636432720048529600162685
 146  -0.467400157799033270726957001850  -0.582072454996550511298191216128
 147  -0.589044729415840479815266868621  -0.582026317662732562855319584956
 148   0.629736776637806665845305359007  -0.581291048816756218375540337523
 149   0.698813611106677362082880967607  -0.577027524092536183874284841142
 150   0.805942446436433646484107289494  -0.539035378317309579247608992638
 151  -0.806617430607205885553548421158  -0.538024801181375074037825143073
 152   0.745136617288293547168130403911  -0.537612389251038036628979359539
 153   0.416093310777807972757406739138  -0.529972607058129511928476204689
 154   0.294304341446967839512530401384  -0.529969498889554043421176258172
 155   0.233481870455775303801459088481  -0.529941591881922352184373602916
 156   0.355253124728631748452283705563  -0.529939654320232024478853722536
 157   0.477125482534091831128199052877  -0.529894311123508294530604663951
 158  -0.010530399039556717968097169612  -0.529816610538409800184921526591
 159  -0.071421332667215962836731687035  -0.529812955597621175502881227725
 160   0.172055080416321378327824367011  -0.529751103094770435669685375261
 161  -0.741063122887991920429208387908  -0.529737914903096788189167394785
 162   0.050292021197355953531200899091  -0.529733227087243527842772875251
 163   0.111231903783652684365179611637  -0.529713315409939940093978242867
 164  -0.193326505103754075241773979790  -0.529666502566178410064063849767
 165  -0.132454246584633044342042977201  -0.529649580911698576379285477984
 166  -0.254483729272315507998979390167  -0.529549867071861632123403854936
 167  -0.315306450388650718985279421501  -0.529506662975248737518204767755
 168  -0.680241185255016602770738760805  -0.529481675081848634524880062166
 169  -0.376128941184919330412658306566  -0.529463451873801190363563306881
 170  -0.436951485985411015871079268648  -0.529420274214916612311915329855
 171  -0.497773954550854609230779346793  -0.529377045071637886331812033506
 172  -0.558596431864034304722409137364  -0.529373920447864875912445395061
 173  -0.619418894198161833665315296438  -0.529331119873447041893403789680
 174   0.544270256481707367165314871611  -0.527388498710434835382458028170
 175   0.666633555651275245649918067825  -0.525415337671471081340054886436
 176   0.605811093668371577018699271758  -0.525372040861306792116464909869
 177   0.838127439004000000000000000000  -0.487418380415000000000000000000
 178   0.712956561832891430735167504130  -0.486000202829972934094749404834
 179   0.776771876543062250847354872896  -0.485664491043708189395402095850
 180  -0.780244846961511254593303407996  -0.483217314574832236143070488704
 181  -0.841332310618000000000000000000  -0.481909375086000000000000000000
 182   0.508807008013896494149069129106  -0.477974616406108227855935976066
 183   0.446541901265548192202879862748  -0.477320379245952102619430636613
 184   0.324752958377087177667196349497  -0.477317286368916484895808805647
 185   0.385701744579934567838065905033  -0.477287443488906239153502140908
 186   0.203042293586569015070704252504  -0.477284152556607510719980751629
 187   0.263917274128924222471220161654  -0.477281740386423375775845624187
 188  -0.040972705327426538630381045755  -0.477160749096866048223539219305
 189  -0.101796954493258964912012245562  -0.477118597693223550430876584844
 190   0.080744762783449467703548046362  -0.477083400058409490546894766096
 191   0.019849714909486132868917022948  -0.477077365645699775881390567965
 192  -0.223809143395524472689409300084  -0.477028980392723165541915595347
 193   0.141731890263662732461294840597  -0.477026555726004545030958972726
 194  -0.162905543089353455758887155809  -0.476998306979145745171985654182
 195  -0.284857674197760249426375589433  -0.476854542554959925183515458576
 196  -0.345680273898793046124920859659  -0.476811268473923882992116877602
 197  -0.406502820703512713294535921289  -0.476768089655997754145878474051
 198  -0.467325282737232354374901613590  -0.476724864290003987345536147232
 199  -0.528148117970031726294032775120  -0.476681846496619164442750759073
 200  -0.588970596228606390593527580712  -0.476678722417783504107028324532
 201  -0.649857191491344337788912013912  -0.476672940887012549777932262077
 202  -0.710932753928000000000000000000  -0.476556408441000000000000000000
 203   0.574668750268513659455599581585  -0.473127153993395416833067366572
 204   0.636259820797328518096551197209  -0.472719892068481118221023229419
 205   0.744409656160715845999503689740  -0.433941806643761894928224724361
 206   0.682582826978944703181800633514  -0.433304757226982970975717747816
 207   0.806974335272564085312895238234  -0.432870691758486530820542650842
 208   0.867795515608615654045713316131  -0.432473477955822955868272950818
 209  -0.809581659689031288497822032252  -0.429937626369419931743914552711
 210  -0.748764894850274482357677821158  -0.428886611834979580414086404289
 211  -0.870347538450830399599477740455  -0.427314320328969408747500781997
 212   0.477011117682457437024172395281  -0.424680084725356184574124998607
 213   0.355201578228389997052978548966  -0.424665075537590699570457224019
 214   0.416150335067674787283539028643  -0.424635215676728829844456572831
 215   0.294365891059043560625886109766  -0.424629527865785817250478171662
 216   0.172607804368531062201996375794  -0.424623772551211954622050712906
 217   0.233490141085377439501588098735  -0.424617109645993457172547191170
 218   0.537988581679845554683962239034  -0.424609744864481513464100849000
 219  -0.132247725086450587878179778964  -0.424467630688273406142767617255
 220  -0.071348327153469540705661604282  -0.424466391192468423151534576424
 221   0.111189275202892566672639620698  -0.424428814125008519806897232371
 222   0.050302456495579647041264170219  -0.424427538616865738585512458810
 223  -0.010525906916556869206363535579  -0.424383007741302150809385925083
 224  -0.193383860005650276100659603182  -0.424363281053196895566309288483
 225  -0.254206322066019718330681165448  -0.424320093202448599247892242432
 226  -0.315231497707902576566017027591  -0.424159148053635070657427568423
 227  -0.376054153417386429006798474382  -0.424115906256120446774432044772
 228  -0.436876616156184480816081964821  -0.424072678982251332247495500020
 229  -0.497699445964651341095329185530  -0.424029665604453510742567057273
 230  -0.619385414726872583551677418255  -0.424006978835545246520450088797
 231  -0.558539197537041832524575704365  -0.423996402216180631855753601192
 232  -0.680225632956088903097689403523  -0.423974444520627337387520181453
 233   0.605117477397470600533451507036  -0.420475005200569742937625686123
 234   0.771590574936963803558366354570  -0.379530673492957695691057093576
 235   0.710768223071524970283044501448  -0.379407102330133391216849504062
 236   0.649945758350087207465013126095  -0.379367840580411329621568708118
 237   0.832382706226076804625440521159  -0.377609598376576110828342745498
 238   0.893203886562128373358258599056  -0.377212384573912535876073045474
 239  -0.832164972779415794047075213446  -0.373463138977880021403995923517
 240  -0.771352994884197177214194926089  -0.372333050155275887461810537139
 241   0.142065189307760896413341155895  -0.372026030950215929397988972552
 242   0.507439140157300205799953745721  -0.372015967866284145089255418934
 243   0.385650168716130216498451672576  -0.372012847725413290261411655943
 244   0.446615318859422465761638660527  -0.371992471458326957898501425647
 245   0.324814510910346380011668309236  -0.371977317034460031925126590034
 246   0.263940215387886593061608660954  -0.371964055151405862830115104042
 247   0.203043210047441974489644441832  -0.371963922214967645627737676231
 248   0.568437308808802495761814164485  -0.371957596071655839568659168550
 249  -0.895427412547344898539182948521  -0.371903367697034686538267834803
 250  -0.162726042002747408219952226337  -0.371832604762324556537091251556
 251  -0.101799097746661163671829137684  -0.371815424187518278863425608836
 252   0.080746968915022746010355744556  -0.371772952683464767845514925085
 253  -0.040976677509748492172531068981  -0.371732040736352006521276957495
 254   0.019924505420918934175975769139  -0.371731833540214917575191947618
 255  -0.223769435208095928259355844260  -0.371661098959551417357684543275
 256  -0.284591897220732087119633676356  -0.371617843937139119538975154430
 257  -0.345605377226495959447894642314  -0.371463785835831634439742735593
 258  -0.406427907741453217820947396237  -0.371420471875742040772235856872
 259  -0.467250385986496130188892751682  -0.371377253539706679506047836757
 260  -0.528072849157786895735650867591  -0.371334028833058904451377198794
 261  -0.588895311191637587065804957715  -0.371290803651466487667394326712
 262  -0.649717788506617170372272207326  -0.371287714262133417102577084943
 263  -0.710540250878924313961025309620  -0.371244967977918907496431053541
 264  -0.862515860602315584482667764475  -0.320754530908255514463152731420
 265   0.915097432815379814653182285478  -0.320466931991945474349967589057
 266   0.781570562345374839346735293970  -0.319532560125923481501736659569
 267   0.720555982819805351704033622377  -0.319377330421642227624675031178
 268   0.111622883019891075751057279752  -0.319370169508672177436606665266
 269   0.416118171466680024527154839598  -0.319368353820300233530868346012
 270   0.172500594986671808700989221932  -0.319366180613971620403675935876
 271   0.537899817416022388791964457996  -0.319356879577377804351153101128
 272   0.659728956688219386723820867165  -0.319337325119086992941445518734
 273   0.477047577393056022280673047649  -0.319330802316363559160145339044
 274   0.355263101398086599457141432848  -0.319325089222282622616081021956
 275   0.598906482598919494449473024523  -0.319317276877874540823010051606
 276   0.233491827656097487563288860875  -0.319311710086725532259230508837
 277   0.294398209574154077335840835059  -0.319306429731306700525112867244
 278  -0.132277414662957984013601585057  -0.319180398261569429257749243137
 279  -0.193099928135660102313736350417  -0.319137246357049558176437258814
 280  -0.071454994426045312514303516354  -0.319097014810403156915600591796
 281  -0.010526265172272688790191764264  -0.319080866535264773287082980030
 282   0.050371347390607061848298868576  -0.319078594605194309986497601080
 283  -0.254155729989020182581781848987  -0.318958433757012728625968835410
 284  -0.314978192047797968963017300079  -0.318915243664756378116362417997
 285  -0.375979131543056483321570103436  -0.318768351451126602234790352861
 286  -0.436801718700355882524593201369  -0.318725070139837447131300053429
 287  -0.497624183879046528229549941519  -0.318681844272313818015027719830
 288  -0.558446646069370012970680710294  -0.318638619000233461647688694770
 289  -0.619269108103220704300834800418  -0.318595393818641044863705822688
 290  -0.680091585418200287607302050029  -0.318592304429307974298888580919
 291  -0.740914047790507431196055152323  -0.318549558145093464692742549517
 292  -0.801736467267754961773643919115  -0.318465622400188793830184764045
 293   0.844573802424658850705248866302  -0.318021420608226365310118477619
 294  -0.920851017209721925556648579646  -0.303538745713704881364385093068
 295   0.811826831751751731229669489678  -0.266767058179031194299719496940
 296   0.751004368910517500502014608444  -0.266724984407941571044628440674
 297   0.202949212595327321774633640976  -0.266713968485729507035168768483
 298   0.142058288698801988038705345789  -0.266710319172427868442293628590
 299   0.446550430000313581046189226720  -0.266706684678336834792512259409
 300   0.568389298983900338784485674556  -0.266704775886867069010937659719
 301   0.690177111897809112766894224333  -0.266684845589550432863373853535
 302   0.385727702240927108155765508261  -0.266682123388641241048587421654
 303   0.507496266243673789812878133029  -0.266678631387200555392466395782
 304   0.081235825289450328486778407384  -0.266669074856322845963973582417
 305   0.263940454094679320719938501326  -0.266659503064804524621699758449
 306   0.324847329372121182586844898517  -0.266653896257436724099762016119
 307   0.629335081929760622256339913637  -0.266653493316126270420047084836
 308  -0.162651300795870678107385709136  -0.266485039856294430897095250394
 309  -0.041004582088569509131964211636  -0.266445840609315923681406614331
 310  -0.223473763239809464595739500799  -0.266441858538555648060929816204
 311   0.019920576797415438882131335174  -0.266427627600244165698388633492
 312  -0.101828880558958006608087640433  -0.266401656405128158554946599053
 313  -0.284531056164332711109241568371  -0.266262174687066817946748694516
 314  -0.345353518158151849537153402381  -0.266218893213444621235710782689
 315  -0.833096592535000000000000000000  -0.266123025677000000000000000000
 316  -0.406352942509465403656670999239  -0.266072949719548640180025783270
 317  -0.467175516592906280565250391209  -0.266029660872444585640279936504
 318  -0.527997980790629645464579784222  -0.265986434439488375211339215806
 319  -0.588820442824351879091594474891  -0.265943209077142574544502840435
 320  -0.649642904858202570421748565015  -0.265899983895550157760519968352
 321  -0.710465382173182153728215814626  -0.265896894506217087195702726583
 322  -0.771287802309422834976610266345  -0.265813437654152189353444773474
 323   0.872587897006663000612089147430  -0.264034530893907221119244619021
 324   0.933390001611642258079814053639  -0.262460417848191429471473682606
 325  -0.914710655986263822942628620165  -0.243027013625447941551592755676
 326   0.781452037285731240886508243590  -0.214072223352242492544847049946
 327   0.233397839033909154931283281426  -0.214061761463808499397638018095
 328   0.172506906307457501112349764833  -0.214058107044185755073786461197
 329   0.598820593133251568899340954062  -0.214039429324040884874079931262
 330   0.537965387970847790898038333739  -0.214038282058475677621624910494
 331   0.720625497988521261564875210399  -0.214032499575849776283327263032
 332   0.416160336702391229338663782898  -0.214020671490593093408907757899
 333   0.477059282659144219761068094641  -0.214019693052378327818797336979
 334   0.050785054696258705520610873981  -0.214018107851372701675864614828
 335   0.111682775619634823380365172404  -0.214015898581127341381289395079
 336   0.355311561102509960977850633873  -0.214010716819329967496702465056
 337   0.294389045069082613029286206129  -0.214007275534062590788084663660
 338   0.659783237139350348299413270805  -0.214001013786589710341975419637
 339  -0.010557740118881381459641112199  -0.213792601674295316092712267793
 340  -0.193025135900020040389388859518  -0.213789652037800520781587807784
 341  -0.071380218989309629424033137278  -0.213749469699421903566015167464
 342  -0.253847598267583211647518387394  -0.213746470676038523862899005825
 343  -0.132202715663107368890090790815  -0.213706268586634248439439156443
 344  -0.314934090385407309062115687194  -0.213549811483701975205487289803
 345  -0.375756583699018123490187172606  -0.213506452938634110914994210788
 346  -0.436726740402015801697328189080  -0.213377540452155778689005666345
 347  -0.497549313504489397800280233912  -0.213334251039619142836591432480
 348  -0.558371775536563591242420394820  -0.213291023358376123364271794202
 349  -0.619194237570285824862764922920  -0.213247797996030322693590716901
 350  -0.680016699604136516192919013044  -0.213204572814437905909607844817
 351  -0.740839161560621535457506980920  -0.213161238907794316944922097283
 352  -0.801661623614475275985599625952  -0.213118041881805295421443856444
 353  -0.862471402068429672870588964963  -0.211875222242229192938165171655
 354   0.842268213309312090144537577311  -0.211307967031200162516545144939
 355   0.910503835419590193621984747847  -0.206107980870671942783451905195
 356  -0.950075569055696868590470390488  -0.193542706215249946232072015746
 357   0.955427927608530016825681966035  -0.165105545610371019567932886647
 358   0.263846430008312447240630986230  -0.161409533933066565564022923306
 359   0.202955532746039334268999405284  -0.161405900022264747436255710809
 360   0.629268748342841294942414311230  -0.161386949794504324796008266063
 361   0.020306737779961885178838426608  -0.161383081925423852070188249129
 362   0.751073166363735001949368845546  -0.161379738520150697783545872303
 363   0.507528404386318220846228295351  -0.161379343723653450047955851691
 364   0.568393983400663824288697540871  -0.161374496242754916063062146095
 365   0.446609637114372848597990513365  -0.161368075389923573380992927031
 366   0.081232005026443200414197639001  -0.161364931576177197093180427491
 367   0.142131393228290336454009591447  -0.161363686452885228012782227685
 368   0.324852438858050392737053899359  -0.161363611194145942323105919457
 369   0.690231623230062497097394256872  -0.161348667772889053761928829134
 370   0.385755332300675643249446835207  -0.161343262066750045927886136754
 371  -0.040931626181872188904595436062  -0.161097243228716968741064989962
 372  -0.223398970927793787441167746113  -0.161094264175283396583556997405
 373  -0.101754088294585523376544582005  -0.161054062102495002006247362149
 374  -0.284221515800877115231510194158  -0.161051130370123488808205668134
 375  -0.162576550690881115941869677410  -0.161010880724117124241408346064
 376  -0.345324803394646878592373575785  -0.160844507439231842307184042293
 377  -0.406147265384277244976053248695  -0.160801220079624610379071099932
 378  -0.467100537313598918932358031783  -0.160682130619330335885317162321
 379  -0.527923108250423343578120844490  -0.160638839958506890989524010866
 380  -0.588745572291545457356663997146  -0.160595613435285236257241237764
 381  -0.649568034852025880939789672482  -0.160552387949143779543888709635
 382  -0.710390497232208394034501015321  -0.160509053797476686632102680506
 383  -0.771212983489303979697711891937  -0.160465842774803686926107829958
 384  -0.899593533710803902080949591299  -0.159617231071745916884845112728
 385   0.811834235233639884636056008835  -0.158647291619988088016723057394
 386   0.872656523050470879585110413601  -0.158495433126302700204778877059
 387  -0.838890330282739594386931159859  -0.155810020827147628941652563268
 388  -0.960341254874096123511629053631  -0.133592815048097283147757808366
 389   0.294309394343649170410120959745  -0.108765621082865780847602784391
 390   0.233404123720442626578347110087  -0.108753672491522813602640616020
 391   0.659717134433553443740395297296  -0.108734603780803668215961675560
 392   0.050753688110146380072425191629  -0.108729905650228347487504061792
 393   0.477078758841546849683150714074  -0.108727726061198695610151441742
 394   0.598842138610253550331770898039  -0.108722016713218355984990480896
 395   0.537956999816134254236887502483  -0.108715557907932688489393087291
 396   0.111680622635098713487842058045  -0.108712719447935083724673260097
 397   0.172580019666872169610659231898  -0.108711479430964220375251477298
 398   0.355286293751827529325038199814  -0.108702864593095460188425307567
 399   0.720679291605276237481887892019  -0.108695906717189975262147438406
 400   0.416204766720457825581405511716  -0.108690588618013486498620385272
 401  -0.010068773984516186332815360294  -0.108686766122324488997758928746
 402  -0.071305461285995607207087819544  -0.108401855410208104410620951835
 403  -0.253772855499255681549331466521  -0.108398904869979845194387676480
 404  -0.132127923351096480556369220690  -0.108358674223359227600036615742
 405  -0.314595317564108547188058161379  -0.108355723333803410413812778921
 406  -0.192950435262343010050033397818  -0.108315521418813572852239025139
 407  -0.375705415040337388281102171608  -0.108145095042619643720070668502
 408  -0.436527877058101341734475103504  -0.108101847231187102234090267039
 409  -0.497474332059532864710198642353  -0.107986719538218084038249740703
 410  -0.558296905005405209692364446825  -0.107943430035416003882493454437
 411  -0.619119367037479403134504607733  -0.107900202354172984410173816156
 412  -0.679941828995745284139663873359  -0.107856870947177545763045722386
 413  -0.740764291026957151606243715158  -0.107813642052636672845350351541
 414  -0.801586752962072049155222606984  -0.107770278161761603374670746572
 415   0.781440360475181120168575055308  -0.105963459817027365495324623497
 416   0.903085122381312007391977302715  -0.105831649564554429801815910289
 417   0.842262648292012115117629460074  -0.105811601323341977683380443162
 418   0.963900091932777201139879856518  -0.104876016408006456144459771996
 419  -0.909859219529203157002108254442  -0.099667339904593253800530905348
 420  -0.854425830584000000000000000000  -0.073463517243000000000000000000
 421  -0.966827925381329241416401190823  -0.073117226071997806737025073112
 422   0.263867088055779349747837083603  -0.056109759641322028886220477105
 423   0.324743678964514205914807141751  -0.056105122833307692804410837653
 424   0.690164802808767184124888932443  -0.056081842725104589716180284831
 425   0.081202305718801893146069610672  -0.056077693521986234118996894398
 426   0.629290524700965699129751884105  -0.056069670699517699404943890392
 427   0.507507354271362883073809921207  -0.056063940245477934051588677344
 428   0.568405155025723980279960859651  -0.056063078378396128411321422093
 429   0.142129249073680546644491698495  -0.056060512426014076087142509709
 430   0.203028610641275461920006936701  -0.056059251900222286541636382508
 431   0.385734921273172183982168731566  -0.056050658197333227660778231207
 432   0.446673631867908187422850697785  -0.056050090777453343172300248672
 433   0.020379816989887105976532344510  -0.056034538591582555164143833957
 434  -0.040442645075006374160980378917  -0.055991357112612872776769100317
 435  -0.101679296313769354049967481382  -0.055706467547690980092179782076
 436  -0.284146641831816477816638432063  -0.055703488939374691211745100372
 437  -0.162501759530050942449153780848  -0.055663287024387347507925141811
 438  -0.344969103896669343455365126921  -0.055660307403198256431170202813
 439  -0.223324221594903806317340363360  -0.055620105488208418869596449032
 440  -0.406087834042371708811642127999  -0.055444677372980118766183428747
 441  -0.466910296055149297066546415059  -0.055401422549437299610298582594
 442  -0.527848128814514730824442244695  -0.055291309615127196931219184279
 443  -0.588670612091074169466489748769  -0.055247968426758321500653940201
 444  -0.649493074121341090970657084145  -0.055204738199548230387162357222
 445  -0.710315604029358249173568208784  -0.055161448465655680362899275829
 446  -0.771138066226397417208496770390  -0.055118106009529515249777404472
 447   0.750925871678672066811576095733  -0.053349395824941979949357469922
 448   0.811748159495503061760630500498  -0.053197537331256592137413289587
 449   0.872688176489984268319300361184  -0.053146043411648553255500806644
 450   0.939036589038432446146723174118  -0.049367638841206303234944626045
 451  -0.914859789830017471658273079145  -0.039050774075257901165570739339
 452  -0.969510055039426349783718638246  -0.012353915293431038771599573083
 453  -0.861977124521651272245746211261  -0.009004185813712223041499902136
 454   0.355192306485858860571937673503  -0.003452916437545460276763761293
 455   0.294301372676644385252523265608  -0.003449261391763940843028530367
 456   0.111650932157383726302719251123  -0.003425486500065226481466144011
 457   0.659738193076179439514245519252  -0.003416909643818620905162499664
 458   0.537955509480952609116883278375  -0.003411460715941373973517012145
 459   0.598853541116436129077941845717  -0.003410732364695471831274831589
 460   0.416203745375174276693658653635  -0.003410136599264037922426452743
 461   0.172577840048083838953839403299  -0.003408284895272142253527414920
 462   0.233478909270777420931072151668  -0.003408011937143700090687133315
 463   0.477102963741433454706253974472  -0.003386176504226823812247007938
 464   0.050828434598542619050176763553  -0.003382326463340441795636666563
 465  -0.009994027466350861087335959874  -0.003339144984370759408261932924
 466  -0.070816489531381010447235236118  -0.003295963697904375220795730272
 467  -0.132053130866949776314326993848  -0.003011079411616343803168137034
 468  -0.314520475233816185064699479219  -0.003008100139754858032434704402
 469  -0.192875592932050649697214828005  -0.002967898224767514328614745841
 470  -0.375342937298669050703426174078  -0.002964918603578423251859806843
 471  -0.253698054996903513565401410516  -0.002924716688588585690286053061
 472  -0.436471434519077105493358675860  -0.002743569719461813276363661325
 473  -0.497293896560219247874240796847  -0.002700315636822298925347355827
 474  -0.558221835900137812516630127154  -0.002595848006443070385501444291
 475  -0.619044404631232319880871324967  -0.002552556074230273697103489715
 476  -0.679866866647035664007315371302  -0.002509305505541789382266806265
 477  -0.740689328597599429547459835995  -0.002465963288761218178192560096
 478  -0.801511790540132170797638150366  -0.002422609803448125245597127280
 479   0.720499261946084322200932682541  -0.000684462743656011138339684755
 480   0.781321549762915317149987087307  -0.000532604249970623326395504420
 481   0.842144024566210311191301905135  -0.000514853811157775408371797687
 482   0.902966383976939774115765765330  -0.000395054029932548122273329722
 483   0.969583388974965121587865258247   0.003227672450894438626576080089
 484  -0.912037275923752182546247508731   0.025540784845911541318506061549
 485  -0.838349956203532036352980240302   0.047041927267226928016720204292
 486  -0.968377089465772894991859718765   0.048458009074117539659909542420
 487   0.385660661941800699461595617539   0.049187876414442546720778857415
 488   0.324750000197989039909653797360   0.049202945003998291684618545993
 489   0.142099523131787018612066955926   0.049226741030676707352148950779
 490   0.568403895571664757914864264442   0.049240885297759282606529578358
 491   0.629301209491649869462435480864   0.049242028691003606668506559139
 492   0.203027999693839735484770471864   0.049243035447369898717559906354
 493   0.263926463883064315067765882820   0.049245507533217830994405127399
 494   0.446632639450467483300283672518   0.049253476741961087837338885317
 495   0.507551118951023180749327331640   0.049266303025309736265824657260
 496   0.081277061037124452206826404004   0.049269880558580565841894083825
 497   0.020454598972230972069313680577   0.049313062037550248229268817464
 498  -0.040367863092799177290585595667   0.049356243324016632416735020115
 499  -0.101190325157503095070302105327   0.049399425069989991972905036874
 500  -0.162426965592070819228498060158   0.049684308625351023918137701658
 501  -0.344894309958939388608308813162   0.049687287897211264293326952391
 502  -0.223249427657171692611385894315   0.049727489812199853392691092851
 503  -0.405716774433085228462916401796   0.049730468044661413985640886984
 504  -0.284071889722026717109010744459   0.049770671348377536635475603732
 505  -0.466853970328542548971834040459   0.049956921731706761403452812361
 506  -0.527676432590252063321472284853   0.050000274406829499593015841864
 507  -0.588595628440341840927111264995   0.050099564346058533204530657667
 508  -0.649418090382874581869100135795   0.050142917831372058509300259021
 509  -0.710240552398500735485571521001   0.050186168649239509577192316509
 510  -0.771063014349242066135070088073   0.050229510616840898109023991682
 511   0.690062278361554752149122644154   0.051974475591166216435329374048
 512   0.750884566178385747098177048919   0.052126334084851604247273554383
 513   0.811707036304924807019308821154   0.052156065916213042144592576445
 514   0.933513183913472449556907849459   0.052200257262168193739247376411
 515   0.872529418116732850521040822608   0.052263894549583646775326006826
 516  -0.920748999614625624531368643134   0.086285760968812191856227360905
 517   0.355218355653930878799311741396   0.101843737855986298682161164701
 518   0.416090024997879136326206026735   0.101851218696117959255547829728
 519   0.172549682777542915142998024491   0.101878061373318748323236272053
 520   0.598851563946878498299357899588   0.101893646353458361106310969087
 521   0.233475094461812126310339294373   0.101896128200461247750650569996
 522   0.294375091404408969724896414572   0.101897713928980063522052203759
 523   0.477080794660057209343357029689   0.101905956271497647915410550517
 524   0.537999505041735329547308317706   0.101918649039010392845871247764
 525   0.111725688357101006978547033848   0.101922129039074626669021198597
 526   0.050903226262438440573306481925   0.101965268566978485158766331643
 527  -0.009919235969236120728811504760   0.102008449949814877464689019432
 528  -0.070741698033940038508528014420   0.102051631695788237020859036191
 529  -0.131564160098791280936773736665   0.102094813234251011381507298410
 530  -0.192800800317194022772107394101   0.102379696662317146243899358452
 531  -0.375268144684087617081522981079   0.102382675934162962148482333921
 532  -0.253623262382294896154995228258   0.102422877849165975718452749645
 533  -0.436090606748940482824480689292   0.102425857470339250116613370416
 534  -0.314445724447174945582224912376   0.102466059385329234490630985262
 535  -0.497250206638288443861431288345   0.102665429211458983483656252772
 536  -0.558072670033737604257344042075   0.102708715321760851892895267778
 537  -0.618969282766571451245951349922   0.102795056365264936564456609559
 538  -0.679791744709104192187940220722   0.102838409850578461869226210914
 539  -0.740614206724730345804411605928   0.102881660668445912937118268402
 540  -0.801436668675471676453910172999   0.102925002636047301468949943575
 541  -0.862259130618004208929916934264   0.102968356121653292630356128524
 542   0.659612632816783380986045062878   0.104626093253620970873133783995
 543   0.720434920633614375935099467644   0.104777951747306358685077964331
 544   0.781257381852031321906960813835   0.104822309494082641466118087020
 545   0.903076218053265525962182906737   0.104859205841684388636846712960
 546   0.963898688189808492354481553703   0.104888917200985166168533282379
 547   0.842079787821253783082502789790   0.104915521031053104158645225590
 548  -0.960519677205827076496492639002   0.132303876534448287850396508764
 549   0.446538180207468862369279383903   0.154503698225654519333619494927
 550   0.385647718710009315663922150593   0.154507080137661711216930137014
 551   0.202996777545515305968566847000   0.154531154126410097356326935694
 552   0.263923721983156780967469826125   0.154548334596223480278297646355
 553   0.324825255784245612032126381107   0.154549031533731990808381561185
 554   0.507529180805347621130810854393   0.154558302316790787879812654990
 555   0.568447173416949069931801952853   0.154571410094709471345652638492
 556   0.142174315480664063540321124755   0.154574335664872871716975197913
 557   0.081351853415633914180421848511   0.154617516951339255904441400565
 558   0.020529391320971347775181296589   0.154660656479243114394186533611
 559  -0.040293070743732570004535213071   0.154703838225216473950356550369
 560  -0.101115532808583812432780935316   0.154747019763679248311004812588
 561  -0.161937994873436306615348104215   0.154790201300378889999790175423
 562  -0.223174635042342251245321562018   0.155075084699268844099054739981
 563  -0.405641979409210947820553797057   0.155078063971129011158288765609
 564  -0.283997097107443124628209396175   0.155118265886117673573608131174
 565  -0.466464459858850102240860348115   0.155121234910235875396373824416
 566  -0.344819559172298276321255728354   0.155161447422295283500437416950
 567  -0.897466698986000000000000000000   0.155238716861000000000000000000
 568  -0.527633336864322239725782206362   0.155366295521356636693786812294
 569  -0.588455798768276998768480635965   0.155409703095632335913652371056
 570  -0.649342865425298694027206288054   0.155490589693517685071474714116
 571  -0.710165440439482074823263967727   0.155533878004433560298290561064
 572  -0.770987902455108228421783779445   0.155577128822301036610997640710
 573  -0.831810364397640760897790540709   0.155620482307907027772403825659
 574   0.629208242286853952618489116142   0.157303856994872081112475453401
 575   0.690030530103684947567543520908   0.157455715488557468924419633736
 576   0.750853683096614089444082232666   0.157500472505575108490595749352
 577   0.872626587757786458523644873919   0.157510832323153846020165931723
 578   0.811676089065836550619624208621   0.157593684042545571183122887923
 579   0.955425717756579391428355412397   0.165118333006828393146064653719
 580  -0.950334455898284489064130539392   0.192267490694969941136555998136
 581   0.909964226214217990806239304488   0.205524106641537273848408844104
 582   0.476986566298267454852600420082   0.207156044239305186294862433744
 583   0.416095873919599041706995507761   0.207159559667198271295001802213
 584   0.233445405066859960625697378752   0.207183360522172329883974012054
 585   0.294373886362993423274699792660   0.207199652200975407564627003782
 586   0.355272924244068277751645232749   0.207201914964496211602083252013
 587   0.537976849231211436614377160915   0.207211063401808528510772513082
 588   0.172622943002156042845980869092   0.207226542268145689440144028813
 589   0.111800480937304800417735146847   0.207269723806608463800792291032
 590   0.050978018872274651057835870604   0.207312905093074847988258493683
 591  -0.009844443222387915347404681319   0.207356044620978706478003626729
 592  -0.070666905466874933784882681182   0.207399226263324360324642678052
 593  -0.131489367533253719774364730361   0.207442407800906652400401160334
 594  -0.192311829598584535088562272132   0.207485589337330587854945556953
 595  -0.253548469470970445910941721699   0.207770472907135887234209208331
 596  -0.436015813837836854661314219251   0.207773452178997373004925484470
 597  -0.314370931536071319293829555856   0.207813654093984716708762599524
 598  -0.496838275902689726571464965195   0.207816633715164974300514572321
 599  -0.375193393600924183162016150548   0.207856835630163645347074135811
 600  -0.558031101367263043223387007951   0.208075740960011949138874808226
 601  -0.618853563196543191819430756178   0.208119253042296905596529752263
 602  -0.679716664248336372667596670238   0.208185998424574771355890194590
 603  -0.740539126190868903460112264904   0.208229351910183124359163925555
 604  -0.801361588206495057058632076621   0.208272602728050600671871005200
 605  -0.862226238130566164874621943392   0.208291616540409282896185283000
 606   0.598737918101116319301064324204   0.209943510301971138277595327991
 607   0.659580885255455526425074932494   0.210107333553838501131003066778
 608   0.720403346474459287246321076762   0.210151690495978621508255491884
 609   0.842222889002369226060766292750   0.210188995334646313044643594056
 610   0.781225752443681748421863052717   0.210244902032949084200782630452
 611  -0.913645839355449501570441978253   0.240778511839121785954104175071
 612   0.507434234673561418644647470473   0.259808805294957873766706346305
 613   0.446544260010397634190316543939   0.259811905680848938256244741030
 614   0.263895569446696602932927345287   0.259834678126924257170303369481
 615   0.324821448978283878046942467086   0.259852474414637417068607590058
 616   0.385721079453658003794718589921   0.259854394494032771680154917214
 617   0.203071570523488554339517326573   0.259878748663914944326216646502
 618   0.142249108279013679065633400981   0.259921930306253575814430156496
 619   0.081426646214162436637387678736   0.259965111844716350175078418715
 620   0.020604184149132287277488402493   0.260008293131182734362544621366
 621  -0.040218277945530279127752149430   0.260051432659086592852289754412
 622  -0.101040740191544841126466476227   0.260094614300551764414039025797
 623  -0.161863202257012470415204627291   0.260137795838659250896119481408
 624  -0.222685664321621300858011401612   0.260180977718565059053121972040
 625  -0.283922304009609695247124475226   0.260465861051592114326732095607
 626  -0.466389648376476103997496972778   0.260468840323453600097448371747
 627  -0.344744766074710568630012309383   0.260509042238440943801285486801
 628  -0.527212110441328975907647718721   0.260512021859621201393037459598
 629  -0.405567228139563432498198904075   0.260552223774619872439597023088
 630  -0.588443673208578671804415552661   0.260793842240461780487378087730
 631  -0.649266369380968362914476105152   0.260837240563444333965542466863
 632  -0.710090117465340696689427344745   0.260881606362523282632842818692
 633  -0.770912579407873227481942939411   0.260924959848131635636116549657
 634  -0.831777461939422505402591041694   0.260943736960551675239863760480
 635   0.933646461664013175509862746439   0.261546651035522064892329917143
 636   0.568195303543466301331334633762   0.262541252195120483533529161214
 637   0.629017591481989582272795599951   0.262693061940848130164142859130
 638   0.872835807352465687659809869664   0.262745850133671908923193788171
 639   0.689953983480867199573322920384   0.262803471563289128680074101570
 640   0.811772552380214423863005136846   0.262840213325049826062303336585
 641   0.750777930918502521436765761904   0.262897574525865956127578830030
 642  -0.921660935121692580240374750590   0.301070567668505185313169439043
 643   0.476991928385691597982363594330   0.312464666736501625728088653591
 644   0.294343132061987057705170019713   0.312487500340586266674283955757
 645   0.355269604187873604090015824254   0.312504953944173977146679255257
 646   0.416169465544457431359633535177   0.312506740507683920006067858963
 647   0.233520669997312576357864617410   0.312530682128021484563048465908
 648   0.172697735800346190559169858462   0.312574136702022830700502774184
 649   0.111875273555871315285285932871   0.312617318344361462188716284179
 650   0.051052811491040252963738172208   0.312660499957842748936552304320
 651  -0.009769650575472217599823120404   0.312703681168447836696785202266
 652  -0.070592112670200186469335944475   0.312746820696313996941686102157
 653  -0.131414574802160671794493750564   0.312790002403520399281448410395
 654  -0.192237036866862218445754512615   0.312833184152833546558618141549
 655  -0.253059498931561733542197068227   0.312876365905008184250930370097
 656  -0.314296138734730738161310405585   0.313161249088559482048029366602
 657  -0.496763483101606960699219991892   0.313164228360415311111929669830
 658  -0.375118600799831611544198239741   0.313204430275408311522582757795
 659  -0.557586008194129177062320247937   0.313207373567129249518367469211
 660  -0.435941062864694289199921923189   0.313247611811581583454078321172
 661  -0.618818220128257884330359987787   0.313489723537756179777764496888
 662  -0.679640681878868292838901643371   0.313533345448148939183278940091
 663  -0.740463143297718782188480882758   0.313577460640267238562771767279
 664  -0.801328774326082926583724825788   0.313595908605231188650855070735
 665  -0.862151236341463862674879261914   0.313639159767940076174957733237
 666   0.915410680827310151845854026138   0.319571042919894857885764376276
 667   0.549323993291410937063066683656   0.320362073753156154328329634756
 668   0.854600026515762663995801149366   0.320770242018044701916628247305
 669   0.611310572598982552297004004345   0.320880992292016016888422630806
 670   0.793777785469139664797833574022   0.320939801276184397313853131393
 671   0.672133002998193832315921907890   0.320956600549713473883796752536
 672   0.732955408324117738036915964419   0.321050230911006062315612751483
 673  -0.898995829574000000000000000000   0.363098857044000000000000000000
 674   0.507867600095431017447262206220   0.364867592730647499822351807399
 675   0.324791287271576783748243376881   0.365139979870122826752355620956
 676   0.385717990278672197974797761510   0.365157299957824643297469748211
 677   0.263968825206902302400937974578   0.365183161657558044641120131107
 678   0.446724881234889379447012427652   0.365221463578677779379717070491
 679   0.203146363142055069207068112596   0.365226343201667942714140639648
 680   0.142323901077203826778822390351   0.365269524740130717074788901867
 681   0.081501438946633620036477741792   0.365312706448124459879895607770
 682   0.020678976881846120943918520248   0.365355888076371496777012150807
 683  -0.040143485184843654043224269187   0.365399069272133745423043700060
 684  -0.100965947279506220448464956385   0.365442208800037603912598108978
 685  -0.161788409344208840425368768831   0.365485390547838947930551495789
 686  -0.222610871408908355521811324443   0.365528572300013585622863724336
 687  -0.283433333656682776456382998586   0.365571753941975551972227641091
 688  -0.344669973011052363374117928128   0.365856637384216646194366458370
 689  -0.527137317377842003768285734506   0.365859616656122381555010251435
 690  -0.405492435076153236757005762284   0.365899818571065475668919849564
 691  -0.587959779442694947518532574420   0.365902798192188793964970743980
 692  -0.466314897140979888051717020809   0.365943000144165568196191561877
 693  -0.649251272276521279132785775468   0.366219807518627418723379287809
 694  -0.770879997511353609830316843121   0.366248028664753339634659937669
 695  -0.831702548728124283856013046007   0.366291331412619589585949043492
 696  -0.710064530411470596080443514199   0.367288409797946309546853424024
 697   0.579879196003629028980997847496   0.372952503904380365743024502416
 698   0.893572689879051569707974809726   0.376337898633588466558654816486
 699   0.832762035567504081857921932954   0.377537097731738310589518687515
 700   0.650169920841314011834488095016   0.377675175800205086751727204304
 701   0.771939794520881082659954357610   0.377706656989878005986743571603
 702   0.711114725488974565152054699495   0.377816050992902305879847661935
 703   0.538422802807649109365193370060   0.417458022881871711237046675059
 704   0.477600552944628798911911039542   0.417624389572823653473980224299
 705   0.355239673362375377633025314137   0.417792325883773492903146113910
 706   0.416166092546204468020725248241   0.417809810102939555073042849294
 707   0.294417211297700896285719911834   0.417835507671208710791910624061
 708   0.233594749232853663091850049852   0.417878689215318608864931132603
 709   0.111950066467966131530014199272   0.417964912843893714765968225458
 710   0.051127604403262203791303728241   0.418008094589853046854770692873
 711   0.172772493749942064320348195929   0.418042988475701708816202003192
 712  -0.009694857661505621284367729213   0.418051276245811446440952277250
 713  -0.070517319726619187282776275683   0.418094457414782205807547579520
 714  -0.131339781821281753688016962880   0.418137596942686064297101988438
 715  -0.192162243885981268784459518492   0.418180778694860701989414216986
 716  -0.252984705985460973227877768299   0.418223960422616394054346268135
 717  -0.313807168050066932036503936600   0.418267142306566950916461316467
 718  -0.375043807697288831023281968124   0.418552025443597240299357217624
 719  -0.557511152072506709011978567834   0.418555004710644905440432956763
 720  -0.435866269769286507519325853027   0.418595206626470724580169001301
 721  -0.618333797308436051175437659271   0.418598080665738290282807369320
 722  -0.496688731835702628131055283249   0.418638388241020433277992178838
 723  -0.874429673574000000000000000000   0.418816221690000000000000000000
 724  -0.686476828829000000000000000000   0.423366606425000000000000000000
 725  -0.752893865654028511987329204177   0.424350290385674735268808627444
 726  -0.813716676007473556896721736803   0.424393673351237558600502314570
 727   0.611700598543762438335363206794   0.424786586288988308907694542346
 728   0.680520648718467999427712096473   0.430383875970124665926306210085
 729   0.868218422961647458259242094432   0.431623836315394677276735453593
 730   0.807407768650099970409189217660   0.432823035413544521307599324622
 731   0.746585527603476971211221642317   0.432992594671684216704824208709
 732   0.570244205347782518719558729358   0.469292105266479654401716714989
 733   0.447041764255943887485623860131   0.470212736097085429167306003102
 734   0.508304132913597045953254823547   0.470299668201530847869746815944
 735   0.385687775629907647678952800868   0.470444836028888404678719214993
 736   0.324865313565233166331647398565   0.470488017816323622567483725144
 737   0.264042851500385933137777536583   0.470531199360433520640504233685
 738   0.081576231924594715284840185721   0.470660300985622301740843310562
 739   0.203220596597542064819514940959   0.470695713217045950822181962891
 740   0.020753769859890787546129714713   0.470703482731581633829645777989
 741  -0.040068691796137349513309313919   0.470747236320228509219597734631
 742  -0.100891154264605784661893106508   0.470789845559614624123875717484
 743  -0.161713616359268351067133793705   0.470832985087518482613430126402
 744   0.142398359350530939664122387402   0.470866629991603102076399552578
 745  -0.222536078423967866163576349317   0.470876166839693120305742354949
 746  -0.283358540488605428355610380214   0.470919348679129718921256382304
 747  -0.344181002726732851492069939085   0.470962530372956774015191306391
 748  -0.405417642011673148770087635071   0.471247413717314914985692009017
 749  -0.587884986378080554495793829816   0.471250392989440971869623809759
 750  -0.466240104076774022153022374104   0.471290594904163744394177969918
 751  -0.648707448442934101996640161777   0.471293574524656983815845569187
 752  -0.527062566141470159223074515281   0.471333776661096407417055688273
 753  -0.719505720638997813228859651478   0.475189306197655332395052013905
 754  -0.783267700367454613143597589998   0.477045678429383114703210660817
 755  -0.844090162145325404349563948836   0.477089262313780278589688191313
 756   0.642051326420916425928587208249   0.477495286458907888082273548128
 757   0.711538669758859840268858675844   0.482702669218950097299813078137
 758   0.838939900395000000000000000000   0.485473062703000000000000000000
 759   0.777584494602078362604852451318   0.485831959957739278395709127205
 760   0.600594933224936506312782730813   0.522000805436399233576295720771
 761   0.539529532812780066850407057279   0.522494956853013880559581037964
 762  -0.681391236786747487502053678100   0.522588250035594186231591632037
 763   0.477598384922747366366197952865   0.522802342386737484238493029455
 764   0.416563447339647067143851412758   0.522847762023034278772982368801
 765   0.355420736363471560266994576445   0.523201637394395283789555929817
 766   0.294598274295996742238616993786   0.523244819180223923984133688898
 767   0.233775779536528272251867949825   0.523287981967129638532981422869
 768   0.051306401770581765209381436022   0.523415501096348266229758418493
 769   0.172952587240133100930305335757   0.523457626505700359970446523079
 770  -0.009517390109945775519889041294   0.523457919799529737591864274160
 771  -0.070339851758542611582980592291   0.523501683717310481779816476988
 772  -0.192087450834932560643640369598   0.523528373268273776900206655126
 773  -0.131162314234246176305483450425   0.523544282627675293517344655172
 774  -0.252909912899621193587694223314   0.523571555035776166479409644100
 775  -0.313732375013312362142326583690   0.523614736831616588960183441923
 776  -0.374554837077960806504884137725   0.523657918655725435679214409542
 777   0.112128271444842953299498690587   0.523687393727215140820766489882
 778  -0.435791476487337358337852042010   0.523942801898070209277507559217
 779  -0.618258820853654289434415079077   0.523945781170248416102918290636
 780  -0.496613938552438231720786781043   0.523985983084919038685993520119
 781  -0.557436400617103476156165922563   0.524029164885364640673320093304
 782  -0.749879555352423914385128037299   0.527884694241363711829454047278
 783   0.673069347461308266769733787618   0.529814079707733319455780416177
 784  -0.810613423489000000000000000000   0.531885510063000000000000000000
 785   0.742145369149412660217977273450   0.535263145897647238969797687028
 786   0.805321453054590133109894841695   0.539962378225242789528839231534
 787   0.631612954265328347153929310182   0.574319598685224664949802588820
 788   0.570487890674119004461948227880   0.574849076412078247215634732498
 789   0.508686538654057721802526937282   0.575079492785874070089614399620
 790  -0.650942609435330308278337059172   0.575240456529625014512993713698
 791  -0.711765071500173588658322063922   0.575283638079302565665993665410
 792   0.447120068006450546024425505493   0.575437368312686333844169395154
 793   0.386296424196170698588526703085   0.575604572638421164176300320334
 794   0.325206567095798671946749470070   0.575988735550478306272568683026
 795   0.264384105031124187952459387018   0.576031917337909795827354913918
 796   0.203561642966246031637012121345   0.576075098838463554896854386177
 797  -0.161638629480174789952141097062   0.576180467570225144109267556769
 798   0.021099379311354272526864204927   0.576206689285507811920927613871
 799  -0.222461285359639494429610587312   0.576223761420760646939563703950
 800   0.142739403681290847286652651927   0.576245288847532060043343646042
 801  -0.039723082754874386878650977776   0.576249868883794831274446961019
 802  -0.283283747424328127373664441028   0.576266943188263036518766692924
 803  -0.100545544335820549759339407295   0.576293733724471743767353101363
 804  -0.344106209488976571736222606369   0.576310125012371883236936623319
 805  -0.404928671553625016098758550711   0.576353306836480729986405274757
 806  -0.466165310963001567905377452423   0.576638190078825503569460867980
 807  -0.526987773028102443953319271884   0.576681371265674331441825989241
 808   0.081919217834065834608383842604   0.576773256445536653055482057046
 809  -0.588824989801000000000000000000   0.577192807589000000000000000000
 810   0.703676046851861086718852385225   0.582374556386430461125765025068
 811  -0.774285800156738529091806431929   0.583595635454265494460563908819
 812   0.769881822007572308823034302153   0.589393201681126900303379178610
 813   0.662328103597728006477098379615   0.626981507656608409543838633448
 814   0.601505911714510845303094807250   0.627167869660903678589141600547
 815   0.539782533734782381569653366875   0.627351979298523152538463512990
 816   0.477995893784208329556666457987   0.627840203530039606688552543341
 817   0.417175794366771667937637133022   0.628378035407723634177073499817
 818   0.356082238787071243549831191356   0.628391661555504800504897256984
 819   0.294942836324644709216072074623   0.628747434890839619287602272077
 820   0.234120374259970225221781991571   0.628790616678271108842388502970
 821  -0.131189617625702348532894675161   0.628832451705314765693530790122
 822   0.173297912195092068906334725898   0.628833798178824867911887975228
 823  -0.192012464004881723738111314775   0.628875855722712014148624605594
 824  -0.252835043016930406768672593580   0.628919193879861826056583994958
 825  -0.313657581864814492708170310217   0.628962331389294982221940478582
 826  -0.009158023025438481481823152961   0.628969018272247781849999417616
 827  -0.374480043964640781303748016782   0.629005513193127177528889932082
 828  -0.069980485091667140887338335660   0.629012197870534801203518764765
 829  -0.435302506029289225666283961125   0.629048695017236024278358583519
 830  -0.496539145438665777472902862837   0.629333578259580797861414176743
 831   0.112477733459180373940439623954   0.629362584342871707336936374455
 832  -0.557361607503766650855837601869   0.629376759446429627269900137644
 833   0.051657520384249035311587565955   0.629887406022572075258177874605
 834  -0.675348854239644922985015453802   0.630951397742526797144103575239
 835  -0.736171316304488203365000458552   0.630994579292204348297103526951
 836   0.731412499710020735323909413928   0.636504612169910122459346516650
 837  -0.616157970867468387950567845473   0.644944720503648540565581456260
 838   0.570800554775174222410799946245   0.679670772547348583911970381039
 839   0.509303190364508455131027125128   0.679986410842831402243140067951
 840   0.448057646359055968062347949850   0.680784278716842997200203500320
 841   0.386640747300872465169513265326   0.680980170886797608373441586170
 842   0.690065014029240521880037450998   0.681111328975265879127944594834
 843   0.325818508015917280819153795909   0.681150360895866113519930846035
 844  -0.100739402718484072361526646864   0.681483740088219075601746883746
 845  -0.161563500129689938210510235651   0.681527867604527110805905711495
 846  -0.222386083808915032836104092869   0.681571367640479432670164081753
 847  -0.283208954310968019527791993124   0.681614537782121984141419678759
 848  -0.344031416375656546508737482854   0.681657719549773625071374589407
 849   0.264998407017291864962540905240   0.681688013936902956928594614743
 850  -0.404853878440304990871273427196   0.681700901373882471820843240844
 851   0.204175944952617380968250822188   0.681731195724334446483380845636
 852  -0.465676340504953435233809371538   0.681744083197991318570311892282
 853   0.143353482887739224652803556515   0.681774377224888205552880317895
 854  -0.039100649723657466313122038615   0.681910616875677166086884559085
 855  -0.526496571673642893299809286242   0.682266803833424654627081966411
 856   0.082533304270209859829949003856   0.682303177004914931649742350683
 857   0.021713764529400322285711639786   0.682900957894222881566004000643
 858  -0.679521533368905912930628581693   0.691630574608728288321346446307
 859   0.630288429699589291991930703053   0.692342256014278620210908142065
 860  -0.585401747937878498096276899927   0.697417842264993191537889953277
 861   0.540321211404900295972173704497   0.732305204091656833616646936000
 862  -0.634819784968471991543580560846   0.732875300892458622024075054732
 863   0.479075385346834718685648629450   0.733103239183977304736454487030
 864   0.417516650465678693111456085645   0.733382960507513805796105300148
 865   0.356696551842563843742176079153   0.733920882202666247751312689692
 866   0.295874312557608659391816609735   0.734091072211734752897801949557
 867  -0.070283158359803363922484501993   0.734131540952451401060576001985
 868  -0.131113237244508442083717176429   0.734179128239946570247397381298
 869  -0.191936431280775314838544588047   0.734223930048129522267217987984
 870  -0.252760132955330461840026053490   0.734266632083564568605269127176
 871  -0.313582788786632229095317403538   0.734309925962877278433372987522
 872  -0.374405250851320756076262893267   0.734353107730528919363327898169
 873  -0.435227712915969200438798837610   0.734396289554637766112796549607
 874   0.235054211558983243535203719067   0.734628725252771596306465718265
 875   0.174231749494308759540913636015   0.734671907040203085861251949157
 876   0.113409287429430603225466370342   0.734715088540756844930751421416
 877   0.051059999513000000000000000000   0.736220429084000000000000000000
 878  -0.533943538383797831629768126061   0.742631664829648083415162868395
 879  -0.008385607885000000000000000000   0.749384480615000000000000000000
 880   0.613510084115466484213503848418   0.750804730095823263210086227140
 881  -0.587619972806795649841484018595   0.771236107559915480656625325648
 882  -0.484431397283722356994752747876   0.777957599211653457926589615029
 883   0.448534389453457443734756765245   0.785701920974648113332356286857
 884   0.387715972136766356909085791533   0.786404680797306050266391151084
 885  -0.222311505366346227045015519561   0.786918838440211016147753784500
 886   0.326895872717831721828611008919   0.786942512505593444757173108615
 887  -0.283133967430994671407551463903   0.786962020264319862897222435938
 888  -0.343956623311209854438433133410   0.787005314115438682381362290007
 889   0.266073633432876537478251539501   0.787112702514661949903662368479
 890   0.205253532434251121621638648833   0.787650355555698793312326137187
 891   0.144431070369576637627348565781   0.787693537343130282867112368080
 892   0.083608608304698481311901300108   0.787736718843684041936611840339
 893   0.565228036642040325534880332182   0.787794156261274318500168414783
 894  -0.092610671859914293594898036626   0.790707648075316408723122964612
 895  -0.153433128209787411230889332324   0.790758242969443626241157799808
 896  -0.425901584807883501438465516872   0.794499509857605778821528356496
 897   0.506573876875199229469697116399   0.803889599663722470131156791021
 898  -0.033667639444627668181433513591   0.805710737289408371805613794654
 899  -0.538107831706720175206468640410   0.806562041941920855168052072282
 900   0.027003984377934900685597463417   0.809991837499516826125517586574
 901  -0.380849449967173602670319262537   0.835361214454575613715499812432
 902  -0.486416464475374619059418119666   0.838749289490992911835568516451
 903  -0.190660441663019079793239742946   0.838857108749525893095517644946
 904   0.357771544409104293431692730205   0.839345438510619938989501682573
 905  -0.313507801955572296750667193776   0.839657408416881266845211738423
 906   0.296951443410478877575079839537   0.839883091551656782398165451281
 907   0.236129204125523693224720370119   0.840053281560725287544654711145
 908   0.175309103126898277368107479451   0.840590934601762130953318479853
 909   0.114486641062223793373817396398   0.840634116389193620508104710746
 910  -0.122978083571234897938286598202   0.843406737841940278533656241258
 911  -0.252098757623000000000000000000   0.846022860263000000000000000000
 912   0.466742486174756221228684752526   0.849855174512126081867906260695
 913  -0.064035051155948272524822075167   0.858409827056032241616147071300
 914   0.057724975431064113005729314726   0.862485593937678949358804844338
 915  -0.003374249227448385641849972862   0.862934506411089214012074009432
 916  -0.432848627069673103488999895567   0.867558807638282306775344106921
 917   0.409711491459523483003412928771   0.870993750577382415886866398809
 918   0.206184774818170848971189200737   0.892993860606788625185647053811
 919   0.145364673819545433114576310068   0.893531513647825468594310822519
 920  -0.213486227500184456187516711576   0.895234030066598475769340244340
 921  -0.371735748506497986928307307426   0.895497012461762743923332472133
 922  -0.152676629390264362030559305192   0.896485642620680203195354983782
 923  -0.311113869664061032042690708770   0.900432755758210317433623634328
 924   0.296244698013777208655501621341   0.900701462684232944753836865873
 925   0.357062592534306479495647304453   0.901448096707907305644825149692
 926  -0.093733596974977736617094782156   0.911488731834772166277845813824
 927   0.088448666865829620411338332889   0.914977769934648717479583345129
 928   0.027627263235147304988173913886   0.915339179216705131113309776145
 929  -0.033169908711677563837658377062   0.917093499467897501680929816676
 930  -0.260375555513530977750780980548   0.933973734179205345525241383732
 931   0.247743842965263099374712379715   0.937403517338414853525014747465
 932  -0.189125243648869139725111053161   0.950964777612916987753348374630
 933   0.188120055808629602714043314497   0.951161955781219381852088730938
 934  -0.129128291237436329889940439490   0.960951741997343279361311241471
 935   0.128112934161609697076587876451   0.961087634998043161520897924290
 936  -0.068557693205000000000000000000   0.967135785228000000000000000000
 937   0.058350954669912812393782932049   0.967831355213674899234088276936
 938  -0.002446217276912056432049358899   0.969585675464867269801708317467
