   1  -0.008003912385772107942701809436  -0.970350450598947163195892669969
   2   0.051214470553924290181013166198  -0.969031030254934683013717310236
   3  -0.068363870497000000000000000000  -0.967853767839000000000000000000
   4   0.123670689319294853379654005963  -0.962470581469558146337079440533
   5  -0.129556230894778966645208766734  -0.961696024025990051913392596296
   6  -0.187990311985701283756621148563  -0.951999843587475392100764298105
   7   0.233107025962215380679116472714  -0.941968775511221475678119425962
   8   0.174663109653913995177849917217  -0.932332054357998104448430123589
   9  -0.278836194291984132282849720074  -0.929459217149317310910315223357
  10   0.290144584328036167076669497287  -0.925991457723109897484186072565
  11   0.083227142468064506862227433300  -0.919193829441141603507585828794
  12  -0.035092181040510314759001164464  -0.917674237282826508603342166701
  13   0.024104063482998461182452441086  -0.915585605589665485251339183255
  14  -0.094220741258577813189425300560  -0.914156977756563902364496967044
  15  -0.335025320435901698522287720265  -0.910715155390465819012262725172
  16  -0.224669578872060803378777581606  -0.905489746525483256741172393870
  17  -0.152654822349500130272565822838  -0.904460797318049242572882973484
  18   0.358674832964312174755038694250  -0.901663143191004384141890361354
  19  -0.389966145088580261622051441312  -0.888577776717272669761390215365
  20   0.238861088613000000000000000000  -0.880790239206000000000000000000
  21   0.413019313109717647029612086578  -0.878099713352325341578755600522
  22   0.175640706605560185493057981201  -0.873107042308722407344198435001
  23   0.116489477868724325401139101656  -0.869994183982482202410313411841
  24   0.308766367369341980675646782018  -0.869761688522096324106919688890
  25  -0.293913027410099411180841655823  -0.868073191197932567042817113680
  26   0.057394548635428094133507996772  -0.865890594605770170831705143922
  27  -0.060924774873146727487720600992  -0.864371002447455075927461481828
  28  -0.001728530349637951546266995442  -0.862282370754294052575458498383
  29  -0.119473629071964358533821952283  -0.855393841423929070031149817913
  30  -0.179097767304836088585591972085  -0.851457699199865697806718561765
  31   0.465824886811292075831941148974  -0.851264491458621713988282630317
  32  -0.238245204153344586222050749790  -0.847833349254591555258507676406
  33  -0.348853852062777974280605376870  -0.845935812524739417791944603873
  34  -0.427966065712917810064930724406  -0.843140305610478387109162010266
  35   0.362940748775000000000000000000  -0.842570733506000000000000000000
  36  -0.487073700950398043739040398783  -0.839287358080378291006701773144
  37   0.267450138601078501705734643459  -0.827317289734915503465574928287
  38   0.208327059616012456025959651245  -0.823709065883439385209328282748
  39   0.149203980630946410346184659031  -0.820100842031963266953081637209
  40   0.522643621359549332588510380031  -0.817610973900934712636853004968
  41   0.090080901645880364666409666817  -0.816492618180487148696834991669
  42   0.030957822660814318986634674603  -0.812884394329011030440588346130
  43   0.412422302009000000000000000000  -0.810005829645000000000000000000
  44  -0.028165256324251726693140317612  -0.809276170477534912184341700591
  45  -0.087288335309317772372915309826  -0.805667946626058793928095055051
  46  -0.146411414294383818052690302040  -0.802059722774582675671848409512
  47  -0.386853772687115522723484659964  -0.800498341417945135139716398775
  48  -0.205534493279449863732465294254  -0.798451498923106557415601763973
  49  -0.265743913048549816957326695060  -0.795370231189292766259481559154
  50   0.469173252851843383373990454470  -0.792126126644440368631722229299
  51  -0.324867449718597506788362834996  -0.791769514640847782238760854247
  52  -0.454183132891142735597950356514  -0.790025118172146205586684136732
  53  -0.514108011281169076444369796164  -0.786583432107294596574523025946
  54   0.359171470672000000000000000000  -0.783455783277000000000000000000
  55  -0.573231090266235122124144788378  -0.782975208255818478318276380411
  56   0.300194555052000000000000000000  -0.777926818037000000000000000000
  57   0.241070752516860772068823580087  -0.774282530021530363745001341535
  58   0.559924251171113083727864388036  -0.771581500854962705332880652261
  59   0.181947673531794726389048587873  -0.770674306170054245488754695996
  60   0.122824594546728680709273595659  -0.767066082318578127232508050457
  61   0.063701515561662635029498603444  -0.763457858467102008976261404917
  62   0.004578436576596589349723611230  -0.759849634615625890720014759378
  63  -0.054544642408469456330051380984  -0.756241410764149772463768113839
  64  -0.113667721393535502009826373198  -0.752633186912673654207521468300
  65   0.615245069182333073126866134791  -0.750411596684036530645067783980
  66  -0.172790800378601547689601365412  -0.749024963061197535951274822760
  67  -0.408937143960678193955159526525  -0.745535786335137108584251484947
  68  -0.231913879363667593369376357626  -0.745416739209721417695028177221
  69  -0.291036980518875135367935949666  -0.741808878648694142678790500086
  70   0.510249421467568872255321567295  -0.739317449002155979189351172915
  71  -0.350160037331646056686368754062  -0.738200291508194224302578216891
  72   0.451126342482503395383988694997  -0.735709225150670540639288214746
  73   0.391872646361993335405126289825  -0.734062153525771282898111645937
  74  -0.466629659520726843325603509525  -0.732114482509119909442735600259
  75   0.332897587520896157347414248577  -0.728539456473981731389138618410
  76  -0.525752738505792889005378501739  -0.728506258657643791186488954722
  77  -0.644102125081307784851446147571  -0.725793711778217499990419039339
  78  -0.584875817490858934685153493953  -0.724898034806167672930242309185
  79   0.273776580226832973095505570472  -0.724897445412487382339556474686
  80   0.214634026542246996921950257917  -0.721276329744771223353884543743
  81   0.155510947557180951242175265703  -0.717668105893295105097637898204
  82   0.096387868572114905562400273489  -0.714059882041818986841391252665
  83   0.037264789587048859882625281275  -0.710451658190342868585144607125
  84   0.661048963960504029845925727527  -0.710393079103254749245072064268
  85  -0.021858289398017185797149710939  -0.706843434338866750328897961586
  86  -0.080981368383083231476924703153  -0.703235210487390632072651316047
  87  -0.140104447368149277156699695368  -0.699626986635914513816404670507
  88  -0.199227526353215322836474687582  -0.696018762784438395560158024968
  89  -0.258350605338281368516249679796  -0.692410538932962277303911379429
  90   0.604703588688536952114998300309  -0.692124077119076182956027017814
  91   0.543944207350986006134796791435  -0.690601751816265342819569951637
  92  -0.317473684323347414196024672010  -0.688802315081486159047664733890
  93   0.483812695492963453123884966835  -0.686311248725392671253886981707
  94  -0.376596763308570769398082969349  -0.685194091232587658946655202075
  95  -0.687184628089147753299996996394  -0.685143303630006005036063289153
  96   0.424689596922167865581037826867  -0.682703034642251629313463890111
  97  -0.435719842293479505555574656436  -0.681585867378533922535171442812
  98   0.365564486301284535669082405465  -0.679128256033018787760192838486
  99  -0.494842921278545551235349648650  -0.677977643527057804278924797275
 100   0.306443457890173781164546187592  -0.675486587782154301687650586294
 101  -0.553966000263611596915124640865  -0.674369419675581686022678151738
 102  -0.615586114605000000000000000000  -0.672331124008000000000000000000
 103   0.247320379552699267454851927962  -0.671878353319488201219014391490
 104   0.703160264536964662212258993300  -0.668737393875476946634456202038
 105   0.188197300567633221775076935748  -0.668270129468012082962767745951
 106   0.129074221582567176095301943534  -0.664661905616535964706521100412
 107   0.069951142597501130415526951319  -0.661053681765059846450274454873
 108   0.010828063612435084735751959105  -0.657445457913583728194027809333
 109  -0.048295015372630960944023033109  -0.653837234062107609937781163794
 110   0.646814889264997584481331566082  -0.650468391891298380345411155583
 111  -0.107418094357697006623798025323  -0.650229010210631491681534518255
 112  -0.166541173342763052303573017537  -0.646620786359155373425287872715
 113  -0.225664252327829097983348009751  -0.643012562507679255169041227176
 114   0.575622127488481768431489618175  -0.640521496151585764739855092473
 115  -0.284787331312895143663123001965  -0.639404338656203136912794581637
 116   0.516499048503415722632251561321  -0.636913272300109648441087942996
 117  -0.343910410297961189342897994180  -0.635796114804727018656547936098
 118   0.457375969518347703562240171705  -0.633305048448634515597801201576
 119  -0.403033489283027235022672986394  -0.632187890953250900400301290558
 120   0.398252890533281657852666463113  -0.629696824597158397829825776061
 121  -0.462156568268093280702447978608  -0.628579667101774782144054645021
 122  -0.698046391525462640086635981489  -0.626914617889296963568879725088
 123   0.339129810900626051697447857637  -0.626088611356871279552780434041
 124  -0.521279647253159326382222970822  -0.624971443250298663887807999484
 125   0.742651595955095840801246152717  -0.624589998812347290832209359592
 126   0.280006732563151537987753598007  -0.622480376894205179084144239238
 127  -0.580402726238225372061997963037  -0.621363219398822545631561353948
 128   0.220883653578085492307978605792  -0.618872153042729060827897593698
 129  -0.639525805114379173460940729094  -0.617754993762749382461393888651
 130   0.161760574593019446628203613578  -0.615263929191252942571650948159
 131   0.102637495607953400948428621364  -0.611655705339776824315404302620
 132  -0.754777494577185039818344091416  -0.609881130443340018403157102045
 133   0.043514416622887355268653629150  -0.608047481488300706059157657081
 134  -0.015608662362178690411121363064  -0.604439257636824587802911011541
 135  -0.074731741347244736090896355278  -0.600831033785348469546664366002
 136  -0.133854820332310781770671347493  -0.597222809933872351290417720463
 137   0.667418848872032800078113833677  -0.594934306893448810348125613779
 138  -0.192977899317376827450446339707  -0.593614586082396233034171074923
 139   0.608308480498934038964391288219  -0.591123519726302742604984940220
 140  -0.252100978302442873130221331921  -0.590006362230920114777924429384
 141   0.549185401513867991529657792709  -0.587515295874826625224019993920
 142  -0.311224057287508918809996324135  -0.586398138379443996521677783845
 143   0.490062322528801945730419735855  -0.583907072023350508925252844443
 144  -0.370347136272574964489771316349  -0.582789914527967878265431138306
 145   0.430939243543735899975808643782  -0.580298848171874391895244044729
 146  -0.429470215257641010169546308563  -0.579181690676491760009184492766
 147   0.779981333294000000000000000000  -0.577267352961000000000000000000
 148   0.371816164558669854266234935190  -0.576690624320398274127268619215
 149  -0.488593294242707055849321300778  -0.575573466825015641752937847229
 150   0.312693085573603808520655268051  -0.573082400468922156949274086985
 151  -0.547716373227773101529096292992  -0.571965242973539523496691201692
 152   0.720909296433698223535083793910  -0.569491630782445058763559302503
 153   0.253570006588537762840880275837  -0.569474176617446038693027441446
 154  -0.606839452103926902928039059050  -0.568357017337466360326523736398
 155   0.194446927603471717161105283623  -0.565865952765969920436780795906
 156  -0.666810711119000000000000000000  -0.565056168504000000000000000000
 157  -0.790581697676817760005522532788  -0.562694089972073226496530046642
 158   0.135323848618405671481330291409  -0.562257728914493802180534150367
 159   0.076200769633339625801555299194  -0.558649505063017683924287504828
 160  -0.727168288169560017900192747526  -0.557476078496243573769690692004
 161   0.017077690648273580121780306980  -0.555041281211541565668040859289
 162  -0.042045388336792465557994685234  -0.551433057360065447411794213749
 163  -0.101168467321858511237769677448  -0.547824833508589329155547568210
 164  -0.160291546306924556917544669662  -0.544216609657113210899300922671
 165   0.640994833509386309497292958264  -0.541725543301019720470114787968
 166  -0.219414625291990602597319661876  -0.540608385805637092643054277131
 167   0.581871754524320262062559462753  -0.538117319449543603089149841668
 168  -0.278537704277056648277094654090  -0.537000161954160974386807631592
 169   0.522748675539254216382784470539  -0.534509095598067484832903196128
 170  -0.337660783262122693956869646305  -0.533391938102684856130560986053
 171   0.463625596554188170583546413686  -0.530900871746591368534136046651
 172  -0.396783862247188739636644638519  -0.529783714251208737874314340514
 173   0.404502517569122124828935321613  -0.527292647895115251504127246937
 174  -0.455906941232254785316419630733  -0.526175490399732619618067694974
 175   0.816283037921388607337694673979  -0.524715219517108884120571912793
 176   0.345379438584056079119361613020  -0.523684424043639133736151821423
 177   0.757088054423990787762393794656  -0.522591148713317439081795274595
 178  -0.515030020217320830996194622947  -0.522567266548256501361821049437
 179   0.286256359598990033373781945882  -0.520076200192163016558157289193
 180  -0.574153099093474632395137389005  -0.518959040912183338191653584146
 181   0.227133280613923987694006953667  -0.516467976340686898301910643654
 182   0.694560520510393324141481437593  -0.516441656650687110494679018622
 183  -0.633276178078540678074912381219  -0.515350817060707219935406938606
 184  -0.823540234184000000000000000000  -0.513240720319000000000000000000
 185   0.168010201628857942014231961453  -0.512859752489210780045663998114
 186  -0.762972491269192738087371188894  -0.510289038024976781863063636603
 187  -0.692233492469504331404441582946  -0.509641804200169109877528461308
 188   0.108887122643791896334456969239  -0.509251528637734661789417352575
 189   0.049764043658725850654681977025  -0.505643304786258543533170707036
 190  -0.009359035326340195025093015189  -0.502035080934782425276924061497
 191  -0.068482114311406240704868007403  -0.498426857083306307020677415957
 192  -0.127605193296472286384642999618  -0.494818633231830188764430770418
 193  -0.186728272281538332064417991832  -0.491210409380354070508184124879
 194   0.614558107534772532595461132798  -0.488719343024260580954279689415
 195  -0.245851351266604377744192984046  -0.487602185528877952251937479339
 196   0.555435028549706486915686140584  -0.485111119172784462698033043876
 197  -0.304974430251670423423967976260  -0.483993961677401833995690833800
 198   0.496311949564640441235911148370  -0.481502895321308344441786398336
 199  -0.364097509236736469103742968474  -0.480385737825925715739444188261
 200   0.437188870579574395436673091516  -0.477894671469832228143019248859
 201  -0.423220588221802514783517960688  -0.476777513974449597483197542721
 202   0.378065791594508349682061999443  -0.474286447618356111113010449145
 203   0.846776474403116704606135701871  -0.473934238042037595460968620053
 204  -0.482343668697918766563954002513  -0.473169289136354283027548930467
 205   0.786341854825783095567790888976  -0.471086072166545705920437796597
 206   0.318942712609442303972488290851  -0.470678223766879993345035023631
 207  -0.541466747574072567962896768571  -0.469561063500281119857381465176
 208   0.259819633624376258226908623712  -0.467069999915403876167040491401
 209   0.727246873520845594674383107638  -0.467043680225404088359808866369
 210  -0.601906643745440396704177762718  -0.465077686420125450353914174167
 211   0.200696554639310212547133631498  -0.463461776063927757910793845862
 212   0.668123794535779547239649612127  -0.463435456373927970978843920069
 213  -0.795428662797123315538287298498  -0.460739520592550984762436068016
 214   0.141573475654244166867358639284  -0.459853552212451639654547200322
 215  -0.854650453795522025445640987795  -0.459583138744413889003617939339
 216  -0.723187258114546010533653302605  -0.459140099868250202719313215617
 217  -0.663974616406172765028642375991  -0.457584204642813551143910650438
 218   0.082450396669178121187583647069  -0.456245328360975521398300554783
 219   0.023327317684112075507808654855  -0.452637104509499403142053909244
 220  -0.035795761300953970171966337359  -0.449028880658023284885807263705
 221  -0.094918840286020015851741329573  -0.445420656806547166629560618165
 222  -0.154041919271086061531516321787  -0.441812432955071048373313972626
 223  -0.213164998256152107211291314001  -0.438204209103594930117067327087
 224   0.588121381560158757448587810628  -0.435713142747501440563162891623
 225  -0.272288077241218152891066306216  -0.434595985252118811860820681547
 226   0.528998302575092711768812818414  -0.432104918896025322306916246083
 227  -0.331411156226284198570841298430  -0.430987761400642693604574036008
 228   0.469875223590026666089037826200  -0.428496695044549204050669600544
 229  -0.390534235211350244250616290644  -0.427379537549166575348327390469
 230   0.410752144604960620289799769346  -0.424888471193073087751902451067
 231  -0.449657314196416289930391282858  -0.423771313697690457092080744929
 232   0.818956540631507074774866446534  -0.421640748648232811540151446215
 233   0.351629065619894574535188677273  -0.421280247341596970721893651353
 234  -0.508780393072570095125360802501  -0.420163088061617356122233271949
 235   0.292505986634828528825614968681  -0.417672023490120852953918225839
 236  -0.567903471948723900320330322144  -0.416554862425544255152385798962
 237   0.760019014419149266899680850137  -0.415730947297564944986860626200
 238   0.233382907649762483080035301542  -0.414063799638644735775923693609
 239   0.700810147546231817772551282172  -0.414037479948644948843973767817
 240   0.877682368553608035800525664155  -0.413905447561623024436736655376
 241  -0.760346919367431517248683795419  -0.413012913485298998872669560647
 242  -0.626910115026236038773278774475  -0.411380519881818698797462150970
 243   0.174259828664696437400260309328  -0.410455575787168617519677048070
 244   0.641687068561165772092776289958  -0.410429256097168830587727122277
 245  -0.824038102239360746726089285825  -0.408873754206256560191123006074
 246   0.115136749679630391720485317114  -0.406847351935692499263430402530
 247  -0.690411674314674697446005330225  -0.404577765120794156671218810327
 248   0.056013670694564346040710324900  -0.403239128084216381007183756991
 249  -0.882935613167032387707679011602  -0.402577647904619089634933699413
 250  -0.003109408290501699639064667314  -0.399630904232740262750937111452
 251  -0.062232487275567745318839659529  -0.396022680381264144494690465913
 252  -0.121355566260633790998614651743  -0.392414456529788026238443820373
 253  -0.180478645245699836678389643957  -0.388806232678311907982197174834
 254  -0.239601724230765882358164636171  -0.385198008826835789725950529295
 255   0.561684657807779611831291472692  -0.382706941362407714861440506819
 256  -0.298724803215831928037939628385  -0.381589784975359671469703883755
 257   0.502561578736968369521260571986  -0.379098717553696822391329581414
 258  -0.357847882200897973717714620599  -0.377981561123883553213457238216
 259   0.443438499657527019079249671812  -0.375490493749290176310861086643
 260  -0.416970961185964019397489612813  -0.374373337272407434957210592677
 261   0.384315420569333236076083015119  -0.371882269949248787614954901932
 262  -0.476094040062117824592459132457  -0.370765111636334333987363119696
 263   0.325192341499154473639096198644  -0.368274046140222447301207999432
 264  -0.535217118938271629787428652099  -0.367156886000261233017515646709
 265   0.266069262470833101091415171317  -0.364665822310319826928289336860
 266   0.830530841746699839705055707682  -0.363549498861956333557575015000
 267  -0.594223762015783768240377104430  -0.361982543456535676662591998717
 268  -0.788956358809668948436485782746  -0.361147147099004574301356498705
 269   0.206946183286090556314907435422  -0.361057598558431917057701718787
 270  -0.729729456429679100890172237177  -0.360275736300504681239192666829
 271   0.901300641149988406378764259461  -0.359584779785906317406564480392
 272  -0.653347046610955811706768576495  -0.358374181696762705146966772826
 273   0.771593315534342031829870111285  -0.357639697511288467004284194985
 274   0.147823104290045105042826755759  -0.357449374712431752814681381854
 275   0.709742757334801010087437369162  -0.355481812158055477331815396850
 276  -0.847829684715834007977859527706  -0.354628769633469650124591597150
 277   0.088700025304979059363051763544  -0.353841150860955634558434736315
 278   0.650619678349734964407662376948  -0.351873588306579359075568751311
 279   0.029576946319913013683276771329  -0.350232927009479516302188090776
 280  -0.029546132665153031996498220887  -0.346624703158003398045941445237
 281  -0.906477980112020253896987431843  -0.346326047479958873835677350409
 282  -0.088669211650219077676273213101  -0.343016479306527279789694799698
 283  -0.147792290635285123356048205316  -0.339408255455051161533448154159
 284  -0.206915369620351169035823197530  -0.335800031603575043277201508620
 285   0.594371011795922138123593139887  -0.333308964449503834159658879961
 286  -0.266038448605417214715598189744  -0.332191807752098925020954863081
 287   0.535247932810856092354330114290  -0.329700740598027717369731477277
 288  -0.325161527590483260395373181959  -0.328583583900622806764708217541
 289   0.476124853825790046712476522346  -0.326092516746551598492118188281
 290  -0.384284606575549306075148174173  -0.324975360049146688508461572002
 291   0.417001774840724001084268163245  -0.322484292895075479390918943343
 292  -0.443407685560615351754923166387  -0.321367136197670570252214926463
 293   0.357878695855657955404493171030  -0.318876069043599361134672297803
 294  -0.502530764436769156949892686030  -0.317758910561597469282367453482
 295   0.298755616870591909724718178816  -0.315267845192123242878425652264
 296   0.863217194757152110237957377726  -0.314151522436673311422704862747
 297  -0.561537407514281295402841138361  -0.312584568017871912927443805490
 298   0.239632537885525864044943186602  -0.311659621340647124622179006724
 299  -0.620660486390435100597810658004  -0.308976342381798811957596332503
 300   0.804279668544794302362771781329  -0.308241721086005444869414042732
 301   0.180509458900459818365168194387  -0.308051397489171006365932361197
 302   0.742429110345253280620339039207  -0.306083835732772455196945244598
 303  -0.679783550239515879907345226529  -0.305367870525979939777553482942
 304   0.121386379915393772685393202174  -0.304443173637694888109685715645
 305   0.921560675231923545495539068390  -0.303924302182533688643131130684
 306  -0.798133191657046119218618304109  -0.302629256783922137633908106369
 307   0.683306031360187234940564046992  -0.302475611881296336940698599058
 308  -0.738906521526666138431605391671  -0.301757882407505651279889352136
 309   0.062263300930327727005618209960  -0.300834949786218769853439070106
 310  -0.867271009294099846599131574688  -0.298677070403873092295627132924
 311   0.003140221945261681325843217746  -0.297226725934742651597192424567
 312  -0.055982857039804364353931774468  -0.293618502083266533340945779027
 313  -0.925919420909418991346619314516  -0.290374388632718612816602962566
 314  -0.115105936024870410033706766682  -0.290010278231790415084699133488
 315  -0.174229015009936455713481758896  -0.286402054380314296828452487949
 316   0.627057364806374408656494809932  -0.283910988024220812024788727709
 317  -0.233352093995002501393256751111  -0.282793830528838178572205842409
 318   0.567934285821308362976719817718  -0.280302764172744693768542082169
 319  -0.292475172980068547073031743324  -0.279185606677362060315959196870
 320   0.508811206836242317251800494788  -0.276694540321268576252014461975
 321  -0.351598251965134592752806735539  -0.275577382825885942059712551331
 322   0.449688127851176271617169833289  -0.273086316469792457256048791090
 323  -0.410721330950200638432581727753  -0.271969158974409823803465905791
 324   0.390565048866110225937394841075  -0.269478092618316338999802145551
 325  -0.469844409935266684112356719967  -0.268360935122933705547219260252
 326   0.331441969881044180257619848861  -0.265869868766840220743555500011
 327  -0.528851053012778822565305172297  -0.263186592579208149192295612260
 328   0.272318890895978134577844856647  -0.262261644915364102487308854472
 329  -0.587974131888932627760274691940  -0.259578366943135048222448139273
 330   0.213195811910912088898069864433  -0.258653421063887984231062208932
 331   0.838857787831000000000000000000  -0.258210532735000000000000000000
 332   0.775115463355705551153240709251  -0.256685859307489433062075092345
 333  -0.647097195738013407069809260465  -0.255969895087316176042405289712
 334   0.154072732925846043218294872219  -0.255045197212411865974815563393
 335   0.715992384370639505473465717037  -0.253077635456013314805828446806
 336  -0.706220167025163665594069425607  -0.252359906968841887544741158906
 337   0.094949653940779997538519880004  -0.251436973360935747718568917853
 338   0.897861605106208855561381783987  -0.249638836142228048273185641892
 339  -0.824569424497119719387838737443  -0.249622810560258609119283835879
 340  -0.765342847137730358179849804124  -0.248745153264392533318985280304
 341   0.035826574955713951858744887790  -0.247828749509459629462322272314
 342  -0.023296504029352093821030104424  -0.244220525657983511206075626775
 343  -0.883262597283159672647731380387  -0.241643511321304196912233207462
 344  -0.082419583014418139500805096638  -0.240612301806507392949828981235
 345  -0.141542661999484185180580088852  -0.237004077955031274693582335696
 346   0.659743717816826679189396479977  -0.234513011598937789889918575456
 347  -0.200665740984550230860355081066  -0.233395854103555156437335690156
 348  -0.941910893828615164603286284155  -0.233340797285940047432678105806
 349   0.600620638831760633509621487762  -0.230904787747461671633671929917
 350  -0.259788819969616276540130073281  -0.229787630252079038181089044617
 351   0.541497559846694587829846495548  -0.227296563895985553377425284377
 352  -0.318911898954682322219905065495  -0.226179406400602919924842399078
 353   0.482374480861628542150071503334  -0.223688340044509435121178638837
 354  -0.378034977939748367899680057709  -0.222571182549126801668595753538
 355   0.423251401876562496470296511120  -0.220080116193033316864931993298
 356  -0.437158058414861462583495514694  -0.218962957711695205746769838498
 357   0.364128322891496450790521518906  -0.216471892341557198608685347759
 358   0.946180128897678665404056814457  -0.215376933004050137316066921502
 359  -0.496164701492373606392679329098  -0.213788615167969710472740154946
 360   0.305005243906430405110746526692  -0.212863668490081080352438702219
 361  -0.555287986042756710099140101976  -0.210180253439082727637205596656
 362   0.245882164921364359430971534477  -0.209255444638604962096192056680
 363   0.807801816366157821686142379296  -0.207287882882206410927204940092
 364  -0.614412258724739788718462431304  -0.206570981734135463880359559815
 365   0.186759085936298313751196542263  -0.205647220787128843839945411140
 366   0.748678737381091776006367387082  -0.203679659030730292670958294553
 367  -0.673535230011890047242722596446  -0.202960993615661175382695429009
 368   0.127636006951232268071421550049  -0.202038996935652725583698765601
 369   0.866505458790891241125902126631  -0.199385977156006050217611675211
 370  -0.732657910124456739828502974964  -0.199346239911211821156939550407
 371   0.068512927966166222391646557835  -0.198430773084176607327452120061
 372  -0.791811686630852260271691215858  -0.195736466551442585309666907890
 373   0.009389848981100176711871565621  -0.194822549232700489071205474522
 374  -0.850927712109509565402410668163  -0.192014416052870125024028769555
 375  -0.049733230003965868967903426593  -0.191214325381224370814958828983
 376  -0.108856308989031914647678418808  -0.187606101529748252558712183443
 377   0.692430070827278949722298150021  -0.185115035173654767755048423203
 378  -0.167979387974097960327453411022  -0.183997877678272134302465537904
 379   0.633306991842212904042523157807  -0.181506811322178649498801777664
 380  -0.227102466959164006007228403236  -0.180389653826796016046218892364
 381   0.574183912857146858362748165593  -0.177898587470702531242555132124
 382  -0.922417775370882695040448505906  -0.177407121554503184013210290998
 383  -0.286225545944230051687003395450  -0.176781429975319897789972246825
 384   0.515060833872080812682973173379  -0.174290363619226412986308486585
 385  -0.345348624929296097366778387664  -0.173173206123843779533725601285
 386   0.455937754887014767003198181165  -0.170682139767750294730061841045
 387  -0.404471703914362143046553379878  -0.169564982272367661277478955746
 388   0.396814675901948721323423188950  -0.167073915916274176473815195506
 389  -0.463478346991874286855737194282  -0.164390639728642166003449272194
 390   0.337691596916882675643648196736  -0.163465692064798058217568549966
 391  -0.522601425868101366378720052115  -0.160782414093769711642877609037
 392   0.278568517931816629963873204522  -0.159857468213321939961321904427
 393   0.957558076661803668223310613958  -0.157246905886272510392350868449
 394  -0.581724489720532573325652561443  -0.157173942292845974177693665113
 395   0.219445438946750584284098212308  -0.156249244361845821705075258887
 396   0.781365090391544046539269057126  -0.154281682605447270536088142300
 397  -0.640847461007682831849912726585  -0.153563954174371685680029534307
 398   0.160322359961684538604323220094  -0.152641020510369703448828613348
 399  -0.699970141120249524435693105103  -0.149949200469922331454273655705
 400   0.898803481945429658317502010120  -0.149733228507561423539869901245
 401   0.101199280976618492924548227880  -0.149032796658893585192581967809
 402  -0.759093116650251704064973009051  -0.146339281839886064616155149272
 403   0.042076201991552447244773235665  -0.145424572807417466936335322269
 404   0.839796117705632269893617629363  -0.144567116477359232565662563753
 405  -0.818210372100604659077428193969  -0.142636869645865352254212641693
 406  -0.017046876993513598435001756549  -0.141816348955941348680088676730
 407  -0.877331175393726665060425826240  -0.138991548533440055431915555183
 408  -0.076169955978579644114776748763  -0.138208125104465230423842031190
 409   0.725116423837731220255199820066  -0.135717058748371745620178270951
 410  -0.135293034963645689794551740977  -0.134599901252989112167595385651
 411  -0.961268027524830388085065800052  -0.132694532101292111148450825122
 412   0.665993344852665174575424827852  -0.132108834896895627363931625411
 413  -0.194416113948711735474326733191  -0.130991677401512993911348740112
 414   0.606870265867599128895649835637  -0.128500611045419509107684979872
 415  -0.253539192933777781154101725405  -0.127383453550036875655102094572
 416   0.547747186882533083215874843423  -0.124892387193943390851438334332
 417  -0.312662271918843826833876717631  -0.123775229698560757398855449025
 418   0.488624107897467037536099851209  -0.121284163342467272595191688793
 419  -0.371785352392954232880967298958  -0.120167004861792634745749694966
 420   0.429501028912400991856324858995  -0.117675939490991154338945043253
 421  -0.430791995470466382039180220664  -0.114992662318067200470436018064
 422   0.370377949927334946176549866781  -0.114067715639515036082698397714
 423  -0.489915279973935568779709390947  -0.111384300621471725488177507540
 424   0.311254870942268900496774874567  -0.110459491788038917826451752174
 425  -0.549039584437236613161520981777  -0.107775007945446421586473662241
 426   0.252131791957202854816999882353  -0.106851267936562799570205106635
 427  -0.608162555724386871685781146919  -0.104165019826972133088809531435
 428   0.193008712972136809137224890138  -0.103243044085086681313958461095
 429   0.934687814789420934797569466919  -0.102607095583478119568243068934
 430  -0.667285235836953564271561525437  -0.100550266122522778863053652833
 431   0.133885633987070763457449897924  -0.099634820233610563057711815556
 432  -0.726409965229423910215016754089  -0.096939180637504093526239900683
 433   0.074762555002004717777674905710  -0.096026596382134444801465170017
 434   0.875933220073046924891760863081  -0.095093418204767032715762101730
 435  -0.785527221067842420195917123532  -0.093236774639819341322741773315
 436   0.015639476016938672097899913496  -0.092418372530658326545218524477
 437  -0.910593201489239506526649685884  -0.089979352418002194047466701292
 438   0.816925855833249536467876482325  -0.089927306174564841741554764237
 439  -0.845735416848451243075148545722  -0.088888995804209036930964276644
 440  -0.043483602968127373581875078718  -0.088810148679182208288971878938
 441   0.757802776848183490788101490110  -0.086319082323088723485308118698
 442  -0.102606681953193419261650070932  -0.085201924827706090032725233398
 443   0.698679697863117445108326497896  -0.082710858471612605229061473159
 444  -0.161729760938259464941425063147  -0.081593700976229971776478587859
 445   0.639556618878051399428551505682  -0.079102634620136486972814827619
 446  -0.220852839923325510621200055361  -0.077985477124753853520231942320
 447   0.580433539892985353748776513468  -0.075494410768660368716568182080
 448  -0.279975918908391556300975047575  -0.074377253273277735263985296780
 449  -0.967573209610800052732154855120  -0.073797992076435925550451567105
 450   0.521310460907919308069001521254  -0.071886186917184250460321536540
 451  -0.339098997893457601980750039800  -0.070769029421801617007738651233
 452   0.462187381922853262389226529040  -0.068277963065708132204074891001
 453  -0.398105640970969751138962961507  -0.065594686878076182732424974331
 454   0.403064302937787216709451536825  -0.064669739214232013947828245461
 455  -0.457228719847270071049026940292  -0.061986461244403818837703120425
 456   0.343941223952721171029676544611  -0.061061515362755895691581599922
 457  -0.516351783703206897003710533522  -0.058377989500917952451407904313
 458   0.284818144967655125349901552397  -0.057453291511279777435334954382
 459  -0.575474754990357155527970698665  -0.054768001382443663953743773507
 460   0.968866950549797701124171987397  -0.054229989151711723993335572692
 461   0.225695065982589079670126560183  -0.053845067659803659179088308843
 462  -0.634597435102923848113751077182  -0.051153247677994309727987894904
 463   0.166571986997523033990351567969  -0.050236843808327540922841663303
 464  -0.693720408314108837123113271740  -0.047543291070745189372492861333
 465   0.107448908012456988310576575755  -0.046628619956851422666595017764
 466   0.908619573083499195424662533126  -0.045695441779484010580891949477
 467  -0.752837659346317907975447882872  -0.043840808331893463454781884607
 468   0.048325829027390942630801583541  -0.043020396105375304410348372225
 469   0.849612208843701807000778152369  -0.040529329749281819606684611985
 470  -0.811960508105587323672709177936  -0.040228814059296350977422606950
 471  -0.878997442943964084541372405366  -0.039876799688771175546515422752
 472  -0.010797249957675103048973408674  -0.039412172253899186154101726685
 473   0.790489129858635761321003160155  -0.036921105897805701350437966445
 474  -0.069920328942741148728748400888  -0.035803948402423067897855081146
 475   0.731366050873569715641228167941  -0.033312882046329583094191320906
 476  -0.129043407927807194408523393102  -0.032195724550946949641608435606
 477   0.672242971888503669961453175727  -0.029704658194853464837944675366
 478  -0.188166486912873240088298385316  -0.028587500699470831385361790067
 479   0.613119892903437624281678183513  -0.026096434343377346581698029827
 480  -0.247289565897939285768073377530  -0.024979276847994713129115144527
 481   0.553996813918371578601903191299  -0.022488210491901228325451384287
 482  -0.306412644883005331447848369744  -0.021371052996518594872868498988
 483  -0.944994380492943927838967933203  -0.019037109836433876476594056173
 484   0.494873734933305532922128199084  -0.018879986640425110069204738748
 485  -0.365419287960517480606061291451  -0.016196710452793160597554822086
 486   0.435750655948239487242353206870  -0.015271762788948991812958093208
 487  -0.424542366836817800516125270236  -0.012588484819120796702832968179
 488   0.376627576963173441562578214656  -0.011663538937472873556711447669
 489  -0.483665430692754626470808863466  -0.008980013075634930316537752068
 490   0.317504497978107395882803222442  -0.008055315085996755300464802130
 491  -0.542788401979904884995069028608  -0.005370024957160641818873621262
 492   0.258381418993041350203028230228  -0.004447091234520637044218156590
 493  -0.601911082092471577580849407126  -0.001755271252711287593117742659
 494   0.199258340007975304523253238014  -0.000838867383044518787971511051
 495   0.945871508787824862655783495823   0.000357256668245477333358765419
 496  -0.661034055303656566590211601684   0.001854685354537832762377290913
 497   0.140135261022909258843478245799   0.002769356468431599468275134489
 498  -0.720151306153934286532362531249   0.005557170998272002507857118222
 499   0.081012182037843213163703253585   0.006377580319907717724521780028
 500   0.884522946440000000000000000000   0.009141537290000000000000000000
 501  -0.779274155090845135004603617570   0.009169162363148057337334110497
 502   0.021889103052777167483928261371   0.009985804171383835980768425568
 503   0.823175482869088031853904830200   0.012476870527477320784432185807
 504  -0.838397234075597828072228729677   0.012777386219758660588879608620
 505  -0.037233975932288878195846730843   0.013594028022859954237015071107
 506   0.764052403884021986174129837986   0.016085094378953439040678831347
 507  -0.897520311799457333735470213790   0.016385630736859369191327325657
 508  -0.096357054917354923875621723057   0.017202251874336072493261716646
 509   0.704929324898955940494354845772   0.019693318230429557296925476886
 510  -0.155480133902420969555396715271   0.020810475725812190749508362186
 511   0.645806245913889894814579853557   0.023301542081905675553172122426
 512  -0.214603212887487015235171707486   0.024418699577288309005755007725
 513   0.586683166928823849134804861343   0.026909765933381793809418767965
 514  -0.273726291872553060914946699700   0.028026923428764427262001653265
 515   0.527560087943757803455029869129   0.030517989784857912065665413505
 516  -0.332732934950065210073159621406   0.033201265972489861537315330167
 517   0.468437008958691757775254876915   0.034126213636334030321912059044
 518  -0.969760334600385989610090235895   0.034770001823501867562607215147
 519  -0.391856013826365529983223600191   0.036809491606162225432037184073
 520   0.409313929973625712095479884701   0.037734437487810148578158704584
 521  -0.450979077682302355937907193421   0.040417963349648091818332400185
 522   0.350190850988559666415704892487   0.041342661339286266834405350123
 523  -0.510102048969452614462167358564   0.044027951468122380315996530991
 524   0.291067772003493620735929900272   0.044950885190762385090651995663
 525  -0.569224729082019307047947737081   0.047642705172571734541752409594
 526   0.231944693018427575056154908058   0.048559109042238503346898641202
 527  -0.628347702293204296057309931639   0.051252661779820854897247443165
 528   0.172821614033361529376379915844   0.052167332893714621603145286741
 529  -0.687464952918228256497776633162   0.054955151020159520547614887054
 530   0.968825708673867147890373814720   0.054961857716401994107808185056
 531   0.113698535048295483696604923630   0.055775556745190739859391932281
 532  -0.746587802075081032146567616006   0.058567138784916270990229847681
 533   0.054575456063229438016829931416   0.059383780596666858115638577820
 534   0.855861835879540302386806500245   0.061874846952760342919302338060
 535  -0.805710881059759080554082911325   0.062175362642749975221673393799
 536  -0.004547622921836607662945060799   0.062992004448142976371885223360
 537   0.796738756894474256707031508030   0.065483070804236461175548983599
 538  -0.864833958783693231289761028405   0.065783607158627583117057313306
 539  -0.063670701906902653342720053013   0.066600228299619094628131868899
 540   0.737615677909408211027256515816   0.069091294655712579431795629139
 541  -0.122793780891968699022495045227   0.070208452151095212884378514438
 542  -0.923734140432102716706925872608   0.072054679620422766679048003700
 543   0.678492598924342165347481523602   0.072699518507188697688042274678
 544  -0.181916859877034744702270037441   0.073816676002571331140625159978
 545   0.913412974560465727445572666525   0.075889988213754067081539954226
 546   0.619369519939276119667706531388   0.076307742358664815944288920218
 547  -0.241039938862100790382045029655   0.077424899854047449396871805517
 548   0.560246440954210073987931539174   0.079915966210140934200535565757
 549  -0.300046581939612939540257951362   0.082599242397772883672185482419
 550   0.501123361969144028308156546960   0.083524190061617052456782211297
 551  -0.359169660815913259450321930146   0.086207468031445247566907336326
 552   0.442000282984077982628381554745   0.087132413913093170713028856836
 553  -0.418292724671850085405005523377   0.089815939774931113953202552438
 554   0.382877203999011936948606562531   0.090740637764569288969275502376
 555  -0.477415695959000343929265688519   0.093425927893405402450866683244
 556   0.323754125013945891268831570317   0.094348861616045407225522147915
 557  -0.536538376071567036515046067036   0.097040681597854756676622561846
 558   0.264631046028879845589056578103   0.097957085467521525481768793455
 559  -0.595661349282752025524408261594   0.100650638205103877032117595418
 560   0.205507967043813799909281585889   0.101565309318997643738015438994
 561  -0.654778599687937826529033349774   0.104353130955573306074107411417
 562   0.146384888058747754229506593674   0.105173533170473761994262084533
 563  -0.713901449059444235012358644175   0.107965115206768722098409123869
 564   0.087261809073681708549731601460   0.108781757021949880250508730073
 565  -0.773024528044122283419873939494   0.111573339064602426329852669987
 566   0.028138730088615662869956609246   0.112389980873425998506755375612
 567   0.963667432152171906144065828528   0.113969907433050375038239623891
 568  -0.832147605768056434155552056574   0.115181583580480034225236589495
 569  -0.030984348896450382809818382968   0.115998204724902116763002021152
 570  -0.963422114591398631910486940421   0.116025379582645100212442954754
 571   0.832129706053000000000000000000   0.116146072019000000000000000000
 572   0.770302030919860481560158185861   0.118489271080995601566665781391
 573  -0.090107427881516428489593375182   0.119606428576378235019248666691
 574  -0.891047787416465919572716900777   0.121452656042275217787227279889
 575   0.711178951934794435880383193647   0.122097494932471719822912426931
 576  -0.149230506866582474169368367396   0.123214652427854353275495312231
 577   0.652055872949728390200608201433   0.125705718783947838079159072470
 578  -0.208353585853664121923703272236   0.126822876280664183673567685183
 579   0.592932793964662344520833209219   0.129313942635423956335405718010
 580  -0.267360228931472999717442378753   0.131997218824585961556955858156
 581   0.533809714979596298841058217004   0.132922166486900074591652363549
 582   0.908254698038770485699264680333   0.134898037930402448011971393061
 583  -0.326483307807773319627506357538   0.135605444458258325451677712062
 584   0.474686635994530253161283224790   0.136530390338376192847899009089
 585  -0.385606371663710145582189950769   0.139213916201744191837972928174
 586   0.415563557009464207481508232576   0.140138614189852311104145654628
 587  -0.444729342950860404106450115911   0.142823904320218480335637058980
 588   0.356440478024398161801733240362   0.143746838041328429360392300168
 589  -0.503852023063427096692230494428   0.146438658024667834561392937583
 590   0.297317399039332116121958248148   0.147355061892804547616638945707
 591  -0.562974995588521048131129761704   0.150048625868528106192642490713
 592   0.238194320054266070442183255933   0.150963285744280665872885591247
 593  -0.622092246696748356186191172546   0.153751107393602410787232189053
 594   0.179071241069200024762408263719   0.154571509595756784129132236786
 595  -0.681215096068254764669516466947   0.157363091644797826811533901506
 596   0.119948162084133979082633271505   0.158179733447232902385378882325
 597  -0.740338175052962425206939691882   0.160971315502651125216682218395
 598   0.060825083099067933402858279291   0.161787957298709020641625527865
 599  -0.799488421209038261306117298351   0.164597526473201492297273390479
 600   0.001702004114001887723083287077   0.165396181150185138897872173404
 601  -0.930735761575761834776277968590   0.165423356004497551320622230943
 602   0.802988383845472140378649705315   0.167887247562417161747516255821
 603  -0.057421074871064157956691705138   0.169004405001661257154118818944
 604   0.743865444060161085134703102417   0.171497751568674817690665768371
 605   0.862078715589348766767348607529   0.171997045907266422658850407224
 606  -0.116544153856130203636466697352   0.172612628853137375410365464483
 607   0.954851546551000000000000000000   0.172877977550000000000000000000
 608   0.684742225960180660733509871477   0.175103695209230860214029224723
 609  -0.868105777484324619441794554591   0.176062379794645998006223030337
 610  -0.175667232841196249316241689566   0.176220852704613493666612110023
 611   0.625619146975114615053734879263   0.178711919060706978470275870262
 612  -0.234673875918708398474467510377   0.181395195248338927941778689417
 613   0.566496067990048569373959887049   0.182320142912183096726522515802
 614  -0.293796954795008718384531489162   0.185003420882011291836500543324
 615   0.507372989004982523694184894835   0.185928366763659214982769161341
 616  -0.352920018650945544339215082393   0.188611892625497158222795759436
 617   0.448249910019916478014409902621   0.189536590615135333239015806881
 618  -0.412042989938095802863475247535   0.192221880743971446720459890241
 619   0.389126831034850432334634910406   0.193144814466611451495262452420
 620  -0.471165670050662495449255626052   0.195836634448420800946215768844
 621   0.330003752049784386654859918192   0.196753038318087569751509097960
 622  -0.530288642575756446888154893328   0.199446602292281072577465321975
 623   0.270880673064718340975084925978   0.200361262169563688007755743499
 624  -0.589405893431680838836607038987   0.203149087845855343901455607732
 625   0.211757594079652295295309933764   0.203969486021039806264002389039
 626  -0.648528743049540238143101025947   0.206761068064613762323447396658
 627   0.152634515094586249615534941550   0.207577709872515924520249034578
 628   0.908397395346000000000000000000   0.209654292585000000000000000000
 629  -0.707651822034002775919462361590   0.210369291925978747474125532536
 630   0.093511436109520203935759949335   0.211185933723992042776495680118
 631  -0.766774901018398261673360572116   0.213977515788442423330221762240
 632   0.034388357124454158255984957121   0.214794157575468161032742325657
 633  -0.825895986270452194029074634655   0.217618261131925052643997933883
 634  -0.024734721860611887423790035093   0.218402381426944279288988971196
 635   0.777523483518000000000000000000   0.221369146357000000000000000000
 636  -0.083857800845677933103565027307   0.222010605278420397545235616736
 637  -0.944398577628839974795897024553   0.223059153956260739402460276206
 638   0.718141189275000000000000000000   0.224853409263000000000000000000
 639  -0.142980879830743978783340019521   0.225618829129896515801482262276
 640   0.658305499985566885586636549308   0.228109895485990000605146022515
 641   0.852059416450325405944611281633   0.230376591921255647336508369583
 642  -0.201987522908256127941565840333   0.230793171673621950076648841670
 643   0.599182421000500839906861557094   0.231718119337466118861392668055
 644  -0.885930761319343660684284337791   0.232549791660636364903750329323
 645  -0.261110601784556447851629819118   0.234401397307294313971370695576
 646   0.540059342015434794227086564880   0.235326343188942237117639313594
 647  -0.320233665640493273806313412348   0.238009869050780180357665911688
 648   0.480936263030368748547311572665   0.238934567040418355373885959133
 649  -0.379356636927643532330573577490   0.241619857169254468855330042494
 650   0.421813184045302702867536580451   0.242542790891894473630132604673
 651  -0.438479317040210224916353956008   0.245234610873703823081085921097
 652   0.362690105060236657187761588237   0.246151014743370591886379250212
 653  -0.497602289562896782915560279111   0.248844578756991663479732547383
 654   0.303567026075170611507986596023   0.249759238594846710142625895752
 655  -0.556719539765213782038036152671   0.252547074746641099565637324421
 656   0.244443947090104565828211603808   0.253367462446322828398872541291
 657  -0.615842390023673144824750627556   0.256159044479696886086130720142
 658   0.185320868105038520148436611594   0.256975686297798946655119186831
 659  -0.674965469015288249393046920590   0.259767268345794682986039027688
 660   0.126197789119972474468661619380   0.260583910149275064911365832370
 661   0.934031530521000000000000000000   0.263071299479000000000000000000
 662  -0.734088547999683735146945131129   0.263375492208258358842135257400
 663   0.067074710134906428788886627166   0.264192134000751183167612477910
 664  -0.793209633251737667502659193667   0.267016237551740988155911429043
 665   0.007951631149840383109111634952   0.267800357852227301423859123449
 666   0.809297467209672604191015685494   0.271364071048137221172811847749
 667  -0.051171447835225662570663357264   0.271408581703703419680105768989
 668   0.750158042754715027477062987938   0.274693669097915176160789399493
 669  -0.110294526820291708250438349478   0.275016805555179537936352414537
 670   0.690991852996019156119538219353   0.277507871911273022740016174768
 671  -0.169301169897803857408664170290   0.280191148098904972211518993924
 672  -0.929029778556183837435128294751   0.280263679678453763132108797532
 673   0.631868774010953110439763227138   0.281116095762749140996262820307
 674   0.877984648556304705525364190733   0.283634831549390368119938976131
 675  -0.228424248774104177318728149075   0.283799373732577336106240847830
 676   0.572745695025887064759988234924   0.284724319614225259252509465847
 677  -0.287547312630041003273411742305   0.287407845476063202492536063942
 678   0.513622616040821019080213242710   0.288332543465701377508756111386
 679  -0.870561962246687523323515607990   0.289754317382829388633398850649
 680  -0.346670283917191261797671907447   0.291017833594537490990200194748
 681   0.454499537055754973400438250496   0.291940767317177495765002756926
 682  -0.405792964029757954383452285965   0.294632587298986845215956073351
 683   0.395376458070688927720663258282   0.295548991168653614021249402465
 684  -0.464915936549688787085873120121   0.298242555227407128685333493461
 685   0.336253379085622882040888266067   0.299157215020129732277496048004
 686  -0.524033186059219748735032883113   0.301945062278660468991232941546
 687   0.277130300100556836361113273853   0.302765438871605850533742693544
 688  -0.583156036996878310420310699274   0.305557020894166128980449499356
 689   0.218007221115490790681338281639   0.306373662723081968789989339083
 690  -0.642279115989421156074696522199   0.309165244760877806748722351172
 691   0.158884142130424745001563289425   0.309981886574558087046235984623
 692  -0.701402194980051240569967338235   0.312773468627466880246511514453
 693   0.099761063145358699321788297210   0.313590110426034205302482630162
 694  -0.760523280232105172925681400774   0.316414213970949509560287686095
 695   0.040637984160292653642013304996   0.317198334277510323558729275702
 696  -0.819646359216045258891847420309   0.320022437840875205129661546247
 697  -0.018485094824773392037761687218   0.320806558128986441814975921241
 698   0.782611276974193763553750854509   0.324245116789995931231871207942
 699  -0.077608173809839437717536679431   0.324414781980462560071222566789
 700  -0.136614816887351586875762500244   0.329589124524187994346389146175
 701   0.841531752335482516205023552535   0.330322561255927682017510659292
 702   0.664555127021405380972664897183   0.330514072188032163131132972560
 703   0.723784558257056052324032486003   0.331171509286200510683097709639
 704   0.911699820053630375209982349154   0.332336422477640732529108336430
 705  -0.195737895763651906785826479029   0.333197350157860358241111000082
 706   0.605432048036339335292889904969   0.334122296039508281387379618099
 707  -0.910199422439217656432524785132   0.336423945316580456030020038275
 708  -0.254860959619588732740510072259   0.336805821901346224627406216194
 709   0.546308969051273289613114912755   0.337730519890984399643626263639
 710  -0.313983930906738991264770237401   0.340415810019820513125070347000
 711   0.487185890066207243933339920541   0.341338743742460517899872909178
 712  -0.373106611019305683850550615919   0.344030563724269867350826225602
 713   0.428062811081141198253564928326   0.344946967593936636156119554718
 714  -0.432229583536784678090640754837   0.347640531692845625909392203891
 715   0.368939732096075152573789936112   0.348555191445412754412366200257
 716  -0.491346832395851173487539790734   0.351343049129930909789094281754
 717   0.309816653111009106894014943898   0.352163415296888872668612845796
 718  -0.550469683971078145288710708789   0.354954997309293538734144264392
 719   0.250693574125943061214239951684   0.355771639148364990924859491336
 720  -0.609592762962626321670256593917   0.358563221175347049643041130386
 721   0.191570495140877015534464959469   0.359379862999841109181106136875
 722  -0.668715841954184147251616939844   0.362171445042550004009194837936
 723   0.132447416155810969854689967255   0.362988086851317227437352782415
 724  -0.858274938136769764369977272228   0.364926676378034231653907930786
 725  -0.727836927206238079607331002383   0.365812190386032633322971009578
 726   0.073324337170744924174914975041   0.366596310702793345693599427954
 727  -0.786960006190178165573497021918   0.369420414255958328892344869730
 728   0.014201258185678878495139982827   0.370204534554269463949846073494
 729  -0.044921820801706400254289826699   0.373812758407280205207215323774
 730  -0.103928463879218922085524036379   0.378987100951005886077801871057
 731   0.771582814424642511364695122013   0.382442460044047184573616192209
 732  -0.163051542755519241995588015164   0.382595326584678249972523724964
 733   0.638118401046791605825791575014   0.383520272464791303522249770352
 734  -0.222174606611456067950271608394   0.386203798328164116358818941076
 735   0.578995322061725560146016582799   0.387128496316267421778496415891
 736   0.889724663243548449763767178710   0.387342333352827859146040804919
 737   0.830503289785931264015967820038   0.388519904509978935359255643559
 738   0.710412786769817441085332925249   0.388875525397124643913416123034
 739  -0.281297577898606326474531773536   0.389813786446638404856483071882
 740   0.519872243076659514466241590585   0.390736720167743540034743061431
 741  -0.340420258011173019060312152054   0.393428540151087759082238950484
 742   0.460749164091593468786466598371   0.394344944019219658290989706970
 743  -0.399543230516007802306553679455   0.397038508326746606488214468761
 744   0.401626085106527423106691606157   0.397953167870695776547236352510
 745  -0.458660478925040394700435287255   0.400741032949413261251406036202
 746   0.342503006121461377426916613943   0.401561391722171894803482998049
 747  -0.517783330952330528752695326850   0.404352973729087578779612230610
 748   0.283379927136395331747141621728   0.405169615573648013059729643589
 749  -0.576906409936826156538656603432   0.407961197590474459396735895422
 750   0.224256848151329286067366629514   0.408777839425124131315976289128
 751  -0.636029488927389312847177011562   0.411569421457019246903513617151
 752   0.165133769166263240387591637300   0.412386063276600249572222934667
 753  -0.696229637066461716169517896311   0.415907469186102359081440726988
 754   0.106010690181197194707816645086   0.415994287128076367828469580207
 755  -0.755352714491336729975208221994   0.419515718602225631603538363377
 756   0.046887611196131149028041652872   0.419602510979552486084716225746
 757  -0.814540144603558354595540086733   0.421840770160277692265041935408
 758  -0.873772672815944074963841757237   0.422096405849587946179399862640
 759  -0.012235467788934896651733339343   0.423210734831028604340962871286
 760  -0.071242110866447045809972140553   0.428385077374754038615981426123
 761  -0.130365189742747365720036119338   0.431993303008426402510703280030
 762   0.670804754057243876358693245058   0.432918248890074325657119922605
 763  -0.189488253598684191674719712568   0.435601774751912268896998496142
 764   0.746292551095226522297940255154   0.436005136683340672391406928323
 765   0.611681675072177830678918252844   0.436526472741550443913366568144
 766  -0.248611224885834450198979877711   0.439211762870386557394662626948
 767   0.552558596087111784999143260630   0.440134696593026562169613213683
 768   0.864434399914132460697012311851   0.440905009992121346963831541033
 769   0.805213026456515274949212953179   0.442082581149272423177046379673
 770  -0.307733904998401142784760256228   0.442826516574835911620418505550
 771   0.493435517102045739319368268416   0.443742920444502680425859859223
 772  -0.366856877503235926031001783629   0.446436484750494759026394023828
 773   0.434312438116979693639593276202   0.447351144295978798682106504762
 774  -0.425974125623026678146290187293   0.450139013991407815562254885788
 775   0.375189359131913647959818283987   0.450959368147454916938353150302
 776  -0.485096977932731124185316740465   0.453750950148317995650434382907
 777   0.316066280146847602280043291773   0.454567591998931035194599795841
 778  -0.544220056917129026964585202794   0.457359174010742066984383281236
 779   0.256943201161781556600268299559   0.458175815850407153450846441381
 780  -0.603343135901589147715577021077   0.460967397872146656657208382187
 781   0.197820122176715510920493307345   0.461784039701883271707093086920
 782  -0.662466214907366960699078805995   0.464575621731103167562917511225
 783   0.138697043191649465240718315130   0.465392263553359389963339732460
 784   0.079573964206583419560943322916   0.469000487404835508219586377999
 785  -0.726741240761529558600842017038   0.471380396852971487789543896497
 786   0.020450885221517373881168330702   0.472608711256311626475833023539
 787  -0.787159168176270301937609621391   0.474365429872883307758875112187
 788  -0.846391696388656022305911291894   0.474621065562193561673233039419
 789  -0.038555757855994775277070470509   0.477783053800037060750851578376
 790   0.706684518382652957571300574964   0.480047860176290354135110727894
 791  -0.097678836732295095187134449294   0.481391279433709424645573432283
 792  -0.156801900588231921141818042524   0.484999751177195291031868648395
 793   0.644368028082630101211819922889   0.485924449166833466048236720397
 794  -0.215924871875382179666078207667   0.488609739295669579529532779201
 795   0.585244949097564055532044930675   0.489532673018309584304483365936
 796   0.773661801526793340261438706389   0.492213190097008261830006122509
 797  -0.275047551987948872251858586184   0.492224493000118933755288657803
 798   0.835923261371203894783877475624   0.492824878318443714499180728278
 799   0.526121870112498009852269938460   0.493140896869785702560730011476
 800  -0.334170524290524629992924196906   0.495834464488313713618128165743
 801   0.466998791127431964172494946246   0.496749120721261820816976657015
 802  -0.393287772617573152214271518445   0.499536990419998477856489198044
 803   0.407875712142365918492719954032   0.500357344572737939073223302554
 804  -0.452410624927277598253298071617   0.503148926576908657944668695163
 805   0.348752633157299872812944961818   0.503965568424214057329469948094
 806  -0.511533703911675501032566533946   0.506757150439332729278617593492
 807   0.289629554172233827133169969604   0.507573792275690175585716593633
 808  -0.570656782896135621783558352229   0.510365374300737318951442694443
 809   0.230506475187167781453394977389   0.511182016127166293841963239173
 810  -0.629779861881566795567478815509   0.513973598146230577316612276261
 811   0.171383396202101735773619985175   0.514790239978642412098209884712
 812  -0.689034533557016790551772590411   0.517515986219529089925833318346
 813   0.112260317217035690093844992961   0.518398463830118530354456530252
 814   0.053137238231969644414070000747   0.522006687681594648610703175791
 815  -0.754448583461410184686249158386   0.523747363772323486453254479649
 816  -0.005869404845542504744168800464   0.527181030225320082885721730629
 817  -0.813854773161000000000000000000   0.528215249697000000000000000000
 818  -0.064992483721842824654232779248   0.530789255858992446780443584535
 819   0.680247792408039182424427252794   0.533054060453049494526227525686
 820  -0.124115547577779650608916372479   0.534397727602478313166738800647
 821  -0.183238518864929909133176537621   0.538007715720952601664402931453
 822   0.617931302108016326064946600719   0.538930649443592606439353518189
 823   0.739039214468290502354480207194   0.540273924729482526965021507184
 824  -0.242361198977496601718956916138   0.541622469425401955890158810055
 825   0.558808223122950280385171608505   0.542538873295068724695600163728
 826   0.804297479874204374901209239485   0.542908485344503271644194926444
 827  -0.301484171280072359460022526861   0.545232440913596735752998317997
 828   0.499685144137884234705396616291   0.546147097146544842951846809268
 829  -0.360601419354468940218898514386   0.548934970879305750122441554214
 830   0.440562065152818189025621624077   0.549755320998020961208093454807
 831  -0.419724271910861150145954272996   0.552546902998245218549162617218
 832   0.381438986167752143345846631862   0.553363544849497079464340100346
 833  -0.478847350895259052925222735325   0.556155126860669289883111515548
 834   0.322315907182686097666071639648   0.556971768700973197720586745886
 835  -0.537970429879719173676214553608   0.559763350722073879555936616498
 836   0.263192828197620051986296647434   0.560579992552449315976833391425
 837  -0.597093508872525890663128593557   0.563371574576610436994915576561
 838   0.204069749212554006306521655220   0.564188216403925434233080036965
 839  -0.656216587857957064447049056833   0.566979798422103695360085158382
 840   0.144946670227487960626746663006   0.567796440255401552489326682504
 841  -0.717067715067416057278602948010   0.569695469567313668363528472879
 842   0.085823591242421914946971670791   0.571404664106877670745573328044
 843   0.026816948164909765788732869581   0.576579006650603105020591882881
 844  -0.780099752476168760738356325062   0.577138142716004472737353816505
 845  -0.032306130711390554121331109204   0.580187232284275468915313736788
 846  -0.091429194567327380076014702434   0.583795704027761335301608952900
 847   0.653811066433425407277553930625   0.586060260729808634917344323478
 848  -0.150552165854477638600274867577   0.587405692146235623799273083706
 849   0.769674892815701536994250740290   0.590969219976977536779210311119
 850  -0.209674845967044331186055246094   0.591020445850684978025028962308
 851   0.592414295967000000000000000000   0.592386456316000000000000000000
 852  -0.268797818269560045070062600529   0.594630417339863137205106513163
 853   0.532371497148336505238298286336   0.595545073571827865086716961520
 854  -0.327915066311058039945180725599   0.598332947830854524032696322120
 855   0.473248418163270459558523294121   0.599153297423303983342963607060
 856   0.711230752858870507205428420142   0.600604584668729795841626636630
 857  -0.387037918899632258528161336664   0.601944879423014355039851657278
 858   0.414125339178204413878748301907   0.602761521274780101599210252599
 859  -0.446160997884030161307429798992   0.605553103285438426373800555607
 860   0.355002260193138368198973309693   0.606369745126256219855456898138
 861  -0.505284076868490282058421617276   0.609161327146843016046625656558
 862   0.295879181208072322519198317479   0.609977968977732338111703543678
 863  -0.564407155856109442555784794935   0.612769550997946997599409498617
 864   0.236756102223006276839423325265   0.613586192829208456367950189217
 865  -0.624280483138778153601483822810   0.616866126282233101842006507673
 866   0.177633023237940231159648333050   0.617194416680684574624196834757
 867  -0.684377139905120572452047804092   0.619090651959881356570339534932
 868   0.118509944252874185479873340836   0.620802640532160692880443480296
 869  -0.743433809951480028104252078113   0.623658744676995281458564925594
 870   0.059503301175362036321634539626   0.625976983075886127155462035134
 871   0.000380222299061716411570560841   0.629585208709558491050183889040
 872  -0.058742841556875109543113032389   0.633193680453044357436479105152
 873  -0.117865812844025368067373197532   0.636803668571518645934143235958
 874  -0.176988492956592060653153576049   0.640418422275968000159899114561
 875  -0.236111465191880362641295136912   0.644028394866175299047009012420
 876   0.565057850158788775771199956380   0.644943049997110887221587113773
 877   0.652907201389270489219085144928   0.645286443926252032428245972956
 878  -0.295228713302015932165809180318   0.647730924261249950479666355591
 879   0.505934771173722730091424964166   0.648551273848587005477833759312
 880  -0.354351565890835552722988484541   0.651342855849392854703079225724
 881   0.446811692188656684411649971952   0.652159497700063123734080404852
 882  -0.413474644875233455502256946869   0.654951079711816926037028124053
 883   0.387688613203590638731874979738   0.655767721551539241990327050391
 884  -0.472597723859693576253248765152   0.658559303573221515709853225004
 885   0.711518967725262777446709806043   0.659836963316117492292960021972
 886  -0.531720802844880550937991858603   0.662167527422716134090098538677
 887   0.319094025586323636144171567739   0.664472269124906380065397785685
 888  -0.590843881829889869137711509909   0.665775751275121768757066208004
 889   0.259970946601257590464396575525   0.668080492976382498321644431225
 890   0.200847867616191544784621583310   0.671688716827858616577891076764
 891   0.141724788631125499104846591096   0.675296940679334734834137722304
 892  -0.694823481524822542902853317323   0.677395297527805031612322923055
 893   0.082718145553613349946607789886   0.680471283223060169109156277141
 894  -0.026056281430209611812430581734   0.682591519830112264086953492267
 895   0.608827193183313502582040002882   0.684852978075700656470213544316
 896  -0.085179252717359870336690746876   0.686201507948586552584617623073
 897  -0.144301932829926562922471125394   0.689816261653035906810373501676
 898  -0.203424989977902415733579949331   0.693426299445804226324350615719
 899  -0.262542238630237130595325176192   0.697128820183727076944123352600
 900  -0.639748243666470376044664748124   0.699196121431562697983528005837
 901   0.539006735951000000000000000000   0.700330467564000000000000000000
 902  -0.321665091219056751152504480415   0.700740751771869981167536222730
 903   0.479498045199108954944551641996   0.701557474125346145868950557104
 904   0.669935132117147494022440454794   0.702019215083347307252033944725
 905  -0.380788277788005199869657656305   0.704349063147244002380941699632
 906   0.028787751964286230758820738724   0.704967617547546022614795053376
 907   0.420374966214042909264776649782   0.705165697976822264125197202644
 908   0.359446184342229310016826949032   0.707834245922267734783366251016
 909  -0.439911370841048237078012319863   0.707957279993083232088696236653
 910  -0.499034449836083845132819006480   0.711565503849094633753326107123
 911   0.292657326892346601506070510890   0.717478483007814413906162428445
 912  -0.561680252706000000000000000000   0.718750770697000000000000000000
 913   0.233534247907280555826295518676   0.721086706859290532162409073984
 914   0.174411168922214510146520526462   0.724694930710766650418655719524
 915   0.115404523220874913136713213342   0.729869243333067383469673534964
 916  -0.052491425655826019438743730838   0.735598508971239483284954761556
 917  -0.111614105768392712024524109356   0.739213262675688837510710640158
 918   0.625855123911190507385395312748   0.741585749232795931294001516085
 919  -0.170737077055542970548784274498   0.742823250794163126008374770964
 920  -0.229842291147791655957891954066   0.746713162765682126545835641093
 921  -0.288976326855338985033991273797   0.750137132534128817533344979104
 922  -0.613152245183574505964448426596   0.752122585631757670084975003290
 923   0.567626651315879295028454997104   0.752448655255302549499112487090
 924   0.508399146050061188932484515584   0.753261285567442051447559882075
 925  -0.348063116880497497956526308040   0.754298766044376149976542804840
 926   0.061475871524581868870836778731   0.754369412194865638228622001465
 927   0.449276067064995143252709523370   0.756869509418918169703806527615
 928  -0.407225017821342537287304062993   0.757355256412243314029913735737
 929   0.002352607738669823132507589620   0.757974606688673241812796322664
 930   0.384917113689573528220481358886   0.761311245709272600650372637450
 931   0.325911391679252043036892605325   0.766496081104671577051696369144
 932  -0.509791528648189913873687946391   0.769813619728210055316825139675
 933   0.266860485816310613102688727548   0.771138091962344024043270651242
 934   0.207097521932666780679422196507   0.774092907136049672553525871777
 935   0.148090876231327183669614883386   0.779267219758350405604543687217
 936  -0.566121093175246632802779281728   0.788131313584939749878777727877
 937  -0.078675270116129697897717432722   0.788730081857004344670531594080
 938  -0.137797950228696390483497811239   0.792344835561453698896287472683
 939  -0.456126106198120187149584706863   0.794885121105117494126272168422
 940  -0.196920921515846649007757976382   0.795954823679927987393951603489
 941  -0.314330287824562914297834010162   0.803669687220112084403459641620
 942   0.094162224535034139403738448775   0.803767388620148660363492153718
 943   0.541189925341265519881581674934   0.805454855532061689890229284882
 944   0.481962420075447413785611193414   0.806267485844201191838676679867
 945  -0.255174004815420443450393542759   0.806684969724117512612227428288
 946   0.420517124568848006721636401090   0.808652527625083226520443539612
 947  -0.023831236721633855326466112264   0.811106179574438103198373155189
 948   0.035401703953222600829079268822   0.811234581465604172972017384756
 949   0.359904451851269033773690283186   0.815004117636553091941803503554
 950  -0.400879305984910706198580311535   0.816247443409549572911088714818
 951   0.300898729840947548590101529624   0.820188953031952068343127235248
 952   0.239503513009128585003784210260   0.823675257729673179577829515685
 953  -0.504671374526573424712721623399   0.828824989563247888550626257505
 954   0.180496867307788987993976897140   0.828849570351973912628847331126
 955  -0.105110123167162539585550795201   0.841741836584106629596624611165
 956  -0.164233094454312798109810960343   0.845351824702580918094288741971
 957  -0.351858826769639281963693584844   0.849497260935994161242325391771
 958   0.126568215611495943728100462529   0.853349739213772167387795797627
 959   0.453203477579300277254538071135   0.858050504050366248655313691864
 960  -0.453102088020000000000000000000   0.858098509581000000000000000000
 961  -0.236863300750202568728832410530   0.863016806767415976548411573886
 962   0.068195640489600165739614344799   0.863409571303591238036677207149
 963  -0.050264523512089506686023002795   0.864114094997422265296275532344
 964   0.008968417162766949469522378291   0.864242496888588335069919761911
 965  -0.295823479847125821648151842887   0.868696157865512812702622976444
 966   0.342129049683662908752357855374   0.871507151411887517810040896451
 967   0.273071379546479643296058327743   0.872478496189506011686094811648
 968   0.214064733845140046286251014623   0.877652808811806744737112627088
 969   0.400007386162177929104154603287   0.884103020358352344533286903831
 970  -0.399898872575000000000000000000   0.884149671707000000000000000000
 971  -0.130437840005016622571193587282   0.895342144707948627569643849280
 972  -0.189687987187791030536151936919   0.898836459729510255001645317453
 973   0.160136082148847002020374580012   0.902152977673604999496061093589
 974  -0.342396277786262125013925712461   0.907969629750451365207057229750
 975   0.101763507026951224031888462282   0.912212809763424070144942503111
 976  -0.075573338219411591286613103966   0.917668008450569242349683372669
 977  -0.016340397544555135131067722880   0.917796410341735312123327602235
 978   0.042885904623350436765406469114   0.918692445805689270458754888479
 979   0.308277069303738609353035990908   0.920113747388091608673942187355
 980  -0.286360930863748664698383970503   0.927168526679970016667354814422
 981   0.251564343784312290645425604321   0.937208322907680570370146859319
 982  -0.229258605551169913660837394333   0.942912801573821034327840499672
 983   0.193914291661989402733600682273   0.950810868196345251674357530368
 984  -0.171302064626420280224636000402   0.955143791397810764685061196256
 985   0.135541716540093624745114564543   0.960870700286164322323238939890
 986  -0.112707253667491565836998125105   0.963815923588000606635924121565
 987   0.076664114136492837478632571375   0.967350336328429522637051325258
 988  -0.045574527295458055717605530472   0.969312654437593971422664619092
 989   0.013787555845713927819413042463   0.970285505866629049110601237869
