   1  -0.484366139520062037860263294516  -0.484366139520062047259903563975
   2  -0.321868545254646982367927428870  -0.484366139520062047259903563975
   3  -0.159342438925333110017073852783  -0.484366139520062047259903563974
   4  -0.430208856243460122403754891788  -0.484366139520062047254923075187
   5  -0.376051556705750216641061361569  -0.484366139520061942691786362645
   6  -0.267697461972788675987994353320  -0.484366139520061908364633175855
   7  -0.213523506660342367213998454078  -0.484366139444875860691439679773
   8  -0.105162407040217033859575938208  -0.484366139333384058944870808842
   9  -0.051005037342121932315562890683  -0.484366052000603501715513555045
  10   0.111498926392751567814202276814  -0.484365633674713562977800326685
  11   0.003150176148088711454614708261  -0.484365444658625988388345968395
  12   0.267672309801598320513260146135  -0.484365434167714777265348274030
  13   0.321873410907948104105232795622  -0.484365431654420690582110139882
  14   0.430204760962684852822745879422  -0.484365308576217287927924671016
  15   0.057308637136454015449160086031  -0.484365268649377336487332235730
  16   0.484365184830078586926694391063  -0.484365040127302445365412181581
  17   0.376043306008052986454212870259  -0.484364791670929034180747945207
  18   0.165890560958076806595228704288  -0.484364497375717409168930090700
  19   0.208645498993058070039556554879  -0.484363466993703295951717993341
  20   0.238158142908177940849407159775  -0.474029326498384640243938372676
  21   0.138694491401360587596276085053  -0.468932630838776807045184205455
  22   0.294773434234496569885052526665  -0.468763366324965282418662585773
  23  -0.348960085365951419902563983426  -0.468754516690588679292686863602
  24  -0.132252522960790810136090565285  -0.468750917236408270852922523216
  25   0.084399088496065204008015195381  -0.468749902878040006140776364151
  26  -0.186432290679632253702372589899  -0.468748678555690804726753126686
  27  -0.240610484093920949683595615799  -0.468746727311991889518300142212
  28  -0.294783003613717869232693200823  -0.468744237969925519103450379214
  29   0.348961426503479456176630923779  -0.468733703602178796689706221934
  30  -0.403130208833634377532770531147  -0.468732289917153791630875811476
  31  -0.457287498271642040022119368052  -0.468732280042504047992967844317
  32  -0.078084306354991392189220288200  -0.468731342152198515512138858149
  33   0.403123629632738766909786971626  -0.468730895464742565329854594225
  34   0.030229332425967617755098867716  -0.468730230344551037484633416510
  35   0.457284509131971136615859428764  -0.468729612818593682992745177125
  36  -0.023929579005685927419324348932  -0.468726279297261873149974153882
  37   0.187259710529539686646914208600  -0.461534447427745744077189680259
  38  -0.321894285115192619577466996168  -0.453098429154826761821408926337
  39  -0.267687583219275459059671177340  -0.453098420038843486944847894126
  40  -0.213513633538744662223090854265  -0.453098419970943558958730507048
  41  -0.159340631982650787566663445737  -0.453098418612397204173968498306
  42  -0.376051574400446125455859393787  -0.453098418560191039084181425645
  43  -0.430208858180670679485528770401  -0.453098418560186201767616086237
  44  -0.484366139520062047259903563974  -0.453098418560186141779710691924
  45  -0.105167534388176879844282859208  -0.453098418368851637195700930137
  46   0.111467244182707463659061373605  -0.453097610992426797282603841071
  47   0.057309069598668223973509443285  -0.453097016870709953557717811268
  48   0.267694232146376545847782745667  -0.453096286347477855605171446928
  49   0.484364965874927085562251349807  -0.453095903436910418822267271901
  50   0.376044115485914826703711118537  -0.453095595821929892287027217389
  51   0.003150970029135307788586051869  -0.453095561587684815390593007124
  52   0.321882762606737395276687021846  -0.453095211603789270710711046016
  53   0.430203193248347249899862485572  -0.453093888178469103984511570305
  54  -0.051009126820196267739353196582  -0.453091467281134526727785062574
  55   0.216777480318649464067705416539  -0.451211389862195997889610633449
  56   0.159806364454437177785786011163  -0.445866750360875414111210421400
  57   0.294788001682117180875995164262  -0.437486265312100640393234063294
  58  -0.240600613162513378222199758886  -0.437478995114676108839863531862
  59  -0.132254085762942503442806535481  -0.437478258661462295086240238620
  60  -0.186427135703712204186958507314  -0.437478175975769555717691325028
  61  -0.294808734468206295257387862753  -0.437476527597277663335568736231
  62  -0.348972926699413274169995919178  -0.437464570258892625443808064664
  63  -0.403130216598413862235297728275  -0.437464559660850598864171796832
  64  -0.457287498850366346068885555671  -0.437464558080248214328237277834
  65   0.084388331602862906424071693944  -0.437463279675787189150603075798
  66   0.030230245442891891232056090698  -0.437462414865435025438363775657
  67  -0.078090529436690856569214361187  -0.437461713702330096875190355914
  68   0.348963202356375264292521399607  -0.437461444390158497420012671925
  69   0.457283745264286762263875389170  -0.437460445384686046604742900209
  70   0.403122404492389091038803504269  -0.437457571075153518466943582172
  71  -0.023932064355847982126409703223  -0.437454659472352347052156060203
  72   0.242910615821182716734298765438  -0.434030364391376317461553112937
  73   0.186905044558810791436180353304  -0.430264867542888109571307012767
  74   0.132736730720749936650167741466  -0.430178273215457673470683641168
  75  -0.267736984530501828026042972132  -0.421830738089072550359156792153
  76  -0.321894285182940232290471924451  -0.421830708194950856414610259035
  77  -0.213530302247443228496622666576  -0.421830703408981237811348582135
  78  -0.159348076484793795293506787951  -0.421830698538748552252861601519
  79  -0.105174994146058498506393290087  -0.421830697925496303336034994321
  80  -0.376051576841276581473569022295  -0.421830697600315228861027454301
  81  -0.430208858180670643974047706897  -0.421830697600310288442225748329
  82  -0.484366139520062044983444910222  -0.421830697600310236299517819873
  83   0.057309350489649509946628846060  -0.421829232224384645264169928223
  84   0.003150733674542444815055554756  -0.421827799086834562826820276817
  85   0.321883731516175004761197456989  -0.421826054706270372720158757756
  86   0.484364745533871501424126729991  -0.421825787668857249708628728017
  87   0.430203067868045346367989774434  -0.421823404108510739969850184325
  88   0.376041666458807641067659413075  -0.421822541441493243595258440794
  89  -0.051015575322215526438680349840  -0.421821457429781200068850724521
  90   0.270017317813137673563665040258  -0.418398324687336613476894801890
  91   0.215832440492901037819169012200  -0.418394955923592924620107904195
  92   0.159842346991658734214469489637  -0.414590943100169133417344062266
  93   0.105656696827925115248249880509  -0.414543029457176817042468206623
  94  -0.240650004075862877969490646641  -0.406211312944523984891843837314
  95  -0.132261535678092984241979509950  -0.406210529126540132781605677898
  96  -0.186443806247696607079124109645  -0.406210456244719663925700156051
  97  -0.294815626342242469841123884794  -0.406196878382655303848524162787
  98  -0.348972929140243730178434894887  -0.406196849299016815232044295959
  99  -0.403130217510972448315060754380  -0.406196837120376681536012399567
 100  -0.457287498850366323144711780562  -0.406196837120372308824500364284
 101   0.030229829909666585825053762195  -0.406194660107512648248348211829
 102  -0.078098017004582335792260777007  -0.406193952783593645385983781665
 103   0.457284474945662048084847575891  -0.406190293111471508905648184394
 104   0.403121734934589519358308047452  -0.406187830035777362451786979434
 105  -0.023937313765600529198435462675  -0.406186903664139340119561656999
 106   0.348960565206755257632467307536  -0.406186234160528156931402504964
 107   0.242936942762816249859164805218  -0.402762575444297771106528224345
 108   0.297094435453099362574681822365  -0.402761792869262032634993251696
 109   0.186895535977853144953826430424  -0.398912937792038994223473874546
 110   0.132736127753261548457723415214  -0.398910326911581163842399614502
 111   0.078576415896946871818561533708  -0.398907989588330619531222904446
 112  -0.213579699791869521501966748583  -0.390563021460581023871874059381
 113  -0.267736985989282320688848088601  -0.390563017129196678907443753419
 114  -0.159373024963618400254136060491  -0.390562987532055603828253336661
 115  -0.321894289385073027070905587418  -0.390562987235075233301015957259
 116  -0.105184721346409925850684031305  -0.390562978053606326544646515090
 117  -0.376051576841276506824976548502  -0.390562976640439170294730651044
 118  -0.430208858180667502524342813671  -0.390562976640434366484533898845
 119  -0.484366139520061996188634653242  -0.390562976640434330819324947822
 120   0.003145390791102400625828660798  -0.390560052133722282627193712440
 121   0.484365223153830612924545989872  -0.390556846886375213209521462047
 122   0.430202438367526629273047262813  -0.390553729054381405905298970298
 123   0.376041931035482292449365082649  -0.390552348017982527535465587402
 124  -0.051024236996986650127719962101  -0.390551653551381803904823358840
 125   0.215857025083426584454104755085  -0.387127243505727294070004790268
 126   0.270014446590225154016949566001  -0.387126744814685881376699031286
 127   0.324168201682682731712848434964  -0.387119491790843259987099378958
 128   0.159816437043755229481536451576  -0.383279355188693319836028709557
 129   0.051497732578396063321121717182  -0.383274195653571012002280884818
 130   0.105654607202647951964178159863  -0.383273345421586143073048555991
 131  -0.132286485521329423429074966915  -0.374942815845577666839364311746
 132  -0.186493194975717684495414359442  -0.374942773949127117272037139068
 133  -0.240658341561539494085116207566  -0.374929162326652296027130751605
 134  -0.294815631168290471271601256873  -0.374929157147622651828310972446
 135  -0.348972930054768157208475994254  -0.374929126755136316755957460095
 136  -0.403130217510970192459825368253  -0.374929116160497751780731721285
 137  -0.457287498850363956377265794595  -0.374929116160496403327075572567
 138  -0.078107747308523065206420109403  -0.374926228801261156459159342406
 139   0.457283669742583185718083097278  -0.374921082419813906794634978797
 140  -0.023944799638653642097585306787  -0.374919169751604179386559783681
 141   0.403122057526916042171929267345  -0.374917085195164526737702139114
 142   0.242934312197595962415644050942  -0.371491037586832194109093722929
 143   0.351249850411743129480622128663  -0.371490840949145214165821567315
 144   0.297087384828772350604325432244  -0.371483010005284881859385184535
 145   0.186894062818834919218751380234  -0.367643734306270510821697998238
 146   0.024417350060407572998230820024  -0.367643348655367129172016567520
 147   0.132734653124054125068481776785  -0.367641910279269028846016490623
 148   0.078574681212463841025417329608  -0.367637395151837165326090018128
 149  -0.159422412224813853386607886749  -0.359295305575711372328338683131
 150  -0.213579701473975256128525128773  -0.359295300500705163637698735177
 151  -0.267736990786325124978660757558  -0.359295296169321141404496420277
 152  -0.105215749220312503242244099181  -0.359295272148096988000523479637
 153  -0.321894288452825769792914289778  -0.359295266275199341718301411460
 154  -0.376051576256969676028064896912  -0.359295255680561117118997063753
 155  -0.430208858180665152698635934082  -0.359295255680558454568974401644
 156  -0.484366139520060825620887130830  -0.359295255680558425339132075793
 157   0.484364750038935089569050597212  -0.359287717709328166776219521303
 158   0.430203427135876304848413642479  -0.359284253485541721965451569133
 159  -0.051036450515532148049591686573  -0.359279653479268929426642503788
 160   0.378330841700402283887340404470  -0.355861051708544528154389524086
 161   0.215855305809413702359862672551  -0.355857436437902152838559778832
 162   0.324167537564125786590686624671  -0.355851767353870369146759942365
 163   0.270007959840146322289598382494  -0.355848530325896309800025444328
 164  -0.002662683054280136641310965994  -0.352011895965026197640345296138
 165   0.159813748060795581953840786573  -0.352008834600135307838393271175
 166   0.105654273187255229687522479566  -0.352005172096778283058187556104
 167   0.051490845496080422872671164884  -0.352000573860015763893145379776
 168  -0.132335866659541659223280819817  -0.343675133084051219850434424413
 169  -0.186501055200248911052859343171  -0.343661449019595547199315957074
 170  -0.240658346838785481430695079101  -0.343661441366776835883603872777
 171  -0.294815630979377879237707394063  -0.343661434863813441861135863771
 172  -0.348972929204779197128619647344  -0.343661405795260422828912852107
 173  -0.403130217002733408505224331550  -0.343661395200621756801808692437
 174  -0.457287498850361075843380795931  -0.343661395200620497312911397521
 175  -0.078138777025584520871683231217  -0.343658521122316263088202620756
 176   0.457284710506795666103809242487  -0.343651826864536293033083516068
 177   0.405411047867856593792057239537  -0.340229902175538807777630346088
 178   0.351249186354118140302107164982  -0.340223117389860820645739013324
 179   0.242928930708731570024166185505  -0.340214889611805321165213681490
 180   0.297086386564362864111036155194  -0.340214297849094464571648414784
 181  -0.029743752995815505765749147840  -0.336382240930587562408286753896
 182   0.132733866932520039543119920042  -0.336372959853789535463001357186
 183   0.186889385145386575389956819400  -0.336369771148447941193478992001
 184   0.078570603006675949951269871899  -0.336368630844739527564293611826
 185   0.024409194345591746377260938698  -0.336366324463637317583180072408
 186  -0.105265097502397948497334368113  -0.328027589901504073025168247698
 187  -0.159422416703813094477174489359  -0.328027584615835787649176168130
 188  -0.213579706946208582295584248408  -0.328027579540829737011363079657
 189  -0.267736989881572672964097205452  -0.328027574709062990859554641050
 190  -0.321894288401386341138443713910  -0.328027545315323436280420782500
 191  -0.376051576257661565551691560487  -0.328027534720684746970929127732
 192  -0.430208857771764706919229512978  -0.328027534720682547209541250903
 193  -0.484366139520057329864561785977  -0.328027534720682519858939203938
 194   0.484365630956952219542253566362  -0.328018779544786505916299096970
 195   0.432490979989611744682395235764  -0.324598278541259796932727156810
 196   0.378330178898376798181644063251  -0.324593330118223265495288908056
 197   0.324167107732319160684025928253  -0.324584040592560465541409573055
 198   0.215849902419317988105109324555  -0.324581689325256672545376118899
 199   0.270006869297196062233372602351  -0.324579811716166013084000767203
 200  -0.056835444323322933225902275377  -0.320771003923332578135476667747
 201   0.105650184638252639889477535204  -0.320736398232558442577522663474
 202   0.159810704328332059577519437417  -0.320735974693239133084848273440
 203  -0.002672024423378739951372532899  -0.320732051790042650548755370853
 204   0.051487482960810801131133511102  -0.320731845985775737601690743589
 205  -0.132343755363080870488566080796  -0.312393758525499007758359892814
 206  -0.186501061584695122185816226238  -0.312393727187361363949368657073
 207  -0.240658347019079876269697450218  -0.312393718027161658630707629118
 208  -0.294815630777108880186033119837  -0.312393713903937537032377201780
 209  -0.348972929203519902257469686201  -0.312393684835384517348745338852
 210  -0.403130217008386068030672484860  -0.312393674240745249461855295748
 211  -0.457287498686794486316248108550  -0.312393674240744586632812762205
 212   0.459571624343548351464740386218  -0.308967889057940310661021762260
 213   0.405410384890037818030841841906  -0.308962180762901441298516933511
 214   0.351248759688664822369843489173  -0.308955395574029270542727982792
 215   0.242927757164366536080100631305  -0.308946466393144101264934963961
 216   0.297083263895083203740055636938  -0.308942060712216052564405616022
 217  -0.029760089529629532488430133591  -0.305114521474386722783061449696
 218   0.132729785382558605448266298431  -0.305104198432097629056580312799
 219   0.078567047818226933999718188378  -0.305099571228392094929828220561
 220   0.024405731788506339523281899258  -0.305096637921108644194265832158
 221   0.186885925600094455216910118427  -0.305096191159442389015891892289
 222  -0.084015465241680977148385537859  -0.305090207357215756855005968249
 223  -0.159422422676762625377843051051  -0.296759863655960452663490146578
 224  -0.213579705844064731744858577113  -0.296759858054346163024647283716
 225  -0.267736989910062563292693018067  -0.296759853637676218794418489162
 226  -0.321894288157102330782400707308  -0.296759824355447531754481624563
 227  -0.376051576255380371442122468732  -0.296759813760808376822936751030
 228  -0.430208857876746479933619702983  -0.296759813760806637352669893940
 229  -0.484366139520062047259903563975  -0.296759813760806614378746332243
 230   0.432490317048976457159500353302  -0.293330557414762963667307848851
 231   0.378329752044158734024595390985  -0.293325608530945958016942535607
 232   0.324166590977467234345554215397  -0.293316318733539851907889477967
 233   0.215848621066672463214566903875  -0.293313462686012575107466176654
 234   0.269998089408429165303998742705  -0.293298222849467367016805381984
 235   0.484366139520062047259903563973  -0.289917891913943279903626469408
 236  -0.056909732145791299724731762565  -0.289503365443765811882036115648
 237   0.105646805633604046107682529167  -0.289467643819672664945786015293
 238   0.159805543753490908634015704075  -0.289465344750677746586700991164
 239   0.051484262482919159851452543972  -0.289462567638597052684996659009
 240  -0.002680967026607860797882526429  -0.289457090915920450818355375795
 241  -0.111094154896233102741673877873  -0.289456346424879975634414658157
 242  -0.186501062643367137859205401020  -0.281126001958232927252191153056
 243  -0.240658346817267386593405700005  -0.281125997067285753801797929280
 244  -0.294815630525642900033155887818  -0.281125992867718505962404226803
 245  -0.348972929202595770987209865052  -0.281125963875508611868566123355
 246  -0.403130217106834489724695361423  -0.281125953280869142284725215574
 247  -0.457287498850366353876756158412  -0.281125953280868673403644335287
 248   0.405409958088553522917979381734  -0.277694459486335382810343940857
 249   0.351248242662292830060000305835  -0.277687674056154023629068599474
 250   0.297082488241055712989992981434  -0.277674338826691437334230479299
 251   0.242918946370267220352536572243  -0.277665207548790808894199742082
 252   0.457287498672099669236515468961  -0.274284031281250722146743735566
 253  -0.029844154893066366266647090758  -0.273846899481216454009237135561
 254   0.132725501851618613650480127663  -0.273833877572128702058775698790
 255   0.078563995918702861437491863290  -0.273830592286123012804584729138
 256   0.186881466500829595320706792810  -0.273826776176821300877873030092
 257   0.024402050524767099509761855752  -0.273823376737942229022877772765
 258  -0.084015514183293951603776108619  -0.273822486019841900807192120499
 259  -0.138172792077662781915311970490  -0.273822479903089624353313888634
 260  -0.213579705837000515868977627950  -0.265492136974567992798486575141
 261  -0.267736989651218857976424736755  -0.265492132594249083325999001152
 262  -0.321894288436471914053748519001  -0.265492103395571627522338844768
 263  -0.376051576314661925861092329635  -0.265492092800932093547667151466
 264  -0.430208858180670664620504058348  -0.265492092800930725280549991687
 265  -0.484366139520062047259903563974  -0.265492092800930708898553460192
 266   0.378329235031590935031648779442  -0.262057887318152509248860364933
 267   0.324165815069705242278757552380  -0.262048597271310815429729889261
 268   0.215839534796619137052300009914  -0.262032680982258109471425752628
 269   0.269995449897869861934483030689  -0.262027644627288479976429549469
 270   0.484366139513289702295557338619  -0.258650170954067374424167015956
 271   0.430208857094010439891692433593  -0.258650169464115910419886657888
 272  -0.056922796250776372386602115639  -0.258213033465260293693012130356
 273   0.105643529033687252223407834790  -0.258198276177805947331051976101
 274   0.159801434135258753859863789598  -0.258195325059341493013163799428
 275   0.051483559305926622299457659817  -0.258193167275445405715663431260
 276  -0.002779605181743969157411473157  -0.258188657263006633030943650385
 277  -0.111094151407966639577977685650  -0.258188619423152460989673837381
 278  -0.165251431928065057052746186074  -0.258188618004093942540092958685
 279  -0.240658346585441812600436602387  -0.249858275983931106530900119289
 280  -0.294815630915035943579858635640  -0.249858271821900107939766802469
 281  -0.348972929203105261055017501873  -0.249858242915632706388377402232
 282  -0.403130217510974792659862822316  -0.249858232320993093610740397425
 283  -0.457287498850366357256939061803  -0.249858232320992762068802935685
 284   0.351247466796865957420625421977  -0.246419952825818830607241583988
 285   0.297081496125096618855523563966  -0.246406617419081864915746811064
 286   0.242915592001198798264202626585  -0.246394345293971864341717174072
 287   0.457287498536236649064237080875  -0.243016310321366031982837776527
 288   0.403130215905562685801442016215  -0.243016308380658929051829200040
 289   0.132721626919037536151214202551  -0.242563474035592443432783865941
 290   0.078563291121050625896676538442  -0.242561192515638681518200072220
 291   0.186878523233832227160680401397  -0.242558776436552078428274775629
 292   0.024299312627124665644367763322  -0.242555276017212814213450199838
 293  -0.029858246166852652294984962617  -0.242554792306351392046926153721
 294  -0.084015510171974861781774012562  -0.242554759924068151370519081292
 295  -0.138172791258368914715411901234  -0.242554757524156779176452907431
 296  -0.192330071796895040893559616318  -0.242554756137015984648825411580
 297  -0.267736990023336058381553425874  -0.234224411504864809121108272202
 298  -0.321894288356741533065335558970  -0.234224382435695722143799266552
 299  -0.376051576841278706251394969096  -0.234224371841055833375462076872
 300  -0.430208858180670668603619163545  -0.234224371841054812901399385040
 301  -0.484366139520062044983444910134  -0.234224371841054803418360588142
 302   0.324164823082536480499982487108  -0.230780875962271836538407261542
 303   0.215835737992290214247706733978  -0.230762585286528811503906392550
 304   0.269993908723008684070265327113  -0.230759923181966978790536105967
 305   0.484366139382233517413950752052  -0.227382449994191469218629972157
 306   0.430208856852585571683309523352  -0.227382448376307147046528606036
 307   0.376051574620409469565599129790  -0.227382447206914210858419249081
 308   0.105643099025098949989729404378  -0.226929352430762764179456752550
 309   0.159798718410332119452215464316  -0.226926929901912071497167179973
 310   0.051377973618396476409926506849  -0.226921449904607600798379637372
 311  -0.002779604770648919154859070995  -0.226920932610995011097791813418
 312  -0.056936869574680905414597643555  -0.226920899318726723998112042073
 313  -0.111094150989068871424677604345  -0.226920896350712944779484290381
 314  -0.165251431127198898556225331478  -0.226920895657078821285185360327
 315  -0.219408712295517622094828883250  -0.226920895360770725309706048700
 316  -0.294815630799060096435357218828  -0.218590550717550585043881203602
 317  -0.348972930054768143843726159261  -0.218590521955756812506881903277
 318  -0.403130217510974832284079797684  -0.218590511361117119499390513902
 319  -0.457287498850366100951721835043  -0.218590511361116413718000449706
 320   0.297079955274501541511244323632  -0.215138896008823472681598535666
 321   0.242909577988379592922155073380  -0.215120412191682070907850732920
 322   0.457287498368172262174377927922  -0.211748589361486928422472265966
 323   0.403130215693815782632578424039  -0.211748587305114152919129249129
 324   0.348972933001850626060471710941  -0.211748585806222647235047386880
 325   0.132720209286683749214273668164  -0.211292839771878813040457742598
 326   0.186876150690730305612861669342  -0.211290975760474412149918849241
 327   0.078456635772247899520791046759  -0.211287625960844041019294711112
 328   0.024299167373716867119673755792  -0.211287299247813801118877955292
 329  -0.029858228281760459350210644447  -0.211287039918245768889656526864
 330  -0.084015509845125967421662778293  -0.211287036692192527880052473359
 331  -0.192330071625821507694239892266  -0.211287034880833513558203750375
 332  -0.138172790921340830025641335607  -0.211287034373750568986089526079
 333  -0.246487352458505609533015674295  -0.211287034003189325896978748961
 334  -0.321894289385071895025572718520  -0.202956661475819833573430661614
 335  -0.376051576841278789947848402329  -0.202956650881179782928759445132
 336  -0.484366139520062044983444910153  -0.202956650881178897938167716091
 337  -0.430208857409757130517263629894  -0.202956649545918082110129749177
 338   0.269991480601976523724442011108  -0.199492201761925102586517688502
 339   0.215830339879089648626783786529  -0.199487360690970992257681419853
 340   0.484366139520062047259354383145  -0.196114729034315564042212096431
 341   0.430208856663504302740822606870  -0.196114727344779041251022762757
 342   0.376051574244474560740843623178  -0.196114726170461921187440362927
 343   0.321894291348846781989237877020  -0.196114724249611690215838498066
 344   0.159797642040709167615211789877  -0.195656885741824064073358697476
 345   0.105535287613935926687518144389  -0.195653784402361449385086357161
 346   0.051377848848440755696574860838  -0.195653508914047384720976337997
 347  -0.002779585991626489065272687055  -0.195653182244989589952383485777
 348  -0.056936868744530031874669118105  -0.195653176956780497247008613263
 349  -0.111094150078423013115645638669  -0.195653174193839125757883584407
 350  -0.219408711788809678025202880312  -0.195653173523251797365895740091
 351  -0.165251431464627541537638905017  -0.195653173520144778361685163384
 352  -0.273565993012153708465755623332  -0.195653173322251056960427432820
 353  -0.348972930054768143843801784290  -0.187322800995880907026689031226
 354  -0.457287498850365689713171780738  -0.187322790401240444021442841164
 355  -0.403130216517339520482746840991  -0.187322788680215725295201259695
 356   0.242908513529935262494783792862  -0.183852690910658954363313010322
 357   0.457287498248401320917062832571  -0.180480868401609814095778704586
 358   0.403130215378846018312347062200  -0.180480866223701446191508325943
 359   0.348972932703761510463519168674  -0.180480864727492505882848841446
 360   0.294815649782428107389820334349  -0.180480862625417281727551352221
 361   0.186875058797659198821448397764  -0.180020903681033569521155150822
 362   0.132613933405147153511217050795  -0.180019932243049933634008499440
 363   0.078456506138114943377064202892  -0.180019676674018679801081127605
 364   0.024299156668905878561520625225  -0.180019498419693408389886226023
 365  -0.029858227373478797914654090451  -0.180019317592842926445957508015
 366  -0.084015508839196314466991457095  -0.180019314700355445731746104423
 367  -0.138172790798981072096490098855  -0.180019313033192674939676527037
 368  -0.246487352342457919472720090802  -0.180019312842313281586509377747
 369  -0.192330071701794798567338400531  -0.180019312034081125510150183198
 370  -0.300644629219736717207806634752  -0.180019305113709784181284612045
 371  -0.484366139520061984308579975897  -0.171688929921302992457974844040
 372  -0.430208857367541431049754992408  -0.171688928512923666799418457022
 373  -0.376051575103800870481580865461  -0.171688928367470323266050146612
 374   0.215829874988342168078722792174  -0.168218826071883770679058639707
 375   0.484366139222547594915669857775  -0.164847008074439659977454162330
 376   0.430208856418703840417344358389  -0.164847006384903136729122732556
 377   0.376051573997312595471147760078  -0.164847005086351926159712018199
 378   0.321894291243695529666529790760  -0.164847003082527451192544823498
 379   0.267737007037207585262888541906  -0.164846999660912102578588853668
 380   0.159692577123932943716780669791  -0.164386076493618418540158510237
 381   0.105535166771993025425072894769  -0.164385850247048194686256110337
 382   0.051377822949645561723323254505  -0.164385682299468803721174937682
 383  -0.002779586115975716095952040308  -0.164385458067523395869437216115
 384  -0.056936867480592471520911458432  -0.164385455292243951479280678363
 385  -0.111094149969554067159243433542  -0.164385452829913028940134260742
 386  -0.165251431005279552888583105725  -0.164385451600595198581101880910
 387  -0.219408712255950931917071533915  -0.164385451352262915227123442363
 388  -0.273565988550041032420936286517  -0.164385444633771828316993995857
 389  -0.327723269889432233419789124724  -0.164385444633771536336723345124
 390  -0.457287498850364967260749184625  -0.156055069441364526303497996920
 391  -0.403130216420683288780939341119  -0.156055067572145847808637414990
 392   0.457287498017686749950383971833  -0.149213147441731542482456198547
 393   0.403130215161783360271168293087  -0.149213145152863679244710552253
 394   0.348972932674375994912363362340  -0.149213143590203243082088576107
 395   0.294815649713593249828260159738  -0.149213141092248613186241344144
 396   0.240658352268388362642941903308  -0.149213112975464501117996029346
 397   0.186771209064087828822946904586  -0.148752200344828177301651134574
 398   0.132613816453836896604351681733  -0.148752004828297968514287454208
 399   0.078456492791569677845850305796  -0.148751872347421529971865004098
 400   0.024299087191296051982327469550  -0.148751654060557617530178235283
 401  -0.029858226231011952716331219214  -0.148751595595366584957244880211
 402  -0.084015508713592836036859901934  -0.148751593291882481009504319251
 403  -0.138172790197211133262625638611  -0.148751591360323434137974170164
 404  -0.192330071608760212531066933394  -0.148751590833340081485722473849
 405  -0.300644629219736581851735675236  -0.148751584153833522935754092978
 406  -0.246487348463534888406849865659  -0.148751583143720000900890011201
 407  -0.354801906952519512626163139349  -0.148751577907006243033642390744
 408  -0.484366139520062003124334951406  -0.140421208961427086977781971989
 409  -0.430208857284683152940920797827  -0.140421207411364849927147012830
 410   0.484366139107656581286239661947  -0.133579287114563754708340713525
 411   0.430208856265705039373694084159  -0.133579285425027231623255721202
 412   0.376051574059320789439257427501  -0.133579284012293537704305215124
 413   0.321894291402837073082911750420  -0.133579281768725016362324625859
 414   0.267737008760776983601246347254  -0.133579278452074460253768214105
 415   0.213850463052480241181250464878  -0.133119401661900775756604312609
 416   0.159692478618278602861084485805  -0.133118181056639983427087227623
 417   0.105535140489864458503787935951  -0.133118024041380633964370429925
 418   0.051377760960029994862045222004  -0.133117850882886275009359344708
 419  -0.002779584958147507510304878236  -0.133117735941518197202363172827
 420  -0.056936867384679860884045113178  -0.133117733645958943578719690138
 421  -0.111094149112725517421288940033  -0.133117731585813212979292634784
 422  -0.165251430834148665495416063264  -0.133117730535118461415405676224
 423  -0.273565989133231470865323990407  -0.133117722663779906263385980938
 424  -0.219408707816344703460251749845  -0.133117722624801375928309585774
 425  -0.381880548053221749777958971931  -0.133117718173593558025154222542
 426  -0.327723265719422499436412217034  -0.133117716451229006742705474749
 427  -0.457287498850366056198826354498  -0.124787348481488616270387817207
 428   0.457287497863605895645278887289  -0.117945426481855458683612777336
 429   0.403130215297265271285370088385  -0.117945424150635938564533382347
 430   0.348972933125494321734189943807  -0.117945422465303575941752978612
 431   0.294815650778586412889224581759  -0.117945419966586069578425711478
 432   0.240929119983770970999503859933  -0.117485568802112453885742074701
 433   0.186771104786448065517856796006  -0.117484294909495658345642536574
 434   0.132613800127939197092005683063  -0.117484196415684964828444706922
 435   0.078456430852249169943847411686  -0.117484040990863503793269782945
 436   0.024299056761373994911232203748  -0.117483877216438138684726971517
 437  -0.029858226134694887409708676330  -0.117483874022980167047900442793
 438  -0.084015507855016599687473036055  -0.117483871981131928971630647861
 439  -0.138172789971131262204417090687  -0.117483870376992729035058754753
 440  -0.192330067041734100262388494868  -0.117483862326581390631917506603
 441  -0.246487348501596137660527250395  -0.117483862117919487890323871870
 442  -0.408959189114825145380675559428  -0.117483858372459688820510329814
 443  -0.354801906801212676249979816080  -0.117483856685059670312822761084
 444  -0.300644625363436451218293160533  -0.117483854494420952263620416134
 445  -0.484366139520062047259903563975  -0.109153488001551181497589099939
 446   0.484366139104544648069820418442  -0.102311566154687849228302699712
 447   0.430208856425638792464861258476  -0.102311564465151326552091786862
 448   0.376051574486028785608725492802  -0.102311563016706812242126224246
 449   0.321894292357110040798163014253  -0.102311560707772510866612265960
 450   0.268007762435556721301329053175  -0.101851709798990765414172713007
 451   0.213850465089155610323310403223  -0.101851680428864862851088167236
 452   0.159692445535654621539802533158  -0.101850344142240797144497640793
 453   0.105535083041547213848228005816  -0.101850200457966846641571291011
 454   0.051377714087449993055437627481  -0.101850045469451109225497294212
 455  -0.002779584857283966072772246933  -0.101850014287952349177509691923
 456  -0.056936866806945277952883537022  -0.101850011983151878688927974408
 457  -0.111094148782699730297034184760  -0.101850010599979641830997760149
 458  -0.165251426182478371861157224738  -0.101850002174971065989490911691
 459  -0.219408707816344364437705221463  -0.101850001664925467595093636960
 460  -0.436037830714559914066695798777  -0.101849999503396789948128863496
 461  -0.381880547965273983902419439778  -0.101849997061388122032267622131
 462  -0.327723266469935370207901698915  -0.101849994771048406251229055603
 463  -0.273565983818783687852535701071  -0.101849992367169102027444426004
 464   0.457287498026372887511226231501  -0.086677705521979553624533656151
 465   0.403130215667270745981549509935  -0.086677703188956714733928132909
 466   0.348972933728467978775420294031  -0.086677701443149290263847862374
 467   0.295086404042673069354512149638  -0.086217850396257286316977547484
 468   0.240929121926428739911988841660  -0.086217847621396073267124246421
 469   0.186771081401636502094696347335  -0.086216475342029419340168420173
 470   0.132613727545319326390699689915  -0.086216346618845944304740276982
 471   0.078456399481172348418880933703  -0.086216262421857671444508747545
 472  -0.029858225699044700280390092615  -0.086216152059234100062407025108
 473  -0.084015507482397464648743589639  -0.086216150962573868002070135566
 474  -0.138172785050497858806594440723  -0.086216142495733947592124351571
 475  -0.192330067041733760694769493622  -0.086216141366705483242794789229
 476  -0.463116471384255918134767732229  -0.086216139023459387095101294558
 477  -0.408959189114824528144501954137  -0.086216137412583192459892511732
 478  -0.354801907825159951250214104998  -0.086216135478481382593819450154
 479  -0.300644625384223977347326136267  -0.086216133438706405660814395793
 480  -0.246487341872441025796674524170  -0.086216129729903558432151601010
 481   0.024299021739439201949707909658  -0.086216094643912522292550162457
 482   0.484366139173344419303366531213  -0.071043845194811943823801441512
 483   0.430208856796685414696534804204  -0.071043843505275423273460007896
 484   0.376051575029565191339093413642  -0.071043842056830911486163569249
 485   0.322165045905307521162961356718  -0.070583990568289877397757149131
 486   0.268007763971070350887906637682  -0.070583988586950402538518650861
 487   0.213850496830651197585169416243  -0.070583956861390931019644384965
 488   0.159692387728537568477233765286  -0.070582519937369204335053346341
 489   0.105535045677562537015992462079  -0.070582411494360688444009608650
 490  -0.056936866397362358783656923865  -0.070582290979995295711705046934
 491  -0.111094143822280827303905653665  -0.070582282983183381257896521333
 492  -0.165251426197319611507304116809  -0.070582281189388788645931761581
 493  -0.436037830714559637970547822860  -0.070582278543520884459449106862
 494  -0.381880549028319342034736758009  -0.070582275922529705904978306896
 495  -0.327723266546055349009098910331  -0.070582273811172482464054105276
 496   0.051377684075456470002174601582  -0.070582271383618113503280281844
 497  -0.273565983591785132738554475414  -0.070582271068010140724802000183
 498  -0.002779619237327299159711177272  -0.070582232146539066987380521369
 499  -0.219408661681134014510928885629  -0.070582201160228177832137610010
 500  -0.484366139520062047259903563975  -0.063278790045367592692613489177
 501   0.457287498379025281503314070552  -0.055409984562103650133032431116
 502   0.403130216069620570012170104708  -0.055409982218374780055775569696
 503   0.349243687615659980983939362883  -0.054950130662996187048887610718
 504   0.295086405825062875210231617143  -0.054950128919261442505125319246
 505   0.240929139089951124681817754462  -0.054950099134728610015398087990
 506   0.186771007122496363667090968855  -0.054948622606831894340775237225
 507   0.132613694534156341354314225678  -0.054948565187577432493330063697
 508   0.078456383205147889688112572484  -0.054948512011667840025397332992
 509  -0.084015502801340169884217638452  -0.054948423111619579679584381213
 510  -0.138172785097197586484825887768  -0.054948421454971146686357866393
 511  -0.408959190277939140225144834832  -0.054948416447049822013488594905
 512  -0.354801907901279937056197059804  -0.054948414518605477189618442362
 513  -0.300644625353109982864704357347  -0.054948412478829514677540718439
 514  -0.246487341477529303266658105032  -0.054948408449917711955536484565
 515  -0.029858260077313107044680507099  -0.054948370763202894434138031988
 516   0.024298995576816304335427899090  -0.054948326689927681071745212890
 517  -0.192329971661041221808916844095  -0.054948255803680325863519920854
 518  -0.457287498850366360664777683145  -0.047644929565429639952517053154
 519   0.484366139437404796563110573479  -0.039776124234936039458622403185
 520   0.430208857205216368684834519784  -0.039776122545399520462114356605
 521   0.376322328893071622867343675076  -0.039316270429166998460510994879
 522   0.322165047569858388698095765651  -0.039316269027195569437972848555
 523   0.268007780725736288390489987783  -0.039316240328106835699812092442
 524   0.213850498036334314453808836013  -0.039316234885436583421393753374
 525   0.159692338767846666722263616198  -0.039314710880657860710002452974
 526   0.105535026175280778548933679553  -0.039314655345545035791498581805
 527  -0.111094143849921246902120411194  -0.039314561975432273073881118992
 528  -0.381880549104439327840827706514  -0.039314554962653800513483062179
 529  -0.327723266514941915908174521153  -0.039314552851296575983489076587
 530  -0.273565983380135730603686702496  -0.039314550105443997824242999549
 531  -0.056936896551055970753271299634  -0.039314503015663718592619556766
 532  -0.219408661178424702154333366762  -0.039314479930724486751883255421
 533   0.051377640557891375923122032485  -0.039314473485054614798719582982
 534  -0.002779664372434830221993576919  -0.039314432366635982044742504983
 535  -0.165251328839078866208571250633  -0.039314392313965837584346870281
 536  -0.484366139520062047255402382297  -0.032011069085491687212420617126
 537  -0.430208855906101373206507193525  -0.032011065145821434794190875706
 538   0.457287498762164364420249279004  -0.024142263602227747000237328266
 539   0.403400970130720988176228665319  -0.023682410586197363639729807074
 540   0.349243688778673827941741478051  -0.023682408960654467827409293430
 541   0.295086422173000488675834585128  -0.023682381194957132391370130469
 542   0.240929140808429904781346168211  -0.023682378046962647231953609264
 543   0.186770968445537660185673733491  -0.023680831362024724087588208823
 544   0.132613671697344996594023079740  -0.023680803166661765249254526901
 545   0.078456371162656411757081118704  -0.023680768593964971439344394482
 546  -0.354801907870166504521730672242  -0.023680693558729571723513448516
 547  -0.300644625143013783078851045526  -0.023680691518953597574559654783
 548  -0.246487341059816627295932427122  -0.023680687367633340694697350275
 549  -0.084015537681754200011564585173  -0.023680641737246056146666952670
 550   0.024298985684237490529538697331  -0.023680587916875108133835864103
 551  -0.029858311462143689278112968064  -0.023680546267380177779520982378
 552  -0.192329970836235911030608982511  -0.023680534133258477446631096684
 553  -0.138172686693013521278935665977  -0.023680529256854533846951353056
 554  -0.457287498850366358427554117245  -0.016377208605553734472324181102
 555  -0.403130214568948456823280002547  -0.016377203509813587306360048796
 556   0.484366139520062047259903563975  -0.008508403275060134087683114111
 557   0.430479612153133834716455712636  -0.008048550867683718753270825884
 558   0.376322330079237937863003311319  -0.008048549035483763878269095976
 559   0.322165063332452553867127514108  -0.008048521563302141403418831085
 560   0.268007782388946410979947649401  -0.008048519144612736772333112452
 561   0.213850499526496780050120520610  -0.008048513221069684747379062738
 562   0.159692315635813114786585738957  -0.008046948284911194817002705514
 563   0.105535013800736035595268488493  -0.008046911333682589528895395316
 564  -0.327723266304845723220726630091  -0.008046831891420671202451819972
 565  -0.273565983033095624715783974510  -0.008046829145568091617774775651
 566  -0.219408660408530252659945440996  -0.008046758355411926895715069248
 567   0.051377628454014727484359890064  -0.008046730883300923409727709387
 568  -0.002779665005561623247752741470  -0.008046695810627735901654985800
 569  -0.056936953417076165265823060310  -0.008046683561358730578239173827
 570  -0.165251328727550617756603359280  -0.008046670772762522002799635861
 571  -0.111094080865663479439302163602  -0.008046607913446786781060205614
 572  -0.484366139520062047256100197027  -0.000743348125615781732227745076
 573  -0.430208855906101375444428574149  -0.000743344185945529313998003653
 574  -0.376051573401567527664088635222  -0.000743342167859476568827980905
 575   0.457558252914810759019209702087   0.007585309465779115048028655251
 576   0.403400971944894222438323393360   0.007585310411519572916252216671
 577   0.349243704636389520829278866495   0.007585337818097638015297965429
 578   0.295086423549382037140939093421   0.007585340485338676520388223189
 579   0.240929142667700990978318676737   0.007585342978089151074007624731
 580   0.186770942001730337767829564856   0.007586937019163140852659591373
 581   0.132613653886265850608869592453   0.007586950248261916313913079668
 582   0.078456356819681496071378795678   0.007586977930491490025583515207
 583  -0.300644624795973677284536940365   0.007587029440922310462968542524
 584  -0.246487340498379994278220745348   0.007587033846617572148666310688
 585   0.024298982566881264834944992251   0.007587152713395256568570905734
 586  -0.029858313096721974153541802859   0.007587177523656425910241642444
 587  -0.192329970860239514896701223004   0.007587187414677332419803998872
 588  -0.138172723092393650957155810513   0.007587250738138164286143405193
 589  -0.084015497441243907023701781369   0.007587352422102421478701627485
 590  -0.457287498850366360665475497869   0.014890512354322171007868690950
 591  -0.403130214568948456826170772224   0.014890517450062318173832823256
 592  -0.348972932287940160140578559276   0.014890519080990727849410205542
 593   0.430479612704738919265106314156   0.023219170741808895854040055165
 594   0.376322346202243238275903559477   0.023219196745844246963474834227
 595   0.322165064698553552554966611740   0.023219200134800103327004090520
 596   0.268007783828136617139310120758   0.023219202608040564366728960374
 597   0.213850500156012506793445215934   0.023219208269982538475066754773
 598   0.159692294733174047312413734759   0.023220810621832945823479879493
 599   0.105534999545584359819649133986   0.023220835040028356776938054129
 600  -0.273565982618522419302750841268   0.023220891814307811118798477806
 601  -0.219408660523161380106032364449   0.023220963327776282898298173648
 602   0.051377617612890798116645856708   0.023221022933839306849803582835
 603  -0.002779670982933713751130563643   0.023221035502352403195024998660
 604  -0.165251365338175491308590681529   0.023221109019880878183856108767
 605  -0.111094139789891655954643932744   0.023221211070712787404069326002
 606  -0.056936857579372396231655514815   0.023221215006074880504698164421
 607   0.484366139520062047259903563975   0.023679022206618364183740424612
 608  -0.484366139520062047258990966703   0.030524372834260123747965126975
 609  -0.430208855906101375447319343825   0.030524376773930376166194868400
 610  -0.376051573401567527665001232493   0.030524378792016428911364891148
 611  -0.321894291525182281340933876064   0.030524379722117126867194692527
 612   0.403400986960217709899648154250   0.038853057072878857798799554893
 613   0.349243706428705671515386432006   0.038853058777973492126265876495
 614   0.295086424977308352344606571360   0.038853062257502371862936342662
 615   0.240929143604056538010946343070   0.038853063937965042533963595220
 616   0.132613636492485251658511390576   0.038854702668670815505946561647
 617   0.078456358967725407979428904806   0.038854709020704198657475211826
 618   0.186770912352986527953819498111   0.038854711051114739237632073166
 619  -0.246487340819877499020053095870   0.038854755265714298594968373978
 620   0.024298973904262946682385795738   0.038854888677362112781061255958
 621  -0.192330016871380957564399879759   0.038854950931458264457987303459
 622  -0.138172781969537096161190103846   0.038855069279450741671236851704
 623  -0.084015499714123232382627609996   0.038855074021649757888398639549
 624  -0.029858214445929094916138659494   0.038855075030972798208143567821
 625   0.457287499309990207505800176043   0.039312883482648144989751824528
 626  -0.457287498850366360668366267546   0.046158233314198076488061563002
 627  -0.403130214568948456827083369495   0.046158238409938223654025695309
 628  -0.348972932287940160140578559277   0.046158240040866633329603077595
 629  -0.294815650239037059755979275621   0.046158241269777043133398759675
 630   0.376322347186680143139131026780   0.054486919105008102961590597160
 631   0.322165067384521251467412556051   0.054486922073379208772891586363
 632   0.268007784772419243638669547742   0.054486923567916455588292624163
 633   0.213850500935974359824684923300   0.054486929582109689033524130409
 634   0.105534999563779938278841250279   0.054488569628192374928318779295
 635   0.159692272046055564481444131553   0.054488572159379606777164488952
 636  -0.219408730981307571893725548986   0.054488684607794194523545947841
 637   0.051377548991894384312563068125   0.054488862748217197061333167732
 638  -0.165251439397172557868022628440   0.054488921462407963213019620105
 639  -0.111094141902457175319390715026   0.054488932193968258644319741488
 640  -0.056936855128171269331856560716   0.054488936462417981716175680371
 641  -0.002779565516778829361817781261   0.054488947762883584862657046782
 642   0.484366139519440696984152253094   0.054946744759754135969543102734
 643   0.430208870143895332424763296199   0.054946775513157274496500193736
 644  -0.484366139520062047259903563973   0.061792093794136029228157999026
 645  -0.430208855906101375448231941096   0.061792097733806281646387740453
 646  -0.376051573401567527665001232494   0.061792099751892334391557763201
 647  -0.321894291525182281340933876069   0.061792100681993032347387564581
 648  -0.267737010293661490092968457879   0.061792103004274172220544376926
 649   0.349243708142496329628663951177   0.070120782400414870161742525470
 650   0.295086427098221398186676695044   0.070120783217378205411565129894
 651   0.240929144587228478911799915143   0.070120784897840932556888785129
 652   0.078456358893236511982074012140   0.070122430106681437417266646683
 653   0.132613635074226458540217969158   0.070122439044208607505904695773
 654   0.186770906028560536168075580613   0.070122444227042554734896308277
 655  -0.192330092495660856511187486123   0.070122760415025873535038257443
 656  -0.138172784034245770513788341000   0.070122790348258870511117732162
 657  -0.084015496931619483903776431364   0.070122795365431300114670145639
 658  -0.029858213118663148167188461728   0.070122796864015449061937695842
 659   0.024298955723644154447161219601   0.070123016114504328390259330773
 660   0.457287512762355819008207579184   0.070580632617735095819042370967
 661   0.403130230370357765653348811674   0.070580637545286519677443353924
 662  -0.457287498850366360669278864818   0.077425954274073981968254435053
 663  -0.403130214568948456827083369495   0.077425959369814129134218567362
 664  -0.348972932287940160140578559280   0.077425961000742538809795949648
 665  -0.294815651594561535041230840313   0.077425962442046262394259923468
 666  -0.240658252269091778288430378807   0.077426169777317032845928384089
 667   0.322165067856197642035760051291   0.085754643544415885830852443666
 668   0.268007786908001577528056193070   0.085754644527792689538825804447
 669   0.213850501660467149171916887428   0.085754650547235725110302072548
 670   0.105534994403683172198292126530   0.085756299522697427586141243815
 671   0.159692269055237062460237433389   0.085756311109283235980232019671
 672  -0.165251429481766114050358089097   0.085756642595695786936679321457
 673  -0.111094138975928940977442169883   0.085756653651785254047924910367
 674  -0.056936853973066364910342353730   0.085756657958837617063319605879
 675  -0.002779700308559175956630431166   0.085756879352523641791894636221
 676   0.051244973417972008470443271149   0.085984369771772396121508654336
 677   0.430208871936211483110453633415   0.086214496473033128607468104827
 678   0.376051591326173952142881736071   0.086214500840693286877595282233
 679   0.484366139520062047259903563975   0.086214517193920865281660819513
 680  -0.484366139520062047259903563973   0.093059814754011934708350871077
 681  -0.430208855906101375448231941097   0.093059818693682187126580612505
 682  -0.376051573401567527665001232497   0.093059820711768239871750635253
 683  -0.321894292357319707672195625259   0.093059822760796277787388017453
 684  -0.267737011783842275612178693628   0.093059824409774935095559297621
 685  -0.213579693301616853967454548854   0.093060171768798496656071895503
 686   0.295086427665978280693020661183   0.101388504854831165516499580062
 687   0.240929146729046089398834298398   0.101388505857717568522257588324
 688   0.078454071482162564256808242528   0.101390150982894121606529943913
 689   0.132613628384693125567256007837   0.101390171587773182846836446639
 690   0.186770902254377410610925553563   0.101390184528595456130510380757
 691  -0.138172781257698849642942845203   0.101390511354032717406756141814
 692  -0.084015495957097672743622257079   0.101390516919323404421386627596
 693  -0.029858344309901537431122709348   0.101390746235805541047132887073
 694   0.024166291089018971872764190835   0.101618277884103807926433785022
 695   0.403130232892027669599986557812   0.101848359768439895807620033137
 696   0.348972951039875264549977836186   0.101848361984694302546705200430
 697   0.457287499746525631749074243327   0.101848379226052104467139374913
 698  -0.457287498850366360669278864819   0.108693675233949887448447307105
 699  -0.403130214568948456827083369498   0.108693680329690034614411439415
 700  -0.348972933470947075196873992935   0.108693682471821978849785578806
 701  -0.294815652717563052527626271696   0.108693685024640825988175844920
 702  -0.240658571197859512789897823509   0.108694031478907577732612447640
 703  -0.186501052781510541560507944226   0.108694033110826791355105453061
 704   0.268007787487024768078900439830   0.117022366184759466192210538948
 705   0.213850509047780215871629732868   0.117022371513766649858775295087
 706   0.105532708553201706123674549648   0.117024020399024744255525923564
 707   0.159692261583832144161177267264   0.117024045007087705854445274551
 708  -0.111094138222836374447159260416   0.117024374993353767920892869795
 709  -0.056936989928946993672830900925   0.117024611142626506474656856310
 710   0.051244959551992283114696893063   0.117252091084020233825765626741
 711  -0.002912390245534101752398425144   0.117252207720896694261273814196
 712   0.376051592338749007338203897224   0.117482221800569175962185119655
 713   0.321894310849655903207238446078   0.117482223295109582232352336826
 714   0.484366139520062047259903563975   0.117482241258183343652617930314
 715   0.430208860889151784004747180487   0.117482242845023141576696645150
 716  -0.484366139520062047259903563975   0.124327535713887840188543743128
 717  -0.430208855906101375448231941100   0.124327539653558092606773484558
 718  -0.376051574638328004358956129937   0.124327542089743773592446382967
 719  -0.321894293971134808919077059883   0.124327544978057279419180129714
 720  -0.267737211971919392420569492875   0.124327891778081444243050196776
 721  -0.213579930972103235817027705443   0.124327892727771118200568146665
 722  -0.159422412245284874030512429410   0.124327894747002518351330898071
 723   0.240929149805754687494639436389   0.132656231840801260695372884756
 724   0.078454046608812550511866956954   0.132657871942761236499971575180
 725   0.132611344354239086397160996105   0.132657892464233390281696351492
 726   0.186770889211285878433973671502   0.132657928076829604176876281323
 727  -0.084015635917927093233095122208   0.132658475892880318026331004243
 728   0.024166291014281535709139710391   0.132885999424476855489381109915
 729  -0.029991113525747868963483169613   0.132886204748689754265996799265
 730   0.348972952040610326465849386234   0.133116082944570192012448771349
 731   0.294815670670702390593118224724   0.133116084625037882908063295712
 732   0.403130220538937436099939149913   0.133116103878318991933407040381
 733   0.457287500662688199515576501135   0.133116104877154380762175200551
 734  -0.457287498850366360669278864824   0.139961396193825792928640179156
 735  -0.403130215975480922980104701539   0.139961401413611831584808428110
 736  -0.348972935337097466148090954761   0.139961404939932652144259498102
 737  -0.294815853744097381035774455181   0.139961752629723679971643776402
 738  -0.240658571220939087056945893212   0.139961753936659665974266650655
 739  -0.186501290800134129592208252540   0.139961754069796764720062596147
 740  -0.132343770330836689067001741978   0.139961757451723437679444800586
 741   0.213850509044209615377397962374   0.148290092473642555338764295742
 742   0.105532683922501480886036149792   0.148291741358891413162593829515
 743   0.159689978807462157159119328600   0.148291765883640041247458852207
 744   0.051244959408880920543475905184   0.148519812434693450221851428725
 745  -0.002912393681727088683450106451   0.148519929217471252188873979997
 746  -0.057069913470247043251193053895   0.148520344948589059713061022563
 747   0.321894311850390965123109996126   0.148749944254985471698095907745
 748   0.267737030344730770969523977052   0.148749954686452927631482833417
 749   0.376051580246881652833489726206   0.148749965012348425952397636869
 750   0.430208860312473851610768470561   0.148749965910450231118885595783
 751   0.484366139520062047259903563975   0.148749968496125417871732470789
 752  -0.484366139520062047259903563974   0.155595256673763745668736615186
 753  -0.430208860685473891430829626402   0.155595261012209378463048107964
 754  -0.376051576782291631646795249746   0.155595264450933599720040876954
 755  -0.267737212859798122726214683889   0.155595612737957337117133388803
 756  -0.213579931048969980829218744393   0.155595615278685312498797376883
 757  -0.159422650797990316231697077234   0.155595615705968421574761153176
 758  -0.321894497863438737440635790003   0.155595617360448682154850101099
 759  -0.105265178914724697492611944757   0.155595944758746446737583466964
 760   0.078454032793481135968956240752   0.163925592902634554564680767599
 761   0.132611319390249292552835133255   0.163925613424100432939370056162
 762   0.186768607102107702207902842446   0.163925648953430177928638611078
 763   0.024166287571923971586604474920   0.164153720754171014711893263305
 764  -0.029991065383222644777578462883   0.164153925928473550942192781755
 765   0.294815674108866102928918350880   0.164383809806662968660419888830
 766   0.240658389675007592046676434539   0.164383815166343262255350645077
 767   0.348972940068105205005065813640   0.164383826342583411810929847349
 768   0.403130220020504794647879090905   0.164383827044629879493614284209
 769   0.457287499169847699355095533401   0.164383829529421268228442866020
 770  -0.457287501355169578021454325551   0.171229121492147331203144543995
 771  -0.403130220524620153475003179553   0.171229122373487406137976510216
 772  -0.294815854739550439294772006983   0.171229473589599569605993702804
 773  -0.240658571701464825714469359895   0.171229475788415996967701656284
 774  -0.186501291046826167468707569089   0.171229476914856969353495933913
 775  -0.132344011429442498455108501682   0.171229478439560374681400108782
 776  -0.348973145442406560880917623239   0.171229487495133558527097033322
 777  -0.078319460630885494387875161052   0.171457806042545202455765865160
 778   0.105532669864991027201844182258   0.179559462318765245044043132775
 779   0.159689953374796676043302610594   0.179559486843506068133319962308
 780   0.051244960718033975053852337922   0.179787533842019892300856861005
 781  -0.002912333556074835729324601072   0.179787650345829803400725281074
 782   0.213578644005124389035383240710   0.180015779322187308380657346087
 783   0.267737030344675786305078206614   0.180017675646328833111675657122
 784   0.376051579845334317627132720597   0.180017688381110589547066058421
 785   0.484366139520062047259903563975   0.180017690562717118585153261252
 786   0.430208858877878642392206153745   0.180017690663600916603171554447
 787   0.321894302314971171868562619561   0.180017691874153243547611266030
 788  -0.430208861194315840065627878701   0.186862982853425358878072946248
 789  -0.484366139520062047259903563974   0.186862986310530916737552472805
 790  -0.267737213855251180985212235690   0.186863333697833226751483315204
 791  -0.213579931699321012353958184591   0.186863337424587653822400213313
 792  -0.321894499198542417415880302770   0.186863338320324559131177300132
 793  -0.159422651738085218991568207054   0.186863339752037438360827661409
 794  -0.376051834812621189917774882212   0.186863424444794375720936584346
 795  -0.051240642311434662888561549251   0.187091359470233825018419754227
 796  -0.105398979112084876460241850371   0.187092504867112475152526995099
 797   0.078454020804382514212940076066   0.195193313868626099786348801181
 798   0.132611305053901767917864924046   0.195193334383973516457431728696
 799   0.024166347336429134290531508758   0.195421441881107130662788974287
 800   0.186499989497350918557236329620   0.195649618524278185335870693013
 801   0.240658360757981582877897012814   0.195651536126205796207853856554
 802   0.457287499228092990297014184318   0.195651551696896766959881949678
 803   0.403130218702708165371459783436   0.195651552000081626656623328658
 804   0.294815661645250841541670770744   0.195651552354048512084404593357
 805   0.348972942088507586718083913819   0.195651553906284483878508770962
 806  -0.457287499359208309304077117124   0.202496847671808944412480875058
 807  -0.294815856074654119270016519750   0.202497194549475446582320901838
 808  -0.240658572913287816226566079328   0.202497196961820340441735717670
 809  -0.186501292471774216830961956010   0.202497200402400491908103983687
 810  -0.348973149993254197564411057870   0.202497208455009132831662508606
 811  -0.403130475502618644992221249406   0.202497284959894698633300923182
 812  -0.024161918345038169658740410935   0.202725076557877362189400525930
 813  -0.078319854442505182344731358568   0.202725527004691102593440949492
 814  -0.132477712188959466141068901782   0.202726523755213531087334731213
 815   0.105532657557676534270760043144   0.210827183278639503993146405875
 816   0.051245016035211856283805244126   0.211055254925214103903146497982
 817   0.159421340827129616705244462592   0.211283466731550573313252740662
 818   0.213578628424825482423088777660   0.211283505637092230763971513186
 819   0.267737001427660361788715230184   0.211285396606191367073967769214
 820   0.484366139520062047259903563975   0.211285412831076415334610638105
 821   0.430208859052922513276267814010   0.211285413033377477013333723890
 822   0.321894301418787256391192065002   0.211285414386179752415302098288
 823   0.376051580945881434462410976658   0.211285417525255520988066041199
 824  -0.484366139520062047259903563974   0.218130709033086972087409277311
 825  -0.267737215190354860960456748456   0.218131054657709103727810514236
 826  -0.321894503749390054099373737402   0.218131059280200133435742775417
 827  -0.213579933820512100665533602565   0.218131060173063484360972613829
 828  -0.376051834812621954547731954471   0.218131145404670281201129456390
 829  -0.430209113667511113715145940939   0.218131149778278285060623229371
 830   0.002916762513845413354973939817   0.218358868064808959088024419187
 831  -0.051241036495686794896845592577   0.218359080427625039899728935881
 832  -0.105398980062885944139561477010   0.218360225826988366176554810218
 833  -0.159556403956309353486508259106   0.218360471090182149022720726816
 834   0.078454038088595981919705681313   0.226461081765435187172611945279
 835   0.132342693137735710718731999828   0.226917317181734141505826680324
 836   0.186499975193703599015221892169   0.226917344359981609461687259995
 837   0.240658359365157070690746201739   0.226919257086081670666276318175
 838   0.294815653802879227642411672384   0.226919273313923434077623639958
 839   0.457287499344891570239157193666   0.226919274167557125388062412316
 840   0.348972940276160703687278947451   0.226919278005154656934195503842
 841   0.403130221296095782367219007232   0.226919278558551371344776436430
 842  -0.294815860625501755953509954382   0.233764915509351020886886377123
 843  -0.240658575638871722715696006992   0.233764919842295292557739312446
 844  -0.348973149993254962194368130128   0.233764929414885038311855380650
 845  -0.403130472966346332113959950097   0.233765010242397561762205968492
 846  -0.457287753828364852186496858678   0.233765011139556311842637122616
 847   0.029995430890693150732457501866   0.233992680788742981345253631281
 848  -0.024162313038913827811141107841   0.233992797515262148222669738779
 849  -0.078319854792362608829524822517   0.233993248377149653300870979476
 850  -0.132477713141024048788731682527   0.233994244715089422072915560781
 851  -0.186635055853549206693815622460   0.233994348778209032732838790702
 852   0.159421327462775312493788689757   0.242551192609499556463320041081
 853   0.105264072828744573948832023196   0.242551215738051600582119246720
 854   0.213578627545031037930731817453   0.242551227485705533723246449247
 855   0.267737000034836201422074713436   0.242553117566067241532405902721
 856   0.321894295032778408598466985700   0.242553135346055005767553563617
 857   0.484366139520062047259903563975   0.242553135504037835441514186527
 858   0.376051580626374890878581630874   0.242553139038450785654849485966
 859   0.430208861588064839330108386888   0.242553139692731019719505124857
 860  -0.267737219741202497643950183088   0.249398775617584678032375989521
 861  -0.321894503749390818729330809658   0.249398780240076038915935647461
 862  -0.376051831881092096405219582500   0.249398870290868033545677759971
 863  -0.430209113138368160086400585278   0.249398871584331891542870243160
 864  -0.484366139496300986311722527100   0.249399313287179466286108719214
 865   0.057193389832674101467972647643   0.249424958576588142533390467510
 866   0.002916367452251203987872506837   0.249626589022189101230912408027
 867  -0.051241036765096966735992233913   0.249626801808875504501152641547
 868  -0.105398981014950526787224257754   0.249627946786864257162135639785
 869  -0.159556405248766018473450798484   0.249628192050058027790953475315
 870  -0.213713765008985775024688738136   0.249628322823504849373713144495
 871   0.186499974393070376056933413234   0.258185066345706423722510204694
 872   0.132342706822411059662567231355   0.258185087781205877575701687921
 873   0.240658358066819070626047370267   0.258186978045957549190849933948
 874   0.294815652635303366211416680217   0.258186994273799317758444022635
 875   0.348972937683777146895407288382   0.258186998965030454948089278673
 876   0.403130220918339782875942489791   0.258187000172637647961082827427
 877   0.457287501763235316350854757197   0.258187001029211729772956899068
 878  -0.294815860625502520583467026637   0.265032636469226926367079249167
 879  -0.348973145605792889816391667080   0.265032651779317505847211274500
 880  -0.403130472140965036558832470772   0.265032731496666907150177196259
 881  -0.457287498780106156619493938817   0.265033173778447902965895980133
 882   0.029995035693833453749182712920   0.265260401746121414142339664281
 883  -0.024162313137301025979357579601   0.265260518916724828599945830079
 884  -0.078319855590217508073318449707   0.265260969741661291869227952250
 885  -0.132477714433480713775674221906   0.265261965674965300841148309280
 886  -0.186635058772617323759011535856   0.265262069738084801954960871456
 887  -0.240792413183362478278610899985   0.265262185515372874033761131903
 888   0.084017568298188166160663797288   0.265491502189789910879068437464
 889   0.213578626857522135117730077436   0.273818949503738955553996402493
 890   0.159421346853034338928286751118   0.273818949566859922296303010184
 891   0.267736998736499229623399678851   0.273820838525943120057022215442
 892   0.321894295201757559066043138579   0.273820856305930910791142109926
 893   0.376051578132585142587277605044   0.273820859998326591687639129249
 894   0.430208861093510209431196995297   0.273820861509118445423324155198
 895   0.484366139520062047259903563975   0.273820866554385624104399611609
 896  -0.321894499221150778660831987063   0.280666502360673710515010091360
 897  -0.376051831410089552529958072909   0.280666591872836350235484240006
 898  -0.430208858054873368385319905563   0.280667034162192773561530244478
 899  -0.484366139462840678298923357019   0.280667034500334437593774152588
 900   0.002916367395752192813844062949   0.280894310414593058410338102649
 901  -0.051241037543840928854754193302   0.280894523140285162017681451141
 902  -0.105398982307407191774166797131   0.280895667746740135930368388283
 903  -0.159556408167834135538646711880   0.280895913009933797013075556070
 904  -0.213713771236608131629840071735   0.280896043783380134673108921403
 905  -0.267871053862009658636736841610   0.280896046017703330056143071231
 906   0.111096204942137763865044718668   0.281125369642522554669608620900
 907   0.056938856331085969906733240589   0.281125486161031674243403959210
 908   0.186499986873499717958017003946   0.289452811171297788195484088368
 909   0.240658357921612845304793927480   0.289454699005833454333876437221
 910   0.294815653423688869458999365370   0.289454715233675213299445891149
 911   0.348972937143407964349111857163   0.289454719924906355758948338060
 912   0.403130218424548433419739922664   0.289454721132516227292673296358
 913   0.457287498850342633134905187272   0.289454727034282479549422429115
 914  -0.348973144973629460664918749922   0.296300373083504387516874016997
 915  -0.403130217338116650558714577457   0.296300894560618628860996132484
 916  -0.457287498552959706335031616672   0.296300894961082194491308911513
 917  -0.024162313950899519672159369622   0.296528240280384579123169062202
 918  -0.078319856876560795283461684434   0.296528690858249729685704827660
 919  -0.132477717352548830840870135302   0.296529686634841070063270390035
 920  -0.186635065000239954122672933507   0.296529790697960087254302123615
 921  -0.240792413179385654260453906111   0.296529906475248779513701105297
 922  -0.294949691927385283381172562623   0.296529911008455081419215773961
 923   0.138174844897970746992884392897   0.296759231358906914243902565485
 924   0.084017562597620106125300865716   0.296759233023362147504791429977
 925   0.029860215518484079268196491192   0.296759348182866081503413933032
 926   0.213578627778863089707902994713   0.305086672311226261245140185773
 927   0.267737003183249844777756422433   0.305088559485818709339065264708
 928   0.321894294661388376519747707360   0.305088577265806811602001169313
 929   0.376051577435370603302943664874   0.305088581059097120450827916092
 930   0.430208856933752251099358076254   0.305088585354535269196014774646
 931   0.484366139520062047259903563975   0.305088587514261529584592483660
 932  -0.376051576273955997675598084328   0.311934754357323198270705315807
 933  -0.430208857857571737656732457284   0.311934755396519809208717333620
 934  -0.484366139308095576034542070375   0.311934755587371052862337898431
 935  -0.051241038892515448683792827504   0.312162244280198132432613059055
 936  -0.105398985226475308839362710527   0.312163388706615905152490469037
 937  -0.159556414395456765902308109533   0.312163633969809082312416808229
 938  -0.213713771232631307611683077862   0.312163764743256040153048894798
 939  -0.267871051244761279004889627123   0.312163771466000530876773808026
 940  -0.322028332127914510727908454193   0.312163772301013150617892889636
 941   0.111096204007100621726285933576   0.312393092221955119717941663481
 942   0.165253484918436462618431414095   0.312393092963344108570618591622
 943   0.056938856773733046110360419317   0.312393207648596426975355034378
 944   0.002781574180745705476116875534   0.312393210098559954774861069499
 945   0.240658362513526653540941080066   0.320722419965709022634515204130
 946   0.294815653095533329151261185787   0.320722436193551117057638321069
 947   0.348972936353371449425221372845   0.320722440884782251258277946779
 948   0.403130215944575072861278162966   0.320722445281115033267472653339
 949   0.457287498850342633134905187272   0.320722447994158385029615301166
 950  -0.403130217117147546443133836534   0.327568615753952397758492880312
 951  -0.457287498619272762702510454792   0.327568616182345489233501705666
 952  -0.078319859880041662075279725219   0.327796411900844125260778320806
 953  -0.132477723580171461204531532955   0.327797407594716355362611642194
 954  -0.186635064996263130104515939634   0.327797511657835992734242097010
 955  -0.240792409257414269800980076431   0.327797629804316318217307217688
 956  -0.294949691445290506351625518693   0.327797632758558600075450923699
 957  -0.349106717324514983447678869535   0.327798075264982839354199727882
 958   0.138174844198001889821655067989   0.328026953531189302345604135291
 959   0.192332125421961949160952155495   0.328026953731097286965514037430
 960   0.084017561070606767820416247565   0.328026957922511373218920105117
 961   0.029860215452478116863556044399   0.328027069535741904962340244196
 962  -0.024297067372104630259461556638   0.328027072511157487019056082049
 963   0.267737003119958197023108142513   0.336356280555223685023758031895
 964   0.321894293871351861595857223043   0.336356298225682707101330778032
 965   0.376051574879861139706311710816   0.336356305076861293079632768795
 966   0.430208856933752251099358076254   0.336356306314411174676207646696
 967   0.484366139520062047259903563975   0.336356308474137435064785355710
 968  -0.430208857893167536111730960444   0.343202476645221010311854637884
 969  -0.484366139394917175505695631170   0.343202476967426598302914848874
 970  -0.105398991454097939203024108180   0.343431109666491190451831721195
 971  -0.159556414391479941884151115660   0.343431354929684987792356781623
 972  -0.213713767572570054413811831255   0.343431488525965310038889487244
 973  -0.267871049558488664212404182836   0.343431492425876390886506344192
 974  -0.322028076641890979071395934034   0.343431935722528288811757761944
 975  -0.376185357812902770923028426948   0.343431936058955280970222846311
 976   0.165253484752273454632571990818   0.343660814211047696722829198407
 977   0.111096202641779158332903372365   0.343660816841045768965056499234
 978   0.056938856703853165757974596947   0.343660929008181622134266079440
 979   0.002781574369409431039920649774   0.343660931134654022435969751450
 980  -0.051375709660006518195681411108   0.343660936568946952589862263145
 981   0.219410437367149892482569715809   0.343661383564761031965803842994
 982   0.294815649811404219608503508067   0.351990157153426850067569897349
 983   0.348972933166112898045224628623   0.351990163748447035218790723416
 984   0.403130215944575072861278162966   0.351990166240990938747665525390
 985   0.457287498850342633134905187272   0.351990168954034290509808173217
 986  -0.457287498721077101316372466134   0.358836337612467641588777280770
 987  -0.132477723576194637186374539082   0.359065128554592260842551615588
 988  -0.186635060138766819343353777304   0.359065233366506632866580292596
 989  -0.240792407734382094708390335068   0.359065350906315871125767066090
 990  -0.294949434706985272238784001552   0.359065795473161272886430422164
 991  -0.349106717130278766546745491446   0.359065796516500730427780880372
 992  -0.403263998402531994573763987813   0.359065796677572414684441183197
 993   0.138174843864186135970800703040   0.359294676363659644613755905854
 994   0.084017556207917287995461031233   0.359294687583561391518098961325
 995   0.029860215596174027218230620593   0.359294790649720300973869283128
 996  -0.024297066911848935247898649857   0.359294793584955594705074900937
 997  -0.078454351909019488645836958793   0.359294803240512896351809650751
 998   0.192331796697461397954189551132   0.359295244044711441723119003971
 999   0.246489077973581125104541002043   0.359295244154276232780694774224
1000   0.321894289584940502604769022557   0.367624019185558318774975324009
1001   0.376051574879861139706311710816   0.367624026036737198559825640846
1002   0.430208856933752251099358076254   0.367624027274287080156400518747
1003   0.484366139520062047259903563975   0.367624029434013340544978227761
1004  -0.484366139497511638966986918675   0.374470198411049718138498947057
1005  -0.159556409441931040316444143336   0.374699076478915628602756231099
1006  -0.213713766439775984699656892083   0.374699210303877170368976315168
1007  -0.267870792303548688635628938604   0.374699655532768333780533546748
1008  -0.322028074963418856355292460175   0.374699656682404149241198928260
1009  -0.376185357669359467574622731787   0.374699657222670472209953821662
1010  -0.430342639017487555052180624171   0.374699657252323046692844852400
1011   0.111096200341991000736424969434   0.374928542063019050965569988312
1012   0.056938856824769007949196906314   0.374928650161616239988011651857
1013   0.002781574821171007988310657056   0.374928652223161810878892991945
1014  -0.051375707664586621781340697496   0.374928657528822794398952145059
1015  -0.105532991682560628881619890808   0.374928665272639888097380886231
1016   0.219410437303892630576160837365   0.374929104634226642538009935201
1017   0.165253156401443652442375318111   0.374929105171878556216268810915
1018   0.273567714678222547880040064695   0.374929111501887613985713396740
1019   0.348972933166112898045224628623   0.383257884708322940698983595466
1020   0.403130215944575072861278162966   0.383257887200866844227858397441
1021   0.457287498850342633134905187272   0.383257889913910195990001045267
1022  -0.186635058912493502364489907537   0.390332954982506089539799222541
1023  -0.240792151287561683148660302626   0.390333515412912377758272653588
1024  -0.294949433018384634133705637335   0.390333516433037184209787615102
1025  -0.349106716392575083073633923144   0.390333517476376627205601019403
1026  -0.403263998334863550388994006262   0.390333517709868495653471130707
1027  -0.457421279629209063255352143173   0.390333517832675221498277688184
1028   0.084017550685432713267541108212   0.390562418511733135912409153885
1029   0.029860216040947937137668980116   0.390562511750331064507152242647
1030  -0.024297065846685210474430471117   0.390562516020009925732439508697
1031  -0.078454350116708212446022743109   0.390562524200388750463056974847
1032  -0.132611629239911183611874927479   0.390562531143316500715828203329
1033   0.192331797007874885064346604345   0.390562965761393757031159742147
1034   0.138174515812286194549528524581   0.390562965791312812182728949684
1035   0.246489074008534053351659900017   0.390562971981838023743028557717
1036   0.300646354451758830876305579185   0.390562973534019082693118823401
1037   0.376051574879861139706311710816   0.398891746996613104040018512897
1038   0.430208856933752251099358076254   0.398891748234162985636593390798
1039   0.484366139520062047259903563975   0.398891750393889246025171099812
1040  -0.213713448396850836130323444032   0.405967268122395505369291432760
1041  -0.267870792066710878068290770134   0.405967376561720562117965382032
1042  -0.322028075541571469651869235856   0.405967377642280049376255762246
1043  -0.376185356931655876180486546767   0.405967378182546368987776133125
1044  -0.430342638859158731298363684648   0.405967378441647508975154870402
1045   0.056938857272764022571879117907   0.406196371256647886056841104823
1046   0.002781575625115464071920889806   0.406196375110661204023791726251
1047  -0.051375705872275345581526481812   0.406196378488698648510199469156
1048  -0.105532987674058767176277779780   0.406196390071065363081504291945
1049  -0.159690269013266997869515577558   0.406196393175760550406326505768
1050   0.165253156418717427171499810815   0.406196826380828012997619880916
1051   0.111095875259163389758296543623   0.406196826473160917245658353052
1052   0.219410433712516307839845666997   0.406196833109005138236178364663
1053   0.273567713782070336347925414507   0.406196834013969492450433984377
1054   0.327724994238954553597603761784   0.406196835542491710901902838655
1055  -0.484366139520062047259903563973   0.406196837141286680427860306586
1056   0.403130215944575072861278162966   0.414525608160742749708051269491
1057   0.457287498850342633134905187272   0.414525610873786101470193917318
1058  -0.240792151343303796384416971309   0.421601236961742661282561755348
1059  -0.294949434450813540468014168892   0.421601237392916782115288764416
1060  -0.349106716029959588201009488529   0.421601238436252530583146287390
1061  -0.403263997879075585074143610783   0.421601238669744397811665101841
1062   0.029860216919181436819536283054   0.421830234509158048532641824260
1063  -0.024297064181893519745844869868   0.421830237200756216221671792888
1064  -0.078454342799294030182627636844   0.421830245451141533055840070632
1065  -0.132611627432629983838922050341   0.421830252129117083557439012516
1066   0.138174515865594622380267829858   0.421830687062676118060549284284
1067   0.084017234853719515225586782832   0.421830687410796425529156893909
1068   0.192331793123358849946998873467   0.421830693728439394202638503431
1069   0.246489073490321511555244455059   0.421830695148530594112134665359
1070   0.300646353569266059069223597107   0.421830696022442120659217999632
1071   0.354803634592186869553981561609   0.421830696570560287503200884633
1072  -0.457287498838291429923353154630   0.421830697600310239599485521636
1073  -0.186768653366569279900191532261   0.421830697600310341336997689808
1074   0.430208856933752251099358076254   0.430159469194038891116786262849
1075   0.484366139520062047259903563975   0.430159471353765151505363971863
1076  -0.267870793578318907875781404929   0.437235097521596667968794969424
1077  -0.322028074701124752955886211385   0.437235098602155943561242877034
1078  -0.376185357205188290912736125022   0.437235099142422273271527761423
1079   0.002781576953997497606258607265   0.437464096873220142027999106185
1080  -0.051375701070632612466618442890   0.437464104229501261953748809763
1081  -0.105532985842120818098101120470   0.437464111030941214896182917222
1082   0.111095875460150747847558069065   0.437464548000311626344047825143
1083   0.056938595142465534397855455435   0.437464549550803991228072720237
1084   0.165253152570236045155766892510   0.437464554410287499265567906800
1085   0.219410432917464013740185846686   0.437464555796197208724800785663
1086   0.327724993922498375025601396931   0.437464557050510697260516045609
1087   0.273567713277517234276542637658   0.437464557157003222320918680613
1088   0.381882275142148376343024239851   0.437464557257883921228221601712
1089  -0.430208857837119816713068622651   0.437464557864227235411519074704
1090  -0.484366139437404733707368260537   0.437464558346889100616066910847
1091  -0.213847293284539994004494336312   0.437464559382274067451144335777
1092  -0.159690010102721012902823149962   0.437464559468963542115390799640
1093   0.457287498850342633134905187272   0.445793331833662006950386789369
1094  -0.294949433580694590941591169931   0.452868959157370266544455150202
1095  -0.349106716404874513366934952766   0.452868959396128433815634549111
1096  -0.024297059765518942631208474177   0.453097964195067252287485994007
1097  -0.078454342228019226690866489142   0.453097966411017433317313907750
1098   0.084017235748895915244850943461   0.453098410140320667360484562347
1099   0.029859955368929254463044490340   0.453098411582935465238072269569
1100   0.138174512164792170623057131718   0.453098415347923007549066447656
1101   0.192331792367502506951143168444   0.453098416483520842449821502743
1102   0.354803634472459881814644075173   0.453098417737834330985536762689
1103   0.246489072704659736461484029285   0.453098417804669836933584800918
1104   0.408960915715005874158082848224   0.453098417905550535840887722016
1105   0.300646353630749550232920437483   0.453098418185071798922216726591
1106  -0.403130217062417829495097757177   0.453098418508668293676491793215
1107  -0.457287498384020423836766721667   0.453098418560186141779755331888
1108  -0.240925934705960602674701267151   0.453098418560186189543070971070
1109  -0.186768651574191803955822707942   0.453098418560186195445492253026
1110  -0.132611368402858102010178466332   0.453098418560186696343156412409
1111   0.484366139520062047259903563975   0.461427192313641056985556843914
1112  -0.322028075553870888857034226472   0.468502819562031837413214216288
1113  -0.051375700575916966554171726471   0.468731825189377163520263888913
1114   0.056938595975356637022619123200   0.468732272172457334556584193828
1115   0.165253151997361284247407222190   0.468732277482302334796767412877
1116   0.111095872453538189795571270498   0.468732277487930573248407433806
1117   0.381882275045317379629702683546   0.468732278385500945598202882993
1118   0.219410432154698229672441351043   0.468732278491993470658605517997
1119   0.273567713057892052417861829110   0.468732278832738413534882846895
1120   0.327724994180711057021963115725   0.468732278872395432647237443670
1121   0.002781318649413606102661468600   0.468732278904783947068101770130
1122  -0.430208857706824560152659240947   0.468732279035755078674987759145
1123   0.436039556006754698950763807672   0.468732279040111637502588402998
1124  -0.376051575938195674489270304042   0.468732279312031229347104885020
1125  -0.484366139368219327141006809091   0.468732279364694631897932365092
1126  -0.268004574708335250413646175332   0.468732280195958029565607587127
1127  -0.213847291433831742547506771059   0.468732280443181776738214618959
1128  -0.105532720896215200006390054313   0.468732280682083250754848090276
1129  -0.159690007227185441326664484404   0.468732282236395949599402974606
1130  -0.403130216765199330566908612058   0.484366139519506746673834318404
1131  -0.348972935062390178227540103320   0.484366139520061454600040414168
1132  -0.240925932916539041137410712470   0.484366139520062043819827414169
1133  -0.295083216045351939579994077089   0.484366139520062043919006619798
1134  -0.457287498385691226069170559804   0.484366139520062047259903563973
1135  -0.132611362513896381072375871496   0.484366139520062047259903563973
1136  -0.078454079209690523634742996621   0.484366139520062047259903563973
1137  -0.186768649742249292332601180934   0.484366139520062047259903563975
1138  -0.024297321942143409473600456323   0.484366139520062047259903563975
1139   0.029859959270711364183613889531   0.484366139520062047259903563975
1140   0.084017232680001909861624356870   0.484366139520062047259903563975
1141   0.138174512227074469729518184126   0.484366139520062047259903563975
1142   0.192331791801465913716063551219   0.484366139520062047259903563975
1143   0.246489072507930545628819150868   0.484366139520062047259903563975
1144   0.300646353607853559206904507352   0.484366139520062047259903563975
1145   0.354803634753568554837021724098   0.484366139520062047259903563975
1146   0.408960915337066204422383642994   0.484366139520062047259903563975
1147   0.463118196676443193479143972350   0.484366139520062047259903563975
