   1  -0.459474947630704610444140487428  -0.459474947630704610444140487428
   2  -0.319092048264686363217123230491  -0.459474947630704610444140487428
   3  -0.178648099490305815674298625641  -0.459474947630704610444140487428
   4  -0.036981772634787988387294226923  -0.459474947630704610444140487428
   5   0.103401126731230258839723030014  -0.459474947630704610444140487428
   6   0.243784026097248506066740286951  -0.459474947630704610444140487428
   7   0.384166925463266753293757543888  -0.459474947630704610444140487428
   8   0.459474947630704610444140487428  -0.429511281710707041185685410041
   9  -0.107814936062546902030796426282  -0.420082277792866345768152527722
  10  -0.248870073877496089445710928066  -0.419002811644308628766169778193
  11  -0.389283497947695486830631858959  -0.418949895261409220888280974856
  12   0.033209677048221135226214401546  -0.418949895261409220888280974856
  13   0.173592576414239382453231658483  -0.418949895261409220888280974856
  14   0.313975475780257629680248915420  -0.418949895261409220888280974856
  15  -0.459474947630704610444140487428  -0.378424842892113831332421462284
  16  -0.319092048264686363217123230491  -0.378424842892113831332421462284
  17  -0.178648099490305815674298625641  -0.378424842892113831332421462284
  18  -0.036981772634787988387294226923  -0.378424842892113831332421462284
  19   0.103401126731230258839723030014  -0.378424842892113831332421462284
  20   0.243784026097248506066740286951  -0.378424842892113831332421462284
  21   0.384166925463266753293757543888  -0.378424842892113831332421462284
  22   0.459474947630704610444140487428  -0.348461176972116262073966384897
  23  -0.107814936062546902030796426282  -0.339032173054275566656433502577
  24  -0.248870073877496089445710928066  -0.337952706905717849654450753049
  25  -0.389283497947695486830631858959  -0.337899790522818441776561949712
  26   0.033209677048221135226214401546  -0.337899790522818441776561949712
  27   0.173592576414239382453231658483  -0.337899790522818441776561949712
  28   0.313975475780257629680248915420  -0.337899790522818441776561949712
  29  -0.459474947630704610444140487428  -0.297374738153523052220702437140
  30  -0.319092048264686363217123230491  -0.297374738153523052220702437140
  31  -0.178648099490305815674298625641  -0.297374738153523052220702437140
  32  -0.036981772634787988387294226923  -0.297374738153523052220702437140
  33   0.103401126731230258839723030014  -0.297374738153523052220702437140
  34   0.243784026097248506066740286951  -0.297374738153523052220702437140
  35   0.384166925463266753293757543888  -0.297374738153523052220702437140
  36   0.459474947630704610444140487428  -0.267411072233525482962247359753
  37  -0.107814936062546902030796426282  -0.257982068315684787544714477433
  38  -0.248870073877496089445710928066  -0.256902602167127070542731727905
  39  -0.389283497947695486830631858959  -0.256849685784227662664842924567
  40   0.033209677048221135226214401546  -0.256849685784227662664842924567
  41   0.173592576414239382453231658483  -0.256849685784227662664842924567
  42   0.313975475780257629680248915420  -0.256849685784227662664842924567
  43  -0.459474947630704610444140487428  -0.216324633414932273108983411995
  44  -0.319092048264686363217123230491  -0.216324633414932273108983411995
  45  -0.178648099490305815674298625641  -0.216324633414932273108983411995
  46  -0.036981772634787988387294226923  -0.216324633414932273108983411995
  47   0.103401126731230258839723030014  -0.216324633414932273108983411995
  48   0.243784026097248506066740286951  -0.216324633414932273108983411995
  49   0.384166925463266753293757543888  -0.216324633414932273108983411995
  50   0.459474947630704610444140487428  -0.186360967494934703850528334609
  51  -0.107814936062546902030796426282  -0.176931963577094008432995452289
  52  -0.248870073877496089445710928066  -0.175852497428536291431012702761
  53  -0.389283497947695486830631858959  -0.175799581045636883553123899423
  54   0.033209677048221135226214401546  -0.175799581045636883553123899423
  55   0.173592576414239382453231658483  -0.175799581045636883553123899423
  56   0.313975475780257629680248915420  -0.175799581045636883553123899423
  57  -0.459474947630704610444140487428  -0.135274528676341493997264386851
  58  -0.319092048264686363217123230491  -0.135274528676341493997264386851
  59  -0.178648099490305815674298625641  -0.135274528676341493997264386851
  60  -0.036981772634787988387294226923  -0.135274528676341493997264386851
  61   0.103401126731230258839723030014  -0.135274528676341493997264386851
  62   0.243784026097248506066740286951  -0.135274528676341493997264386851
  63   0.384166925463266753293757543888  -0.135274528676341493997264386851
  64   0.459474947630704610444140487428  -0.105310862756343924738809309465
  65  -0.107814936062546902030796426282  -0.095881858838503229321276427145
  66  -0.248870073877496089445710928066  -0.094802392689945512319293677617
  67  -0.389283497947695486830631858959  -0.094749476307046104441404874279
  68   0.033209677048221135226214401546  -0.094749476307046104441404874279
  69   0.173592576414239382453231658483  -0.094749476307046104441404874279
  70   0.313975475780257629680248915420  -0.094749476307046104441404874279
  71  -0.459474947630704610444140487428  -0.054224423937750714885545361707
  72  -0.319092048264686363217123230491  -0.054224423937750714885545361707
  73  -0.178648099490305815674298625641  -0.054224423937750714885545361707
  74  -0.036981772634787988387294226923  -0.054224423937750714885545361707
  75   0.103401126731230258839723030014  -0.054224423937750714885545361707
  76   0.243784026097248506066740286951  -0.054224423937750714885545361707
  77   0.384166925463266753293757543888  -0.054224423937750714885545361707
  78   0.459474947630704610444140487428  -0.024260758017753145627090284321
  79  -0.107814936062546902030796426282  -0.014831754099912450209557402001
  80  -0.248870073877496089445710928066  -0.013752287951354733207574652473
  81  -0.389283497947695486830631858959  -0.013699371568455325329685849135
  82   0.033209677048221135226214401546  -0.013699371568455325329685849135
  83   0.173592576414239382453231658483  -0.013699371568455325329685849135
  84   0.313975475780257629680248915420  -0.013699371568455325329685849135
  85  -0.459474947630704610444140487428   0.026825680800840064226173663437
  86  -0.319092048264686363217123230491   0.026825680800840064226173663437
  87  -0.178648099490305815674298625641   0.026825680800840064226173663437
  88  -0.036981772634787988387294226923   0.026825680800840064226173663437
  89   0.103401126731230258839723030014   0.026825680800840064226173663437
  90   0.243784026097248506066740286951   0.026825680800840064226173663437
  91   0.384166925463266753293757543888   0.026825680800840064226173663437
  92   0.459474947630704610444140487428   0.056789346720837633484628740824
  93  -0.107814936062546902030796426282   0.066218350638678328902161623143
  94  -0.248870073877496089445710928066   0.067297816787236045904144372672
  95  -0.389283497947695486830631858959   0.067350733170135453782033176009
  96   0.033209677048221135226214401546   0.067350733170135453782033176009
  97   0.173592576414239382453231658483   0.067350733170135453782033176009
  98   0.313975475780257629680248915420   0.067350733170135453782033176009
  99  -0.459474947630704610444140487428   0.107875785539430843337892688581
 100  -0.319092048264686363217123230491   0.107875785539430843337892688581
 101  -0.178648099490305815674298625641   0.107875785539430843337892688581
 102  -0.036981772634787988387294226923   0.107875785539430843337892688581
 103   0.103401126731230258839723030014   0.107875785539430843337892688581
 104   0.243784026097248506066740286951   0.107875785539430843337892688581
 105   0.384166925463266753293757543888   0.107875785539430843337892688581
 106   0.459474947630704610444140487428   0.137839451459428412596347765968
 107  -0.107814936062546902030796426282   0.147268455377269108013880648288
 108  -0.248870073877496089445710928066   0.148347921525826825015863397816
 109  -0.389283497947695486830631858959   0.148400837908726232893752201153
 110   0.033209677048221135226214401546   0.148400837908726232893752201153
 111   0.173592576414239382453231658483   0.148400837908726232893752201153
 112   0.313975475780257629680248915420   0.148400837908726232893752201153
 113  -0.459474947630704610444140487428   0.188925890278021622449611713725
 114  -0.319092048264686363217123230491   0.188925890278021622449611713725
 115  -0.178648099490305815674298625641   0.188925890278021622449611713725
 116  -0.036981772634787988387294226923   0.188925890278021622449611713725
 117   0.103401126731230258839723030014   0.188925890278021622449611713725
 118   0.243784026097248506066740286951   0.188925890278021622449611713725
 119   0.384166925463266753293757543888   0.188925890278021622449611713725
 120   0.459474947630704610444140487428   0.218889556198019191708066791112
 121  -0.107814936062546902030796426282   0.228318560115859887125599673432
 122  -0.248870073877496089445710928066   0.229398026264417604127582422960
 123  -0.389283497947695486830631858959   0.229450942647317012005471226298
 124   0.033209677048221135226214401546   0.229450942647317012005471226298
 125   0.173592576414239382453231658483   0.229450942647317012005471226298
 126   0.313975475780257629680248915420   0.229450942647317012005471226298
 127  -0.459474947630704610444140487428   0.269975995016612401561330738870
 128  -0.319092048264686363217123230491   0.269975995016612401561330738870
 129  -0.178648099490305815674298625641   0.269975995016612401561330738870
 130  -0.036981772634787988387294226923   0.269975995016612401561330738870
 131   0.103401126731230258839723030014   0.269975995016612401561330738870
 132   0.243784026097248506066740286951   0.269975995016612401561330738870
 133   0.384166925463266753293757543888   0.269975995016612401561330738870
 134   0.459474947630704610444140487428   0.299939660936609970819785816256
 135  -0.107814936062546902030796426282   0.309368664854450666237318698576
 136  -0.248870073877496089445710928066   0.310448131003008383239301448104
 137   0.033209677048221135226214401546   0.310501047385907791117190251442
 138   0.173592576414239382453231658483   0.310501047385907791117190251442
 139   0.313975475780257629680248915420   0.310501047385907791117190251442
 140  -0.383377833855880487543903927305   0.319336477683008132192009127767
 141  -0.457981847582825105966334701057   0.351012345689526823515368391974
 142   0.384166925463266753293757543888   0.351026099755203180673049764014
 143  -0.175799581045636883553123899423   0.363183493081006816430135158695
 144   0.233503325499261569851384718465   0.371288503554865894341307061210
 145  -0.013304131542525460618851342820   0.378686757115404460658624773825
 146   0.459474947630704610444140487428   0.380989765675200749931504841400
 147   0.069372792249438678164441471301   0.383036201463637605610260313137
 148  -0.340006555914340642954036744776   0.387805826503149796859169805240
 149   0.150263236785403169913700734445   0.388121028000559761766722017117
 150  -0.094296839679721473823341068106   0.389283497947695486830631858959
 151  -0.259014051418754633483792619276   0.390860935939653751634806689855
 152   0.313975475780257629680248915420   0.391551152124498570228909276586
 153  -0.459474947630704610444140487428   0.432048696362441245469406045078
 154   0.026941348940255887810970596610   0.452091918799975097890317611616
 155  -0.383206210788492403588384657874   0.459474947630704610444140487428
 156  -0.302156106049901624476665632730   0.459474947630704610444140487428
 157  -0.215871996787607642490919605822   0.459474947630704610444140487428
 158  -0.134821892049016863379200580678   0.459474947630704610444140487428
 159  -0.053771787310426084267481555534   0.459474947630704610444140487428
 160   0.107654485190937859889422748754   0.459474947630704610444140487428
 161   0.188704589929528639001141773898   0.459474947630704610444140487428
 162   0.269754694668119418112860799042   0.459474947630704610444140487428
 163   0.358196256892395841247637031798   0.459474947630704610444140487428
 164   0.439246361630986620359356056942   0.459474947630704610444140487428
