   1  -0.460194607020528611556408623610  -0.460194607020528611556408623610
   2  -0.322304680909148737530226594845  -0.460194607020528611556408623610
   3  -0.184414754797768863504044566080  -0.460194607020528611556408623610
   4  -0.046524828686388989477862537315  -0.460194607020528611556408623610
   5   0.091365097424990884548319491449  -0.460194607020528611556408623610
   6   0.229255023536370758574501520214  -0.460194607020528611556408623610
   7   0.380583821061585834669225870830  -0.460194607020528611556408623610
   8   0.460194607020528611556408623610  -0.460194607020528611556408623610
   9   0.304919422298978296621863695522  -0.435440294246918529756642275742
  10  -0.391249643964838674543317609228  -0.420389214041057223112817247220
  11  -0.253359717853458800517135580463  -0.420389214041057223112817247220
  12  -0.115469791742078926490953551698  -0.420389214041057223112817247220
  13   0.022420134369300947535228477067  -0.420389214041057223112817247220
  14   0.160310060480680821561410505832  -0.420389214041057223112817247220
  15   0.443175187244861912510176505243  -0.382424326119015560102214678445
  16   0.363568609024020506997743204860  -0.381605824457649378251646236299
  17  -0.460194607020528611556408623610  -0.380583821061585834669225870830
  18  -0.322304680909148737530226594845  -0.380583821061585834669225870830
  19  -0.184414754797768863504044566080  -0.380583821061585834669225870830
  20  -0.046524828686388989477862537315  -0.380583821061585834669225870830
  21   0.091365097424990884548319491449  -0.380583821061585834669225870830
  22   0.229255023536370758574501520214  -0.380583821061585834669225870830
  23  -0.391249643964838674543317609228  -0.340778428082114446225634494440
  24  -0.253359717853458800517135580463  -0.340778428082114446225634494440
  25  -0.115469791742078926490953551698  -0.340778428082114446225634494440
  26   0.022420134369300947535228477067  -0.340778428082114446225634494440
  27   0.160310060480680821561410505832  -0.340778428082114446225634494440
  28   0.296737096891738381821793541965  -0.338345840325506801770526699315
  29   0.460194607020528611556408623610  -0.304654045217502508648020733279
  30   0.379569101402906961070478800532  -0.302981933094684830849471248702
  31  -0.460194607020528611556408623610  -0.300973035102643057782043118050
  32  -0.322304680909148737530226594845  -0.300973035102643057782043118050
  33  -0.184414754797768863504044566080  -0.300973035102643057782043118050
  34  -0.046524828686388989477862537315  -0.300973035102643057782043118050
  35   0.091365097424990884548319491449  -0.300973035102643057782043118050
  36   0.227792133836048444808702527582  -0.298540447346035413326935322925
  37  -0.391249643964838674543317609228  -0.261167642123171669338451741660
  38  -0.253359717853458800517135580463  -0.261167642123171669338451741660
  39  -0.115469791742078926490953551698  -0.261167642123171669338451741660
  40   0.022420134369300947535228477067  -0.261167642123171669338451741660
  41   0.158847170780358507795611513200  -0.258735054366564024883343946535
  42   0.296737096891738381821793541965  -0.258735054366564024883343946535
  43   0.447741526848787704054864047834  -0.226023274934891173635242499771
  44   0.368168074079061577811733803764  -0.223585477711009358701617175973
  45  -0.460194607020528611556408623610  -0.221362249143700280894860365270
  46  -0.322304680909148737530226594845  -0.221362249143700280894860365270
  47  -0.184414754797768863504044566080  -0.221362249143700280894860365270
  48  -0.046524828686388989477862537315  -0.221362249143700280894860365270
  49   0.089902207724668570782520498817  -0.218929661387092636439752570145
  50   0.227792133836048444808702527582  -0.218929661387092636439752570145
  51  -0.391249643964838674543317609228  -0.181556856164228892451268988880
  52  -0.253359717853458800517135580463  -0.181556856164228892451268988880
  53  -0.115469791742078926490953551698  -0.181556856164228892451268988880
  54   0.020957244668978633769429484435  -0.179124268407621247996161193755
  55   0.158847170780358507795611513200  -0.179124268407621247996161193755
  56   0.300054212973360997525426156664  -0.179124268407621247996161193755
  57   0.460194607020528611556408623610  -0.147392504652279838622464266262
  58   0.380621154250802485313278379540  -0.144954707428398023688838942464
  59  -0.460194607020528611556408623610  -0.141751463184757504007677612490
  60  -0.322304680909148737530226594845  -0.141751463184757504007677612490
  61  -0.184414754797768863504044566080  -0.141751463184757504007677612490
  62  -0.047987718386711303243661529947  -0.139318875428149859552569817365
  63   0.089902207724668570782520498817  -0.139318875428149859552569817365
  64   0.227792133836048444808702527582  -0.139318875428149859552569817365
  65  -0.391249643964838674543317609228  -0.101946070205286115564086236100
  66  -0.253359717853458800517135580463  -0.101946070205286115564086236100
  67  -0.116932681442401240256752544330  -0.099513482448678471108978440975
  68   0.020957244668978633769429484435  -0.099513482448678471108978440975
  69   0.158847170780358507795611513200  -0.099513482448678471108978440975
  70   0.296737096891738381821793541965  -0.099513482448678471108978440975
  71   0.448611936341320282741460441660  -0.068628813899893126544421643080
  72   0.369038483571594156498330197591  -0.066191016676011311610796319282
  73  -0.460194607020528611556408623610  -0.062140677225814727120494859710
  74  -0.322304680909148737530226594845  -0.062140677225814727120494859710
  75  -0.185877644498091177269843558712  -0.059708089469207082665387064585
  76  -0.047987718386711303243661529947  -0.059708089469207082665387064585
  77   0.089902207724668570782520498817  -0.059708089469207082665387064585
  78   0.227792133836048444808702527582  -0.059708089469207082665387064585
  79  -0.391249643964838674543317609228  -0.022335284246343338676903483320
  80  -0.254822607553781114282934573095  -0.019902696489735694221795688195
  81  -0.116932681442401240256752544330  -0.019902696489735694221795688195
  82   0.020957244668978633769429484435  -0.019902696489735694221795688195
  83   0.158847170780358507795611513200  -0.019902696489735694221795688195
  84   0.301712771014172305377242464014  -0.019902696489735694221795688195
  85   0.460194607020528611556408623610   0.010134876852493585533620980102
  86   0.380621154250802485313278379540   0.012572674076375400467246303900
  87  -0.460194607020528611556408623610   0.017470108733128049766687893070
  88  -0.323767570609471051296025587477   0.019902696489735694221795688195
  89  -0.185877644498091177269843558712   0.019902696489735694221795688195
  90  -0.047987718386711303243661529947   0.019902696489735694221795688195
  91   0.089902207724668570782520498817   0.019902696489735694221795688195
  92   0.227792133836048444808702527582   0.019902696489735694221795688195
  93  -0.392712533665160988309116601860   0.059708089469207082665387064585
  94  -0.254822607553781114282934573095   0.059708089469207082665387064585
  95  -0.116932681442401240256752544330   0.059708089469207082665387064585
  96   0.020957244668978633769429484435   0.059708089469207082665387064585
  97   0.158847170780358507795611513200   0.059708089469207082665387064585
  98   0.296737096891738381821793541965   0.059708089469207082665387064585
  99   0.449324899112004693622699107711   0.089000120724455161998379759253
 100   0.369751446342278567379568863642   0.091437917948336976932005083051
 101  -0.323767570609471051296025587477   0.099513482448678471108978440975
 102  -0.185877644498091177269843558712   0.099513482448678471108978440975
 103  -0.047987718386711303243661529947   0.099513482448678471108978440975
 104   0.089902207724668570782520498817   0.099513482448678471108978440975
 105   0.227792133836048444808702527582   0.099513482448678471108978440975
 106  -0.460194607020528611556408623610   0.101946070205286115564086236100
 107  -0.254822607553781114282934573095   0.139318875428149859552569817365
 108  -0.116932681442401240256752544330   0.139318875428149859552569817365
 109   0.020957244668978633769429484435   0.139318875428149859552569817365
 110   0.158847170780358507795611513200   0.139318875428149859552569817365
 111   0.303371329054983613229058771363   0.139318875428149859552569817365
 112  -0.391249643964838674543317609228   0.141751463184757504007677612490
 113   0.460194607020528611556408623610   0.167865364596416738463138538404
 114   0.380621154250802485313278379540   0.170303161820298553396763862202
 115  -0.185877644498091177269843558712   0.179124268407621247996161193755
 116  -0.047987718386711303243661529947   0.179124268407621247996161193755
 117   0.089902207724668570782520498817   0.179124268407621247996161193755
 118   0.227792133836048444808702527582   0.179124268407621247996161193755
 119  -0.460194607020528611556408623610   0.181556856164228892451268988880
 120  -0.322304680909148737530226594845   0.181556856164228892451268988880
 121  -0.116932681442401240256752544330   0.218929661387092636439752570145
 122   0.020957244668978633769429484435   0.218929661387092636439752570145
 123   0.158847170780358507795611513200   0.218929661387092636439752570145
 124   0.296737096891738381821793541965   0.218929661387092636439752570145
 125  -0.391249643964838674543317609228   0.221362249143700280894860365270
 126  -0.253359717853458800517135580463   0.221362249143700280894860365270
 127   0.449922036422079677405494643484   0.246810608495593355691786346302
 128   0.370348583652353551162364399414   0.249248405719475170625411670100
 129  -0.047987718386711303243661529947   0.258735054366564024883343946535
 130   0.089902207724668570782520498817   0.258735054366564024883343946535
 131   0.227792133836048444808702527582   0.258735054366564024883343946535
 132  -0.460194607020528611556408623610   0.261167642123171669338451741660
 133  -0.322304680909148737530226594845   0.261167642123171669338451741660
 134  -0.184414754797768863504044566080   0.261167642123171669338451741660
 135   0.020957244668978633769429484435   0.298540447346035413326935322925
 136   0.158847170780358507795611513200   0.298540447346035413326935322925
 137   0.296737096891738381821793541965   0.298540447346035413326935322925
 138  -0.391249643964838674543317609228   0.300973035102643057782043118050
 139  -0.253359717853458800517135580463   0.300973035102643057782043118050
 140  -0.115469791742078926490953551698   0.300973035102643057782043118050
 141   0.460194607020528611556408623610   0.325755852394769972920434154201
 142   0.370348583652353551162364399414   0.328859191678417947512594422880
 143   0.089902207724668570782520498817   0.338345840325506801770526699315
 144   0.227792133836048444808702527582   0.338345840325506801770526699315
 145  -0.460194607020528611556408623610   0.340778428082114446225634494440
 146  -0.322304680909148737530226594845   0.340778428082114446225634494440
 147  -0.184414754797768863504044566080   0.340778428082114446225634494440
 148  -0.046524828686388989477862537315   0.340778428082114446225634494440
 149   0.158847170780358507795611513200   0.378151233304978190214118075705
 150   0.306059288025927763890045298011   0.379389579080569545108598203424
 151  -0.391249643964838674543317609228   0.380583821061585834669225870830
 152  -0.253359717853458800517135580463   0.380583821061585834669225870830
 153  -0.115469791742078926490953551698   0.380583821061585834669225870830
 154   0.022420134369300947535228477067   0.380583821061585834669225870830
 155   0.417539800085443728249792962861   0.392975229707649292238421388905
 156   0.227792133836048444808702527582   0.417956626284449578657709452095
 157  -0.460194607020528611556408623610   0.420389214041057223112817247220
 158  -0.322304680909148737530226594845   0.420389214041057223112817247220
 159  -0.184414754797768863504044566080   0.420389214041057223112817247220
 160  -0.046524828686388989477862537315   0.420389214041057223112817247220
 161   0.091365097424990884548319491449   0.420389214041057223112817247220
 162  -0.391249643964838674543317609228   0.460194607020528611556408623610
 163  -0.253359717853458800517135580463   0.460194607020528611556408623610
 164  -0.115469791742078926490953551698   0.460194607020528611556408623610
 165   0.022420134369300947535228477067   0.460194607020528611556408623610
 166   0.160310060480680821561410505832   0.460194607020528611556408623610
 167   0.295274207191416068055994549333   0.460194607020528611556408623610
 168   0.374884993150358844943177302113   0.460194607020528611556408623610
 169   0.460194607020528611556408623610   0.460194607020528611556408623610
