   1  -0.483546584772014421730980200398  -0.483546584772014427989781330878
   2  -0.426544665473336681629157284496  -0.483546584772014427989781330878
   3  -0.312042624121415689772611048883  -0.483546584772014427989781330878
   4  -0.140917630731277357781498647720  -0.483546584772014427989781330878
   5  -0.083923293668494708037479232660  -0.483546584772014427989781330878
   6  -0.026931328347663934522781719247  -0.483546584772014427989781330878
   7   0.069552439963070130081769691423  -0.483546584772014427989781330878
   8   0.126731208710785920169188212481  -0.483546584772014427989781330878
   9   0.186683103523193118538811838695  -0.483546584772014427989781330878
  10   0.250836770027318892066741319134  -0.483546584772014427989781330878
  11   0.316536795596538150594862716672  -0.483546584772014427989781330878
  12   0.349443626052509294615300054915  -0.483546584772014427989781330878
  13   0.385020820844974050040572549815  -0.483546584772014427989781330878
  14   0.417927651300945194061009888059  -0.483546584772014427989781330878
  15   0.450834481756916338081447226303  -0.483546584772014427989781330878
  16  -0.197910359565344482662251580743  -0.483546584771856930880610187196
  17   0.030759303477932409315616384230  -0.483546584770376135213966759248
  18  -0.255035548686309396142766327061  -0.483546584768887805837674159693
  19  -0.369539093009569605306834075437  -0.483546582168115970790498446245
  20   0.283686782811928521330802017903  -0.481613672278130144207608665409
  21   0.483546584772014427989781330878  -0.479971978921344943942469078613
  22   0.218759936775256005302776578915  -0.476202453837902295870020979900
  23   0.156707156116989519354000025588  -0.469970795006459505971629996781
  24   0.001913987564684502843170938224  -0.467709689856190553434221683887
  25   0.098141824336928025125478951952  -0.467252211762234638833616543805
  26  -0.226472954122015967393497701148  -0.467205297092653762834825439379
  27  -0.340605116376422658153585355760  -0.467205117555575722163342673435
  28  -0.398041928633801998371378095915  -0.467101091666383104535631462134
  29  -0.283537884986760712275745409947  -0.467100143205519102302611318629
  30  -0.455045612196845854854297514555  -0.467097410730114867348112008947
  31  -0.112420462199886499160874824198  -0.467091467745644283564256421518
  32  -0.169413995148265443321051262174  -0.467090075249267955310114378681
  33  -0.055427311008079321280130475954  -0.467089414210969140366192788568
  34   0.050306298496924027843971703870  -0.456854909490700188000838359674
  35   0.367232223448741672327936302365  -0.455862197595615078941503384714
  36   0.434320641636821480922407890803  -0.455013632620056917759754000922
  37   0.301785740527229459121670095025  -0.454131182938956760142676054934
  38   0.241158557358947694482574170339  -0.452095166835714492170081416964
  39   0.467039851944646712703113601665  -0.451504677292565108316293849309
  40   0.183452108633498669958249720240  -0.450798757932958398677845652960
  41  -0.369055115332947687898669328005  -0.450643310952661824454301179827
  42   0.126547857489065773406211214661  -0.450640265120805729201701902108
  43  -0.026921721215617511391771572733  -0.450639755718441917402366949070
  44  -0.312034809218649058195085525456  -0.450639755244007254773785335282
  45  -0.426545538363937982055588384234  -0.450639754327620485289175045134
  46  -0.483546548318703751823008676477  -0.450639754316063474972858828371
  47  -0.255035852070173567164524549319  -0.450639754310741340733804548758
  48  -0.197913505421298500592223055848  -0.450639014345626716778780367940
  49  -0.140916826615775635145304566900  -0.450634958220994851635973096166
  50  -0.083925294501227660837170382899  -0.450632886139584178907334869220
  51   0.335708036969673906868224563190  -0.446423704204665910572042957387
  52   0.400501468187023866335409059427  -0.444230703447835043730204327529
  53   0.021375531572590785024550179062  -0.441174660263473737827813429033
  54   0.078903952676317567045130617085  -0.440554575450607516320543820879
  55   0.273231909553563458498041768406  -0.437774587101639565335863870696
  56   0.212660406241014595265167921220  -0.435641751581808131906456075204
  57  -0.226474890463592085965478438949  -0.434295612768112986153829894484
  58  -0.340545986997616019383034939010  -0.434208923460798712624156707570
  59  -0.398042818030587626637730034180  -0.434194255706304638120498624764
  60  -0.455046035419046812585966326518  -0.434190356169024014452473412180
  61  -0.283535330914433665726220716992  -0.434188638958300768221319647572
  62   0.155046030622623861404201857968  -0.434186887999139246296418619932
  63  -0.055425346360164951286055638356  -0.434182583813646024390303373662
  64  -0.169414595788389396648081242734  -0.434180881436122285697631038788
  65  -0.112421658917116796821600125600  -0.434176376614934746979051543867
  66  -0.006974721466736376362047356334  -0.424467696348263078028038302320
  67   0.050315031350847700173631982330  -0.423948080193496660584802008235
  68   0.107310004343565905935335460866  -0.423942615467508326901115549776
  69   0.483546584772014427989781330878  -0.423037375663785272690118620004
  70   0.426550282495798113406956226845  -0.423037375655278431597573730180
  71   0.369553980229399693831478052827  -0.423037375644696616265637507892
  72   0.312557677912826418954360346664  -0.423037375587350418395086167370
  73   0.241341811612446699287404415203  -0.419188846644349968027809583633
  74   0.183635280693118353717502672942  -0.417892279348890516969735028547
  75  -0.369544938913589448460039480909  -0.417740111932388302648172491129
  76  -0.312056746327517678747916322251  -0.417732932100147187883165874319
  77  -0.426546691032570084586031814500  -0.417732923891837322873626405399
  78  -0.483546584542039435711194400265  -0.417732923860112267999379319375
  79  -0.255038188816349450788648370562  -0.417732900626457486181664002891
  80  -0.197915470190094967784361005858  -0.417732183948310818090715941843
  81  -0.083921724208470738907876232986  -0.417726051017520518646293153643
  82  -0.140919480706038083789077345269  -0.417722208734425323437102820169
  83  -0.035473055419318216306733847626  -0.408014557963960011796656418125
  84   0.021524033261802689123668797112  -0.408012650494406755834602457225
  85   0.078810940169562061469138387506  -0.407490781774450260353194529273
  86   0.135808230228088217510062661777  -0.407489200334511167604066341182
  87   0.455048433636310296934799568456  -0.406583960432064933417989317283
  88   0.398052131365653610584292340004  -0.406583960422522842783682476240
  89   0.341055829076060499432942479344  -0.406583960411907659377200846238
  90   0.283714832329011714981597127615  -0.406582154994764374231283358567
  91   0.212843660494513600069998166085  -0.402735431390443607764184241873
  92  -0.226476855238535447600072653156  -0.401388782370796470999082921844
  93  -0.341022160973804761367434473122  -0.401305538391744941273655506307
  94  -0.398043970708346565991514234182  -0.401287425266639407814061324426
  95  -0.455046637780194967897121251011  -0.401282619143647523612664692682
  96  -0.283557268023306688143238789740  -0.401281815814440704264764832294
  97  -0.112420895037135594835318970150  -0.401269546167829735273309273900
  98  -0.169418006047968782948941204939  -0.401267906611347330354307190066
  99  -0.006975064122957261746530772516  -0.391560865894075960060668174586
 100  -0.063969414610975951247769350729  -0.391558039392948287217935689222
 101   0.164610986530873436253551497970  -0.391042033124946796786916330183
 102   0.050311501780437891942304214577  -0.391039596341097878029159089316
 103   0.107310079149982239158478188436  -0.391035785011622210819362766850
 104   0.483546584771967597911448861367  -0.390130545207814128669681315083
 105   0.426550282501306054378501172005  -0.390130545199307287577597351155
 106   0.369553980222107179263692704789  -0.390130545188725472246008220256
 107   0.312557677928417514353804266850  -0.390130545131379274378342321517
 108   0.255094243940097886644372103725  -0.389293527684161491804331144035
 109  -0.369546240209784657732073517283  -0.384833281500117666910620143626
 110  -0.312537021627281363529081181577  -0.384829606640636762388825493026
 111  -0.426549402696424738669816982653  -0.384826093547592540390174399981
 112  -0.483546584772014427989781330878  -0.384826093404141124782551692864
 113  -0.255060467700804212473154313320  -0.384826061135986943087249030671
 114  -0.197922431332575987783561652776  -0.384825354227694239009138992641
 115  -0.140919357957905330613572340104  -0.384815352150106894368322210616
 116   0.193820769380319585820737244747  -0.375781622863779592994403034245
 117  -0.035471423314614996687566275619  -0.375104347323064235481947445682
 118   0.021520839913635120505985598242  -0.375103559194760059380993496715
 119  -0.092466638862348098446343118895  -0.375103018863485638901322596189
 120   0.078811014975978394692281115078  -0.374583951318564144271441746343
 121   0.136115614347289727774094977259  -0.374583805553999982221920923999
 122   0.455048433636959685797251025695  -0.373677129976093789397558386613
 123   0.398052131361884787991314826511  -0.373677129966551698763460959811
 124   0.341055829091651594823160581742  -0.373677129955936515360457000380
 125   0.284059526796557236119891126017  -0.373677129901595495750321260333
 126   0.226596092781409831381518248257  -0.372840112411507053462944599122
 127  -0.226499483152516913207583605302  -0.368481959683459056070796560718
 128  -0.341042690797353350806599172683  -0.368389219910865547230586663117
 129  -0.398046682376659666921094299916  -0.368380594922394992726039752106
 130  -0.283990317356004777042446911316  -0.368377834916478223983386720833
 131  -0.455047993693639818967330921667  -0.368373440207601145762761101720
 132  -0.169427337373412683078356158365  -0.368355539984937103066284468620
 133  -0.063968647565987143886140043785  -0.358649326793601587165334352650
 134  -0.120964573120850661622626441497  -0.358649228003744652908231124281
 135  -0.006975519278022614435049904861  -0.358647040623748334802272767811
 136   0.165230686755315359870099721642  -0.358141038272361310268253072738
 137   0.050311576586854225165446942146  -0.358132765885211761947406306391
 138   0.107617463269183749422510503918  -0.358130390231111025437217349667
 139   0.483546584772014427989781330878  -0.357223714751842984649244010161
 140   0.426550282499792402698000124858  -0.357223714743336143557194825462
 141   0.369553980227323303682489707711  -0.357223714732754328225984290924
 142   0.312557677930493904503535643665  -0.357223714675408130357970492409
 143   0.255094243940097886644372103725  -0.356386697228190347783893805792
 144  -0.369548951878097789547393478994  -0.351926451155873251825143692830
 145  -0.312552060496108877687869083996  -0.351922779621149538070222255560
 146  -0.255493215795978110988915205397  -0.351922076274816200493603465397
 147  -0.426550282443769347985621138424  -0.351919263103381194863866966866
 148  -0.483546584771782164323151336224  -0.351919262948169980762115174304
 149  -0.198064956506147687612913619897  -0.351918832410659739355839327973
 150  -0.149463165570332743791580161203  -0.342196577182179366124912226656
 151  -0.092466547969353293276803445178  -0.342195477296968481334208917045
 152   0.021522632277467665398278062272  -0.342193626127713264262606424540
 153  -0.035472743529394761633623673027  -0.342192020094285686485659674779
 154   0.193736799136733613107050974161  -0.341701420042123023692541951700
 155   0.136735314571731651390643200931  -0.341682810701414495703257666555
 156   0.079118399095179904956313430560  -0.341678556538052958889296329160
 157   0.455048433636959685797251025695  -0.340770299520122645377121048369
 158   0.398052131365653610584541549566  -0.340770299510580554743239443382
 159   0.341055829093727984972891958557  -0.340770299499965371340085171272
 160   0.284059526796557236119891126017  -0.340770299445624351729883922089
 161   0.226596092774375766609378896952  -0.339933281955535909443259051108
 162  -0.226930199009803444264441294464  -0.335577948157380477046880545564
 163  -0.398047693292853420015063019234  -0.335473537143359858958385355169
 164  -0.341051675463299034424952589559  -0.335471520964693932821264086412
 165  -0.284052927856725041797591207341  -0.335471064023799774972232721584
 166  -0.455048433567385786983148734868  -0.335465847843922527390710727571
 167  -0.178010649394942861999635943003  -0.325828906060677269302699468391
 168  -0.120964892788488310892050166544  -0.325742397547945493315569818392
 169  -0.006974591973904481800295705894  -0.325738605598250615945993331508
 170  -0.063970643932760911024287074420  -0.325738170597652580654534239175
 171   0.165236243841228901569470795522  -0.325234208285611960670880475374
 172   0.108237163493616979865349075469  -0.325229395378525375179988645078
 173   0.050618960706055735429479257628  -0.325227371104700576565260889208
 174   0.483546584772014427989781330878  -0.324316884295871840628806671917
 175   0.426550282501306054378541370076  -0.324316884287364999536792299769
 176   0.369553980229399693832221084526  -0.324316884276783184205612461816
 177   0.312557677930493904503535643665  -0.324316884219436986337533154165
 178   0.255094243933063821872232752420  -0.323479866772219203764208257777
 179  -0.369550267418951478075181310218  -0.319018865793876934964748688193
 180  -0.312554769471967712073555801980  -0.319015949276683362995361855588
 181  -0.255556129473275835936129365021  -0.319015305960377274565313850777
 182  -0.426550187446404754725132972671  -0.319012432647547172820153553938
 183  -0.483546584772014427989781330878  -0.319012432492198836741678655744
 184  -0.206665955362355737227993831704  -0.309650743910050205161713715473
 185  -0.149463485238470700411407390743  -0.309289746727246817963670934670
 186   0.021830020889333174296855739662  -0.309288223232648055874263410927
 187  -0.092468988751895928639533795783  -0.309285090848629592635895140520
 188  -0.035472492377270631190959107286  -0.309284756101617510114867895903
 189   0.193736229473155461542716241638  -0.308783970912309115522892711328
 190   0.079737973715684599220532457571  -0.308777559319919030200369740071
 191   0.136735314681308042349879908839  -0.308775980245443351865259434255
 192   0.455048433636959685797251025695  -0.307863469064151501356683710125
 193   0.398052131365653610584541549570  -0.307863469054609410722802105138
 194   0.341055829093727984972891958557  -0.307863469043994227319647833028
 195   0.284059526690268464950839083697  -0.307863468805555654370512327828
 196   0.226596092774329689115285747899  -0.307026451499564765422821745124
 197  -0.398048371512176419635304661853  -0.302565366661446175132848003132
 198  -0.284055637124425285004103880454  -0.302564233679357626335304257892
 199  -0.341053360426065740791224078926  -0.302563295840306502155045373688
 200  -0.455048433568996688847005225411  -0.302559017385663396342925882638
 201  -0.235160597308475109126092702537  -0.293191252088597014732224175110
 202  -0.178010969063339647119744452681  -0.292922075606196153869450650655
 203  -0.006667208046552037939409791241  -0.292833210815947282550287170949
 204  -0.120967581201878318158891019982  -0.292832440027930917283996256800
 205  -0.063970625613387272153341901930  -0.292831309875535445965535695735
 206   0.165236243950805292528707503429  -0.292327377829640816832882243074
 207   0.051238415623939513149004190377  -0.292326371632606424810000790689
 208   0.108235240941054971513176994453  -0.292322564978715950559790871986
 209   0.483546584772014427989781330878  -0.291410053839900696608369333674
 210   0.426550282501306054378541370076  -0.291410053831393855516354961525
 211   0.369553980229399693832221084526  -0.291410053820812040185175123573
 212   0.312557677930493904503535643665  -0.291410053763465842317095815921
 213   0.255094243933017744378139603368  -0.290573036316248059743770951793
 214  -0.369551463818192865999937085495  -0.286109797917691060171343583449
 215  -0.312555649120545183856823837039  -0.286109118832469377128178916973
 216  -0.426550282416447956211818021881  -0.286105602191713071914788916652
 217  -0.483546584772014427989781330878  -0.286105602036227692721241317501
 218  -0.263663285716726577982495195118  -0.276737668001301269389626357711
 219  -0.206662632824162733474124687433  -0.276737463952073367172192703475
 220   0.022446435448699470623951646970  -0.276387166657683304371480030977
 221  -0.035165108449918187330073192634  -0.276379361319314176719161735345
 222  -0.149465722185811306177751223973  -0.276379007221434000854622202181
 223  -0.092468987897472962604891058843  -0.276378260377553855119515204336
 224   0.193736229461964813453848535193  -0.275877140247109449907666519152
 225   0.079735634284149934525438856417  -0.275870728947106000110436824570
 226   0.136733658853688886569731637447  -0.275869149831131721509668302309
 227   0.455048433636959685797251025694  -0.274956638608180357336246371881
 228   0.398052131365653610584541549570  -0.274956638598638266702364766895
 229   0.341055829093727984972891958557  -0.274956638588023083299210494785
 230   0.284059526689572207319990269580  -0.274956638348378556740061399889
 231   0.226596092774329689115285747899  -0.274119621043593621402384406880
 232  -0.398049662130426717628632076578  -0.269656464403668839506654768806
 233  -0.341053751878359467155991454015  -0.269655607303354145979090268513
 234  -0.455048433570151401734115284477  -0.269652186927692230914337365366
 235  -0.235165036920621988597052681734  -0.260284421932110139346872671893
 236  -0.292161512486653398249180520288  -0.260283962848115999392766076136
 237  -0.178015300546141517997723279527  -0.260014989801943304644460414370
 238  -0.006051514277260622038169192399  -0.259932140744588117424055681717
 239  -0.063663241686034828292455987278  -0.259925915093232112569829535177
 240  -0.120967570630362952429789661563  -0.259925592725326312200631647657
 241   0.165234653755658071104463032614  -0.259420547412092100203412277052
 242   0.051236161920325124585478034606  -0.259419541253810443469845727320
 243   0.108235486211535319116480369623  -0.259415734523658866138792464212
 244   0.483546584772014427989781330878  -0.258503223383929552587931995430
 245   0.426550282501306054378541370076  -0.258503223375422711495917623282
 246   0.369553980229399693832221084526  -0.258503223364840896164737785329
 247   0.312557677930493904503535643665  -0.258503223307494698296658477678
 248   0.255094243933017744378139603368  -0.257666205860276915723333613549
 249  -0.369551958670151149731392191791  -0.253202273808315084025578698565
 250  -0.426550282416447956203825383940  -0.253198771735741927894351578406
 251  -0.483546584772014427989781330878  -0.253198771580256548700803979257
 252  -0.263663193967255342365506150171  -0.243830837545458031420233570588
 253  -0.206667104943905529555592114755  -0.243830627120320623668945066604
 254   0.022447406975309227365016443771  -0.243480059475099669621626958682
 255  -0.034549414680626771428832593792  -0.243478291247955011592930246112
 256  -0.092161603970120518744005144191  -0.243472865595250521723809043778
 257  -0.149465700860426689326013312965  -0.243472141292622065370871261914
 258   0.193734667715804057862428159858  -0.242970309828198257244010322676
 259   0.079736375519479780925184613394  -0.242963898499483120062388494822
 260   0.136734329614015446827434829765  -0.242962319381996839285029614486
 261   0.455048433636959685797251025694  -0.242049808152209213315809033637
 262   0.398052131365653610584541549570  -0.242049808142667122681927428651
 263   0.341055829093727984972891958557  -0.242049808132051939278773156541
 264   0.284059526689572207319990269580  -0.242049807892407412719624061645
 265   0.226594531133168700343551214586  -0.241212790624677445655637317757
 266  -0.398050109820924299247870197260  -0.236748858280547326506374918788
 267  -0.341053981045226957778293313136  -0.236748558059361896226511340163
 268  -0.455048433571851090884456281689  -0.236745356468777138900289995763
 269  -0.308530933645495356853841303112  -0.231737482476930355811776396090
 270  -0.235165210200994358882604045768  -0.227377132433357732768915872841
 271  -0.178015299553013359987228841128  -0.227108159345972175610327204580
 272  -0.006050491570283613032578650483  -0.227025310304509259998568620713
 273  -0.063047547916743412391215388582  -0.227024845021872947443598045941
 274  -0.120660186703010508568903746914  -0.227020197943022978804925487099
 275   0.165235258886497988491359947901  -0.226513716961684897291493844801
 276   0.051236907949246670510366828646  -0.226512710806295889527251918275
 277   0.108236178521802752851440612027  -0.226508904074970306004525708755
 278   0.483546584772014427989781330878  -0.225596392927958408567494657186
 279   0.426550282501306054378541370076  -0.225596392919451567475480285038
 280   0.369553980229399693832221084526  -0.225596392908869752144300447085
 281   0.312557677930493904503535643665  -0.225596392851523554276221139434
 282   0.255093258851676247239829263610  -0.224759375419050206766029462945
 283  -0.369552132100521943963045562781  -0.220295142696963142404905888492
 284  -0.426550282416447956192741524622  -0.220291941279770783873914240161
 285  -0.483546584772014427989781330878  -0.220291941124285404680366641013
 286  -0.280032615020329700645394698258  -0.215284357113622025176978824968
 287  -0.206667059067614960196905668342  -0.210923717206205147946100924586
 288   0.022448288452274045719600884348  -0.210572984393444328095425936306
 289  -0.091545941727861906626175445343  -0.210571794933925727257630789504
 290  -0.034548391973649762423242051877  -0.210571460807876154167443185108
 291  -0.149158316933074245465127398316  -0.210566746510318731975165101356
 292   0.193735244416405326046064188390  -0.210063479377280525826977822519
 293   0.079737115690309146265344460131  -0.210057068051836279068425988271
 294   0.136735139781061917994801860102  -0.210055488935998862448917321023
 295   0.455048433636959685797251025694  -0.209142977696238069295371695393
 296   0.398052131365653610584541549570  -0.209142977686695978661490090407
 297   0.341055829093727984972891958557  -0.209142977676080795258335818297
 298   0.284058541600795699967833752678  -0.209142977437390252631252998305
 299   0.226595107728769836773664968121  -0.208305960173757874252019297925
 300  -0.341053980916267817991534168008  -0.203841727556494185645794645610
 301  -0.398050283208815050744486336107  -0.203841727426359825499838534784
 302  -0.455048433572577101205360017437  -0.203838526011548508105419769212
 303  -0.308530933507232745382092297702  -0.198830652020959212081803825587
 304  -0.251534631204561524981345540134  -0.198830651973132795208004541568
 305  -0.177707915625660916126342926481  -0.194202764563668842214621044022
 306  -0.120044543155122533096866512035  -0.194119126931884542669982965857
 307  -0.006049284480974708295120205729  -0.194118479870677358499707369696
 308  -0.063046525209766403385624855355  -0.194118014581794090018110984936
 309   0.165236069048017054457639123944  -0.193606886515686784370981759039
 310   0.051237677980943118292435018507  -0.193605880359334255164828852443
 311   0.108236988691833862513449324370  -0.193602073628972402650428402717
 312   0.483546584772014427989781330878  -0.192689562471987264547057318942
 313   0.426550282501306054378541370076  -0.192689562463480423455042946794
 314   0.369553980229399693832221084526  -0.192689562452898608123863108841
 315   0.312557240199002348332707100321  -0.192689562398463794549765502822
 316   0.255093806377309254381274811407  -0.191852544967634109747486251333
 317  -0.369552132051311210969599414742  -0.187388312240991998421264805132
 318  -0.426550282416447956188254317276  -0.187385110823799639853476901916
 319  -0.483546584772014427989781330878  -0.187385110668314260659929302770
 320  -0.280032782369703432459599868072  -0.182377236800994489516095226395
 321  -0.223036480071182126295647162709  -0.182377236745980210385189593312
 322   0.022449272445641268657217801800  -0.177665767518045085839331874520
 323  -0.148542673385186269993090163438  -0.177665675499180295840222580113
 324  -0.091544887156080148173829459208  -0.177664964494852619720147087746
 325  -0.034547184884340857685783607589  -0.177664630374044252668581934091
 326   0.193735765127140107023551450622  -0.177156147503235426332939702192
 327   0.079737925871204581950739090256  -0.177150237590126208345732353783
 328   0.136735924569636843893233561426  -0.177148658489385853181777677573
 329   0.455048433636959685797251025694  -0.176236147240266925274934357149
 330   0.398052131365653610584541549570  -0.176236147230724834641052752163
 331   0.341055828946880799212633864860  -0.176236147220109651565552278169
 332   0.284059089126428707109279300475  -0.176236146985974155612709786693
 333   0.226595655254402843915110515917  -0.175399129722341777233476086313
 334  -0.341053980918412737621527177298  -0.170934897013006426479006051720
 335  -0.398050283208815335885535809330  -0.170934896970388187464694647845
 336  -0.455048433573164082502012037370  -0.170931695554560682646635167806
 337  -0.194537554449572715197843443979  -0.165925163043831437043368714435
 338  -0.308530933497971066181765587174  -0.165923821564988068062669844434
 339  -0.251534631203599674227595561111  -0.165923821517161651187581260540
 340  -0.120043469688847569344344425390  -0.161212296493422375172412504826
 341  -0.006048472881263529819417148848  -0.161211649424714685094002703527
 342  -0.063045318120794662382970008744  -0.161211184147962176151401556912
 343   0.165236853836531522637921981778  -0.160700056069073773661997854146
 344   0.051238488759796927047553832560  -0.160699049913351346729139561068
 345   0.108237773482372621522809915129  -0.160695243182359440218419822370
 346   0.483546584772014427989781330878  -0.159782732016016120526619980698
 347   0.426550282501306054378541370076  -0.159782732007509279434605608550
 348   0.369553980142365943604168834200  -0.159782731996927464218521536033
 349   0.312557677811774491300157935457  -0.159782731945402455814394292588
 350   0.255094243917775021289774442796  -0.158945714514571809522383907901
 351  -0.369552132051311210891126063483  -0.154481481785020854400827466888
 352  -0.426550282416447956184734573725  -0.154478280367828495833039563672
 353  -0.483546584772012040818119001411  -0.154478280212343116639491964612
 354  -0.165902584932466639223656150534  -0.149710479886760915973100336883
 355  -0.280032782364591667500827216694  -0.149470406337835483215084248992
 356  -0.223035217959896077001074754693  -0.149470406314212626490212024234
 357   0.022450083626347308964367764381  -0.144758936346302907173507853856
 358  -0.091543680067872326938450039066  -0.144758134061020677831327282346
 359  -0.034546373285154555313316564079  -0.144757799928081566317566210302
 360   0.193736167225990791671157695525  -0.144248654092724837559618824910
 361   0.079738710864960934584013058884  -0.144243406792859398211308673227
 362   0.136736485499380189546912698679  -0.144241828038195512609026733837
 363   0.455048433636959685797251025694  -0.143329316784295781254497018905
 364   0.398052131325858982791183103850  -0.143329316774753690644677476100
 365   0.341055829012240705686710494070  -0.143329316764138507610024220386
 366   0.284059526666894474017778931864  -0.143329316532911855387607443261
 367   0.226596092794868610823610147306  -0.142492299269279477008373742881
 368  -0.341053980917523623961550728336  -0.138028066557025884266764360324
 369  -0.398050283208364584756927383752  -0.138028066514416491367707373601
 370  -0.455048433573339693121341933231  -0.138024865098281237405714175276
 371  -0.137403605576991841804547308793  -0.133257240195800735027404702716
 372  -0.194536292338402090367882596850  -0.133018332612063848721391920587
 373  -0.308530933497045699062275072714  -0.133016991109016924042245517232
 374  -0.251533369093206775443473122225  -0.133016991085394033036647534942
 375  -0.006047662117567301401561561753  -0.128304818978731403199959335400
 376  -0.063044506521496218132043286105  -0.128304353701745444920985629284
 377   0.165237414766274868291601119027  -0.127793225617883433089246910410
 378   0.051239273568318750282465964582  -0.127792219466738813177705799515
 379   0.108238334412115967185495122324  -0.127788412731169099645669032151
 380   0.483546584772014427989781330878  -0.126875901560044976506182642455
 381   0.426550282475987254897271954235  -0.126875901551538135423908521772
 382   0.369553980196315952849321159257  -0.126875901540956320242309111845
 383   0.312557677906316974431812523448  -0.126875901489431311929768896620
 384   0.255094243937759146964606681087  -0.126038884058600665508014690978
 385  -0.369552132050604920480415921097  -0.121574651329049710380397708319
 386  -0.426550282407626120929351141442  -0.121571449911857351813784727301
 387  -0.483546584746477724568235632048  -0.121571449756371972628961404039
 388  -0.108905339090733387386448116056  -0.116804023687240312299720406254
 389  -0.165901645619456953194018456355  -0.116803632555040452131941546699
 390  -0.280031525037492517354041578671  -0.116563575905884753993882756952
 391  -0.223035109145997976948819744699  -0.116563575858421391386186482175
 392   0.022450881141275446818089410426  -0.111852082951495732434056423857
 393  -0.034545562520966652330009635044  -0.111850969482098292556128560656
 394   0.193736110018751877318145308497  -0.111340752868643748145319483926
 395   0.079739271794704280246709217637  -0.111336576341669057638557883194
 396   0.136738729074647327528917635945  -0.111334997658707425683648251994
 397   0.455048433614781165045904086672  -0.110422486328324637241533611999
 398   0.398052131345842583252662128396  -0.110422486318782546630307940223
 399   0.341055829066190189717987369775  -0.110422486308167363633810935127
 400   0.284059526686878599692611170154  -0.110422486076940711373238226338
 401   0.226596092802422280658069391453  -0.109585468813308332988803366407
 402  -0.341052747393251713979585131561  -0.105121236124171586201849106544
 403  -0.398050283179397579146647935588  -0.105121236058444435009546417416
 404  -0.455048433548126813620848343119  -0.105118034641753348608693413077
 405  -0.080407073101079863501956719964  -0.100350807009380655919176019267
 406  -0.137403376534999058713718376332  -0.100350409740626693519299505168
 407  -0.194536180912282066229887033843  -0.100111502156281355203777716995
 408  -0.308529699675181416274724698882  -0.100110160676176485292164130309
 409  -0.251533347660168205626700494682  -0.100110160629429868952229102246
 410  -0.006046877848854126405572563066  -0.095397988530889948881567010863
 411   0.165239080806897886871583077084  -0.094885394569391483417777996242
 412   0.051239834498172975780777003872  -0.094885389015548474495012575893
 413   0.108240577987383105167500059594  -0.094881582351681012720290550308
 414   0.483546584762264002256327243063  -0.093969071104073832487189849320
 415   0.426550282484580861048524737859  -0.093969071095566991404593292004
 416   0.369553980216299553310800183804  -0.093969071084985176227939575967
 417   0.312557677926301100106644761739  -0.093969071033460167915399679697
 418   0.255094243945312816799065925158  -0.093132053602629521488444314505
 419  -0.369550967502362356750605450936  -0.088667820893684814225391046755
 420  -0.426549882232083395301318811883  -0.088664619458319448290573902515
 421  -0.483546584772014427989781330878  -0.088664619300400828618432695898
 422  -0.051908699504379598800259630617  -0.083897777090235230423577734741
 423  -0.108905109605301092594200088655  -0.083897193228237812766955270508
 424  -0.165901534193337386216018570904  -0.083896802099257151284254987518
 425  -0.280031547815991876121723354227  -0.083656745449921493728776258663
 426  -0.223035192942134838400084686113  -0.083656745402556939387673125793
 427   0.022451551407693734290648068958  -0.078945055036598816904217327057
 428   0.079741515369971418228714154908  -0.078429745962180970713179401349
 429   0.193735881580461137944164710130  -0.078429640672049832132378017674
 430   0.136739317527225474796833982157  -0.078428167207997749145154552809
 431   0.455048433622945180395632415944  -0.077515655872353493222108998859
 432   0.398052131354313220725667723455  -0.077515655862811402610960826990
 433   0.341055829086174315392819608066  -0.077515655852196219619441718204
 434   0.284059526694432269527070414226  -0.077515655620969567353667849864
 435   0.226596092802422280658069391453  -0.076678638357337188968366028163
 436  -0.341052810944855979060666991813  -0.072214405668258650944922981563
 437  -0.398049481581002605069833045095  -0.072214405612235359044606173434
 438  -0.455048433580529970271193590172  -0.072211204173889158634559374247
 439  -0.023410222993712485088313927173  -0.067444925442098474188036038328
 440  -0.080406669594660236458931273653  -0.067443976547998857194005321469
 441  -0.137403271971707250104505972302  -0.067443579284095023045019235473
 442  -0.194536265568523264942420171799  -0.067204671700419104672543104648
 443  -0.308529761976901874746043689181  -0.067203330220264318455465018964
 444  -0.251533396418333694929161921559  -0.067203330173494847503746306713
 445   0.051242078073440113762781941144  -0.061978558636060387569634094048
 446   0.165238024898461598480750507574  -0.061975715450685653045414932179
 447   0.108241166439961252435416405808  -0.061974751900971336181796851124
 448   0.483546584772014427989701361502  -0.061062240648102688468197056185
 449   0.426550282492517460113942237914  -0.061062240639595847385113043881
 450   0.369553980224770190783805778862  -0.061062240629014032208592462735
 451   0.312557677933854769941104005811  -0.061062240577489023895829303223
 452   0.255094243945312816799065925158  -0.060225223146658377468006976261
 453  -0.369550984434563745985187870078  -0.055760990437718026434950839595
 454  -0.426550282413638249848295010184  -0.055757789004781617880604090682
 455  -0.483546584772014427989781330878  -0.055757788844429684597995357654
 456   0.005088522188199515067010042854  -0.050991795709983252901437325217
 457  -0.051908292568389186632768070064  -0.050990946635575599747611617272
 458  -0.108905006325787475779329009728  -0.050990362397060563669602247475
 459  -0.165901618850049434857532973351  -0.050989971642563394692091330211
 460  -0.280031609840268642895741278108  -0.050749914994008792825967178349
 461  -0.223035242300694636582469432485  -0.050749914946622813022713300138
 462   0.079742103822549565496630501122  -0.045522915511471294174685702164
 463   0.193735821746147670770090728871  -0.045521686597968644046218370168
 464   0.136739496271104745787887667540  -0.045521336752512057140824114967
 465   0.455048433630897946338178451909  -0.044608825416382349202632653900
 466   0.398052131362028667580842819253  -0.044608825406840258591427983639
 467   0.341055829093727985227278852137  -0.044608825396225075599871341730
 468   0.284059526694432269527070414226  -0.044608825164998423333230511621
 469   0.226596092822406406332901629669  -0.043771807901366044953996811240
 470  -0.341052828158518204267115803953  -0.039307575212288247387998151860
 471  -0.398050283207552385174675559490  -0.039307575148690411016180427031
 472  -0.455048433582380496882441457406  -0.039304373714712808476741910060
 473  -0.023409816059272774433016360451  -0.034538094988600535549192062525
 474  -0.080406740526528821807981140688  -0.034537145767684602936723863135
 475  -0.137403356631102016976283834424  -0.034536748822526352337149823322
 476   0.033447618533080294203913254792  -0.034297939056207637288138225841
 477  -0.194536315688102684248842405767  -0.034297841244486128597884236357
 478  -0.308529775685241517693325872360  -0.034296499764296029747635466518
 479  -0.251533458242733150781262166412  -0.034296499717581780428355290407
 480   0.165237760000145970496340396894  -0.029068116548307550122926591244
 481   0.108241345183840523426470091190  -0.029067921445485644177466413281
 482   0.483546584769129748286534786434  -0.028155410192131544447886156387
 483   0.426550282498550227904563959901  -0.028155410183624703365228695499
 484   0.369553980229399693926729379142  -0.028155410173042888188480775717
 485   0.312557677933854769941104005811  -0.028155410121517879875391964979
 486   0.255094244161381336101597650052  -0.027318392690687234156930041111
 487  -0.369552132027858150680926231874  -0.022854160001757475223279047904
 488  -0.426550282413638249842387950982  -0.022850958548810473860166752438
 489  -0.483546584772014427989781330878  -0.022850958388458540577558019410
 490  -0.051908366750426296193537690101  -0.018084116175066046975083562990
 491  -0.108905091302703230223999410919  -0.018083531384321075241806112903
 492  -0.165901668973447875106218045056  -0.018083141179882097090704100480
 493   0.004948901816969116266158670917  -0.017845503485968337046361419699
 494   0.061945339042235925225518927485  -0.017843777988560324006345863627
 495  -0.280031623619423590181786474496  -0.017843084538035230337460471166
 496  -0.223035304358278089503829689078  -0.017843084490710184872851411219
 497   0.193735803821569134367451498270  -0.012614515452794292081934763540
 498   0.136739496358607371891994141416  -0.012614506290018225382068460170
 499   0.455048433635928737326564084918  -0.011701994960411205182579868918
 500   0.398052131365653610601407713149  -0.011701994950869114571190303213
 501   0.341055829093727985227278852137  -0.011701994940253931579434003486
 502   0.284059526909042239719255028427  -0.011701994706321964274593015071
 503   0.226596093038474925635433354562  -0.010864977445394901642919876091
 504  -0.341053980894959019957951125585  -0.006400744773773041887751684041
 505  -0.398050283212442758540516634560  -0.006400744684246693266537490062
 506  -0.455048433583852485751463267763  -0.006397543256192104926943195502
 507  -0.080406825405934696081152691371  -0.001630314933394967367220428207
 508  -0.137403406753845982892474439095  -0.001629918359996050278006389643
 509  -0.023549282902036456501062200622  -0.001392146430963807855267797392
 510   0.033446757305114655126447011189  -0.001391108611506396789983847064
 511  -0.194536377955679297484161527607  -0.001391010788573897135167646421
 512   0.090443169825912971308623473451  -0.001389690927866016144722649164
 513  -0.308530933474064678558577045322  -0.001389669328692616998743736402
 514  -0.251533471488220802544335214799  -0.001389669261613302160600632363
 515   0.165237652735152902693007314209   0.003838899855700883826110926595
 516   0.483546584771605319681396702574   0.004751420263839599572458063595
 517   0.426550282501306054383954978647   0.004751420272346440655093247560
 518   0.369553980229399693926729379142   0.004751420282928255831956562527
 519   0.312557678068915455005429874759   0.004751420474941984021364946433
 520   0.255094244215330820132874525760   0.005588437765283909819283244149
 521  -0.369552132027856866482051498469   0.010052670454213668797158290315
 522  -0.426550282413638249838375680108   0.010055871907160670160270585806
 523  -0.483546584772014427989781330878   0.010055872067512603442879318834
 524  -0.108905142072628634591632140166   0.014823300196370501018103164752
 525  -0.165901731246495189571580269506   0.014823689285778532677563358826
 526  -0.052047473808812693551671903783   0.015061199906452366711362339664
 527   0.004948437913142568530938083620   0.015062015179773415095183730921
 528   0.061944630816378005532971002828   0.015063052459789547182068345208
 529   0.118941321030569447514718073033   0.015063724246821592140021278339
 530  -0.280032782340517118785398059945   0.015063745898168704276675665801
 531  -0.223035318396964165658816479262   0.015063745965257964560990774184
 532   0.193735803871555269189648120369   0.020292315077617534809264067353
 533   0.455048433636959685801140728238   0.021204835495559938837841319871
 534   0.398052131365653610601407713150   0.021204835505102029449247035031
 535   0.341055829204587163704880401765   0.021204835698124171432755512447
 536   0.284059526962991723750531904135   0.021204835749649179701620270188
 537   0.226596093092424409666710230270   0.022041853010576242333293409169
 538  -0.341053980893898842067950723640   0.026506085682198102132668576029
 539  -0.398050283218369107599136203166   0.026506085781991851061204255030
 540  -0.455048433585477464610644175490   0.026509287202593585060331625860
 541  -0.137403469027096284313350855241   0.031276912105030988459460683397
 542  -0.080545648650595777718617891478   0.031514574069376874154215115114
 543  -0.023549752995961046722340116053   0.031515361513158429861091782649
 544  -0.194536392296301848084014316484   0.031515819667396989883575208427
 545   0.033446234933766821666332087973   0.031516043761555921506290835049
 546   0.147439491597470334354493982698   0.031517139517484217603295670366
 547   0.090443169923827258732683734737   0.031517139528105127730042688025
 548  -0.308530933473040349241391552538   0.031517161127802147205762417018
 549  -0.251534631235196866955904240254   0.031517161173921156979051657008
 550   0.483546584772014427989781330878   0.037658250719810743592892858755
 551   0.426550282501306054383954978647   0.037658250728317584675530585804
 552   0.369553980340841080379558735772   0.037658250920297945050045984951
 553   0.312557678098663432449982431140   0.037658250972831367113010836202
 554   0.256052688226175678239596712911   0.038481307456221973511421012394
 555  -0.369552132027855344130082046744   0.042959500910184812817595628523
 556  -0.426550282413638249834652759674   0.042962702363131814180707924050
 557  -0.483546584772014427989781330878   0.042962702523483747463316657077
 558  -0.165901745810935604926857983588   0.047730520136964018401956505644
 559  -0.109043829526996428572154263257   0.047967937779997942228228636959
 560  -0.052047927848471343917414005064   0.047968735657502797471006371041
 561   0.004948044024029673812219936216   0.047969390093843619492944340867
 562   0.061944630909629426259467705651   0.047969882915760691070377682259
 563   0.118941340439928947984752678439   0.047970554702787012071705636117
 564   0.175937642735840759252089239004   0.047970554740666405014120703775
 565  -0.223036480101615181271687200554   0.047970576400723370442693046934
 566  -0.280032782367192799590839070770   0.047970576403469975292264830025
 567   0.455048433636959685801140728238   0.054111665951531082858278658115
 568   0.398052131476493524162106001269   0.054111666143513500276329535724
 569   0.341055829234917349124660765147   0.054111666195005140730301308706
 570   0.284550839361847386939047239915   0.054934722679404160922811578407
 571   0.227554537096632648297789158092   0.054934722690019343913883582501
 572  -0.341053980894956213407087272448   0.059412916138169246153088926399
 573  -0.398050283221985739884861603034   0.059412916244228811325550402175
 574  -0.455048433586727070833035115328   0.059416117660729110563509448553
 575  -0.137541986690127827289497371499   0.064421342563309285751440643030
 576  -0.080546108763036582790283550927   0.064422099407235548473740705873
 577  -0.194537554482686322111647946219   0.064422650106636263420398398223
 578  -0.023550130829315762740134279336   0.064422764236741478488723775851
 579   0.033446237002194452125522433821   0.064422877643917810316326098246
 580   0.147439491605715521334678256439   0.064423969973455361622700045128
 581   0.090443189337802066790557242244   0.064423969984070544939167216480
 582  -0.251534631233813093101605704973   0.064423991630998343828772706113
 583  -0.308530933485407882842425377766   0.064423991656887924882783333155
 584   0.483546584772014427989781330878   0.070565081175781887613330196999
 585   0.426550282612147155579291750860   0.070565081366726998459077608035
 586   0.369553980370569792907208030644   0.070565081418220695956584859478
 587   0.313048990498101303613725573923   0.071388137901577934540102050912
 588   0.256052688232304356997239685097   0.071388137913201531325274148514
 589   0.199056385966507410380378175520   0.071388137922808300522462923841
 590  -0.369552132027854405750867262949   0.075866331366155956838032966754
 591  -0.426550282413638249832294026650   0.075869532819102958201145262294
 592  -0.483546584772014427989781330878   0.075869532979454891483753995321
 593  -0.109044266195516690370387976454   0.080875504245978370709058868231
 594  -0.166039393111705639994411042354   0.080876047601730536469395458731
 595  -0.052048311713797532289517962164   0.080876127933365579957065859880
 596   0.004948045722987592720283664167   0.080876223337666112640096120106
 597   0.061944650328267099434363251539   0.080876713371726105528230945256
 598   0.118941340474823133534792355947   0.080877385204915575658258012714
 599  -0.223036480096651412864723518136   0.080877406856694514462756010064
 600  -0.280032782352136809671709338942   0.080877406884228135001314994331
 601   0.455048433747201897767932353502   0.087018496590977803214129146921
 602   0.398052131506223424324393780235   0.087018496641434194139332931790
 603   0.341547141634355220307409920359   0.087841553125768535777644630629
 604   0.284550839368558273671918019104   0.087841553135375304942564621018
 605   0.227554537102179119079828702524   0.087841553145990487933853489854
 606   0.170558234836382172462967192954   0.087841553155597257131042265194
 607  -0.341053980894955275027872488653   0.092319746594140390173526264630
 608  -0.398050283227053289508359043366   0.092319746708979486191792688036
 609  -0.455048433588033868368382560392   0.092322948118963694326810522960
 610  -0.194537554479173047649373617102   0.097329480565120009789266988818
 611  -0.080546468995694566815867575339   0.097329532510968632239070614133
 612  -0.023550129354012971069661933264   0.097329597093956767105484329792
 613   0.033446257655271143411375863939   0.097329710232898858424542410041
 614  -0.137541675869163644765902002721   0.097330214326975382795859885749
 615   0.090443189346047253663145491188   0.097330800440041688958571591268
 616  -0.251534631216445839647613527584   0.097330822107376960819785818122
 617  -0.308530933485406944463210593970   0.097330822112859068903220671385
 618   0.426550282641278166513034382876   0.103471911865684998894384470674
 619   0.483546584772014427989781330878   0.103471912006173718814928096843
 620   0.370045292770573244451775977702   0.104294968349896969391713880478
 621   0.313048990504229982371368546109   0.104294968358557492353955187031
 622   0.256052688239015243730110464286   0.104294968369172675345027191125
 623   0.199056385972053881162417719959   0.104294968378779444542432831207
 624   0.142060083705489784663081292464   0.104294968387057471166600232781
 625  -0.369552132027853090922548837941   0.108773161822127100858470304971
 626  -0.426550282413638249830296241285   0.108776363275074102221582600538
 627  -0.483546584772014427989781330878   0.108776363435426035504191333565
 628  -0.052048309988661940798665752736   0.113782961223305770703408029893
 629   0.004948066165989980352058277326   0.113783055561381231700368702697
 630   0.061944650336512286306951500483   0.113783543827697249547635320045
 631  -0.166039830801854819836528798977   0.113783636145679168747905900804
 632  -0.109043875593971070564766516172   0.113784237243370755691073898268
 633  -0.223036480077943047457688078170   0.113784237326241567174715511133
 634  -0.280032782352135871292732890707   0.113784237340199279022165141861
 635   0.455048433666090696734883360252   0.119925327280880914495183420596
 636   0.398543443907833792902292920660   0.120748383577723600350872276548
 637   0.341547141639901691043262884627   0.120748383581739679813074471585
 638   0.284550839374686952429560991291   0.120748383592354862756417757138
 639   0.227554537108890005812699481713   0.120748383601961631953606532465
 640   0.170558234841928643245006737388   0.120748383611568401151012172550
 641   0.113561932576713904791434427704   0.120748383622183584466913811334
 642  -0.341053980894812546818188829677   0.125226577050111534193963293343
 643  -0.398050283230217976833829601894   0.125226577170444476720120505944
 644  -0.455048433589134120792300692783   0.125229778576840531460141320077
 645  -0.023550109569092369412776882955   0.130236428177060778873296294052
 646   0.033446260725056513975607847028   0.130236545991791794029197484389
 647  -0.194537984662286190080638605994   0.130237056224638556247233930974
 648  -0.080545724417009457815979593227   0.130237652395036731214297803394
 649  -0.137542026724096308476707442322   0.130237652476159712309127655250
 650  -0.251534631216444901268398743789   0.130237652563348104840223156352
 651  -0.308530933485281288988821615559   0.130237652568941018952686625740
 652   0.483546584772014427989781330878   0.136378742555588110175438744348
 653   0.085063637789533812658779901907   0.137201550031146147364898112791
 654   0.370045292775027084251898863183   0.137201798805868113411849811864
 655   0.313048990510358661101455329809   0.137201798815537050215537041692
 656   0.256052688244561714512150008718   0.137201798825143819364997098478
 657   0.199056385978764767895288499148   0.137201798834750588562185873818
 658   0.142060083712385613490812307198   0.137201798845365771878430206526
 659   0.427041594932646323124141898036   0.137201798992919515951671226471
 660  -0.369552132027710367128100040688   0.141679992278098244878907333703
 661  -0.426550282413638249828985938831   0.141683193731045246242019938781
 662  -0.483546584772014427989781330878   0.141683193891397179524628671809
 663   0.004948068230533361936182309953   0.146689889579133983097653183529
 664  -0.052047563574713229443157093413   0.146691050805840621235329851597
 665  -0.109043875588424599771786858897   0.146691067699341899711043805620
 666  -0.166040177820073230450551772820   0.146691067768095286960109331374
 667  -0.223036480079543428378444835988   0.146691067784400278191320113793
 668  -0.280032782351946241928880499957   0.146691067796170423044716378355
 669   0.056565478850140142366293191490   0.153654951737878001404102953717
 670   0.341547141645484054310091308365   0.153655214039665483814312381971
 671   0.284550839380233423184044347236   0.153655214048326006824116383032
 672   0.227554537114436476594739026153   0.153655214057932775973576439831
 673   0.170558234848639530165490641198   0.153655214067539545495720679044
 674   0.113561932582260375573328677115   0.153655214078154728486883718687
 675   0.398543443799839614473747840559   0.153655214221064029012648761786
 676   0.455539746038570054379039868662   0.153655214267626711631926550223
 677  -0.341053980894141495825122152425   0.158133407506082678214393789399
 678  -0.398050283235007744476775920315   0.158133407634727260947896221066
 679  -0.455048433590201764513910269785   0.158136609034660888663622872776
 680  -0.023549412439041520753449118050   0.163144466029022808663595012055
 681  -0.080545724411521581874720431727   0.163144482851109364495136837512
 682  -0.137542026684296557495454012411   0.163144482991459277775367222239
 683  -0.194538328945101483874171395992   0.163144483009712479670731723954
 684  -0.251534631216255271903325577863   0.163144483019319248860659948216
 685  -0.308530933484811080480168138096   0.163144483026215677481530395037
 686   0.028067227567506974579303052746   0.170108193500215509139031225907
 687   0.085063670547889479742235207687   0.170108437217660387666856357173
 688   0.313048990515358816392680325792   0.170108629272454440422891723310
 689   0.256052688250108185266633364671   0.170108629281114963432695724385
 690   0.199056385984311238864941168202   0.170108629290721732907111245057
 691   0.142060083719096500223683086372   0.170108629301336915898183249137
 692   0.370045292670296584531940285740   0.170108629454861399415111331893
 693   0.427041594905763345728645811185   0.170108629495771224692904085539
 694   0.483546584772014427989781330878   0.170931685979665313088414356098
 695  -0.369552132027039313857637744130   0.174586822734069388899337829713
 696  -0.426550282413638249828039339328   0.174590024187016390262457277025
 697  -0.483546584772014427989781330878   0.174590024347368323545066010052
 698  -0.052047563569166758729669243142   0.179597881261811765255299758961
 699  -0.109043875510827760606222567778   0.179597898160224284096801524038
 700  -0.166040177809429775169036035919   0.179597898232894667072275870257
 701  -0.223036480080583563198100917698   0.179597898242501436262049422222
 702  -0.280032782350723448968007389005   0.179597898252141567065180627324
 703   0.056565512659458928010403560401   0.186561840744715620237437543795
 704   0.284550839385233578475269343227   0.186562044505243397031471064663
 705   0.227554537119982947536835506721   0.186562044513903920366230529610
 706   0.170558234854768208923133613376   0.186562044524519103309573815151
 707   0.113561932588971262306199456288   0.186562044534125872506636761298
 708   0.341547141540171346614529303166   0.186562044687650356023690673236
 709   0.398543443776220315786838256367   0.186562044729568595095366655645
 710  -0.000430669233546843610730578580   0.186562049236015449786011358915
 711   0.455048433636342720983717703367   0.187385101212454266764428980392
 712  -0.341053980892620645434659027104   0.191040237962053822234795983178
 713  -0.398050283238093544174918134379   0.191040238096087751843167179415
 714  -0.455048433591271056612150107355   0.191043439492484100938920106714
 715  -0.080545724329371980843600272393   0.196051313307080508413033808664
 716  -0.137542026668356726667947114485   0.196051313448248132824835474379
 717  -0.194538328944911842340666591105   0.196051313465683623691168515748
 718  -0.251534631215032478942423813157   0.196051313475290392881074567428
 719  -0.308530933483888365626174135512   0.196051313486068860462215559617
 720   0.085063711261829046882664519348   0.203015338181515948675791042661
 721   0.256052688255108340745471485276   0.203015459738032353965005869889
 722   0.199056385990439917595027951895   0.203015459747701290768693099704
 723   0.142060083724642971005722630804   0.203015459757308059918153156490
 724   0.313048990410046108697118320601   0.203015459920439312632270014589
 725   0.370045292646095077869427273794   0.203015459962357551703945996985
 726   0.028067481899718519310995392274   0.203015464463365550345918199972
 727  -0.028928820363672081555697749655   0.203015464468804406346861981724
 728   0.483546584772014427989781330878   0.203838516435636457108851694342
 729   0.426550282506799691041910148548   0.203838516446251637166891550499
 730  -0.369552132025518468381004908654   0.207493653190040532919740023719
 731  -0.426550282413638249827412002102   0.207496854642987534282894615269
 732  -0.483546584772014427989781330878   0.207496854803339467565503348296
 733  -0.109043875499758147262611952639   0.212504728617317484178798067293
 734  -0.166040177809230873491548599715   0.212504728688865811092712607381
 735  -0.223036480078174251732418874000   0.212504728698472580282398560210
 736  -0.280032782347478630264442204244   0.212504728708112711085463135307
 737   0.227554537125565310803663930450   0.219468874971829724367468439983
 738   0.170558234860314679677616969322   0.219468874980490247377272441044
 739   0.113561932594517733088239000723   0.219468874990097016526606668655
 740   0.284550839279920870967320462650   0.219468875153228269565804819815
 741   0.341547141515969839952016291229   0.219468875195146508312525338338
 742   0.056565633035390227982889730792   0.219468879686547737805037484525
 743  -0.000430669230406718633971778801   0.219468879696154506906768822781
 744  -0.057426968805509627102292331982   0.219468884357843351224638796363
 745   0.455048433642471398047973776060   0.220291931669433827511314264448
 746   0.398052131376674453123894175266   0.220291931679040593776451640543
 747  -0.341053980887025900914572435455   0.223947068418024966254757718548
 748  -0.398050306799803486983797578964   0.223947109372687466567412432428
 749  -0.455048433593144435035215677485   0.223950269951700031591274065578
 750  -0.137542026668770950665804171357   0.228958143904246739829535380586
 751  -0.194538328940355685593912612668   0.228958143921654767711290439775
 752  -0.251534631208299489647628361759   0.228958143931261536900823095109
 753  -0.308530933478293621106087543863   0.228958143942040004482177294987
 754   0.199056385995440072886252947878   0.235922290204618680976047781322
 755   0.142060083730189441760133339242   0.235922290213279203985725953210
 756   0.256052688150377841025512826024   0.235922290387025639968267531591
 757   0.313048990385844602222218433279   0.235922290427935465246060143564
 758   0.085063784170702782148407349299   0.235922294910351999117195031843
 759   0.028067481905264990037922559717   0.235922294919336694365888107334
 760  -0.028928817672189603197967786703   0.235922299585288127347837050250
 761  -0.085925119922692249023977034032   0.235922299613049576291581871390
 762   0.426550282512346160130543415896   0.236745346902222784119860042816
 763   0.483546584772014427989781330878   0.236745346903231197913776834555
 764   0.369553980246549215206483192701   0.236745346911829550385030981896
 765  -0.369552132020054472761634470347   0.240400483646011676939723728967
 766  -0.426550282413638249827086687259   0.240403685098958678303331953513
 767  -0.483546584772014427989781330878   0.240403685259310611585940686540
 768  -0.166040177804683976888777960515   0.245411559144836955112835812230
 769  -0.223036480070480923521677332501   0.245411559154443724301936582140
 770  -0.280032782338405466243679841739   0.245411559164083855104649634375
 771   0.170558234865314834968769317798   0.252375705437407637584501293489
 772   0.227554537019735725018202963733   0.252375705620709855676256488185
 773   0.284550839256301572280410878452   0.252375705661732835648522713658
 774   0.113561935306374490820301687817   0.252375710133534186576314316397
 775   0.056565633040577544203440178223   0.252375710143140955678045654652
 776  -0.000430666536426514296833971361   0.252375714808628589947020920178
 777  -0.057426968789373213214780981093   0.252375714840492640983818640334
 778  -0.114423271047854861167358536835   0.252375714854434052873391658647
 779   0.398052131382220922213132433331   0.253198762135011740728439384169
 780   0.455048433641889190072350970714   0.253198762136020154522322612923
 781   0.341055829116423977476685334750   0.253198762144618507318565787121
 782  -0.341053980876605764918461826741   0.256853898873996110273545258974
 783  -0.398050356430436356911396223399   0.256854025813084144214209532228
 784  -0.455048433594335084884696940159   0.256857100409733441658171763423
 785  -0.194538328934809214800504817936   0.261864974377625911731260347126
 786  -0.251534631200606161433404189920   0.261864974387232680920361117038
 787  -0.308530933467873485109976935152   0.261864974398011148500964835413
 788   0.199056385886916623371295848088   0.268829120858164721060731607036
 789   0.256052688126176334360038878191   0.268829120894521792251973421920
 790   0.142060086441499884028937666373   0.268829125357662620175089656675
 791   0.085063784176249252875334516742   0.268829125366323143137164939206
 792   0.028067484598917278911694941720   0.268829130032486958848415261747
 793  -0.028928817653625513741001050800   0.268829130063806448312984956844
 794  -0.085925119914584208061819463984   0.268829130081793316264777696908
 795  -0.142921422177280544187690119199   0.268829130088434674105865009583
 796   0.369553980252095684483334575380   0.269652177367800697661974189395
 797   0.483546584772014427989781330878   0.269652177368809111130868391291
 798   0.426550282511763952154939988149   0.269652177368809111130901954276
 799   0.312557677986880947534877779924   0.269652177378415877721028357215
 800  -0.369552132009503580813149546553   0.273307314101982820958469604992
 801  -0.426550282413638249827391988368   0.273310515554929822323769291757
 802  -0.483546584772014427989781330878   0.273310515715281755606378024784
 803  -0.223036480064934452728269537767   0.278318389610414868321906489493
 804  -0.280032782330712138024810331157   0.278318389620054999124188960090
 805   0.227554536996051096426516016860   0.285282536127310748832646170657
 806   0.113561935311374646083970495297   0.285282540590451576735940279484
 807   0.170558237457955563384136590613   0.285282540787333025840121814629
 808   0.056565635734588987583589280239   0.285282545255669146307534546300
 809  -0.000430666518274502730688126233   0.285282545287677318813760613010
 810  -0.057426968778906905536872678027   0.285282545304985192501998143839
 811  -0.114423271044015181255669412529   0.285282545315784774647940845156
 812  -0.171419573307405782099416976619   0.285282545321223630724289544479
 813   0.455048433641889190072370348313   0.286105592601598067739447732644
 814   0.341055829122552654541527020554   0.286105592601598068064436759489
 815   0.398052131381638714425142130199   0.286105592601598068064436759502
 816   0.284059526856755709614505779662   0.286105592611204834324479065478
 817  -0.341053980868912436699593068901   0.289760729329967254293083280901
 818  -0.398050389741368736998814982417   0.289760913979501446580528910594
 819  -0.455048433598040890059159609132   0.289763930872123228562404781851
 820  -0.251534631195040429319668934730   0.294771804843237186525746013969
 821  -0.308530933460180156891108177313   0.294771804853982292520502857341
 822   0.142060086323895349296895058078   0.301735956026937560892687652357
 823   0.199056388572236145453213053021   0.301735956047565731365260542191
 824   0.085063786869714380792225258794   0.301735960479797579906309886579
 825   0.028067484617397205941206212286   0.301735960510859506272879897563
 826  -0.028928817643584621823111695267   0.301735960528806305865634835278
 827  -0.085925119908343472566572622777   0.301735960538966962077264610146
 828  -0.142921422174140419167396269950   0.301735960548573731266365380052
 829  -0.199917724437531020027181696451   0.301735960554012587314935686845
 830   0.483546584772014427989781330878   0.302559007834387024348027073997
 831   0.312557677992427416621155020293   0.302559007834387024667887467751
 832   0.426550282511763952342572490362   0.302559007834387024672982537870
 833   0.369553980252095684483334575373   0.302559007835395438466899329596
 834   0.255561375726630471680982918330   0.302559007843993790905151814217
 835  -0.369552132001810252594280788711   0.306214144557953964978007626920
 836  -0.426550282413638249830889089545   0.306217346010900966344206630000
 837  -0.483546584772014427989781330878   0.306217346171252899626815363027
 838  -0.280032782324508448185973525159   0.311225220077164479922048229796
 839   0.170558237442110907480144221201   0.318189371280354687877437660832
 840   0.056565635752522599149842190841   0.318189375734987939871655237842
 841  -0.000430666507912913151217356748   0.318189375751988493324754119832
 842  -0.057426968773030918395164623324   0.318189375762771223379219718384
 843  -0.114423271038468710478299480198   0.318189375771755918695689145042
 844  -0.171419573304265657095160989781   0.318189375781362687857011522418
 845  -0.228415875567636996618561753375   0.318189375786834905518808709252
 846   0.113561937881808628632361028466   0.318189375917022206423385803546
 847   0.284059526862302178687632158962   0.319012423067175981248560216488
 848   0.455048433641889190259983472928   0.319012423067175981281561879223
 849   0.341055829121970446562962575111   0.319012423068184395070350037858
 850   0.398052131382220922400764935536   0.319012423068184395075445107963
 851   0.227063227302815519017954610580   0.319012427764248776176975092636
 852  -0.341053980824683693101427169704   0.322667559785938398283797583940
 853  -0.398050612885197088377309146875   0.322668131020367000826358661659
 854  -0.455048433598134180713782742255   0.322670761328255956737451269500
 855  -0.308530933424099959867584838463   0.327678635362839401581518433579
 856   0.028067484627212480057418621807   0.334642790976116926923529460111
 857  -0.028928817637359209723270284805   0.334642790985953410838339002937
 858  -0.085925119903156156306891480744   0.334642790995560179997644253280
 859  -0.142921422168593948406064200029   0.334642791004544875286335287408
 860  -0.199917724434371633686387518675   0.334642791014185006061150463175
 861  -0.256914026697105015484885683843   0.334642791020762198915077427149
 862   0.142060089000450642185222918262   0.334642791169700691042306161585
 863   0.085063786763021658803065521341   0.334642791174975513328939119052
 864   0.483546584772014427989781330878   0.335465838299964938215096684449
 865   0.312557677991845208629439713781   0.335465838300973351651022786596
 866   0.369553980252095684480392935275   0.335465838300973351678895816226
 867   0.426550282512346160318175918101   0.335465838300973351684024449316
 868   0.255561378438487227660208012438   0.335465842987430963687433985490
 869   0.198565076172690280996827811045   0.335465842997037732767058844854
 870  -0.369552131957581508996114889514   0.339120975013925108968721929959
 871  -0.426550228184702560471838615438   0.339124176466827426974824074265
 872  -0.483546584772014427989781330878   0.339124176627224043647252701271
 873  -0.000430666502233816514634306250   0.351096206210081844437114343216
 874  -0.057426968767484447634997142226   0.351096206218742367456763537833
 875  -0.114423271033281394234656200576   0.351096206228349136588290395647
 876  -0.171419573298699924997290728922   0.351096206237367193490474228166
 877  -0.228415875563839652552864977174   0.351096206248112299457153262721
 878  -0.285412177796696527166496997146   0.351096206306437120574547630932
 879   0.056565635633135044983880914330   0.351096206424031221629407705338
 880   0.113561937883258860530733215151   0.351096206424891050986682205692
 881   0.341055829121970446546870073946   0.351919253533762308259568564966
 882   0.398052131382220922397803917838   0.351919253533762308287475157583
 883   0.455048433642471398047973776052   0.351919253533762308617559254542
 884   0.227063227308361989685599904685   0.351919258220219920196945000009
 885   0.284059529568030257602015567256   0.351919258221228334089896555597
 886   0.170066927731030015701906508110   0.351919262886383735931927345599
 887  -0.398050873732652636398354551030   0.355575507366754826595404651401
 888  -0.455048433600327956677757019815   0.355577591788026832209187263313
 889  -0.345650186420568307178046945834   0.361738589614136262395127840707
 890  -0.028928817632359054426361163670   0.367549621442870801055538878112
 891  -0.085925119897609685562761862057   0.367549621451531324047409680200
 892  -0.142921422163387370825562014156   0.367549621461171454792984831619
 893  -0.199917724428167943863768187421   0.367549621471294486886477027711
 894  -0.256914026663431164234476290477   0.367549621533787221116623466505
 895   0.028067484501226227466568251625   0.367549621662261350458131844088
 896   0.085063786757948741401594259249   0.367549621666020037974963512554
 897   0.369553980252095684464281056509   0.368372668766551264868147906324
 898   0.426550282512346160127601775791   0.368372668766551265221009962805
 899   0.483546584772014427989781330878   0.368372668767559679020021915484
 900   0.255561378437905019627407459503   0.368372673454017290599407570116
 901   0.312557680698155495519445927420   0.368372673454017290698442333964
 902   0.198565078866701724390678601751   0.368372678109565923361813500755
 903   0.141568776613838234047416805000   0.368372678141574095876303389706
 904  -0.313419015957905525446101203084   0.368372678946124813095763412739
 905  -0.426550282413586653950169941516   0.372031006922753887690469104824
 906  -0.483546584772014427989781330878   0.372031007083195187667690039515
 907  -0.374148158897518152510470440037   0.378192314279422209358251907960
 908  -0.057426968762484292354125883502   0.384003036675659757646185020478
 909  -0.114423271027715662153667675638   0.384003036684353642252104116174
 910  -0.171419573292855389692360187968   0.384003036695098748188432135950
 911  -0.228415875527759455545379500725   0.384003036756969408545947231495
 912  -0.000430666628899010445158605796   0.384003036895050307076556378984
 913   0.056565635628502444808569029983   0.384003036899984955452223304432
 914   0.398052131382220922194078914462   0.384826083999340221801682711545
 915   0.455048433641889190069409304391   0.384826084000348635623472578327
 916   0.284059529568030257544837819667   0.384826088686806247207953348483
 917   0.341055831828280733436856909982   0.384826088686806247307021675322
 918   0.227063229996244754334681238713   0.384826093343363293768078063234
 919   0.170066927749509942736188898640   0.384826093364756283306189544862
 920   0.113070625488528114918277849098   0.384826093382703082864584696568
 921  -0.284920864824640162514080496415   0.384826094173474913637839248312
 922  -0.455048433600448715037951408704   0.388484422244207135846056937696
 923  -0.345646030289931617151261401640   0.394645419807647885112988914841
 924  -0.402646041159040056579194328732   0.394646195197505494695191540002
 925  -0.085925119892590268945031697082   0.400456451908482075850879456452
 926  -0.142921422157183681020465849450   0.400456451918280935647551420503
 927  -0.028928817759024248372923325628   0.400456452127839263667202521352
 928   0.028067484498377206896842172562   0.400456452132773912070647839328
 929  -0.199919786795160520406706713013   0.400460024551066598483340099966
 930   0.426550282511763952135886442688   0.401279499233137592204145327714
 931   0.483546584772014427989781330877   0.401279499233137592226923241169
 932   0.312557680698155495462248802192   0.401279503919595203816532689906
 933   0.369553982958405971166654767935   0.401279503919595204240556480543
 934   0.255561381126374467730896411041   0.401279508576160002130339166482
 935   0.198565078879052972680326184277   0.401279508598553653712687325685
 936   0.141568776624199823607049942738   0.401279508605885270294470851724
 937   0.084572474359081818325252619832   0.401279508616668000341844488445
 938  -0.256422713688968453824983706663   0.401279509396657101067163013302
 939  -0.313415952308418380140372989206   0.401284814656849555853549081273
 940  -0.483546584772014427989781330878   0.404937837539166331688127377759
 941  -0.114423271022058287811829870894   0.416909867142409369246326760781
 942  -0.171419573287308918965433020525   0.416909867151069892208402043312
 943  -0.057426968889130224963829139209   0.416909867360661581871896957327
 944  -0.000430666631748031030922547269   0.416909867365562868661293981694
 945   0.455048433641889190056258469548   0.417732914465926548807595989910
 946   0.341055831828280733192046660182   0.417732919152384160750067495062
 947   0.398052134087949001108454789284   0.417732919153392574643032099003
 948   0.284059532256556409538714975636   0.417732923809047172720991253549
 949   0.227063230009187393266499012204   0.417732923831358515167097989497
 950   0.170066927753742853552738924636   0.417732923839682640703656249307
 951   0.113070625494753527014024713471   0.417732923839850187771730643600
 952   0.056074323228956580413525762411   0.417732923849456956960269023341
 953  -0.227926625225091537164708401993   0.417736496755129822409093710612
 954  -0.284917801172746671451276199454   0.417738229880031743282872846263
 955  -0.455048433638422278033963559466   0.421391252765950420501690348868
 956  -0.422230210262797026830605500379   0.423804488172120815711318640256
 957  -0.389275058936136881561960775585   0.424714057194209505755048941504
 958  -0.356049898901643228157004209086   0.425864308458083088684021622745
 959  -0.142921422152183525756797041969   0.433363282375198325807177383590
 960  -0.085925120018598243830627313021   0.433363282594588875267344261657
 961  -0.028928817761854007621828360849   0.433363282598385186865988417670
 962   0.483546584771837841100437426393   0.434186329699021362852440078529
 963   0.369553982957823763131422033762   0.434186334386181531156742726646
 964   0.426550285218035512774737261919   0.434186334386248607086126399473
 965   0.312557683387649296971794519714   0.434186339043512147471308129414
 966   0.255561381139363366872716983663   0.434186339064235348529370854656
 967   0.198565078883870762729671722490   0.434186339072476224066446314736
 968   0.084572474364628289102297926901   0.434186339072639144390155301211
 969   0.141568776624296556955832268702   0.434186339073647558174193212993
 970   0.027576172098831342475623655923   0.434186339082245913567348854132
 971  -0.199426411725396803721720357589   0.434186339341910041333663412073
 972  -0.313415952302871909379040919285   0.434191645112820699873518988630
 973  -0.256539572775957759161139418609   0.434397630941225793639563943930
 974  -0.483546584770715829242176461665   0.437844667995137475708539092770
 975  -0.057426968891322026488626534661   0.449816697832312480261435721998
 976  -0.114425299067208386403239780663   0.449820210756134841595007975100
 977   0.455048436347726931126976785656   0.450639749619788961222584786200
 978   0.398052134087451126514899996629   0.450639749619832831753522933659
 979   0.341055834519907547161850248177   0.450639754282012681588849245913
 980   0.284059532269793896940443732663   0.450639754297553086672604856456
 981   0.227063230014004698413487727601   0.450639754305280245611351665642
 982   0.056074323234503051174208440106   0.450639754305428100980238930698
 983   0.170066927754421794874108994096   0.450639754306436514781273043780
 984   0.113070625494171319044105678333   0.450639754306436514792618210435
 985  -0.000921979031875994956442813011   0.450639754316043096106197371461
 986  -0.170928260590271410513084379034   0.450639754566038474932438752351
 987  -0.227922500043650964268043220472   0.450643326952535772688497591559
 988  -0.285037723906082997088904138440   0.450851046174014750230210086297
 989  -0.442255998797444814836363154173   0.452519307354133527962276073671
 990  -0.406538404673965795435828622356   0.452728988652169818307717587052
 991  -0.373645089477177886340403030703   0.453672018886463315083248758770
 992  -0.339471853566010225859199648414   0.454290140081937594771840276072
 993  -0.085925120029842755760969320692   0.466270113050560019285860432672
 994   0.426550285214852253825769947135   0.467093164857340086335329975206
 995   0.369553985655281782022248355955   0.467093169527407167977471379286
 996   0.312557683400138293037434832156   0.467093169532745773873545167721
 997   0.255561381144143154443038569952   0.467093169538092096681418130580
 998   0.027576172104377813255931714712   0.467093169538217057587318761485
 999   0.483546584772014427989781330878   0.467093169539225470576869334369
1000   0.198565078884547032802198759654   0.467093169539225471371356190433
1001   0.084572474364046081116015995337   0.467093169539225471382701500091
1002   0.141568776624296556962382403729   0.467093169539225471399698041226
1003  -0.029420130163685945958218626543   0.467093169553766888965356620213
1004  -0.142432137794844466933647688787   0.467096682477589250298928873306
1005  -0.199668836912246055389483285393   0.467513122751985184192730094558
1006  -0.258584085071378630447190653918   0.470423079360708744011475036303
1007  -0.483546584772014427989781330878   0.470751498451108619728950807782
1008  -0.321648131018729618927340526087   0.482414103025778533187684841192
1009  -0.420335861099260122104043757214   0.482603554537720931214250159160
1010   0.398052136786332528957665983327   0.483546584770859155910007317550
1011   0.341055834530966234110704360872   0.483546584771663302960445826039
1012   0.284059532273748863312353797524   0.483546584772011657139167294668
1013   0.170066927754421794890472217166   0.483546584772014427989781305210
1014  -0.453229176296048031199469348867   0.483546584772014427989781330878
1015  -0.387442545902472213008618165561   0.483546584772014427989781330878
1016  -0.354535715446501068988180827318   0.483546584772014427989781330878
1017  -0.288760793398416348140738534942   0.483546584772014427989781330878
1018  -0.228407387167574435710239373000   0.483546584772014427989781330878
1019  -0.170932316832210097575918148758   0.483546584772014427989781330878
1020  -0.113931958757478836291377228816   0.483546584772014427989781330878
1021  -0.057918281302206675230561412568   0.483546584772014427989781330878
1022  -0.000921979025165216685875840518   0.483546584772014427989781330878
1023   0.056074323233920843197739269943   0.483546584772014427989781330878
1024   0.113070625494171319034292720731   0.483546584772014427989781330878
1025   0.227063230014672270713925267461   0.483546584772014427989781330878
1026   0.455048433641889190536752023466   0.483546584772014427989781330878
