   1  -0.375000000000000000000000000000  -0.375000000000000000000000000000
   2  -0.125000000000000000000000000000  -0.375000000000000000000000000000
   3   0.125000000000000000000000000000  -0.375000000000000000000000000000
   4   0.375000000000000000000000000000  -0.375000000000000000000000000000
   5  -0.375000000000000000000000000000  -0.125000000000000000000000000000
   6  -0.125000000000000000000000000000  -0.125000000000000000000000000000
   7   0.125000000000000000000000000000  -0.125000000000000000000000000000
   8   0.375000000000000000000000000000  -0.125000000000000000000000000000
   9  -0.375000000000000000000000000000   0.125000000000000000000000000000
  10  -0.125000000000000000000000000000   0.125000000000000000000000000000
  11   0.125000000000000000000000000000   0.125000000000000000000000000000
  12   0.375000000000000000000000000000   0.125000000000000000000000000000
  13  -0.375000000000000000000000000000   0.375000000000000000000000000000
  14  -0.125000000000000000000000000000   0.375000000000000000000000000000
  15   0.125000000000000000000000000000   0.375000000000000000000000000000
  16   0.375000000000000000000000000000   0.375000000000000000000000000000
