   1  -0.456423367267444830183645259492  -0.456423367267444830183645259492
   2  -0.302993061132145604409468744499  -0.456423367267444830183645259492
   3  -0.149754629325730320218974852660  -0.456423367267444830183645259492
   4   0.001199254505378787665774714508  -0.456423367267444830183645259492
   5   0.152153138336487895550524281675  -0.456423367267444830183645259492
   6   0.303107022167597003435273848843  -0.456423367267444830183645259492
   7   0.456423367267444830183645259492  -0.456423367267444830183645259492
   8  -0.379708214199795217296557001995  -0.415065454227264904124655039304
   9   0.379765194717520916809459554167  -0.414959934431534024404704310620
  10  -0.226373845228937962314221798579  -0.414887991554570295859891190993
  11  -0.074277687410175766276600069076  -0.412846734534889660367290518984
  12   0.076676196420933341608149498091  -0.412846734534889660367290518984
  13   0.227630080252042449492899065259  -0.412846734534889660367290518984
  14  -0.456423367267444830183645259492  -0.369270101802334490550935778475
  15  -0.302993061132145604409468744499  -0.369270101802334490550935778475
  16  -0.149754629325730320218974852660  -0.369270101802334490550935778475
  17   0.001199254505378787665774714508  -0.369270101802334490550935778475
  18   0.152153138336487895550524281675  -0.369270101802334490550935778475
  19   0.303107022167597003435273848843  -0.369270101802334490550935778475
  20   0.456423367267444830183645259492  -0.369270101802334490550935778475
  21  -0.379708214199795217296557001995  -0.327912188762154564491945558287
  22   0.379765194717520916809459554167  -0.327806668966423684771994829604
  23  -0.226373845228937962314221798579  -0.327734726089459956227181709977
  24  -0.074277687410175766276600069076  -0.325693469069779320734581037967
  25   0.076676196420933341608149498091  -0.325693469069779320734581037967
  26   0.227630080252042449492899065259  -0.325693469069779320734581037967
  27  -0.456423367267444830183645259492  -0.282116836337224150918226297459
  28  -0.302993061132145604409468744499  -0.282116836337224150918226297459
  29  -0.149754629325730320218974852660  -0.282116836337224150918226297459
  30   0.001199254505378787665774714508  -0.282116836337224150918226297459
  31   0.152153138336487895550524281675  -0.282116836337224150918226297459
  32   0.303107022167597003435273848843  -0.282116836337224150918226297459
  33   0.456423367267444830183645259492  -0.282116836337224150918226297459
  34  -0.379708214199795217296557001995  -0.240758923297044224859236077271
  35   0.379765194717520916809459554167  -0.240653403501313345139285348587
  36  -0.226373845228937962314221798579  -0.240581460624349616594472228960
  37  -0.074277687410175766276600069076  -0.238540203604668981101871556951
  38   0.076676196420933341608149498091  -0.238540203604668981101871556951
  39   0.227630080252042449492899065259  -0.238540203604668981101871556951
  40  -0.456423367267444830183645259492  -0.194963570872113811285516816443
  41  -0.302993061132145604409468744499  -0.194963570872113811285516816443
  42  -0.149754629325730320218974852660  -0.194963570872113811285516816443
  43   0.001199254505378787665774714508  -0.194963570872113811285516816443
  44   0.152153138336487895550524281675  -0.194963570872113811285516816443
  45   0.303107022167597003435273848843  -0.194963570872113811285516816443
  46   0.456423367267444830183645259492  -0.194963570872113811285516816443
  47  -0.379708214199795217296557001995  -0.153605657831933885226526596255
  48   0.379765194717520916809459554167  -0.153500138036203005506575867571
  49  -0.226373845228937962314221798579  -0.153428195159239276961762747944
  50  -0.074277687410175766276600069076  -0.151386938139558641469162075934
  51   0.076676196420933341608149498091  -0.151386938139558641469162075934
  52   0.227630080252042449492899065259  -0.151386938139558641469162075934
  53  -0.456423367267444830183645259492  -0.107810305407003471652807335426
  54  -0.302993061132145604409468744499  -0.107810305407003471652807335426
  55  -0.149754629325730320218974852660  -0.107810305407003471652807335426
  56   0.001199254505378787665774714508  -0.107810305407003471652807335426
  57   0.152153138336487895550524281675  -0.107810305407003471652807335426
  58   0.303107022167597003435273848843  -0.107810305407003471652807335426
  59   0.456423367267444830183645259492  -0.107810305407003471652807335426
  60  -0.379708214199795217296557001995  -0.066452392366823545593817115238
  61   0.379765194717520916809459554167  -0.066346872571092665873866386554
  62  -0.226373845228937962314221798580  -0.066274929694128937329053266927
  63  -0.074277687410175766276600069076  -0.064233672674448301836452594918
  64   0.076676196420933341608149498091  -0.064233672674448301836452594918
  65   0.227630080252042449492899065259  -0.064233672674448301836452594918
  66  -0.456423367267444830183645259492  -0.020657039941893132020097854410
  67  -0.302993061132145604409468744499  -0.020657039941893132020097854410
  68  -0.149754629325730320218974852660  -0.020657039941893132020097854410
  69   0.001199254505378787665774714508  -0.020657039941893132020097854410
  70   0.152153138336487895550524281675  -0.020657039941893132020097854410
  71   0.303107022167597003435273848843  -0.020657039941893132020097854410
  72   0.456423367267444830183645259492  -0.020657039941893132020097854410
  73  -0.379708214199795217296557001995   0.020700873098286794038892365778
  74   0.379765194717520916809459554167   0.020806392894017673758843094462
  75  -0.226373845228937962314221798580   0.020878335770981402303656214089
  76  -0.074277687410175766276600069076   0.022919592790662037796256886099
  77   0.076676196420933341608149498091   0.022919592790662037796256886099
  78   0.227630080252042449492899065259   0.022919592790662037796256886099
  79  -0.302993061132145604409468744499   0.066496225523217207612611626606
  80  -0.456423367267444830183645259492   0.066496225523217207612611626607
  81  -0.149754629325730320218974852660   0.066496225523217207612611626607
  82   0.001199254505378787665774714508   0.066496225523217207612611626607
  83   0.152153138336487895550524281675   0.066496225523217207612611626607
  84   0.303107022167597003435273848843   0.066496225523217207612611626607
  85   0.456423367267444830183645259492   0.066496225523217207612611626607
  86  -0.379708214199795217296557001995   0.107854138563397133671601846795
  87   0.379765194717520916809459554167   0.107959658359128013391552575479
  88  -0.226373845228937962314221798580   0.108031601236091741936365695105
  89  -0.074277687410175766276600069076   0.110072858255772377428966367115
  90   0.076676196420933341608149498091   0.110072858255772377428966367115
  91   0.227630080252042449492899065259   0.110072858255772377428966367115
  92  -0.456423367267444830183645259492   0.153649490988327547245321107623
  93  -0.302993061132145604409468744499   0.153649490988327547245321107623
  94  -0.149754629325730320218974852660   0.153649490988327547245321107623
  95   0.001199254505378787665774714508   0.153649490988327547245321107623
  96   0.152153138336487895550524281675   0.153649490988327547245321107623
  97   0.303107022167597003435273848843   0.153649490988327547245321107623
  98   0.456423367267444830183645259492   0.153649490988327547245321107623
  99  -0.379708214199795217296557001995   0.195007404028507473304311327811
 100   0.379765194717520916809459554167   0.195112923824238353024262056495
 101  -0.226373845228937962314221798580   0.195184866701202081569075176122
 102  -0.074277687410175766276600069076   0.197226123720882717061675848131
 103   0.076676196420933341608149498091   0.197226123720882717061675848131
 104   0.227630080252042449492899065259   0.197226123720882717061675848131
 105  -0.456423367267444830183645259492   0.240802756453437886878030588639
 106  -0.302993061132145604409468744499   0.240802756453437886878030588639
 107  -0.149754629325730320218974852660   0.240802756453437886878030588640
 108   0.001199254505378787665774714508   0.240802756453437886878030588640
 109   0.152153138336487895550524281675   0.240802756453437886878030588640
 110   0.303107022167597003435273848842   0.240802756453437886878030588640
 111   0.456423367267444830183645259492   0.240802756453437886878030588639
 112  -0.379708214199795217296557001995   0.282160669493617812937020808827
 113   0.379765194717520916809459554167   0.282266189289348692656971537511
 114  -0.226373845228937962314221798580   0.282338132166312421201784657138
 115  -0.074277687410175766276600069076   0.284379389185993056694385329148
 116   0.076676196420933341608149498091   0.284379389185993056694385329148
 117   0.227630080252042449492899065258   0.284379389185993056694385329149
 118  -0.456423367267444830183645259492   0.327956021918548226510740069656
 119  -0.302993061132145604409468744499   0.327956021918548226510740069656
 120  -0.149754629325730320218974852660   0.327956021918548226510740069656
 121   0.001199254505378787665774714508   0.327956021918548226510740069656
 122   0.152153138336487895550524281675   0.327956021918548226510740069657
 123   0.303107022167597003435273848842   0.327956021918548226510740069657
 124   0.456423367267444830183645259492   0.327956021918548226510740069656
 125  -0.379708214199795217296557001995   0.369313934958728152569730289844
 126   0.379765194717520916809459554167   0.369419454754459032289681018528
 127  -0.226373845228937962314221798580   0.369491397631422760834494138155
 128  -0.074277687410175766276600069076   0.371532654651103396327094810164
 129   0.076676196420933341608149498091   0.371532654651103396327094810165
 130   0.227630080252042449492899065258   0.371532654651103396327094810165
 131   0.456275338881536151801153429142   0.415505384281921621232334705547
 132  -0.456354217630931308594792150406   0.415555378297766598982498858875
 133  -0.298555740535299699362961202028   0.418332626846230899400040951500
 134   0.291282775213195538045332629171   0.431064378172385650527181802368
 135  -0.136282411957676234814872956393   0.432778926496992819426571555260
 136   0.121327966005955563590648468314   0.446378570733132073778169468048
 137  -0.376944433440563107407779342501   0.456423367267444830183645259492
 138  -0.220167047630036291318143061556   0.456423367267444830183645259492
 139  -0.052397776285316178311602851229   0.456423367267444830183645259492
 140   0.034755489179794161321106629787   0.456423367267444830183645259492
 141   0.207900442832116965860190306841   0.456423367267444830183645259492
 142   0.374665107594274110230474951500   0.456423367267444830183645259492
