   1  -0.329172277418855254362585140209  -0.461798935455413778822201053116
   2   0.461766714169506085874040454561  -0.461798935455413778822201053116
   3  -0.044286298122392434549726653638  -0.461798935455413778822201053116
   4  -0.461798279538391836459141705038  -0.461798935455413778822201053116
   5   0.327417819555397234731590052593  -0.461798935455413778822201053116
   6   0.108517100802155488569431504177  -0.461798935455413778822201053116
   7  -0.192593417403342698886868934868  -0.461798935455413778822201053116
   8   0.184919229891327930925029397946  -0.461798935455413778822201053116
   9   0.032115401339881527009852425269  -0.461542715559744942784103396869
  10  -0.118439857762867566718297794253  -0.443399616935287347700763360171
  11   0.256168524723362582828309725269  -0.434215909600798586866117822983
  12  -0.260882847411098976624727037539  -0.427537600417585402850052734875
  13   0.394592266862451660302815253577  -0.425400048681910137388546940346
  14  -0.395485278478623545410863422624  -0.423853300399379476044964573916
  15   0.070538144009622718262308814904  -0.395505012880946224210476382020
  16  -0.065428800691879007989814716717  -0.388380409765654633836629769492
  17   0.196656276204005524377937093937  -0.386303723201836855698745578430
  18  -0.197066945896891582916290096666  -0.385527886739823299218868078252
  19   0.329482682593596893238341673930  -0.385424714215573651914473385111
  20  -0.329466894027480342628298396970  -0.385397374408452885277710342797
  21   0.461798935455413778822201053116  -0.385396813160628640106052694571
  22  -0.461798935455413778822201053116  -0.385396806369056880645872874265
  23   0.004369503424477033672288979103  -0.357308202379644139035480881503
  24  -0.130407950214582229152247028943  -0.348193403698211047258022082743
  25   0.130461266734170774248822989437  -0.348107706076684420629759577397
  26   0.262819550318760694416032900037  -0.348097617828816454541137160421
  27  -0.263229321350362479533673874775  -0.347320225155888047040525548052
  28   0.395632750760972408742122397636  -0.347195748616042418928253747686
  29  -0.395632750760972408742122397636  -0.347195741824470659468073927381
  30  -0.063039005167695928225140182406  -0.311936910399875197228929813393
  31   0.064289261264406185351128403933  -0.309906641753829097638143049746
  32   0.196624540848925944286918795537  -0.309901600703664019472151159388
  33  -0.197059328072740319782417807109  -0.309125758030425907870461604601
  34   0.461798935455413778822201053116  -0.308994684071456197750454800802
  35   0.329466566066531038662043742157  -0.308994684071456197750454800802
  36  -0.329466566066531038662043742157  -0.308994677279884438290274980497
  37  -0.461798935455413778822201053116  -0.308994677279884438290274980497
  38  -0.130400332390430966018374739386  -0.271791274988813655909615609092
  39   0.130455445958847555431207059413  -0.271705577209242876460344102862
  40   0.262787814963681114325014601637  -0.271695495330643618314542741379
  41  -0.263228666849473921269324367209  -0.270918096069519004395369261356
  42   0.395632750760972408742122397636  -0.270793619526869976572655853918
  43  -0.395632750760972408742122397636  -0.270793612735298217112476033612
  44   0.000000002117264949329676989551  -0.268624969214186438312771603946
  45   0.196618720073602725469302865512  -0.233499471836222475302735684853
  46  -0.197058673571851761518068299543  -0.232723628944056865225305317905
  47   0.461798935455413778822201053116  -0.232592554982283755394856907033
  48   0.329466566066531038662043742157  -0.232592554982283755394856907033
  49  -0.461798935455413778822201053116  -0.232592548190711995934677086728
  50  -0.329466566066531038662043742157  -0.232592548190711995934677086728
  51   0.066166186811706319409755645030  -0.230423904669600217134972657061
  52  -0.066166182577176420750401665928  -0.230423904669600217134972657061
  53   0.262787814963681114325014601637  -0.195293366241471175958944847610
  54  -0.263228666849473921269324367209  -0.194515966980346562039771367587
  55   0.395632750760972408742122397636  -0.194391490437697534217057960149
  56  -0.395632750760972408742122397636  -0.194391483646125774756878139843
  57   0.000000002117264949329676989551  -0.192222840125013995957173710177
  58   0.132329460926461489447851451130  -0.192217799296579815977364239052
  59  -0.132304649564822837591443950413  -0.192174871820617290202299265700
  60   0.329466566066531038662043742157  -0.156190425893111313039259013264
  61   0.461798935455413778822201053116  -0.156190425893111313039259013264
  62  -0.461798935455413778822201053116  -0.156190419101539553579079192959
  63  -0.329466566066531038662043742157  -0.156190419101539553579079192959
  64   0.066163276232020119367772795651  -0.154016734751993594799565292168
  65   0.198495491026041942921859996667  -0.154016466987091140994808410445
  66  -0.066138464870381467511365294933  -0.153973807276031069024500318816
  67  -0.198470679664403291065452495950  -0.153973539511128615219743437093
  68   0.395632750760972408742122397636  -0.117989361348525091861460066380
  69  -0.395632750760972408742122397636  -0.117989354556953332401280246074
  70   0.132329306331600572841781341188  -0.115815402442504919817009463561
  71  -0.132304494969961920985373840470  -0.115772474966542394041944490209
  72   0.000024809244373702526730511166  -0.115767701903010667866891900807
  73  -0.264633953779158461103548302049  -0.115767434138108214062135019084
  74   0.264633958013688359762902281151  -0.115767434138108214062135019084
  75   0.461798935455413778822201053116  -0.079788296803938870683661119495
  76  -0.461798935455413778822201053116  -0.079788290012367111223481299190
  77  -0.330800138473599831183626957529  -0.077566369593521992884336072200
  78  -0.198467769084717091023469646570  -0.077566369593521992884336072200
  79   0.330800142708129729842980936631  -0.077566369593521992884336072200
  80   0.198467773319246989682823625672  -0.077566369593521992884336072200
  81   0.066190839343954156000739056704  -0.077566369593521992884336072200
  82  -0.066141220855206750947278034371  -0.077566369593521992884336072200
  83  -0.396966323168041201263705613008  -0.039365305048935771706537125315
  84   0.264633958013688359762902281151  -0.039365305048935771706537125315
  85   0.396966327402571099923059592110  -0.039365305048935771706537125315
  86  -0.264633953779158461103548302049  -0.039365305048935771706537125315
  87   0.000024809244373702526730511166  -0.039365037284033317901780243593
  88  -0.132304494969961920985373840470  -0.039360264220501591726727654191
  89   0.132329306331600572841781341188  -0.039317336744539065951662680839
  90  -0.330800138473599831183626957529  -0.001164240504349550528738178431
  91   0.330800142708129729842980936631  -0.001164240504349550528738178431
  92  -0.198470679664403291065452495950  -0.001159199675915370548928707306
  93  -0.066138464870381467511365294933  -0.001158931911012916744171825584
  94   0.198495491026041942921859996667  -0.001116272199952844773863733954
  95   0.066163276232020119367772795651  -0.001116004435050390969106852232
  96  -0.461798935455413778822201053116   0.001057679914495567810407048559
  97   0.461798935455413778822201053116   0.001057686706067327270586868865
  98  -0.264636864358844661145531151429   0.037041864868670850628870239578
  99  -0.132304649564822837591443950413   0.037042132633573304433627121301
 100   0.264661675720483313001938652146   0.037084792344633376403935212930
 101   0.132329460926461489447851451130   0.037085060109535830208692094653
 102   0.000000002117264949329676989551   0.037090100937970010188501565777
 103  -0.395632750760972408742122397636   0.039258744459081788988205995444
 104   0.395632750760972408742122397636   0.039258751250653548448385815749
 105  -0.198470834259264207671522605892   0.075243197178159525611426068185
 106   0.198495645620902859527930106609   0.075286124654122051386491041537
 107  -0.066166182577176420750401665928   0.075291165482556231366300512662
 108   0.066166186811706319409755645030   0.075291165482556231366300512662
 109  -0.461798935455413778822201053116   0.077459809003668010166004942328
 110   0.461798935455413778822201053116   0.077459815795239769626184762634
 111  -0.329469476646217238704026591536   0.077464849832102190145814413453
 112   0.329494283773325991901080113152   0.077507784099636475381059207110
 113   0.132332371506147689489834300510   0.113492230027142452544099459546
 114  -0.132332367271617790830480321408   0.113492230027142452544099459546
 115   0.000000002117264949329676989551   0.113492230027142452544099459546
 116  -0.395635661340658608784105247016   0.115665914376688411323613360337
 117  -0.263303446546636785230018045999   0.115666182141590865128370242060
 118   0.395660468467767361981158768631   0.115708848644222696558858153995
 119   0.263328253673745538427071567615   0.115709116409125150363615035717
 120   0.066166186811706319409755645030   0.151693294571728673721898406431
 121  -0.066166182577176420750401665928   0.151693294571728673721898406431
 122  -0.329469631241078155310096701479   0.153867246686177086306169188944
 123  -0.461798935455413778822201053116   0.153872019749708812481221778346
 124   0.329494438368186908507150223094   0.153910180953711371541413982602
 125  -0.197164979558990368388975761515   0.153915214990573792061043633421
 126   0.197164979558990368388975761515   0.153915221782145551521223453726
 127   0.461798935455413778822201053116   0.153957881493205623491531545355
 128   0.000000002117264949329676989551   0.189894359116314894899697353315
 129  -0.395632905355833325348192507578   0.192073352059197487463777606953
 130  -0.263331164253431738469054416995   0.192116279535160013238842580305
 131  -0.130998794864548998308897106036   0.192116279535160013238842580305
 132   0.263331164253431738469054416995   0.192116286326731772699022400611
 133   0.130998794864548998308897106036   0.192116286326731772699022400611
 134   0.395632905355833325348192507578   0.192159213802694298474087373962
 135  -0.461798935455413778822201053116   0.230274684368686162446333435560
 136  -0.197164979558990368388975761515   0.230317344079746234416641527190
 137  -0.064832610170107628228818450556   0.230317344079746234416641527190
 138   0.197164979558990368388975761515   0.230317350871317993876821347495
 139   0.064832610170107628228818450556   0.230317350871317993876821347495
 140  -0.329494438368186908507150223094   0.230322384908180414396450998314
 141   0.461798935455413778822201053116   0.230360546112182973456643202569
 142   0.329469631241078155310096701479   0.230365319175714699631695791972
 143  -0.130998794864548998308897106036   0.268518408624332455594440474074
 144   0.130998794864548998308897106036   0.268518415415904215054620294380
 145  -0.263328253673745538427071567615   0.268523449452766635574249945199
 146  -0.395660468467767361981158768631   0.268523717217669089379006826921
 147   0.263303446546636785230018045999   0.268566383720300920809494738856
 148   0.395635661340658608784105247016   0.268566651485203374614251620579
 149  -0.000000002117264949329676989551   0.270740335834749333393765521370
 150  -0.197162068979304168346992912136   0.306724513997352856752048892083
 151  -0.329494283773325991901080113152   0.306724781762255310556805773806
 152   0.197137261852195415149939390520   0.306767448264887141987293685740
 153   0.329469476646217238704026591536   0.306767716029789595792050567463
 154  -0.461798935455413778822201053116   0.306772750066652016311680218282
 155   0.461798935455413778822201053116   0.306772756858223775771860038588
 156  -0.066166186811706319409755645030   0.308941400379335554571564468254
 157   0.066166182577176420750401665928   0.308941400379335554571564468254
 158  -0.263328099078884621821001457673   0.344925846306841531734604720690
 159   0.263303291951775868623947936057   0.344968780574375816969849514347
 160  -0.395632750760972408742122397636   0.344973814611238237489479165167
 161   0.395632750760972408742122397636   0.344973821402809996949658985472
 162  -0.000000002117264949329676989551   0.347142464923921775749363415139
 163  -0.132329460926461489447851451130   0.347147505752355955729172886263
 164   0.132304649564822837591443950413   0.347190433228318481504237859615
 165  -0.329466566066531038662043742157   0.383174879155824458667278112051
 166  -0.461798935455413778822201053116   0.383174879155824458667278112051
 167   0.329466566066531038662043742157   0.383174885947396218127457932356
 168   0.461798935455413778822201053116   0.383174885947396218127457932356
 169  -0.066163276232020119367772795651   0.385348570296942176906971833148
 170  -0.198495491026041942921859996667   0.385348838061844630711728714870
 171   0.066138464870381467511365294933   0.385391497772904702682036806499
 172   0.198470679664403291065452495950   0.385391765537807156486793688222
 173  -0.395632750760972408742122397636   0.421375943700410679845077058935
 174   0.395632750760972408742122397636   0.421375950491982439305256879241
 175  -0.132329306331600572841781341188   0.423549902606430851889527661755
 176   0.132304494969961920985373840470   0.423592830082393377664592635106
 177  -0.000024809244373702526730511166   0.423597603145925103839645224509
 178   0.264633953779158461103548302049   0.423597870910827557644402106231
 179  -0.264633958013688359762902281151   0.423597870910827557644402106231
 180   0.461416924809967841180076190262   0.461416924809967841180076190262
 181  -0.461416924809967918852052642534   0.461416924809967841180076190262
 182  -0.198467773319246989682823625672   0.461798935455413778822201053116
 183   0.198467769084717091023469646570   0.461798935455413778822201053116
 184  -0.066190839343954156000739056704   0.461798935455413778822201053116
 185  -0.330800142708129729842980936631   0.461798935455413778822201053116
 186   0.066141220855206750947278034371   0.461798935455413778822201053116
 187   0.330800138473599831183626957529   0.461798935455413778822201053116
