   1  -0.307169561052229198906372594652  -0.455646697422106174994127156916
   2  -0.153528549489423936513829187396  -0.455646697422106174994127156916
   3   0.000053613747095023125542717434  -0.455646697422106174994127156916
   4   0.153531859776737220427206914591  -0.455646697422106174994127156916
   5   0.307169570876623447336272784099  -0.455646697422106174994127156916
   6  -0.453871780609845300667597390562  -0.453871780609845300667597390562
   7   0.453871780609845300667597390562  -0.453871780609845300667597390562
   8  -0.230349055270826567710100891024  -0.411290506312473046273178777360
   9   0.230350715326680333881739849345  -0.411287648398690600791896340196
  10  -0.076737467871164456694143234981  -0.411239585579940362721185630708
  11   0.076792736761916121776374816012  -0.411149857116518556043163481393
  12  -0.378824523873718408302872171324  -0.403354938020496715943007717334
  13   0.378824523873718408302872171324  -0.403354924558213675656999943124
  14  -0.153557973652567087890414938609  -0.366883394470307234000237251152
  15   0.153611592311859235230907750766  -0.366790808093102981840932664672
  16   0.000001655143656641956688863598  -0.366742745274352743770221955184
  17  -0.455646697422106174994127156916  -0.359001635442602890937134874250
  18   0.455646697422106174994127156916  -0.359001621980319850651127100041
  19  -0.302004018092315777106600467696  -0.358998746910863587222059337778
  20   0.302005668323775294848339236570  -0.358995875534798101454769126404
  21  -0.076818850637745989239582840030  -0.322386554164719615049273575628
  22   0.076820510693599755411221798351  -0.322383696250937169567991138464
  23  -0.378826191640703543797855453288  -0.314645444332969762216186494694
  24   0.378827841872163061539594222162  -0.314642572956904276448896283320
  25  -0.225212936474056297286914515281  -0.314591635068697774949117811569
  26   0.225266545308954196197507137992  -0.314499035229210482503805450881
  27   0.000000004912197124214950094723  -0.278027505141304040847042758908
  28  -0.455646697422106174994127156916  -0.270289253223336633495238115138
  29   0.455646697422106174994127156916  -0.270283523933488702246665466600
  30  -0.302035110022444063978169500873  -0.270238332490803949943244968485
  31   0.302088718857341962888762123584  -0.270145732651316657497932607797
  32  -0.148473813459235198636082416703  -0.270094794763110155998154136046
  33   0.148475463690694716377821185577  -0.270091923387044670230863924672
  34  -0.378855615803846695174441204501  -0.225882141381170821222296588930
  35   0.378907574407285076343295058337  -0.225786683627901083295701791076
  36  -0.225295987007622965327337402295  -0.225741492185216330992281292962
  37   0.225297637239082483069076171169  -0.225738620809150845224991081588
  38  -0.071654957909292085181549481949  -0.225735745739694581795923319326
  39   0.071654957909292085181549481949  -0.225735732277411541509915545116
  40  -0.455646697422106174994127156916  -0.181475029539005008949355062721
  41  -0.302116492789025596523609105923  -0.181385301075583202271332913406
  42  -0.148477131457679851872804467541  -0.181382443161800756790050476242
  43   0.148477131457679851872804467541  -0.181382429699517716504042702032
  44   0.302116492789025596523609105923  -0.181379571785735271022760264868
  45   0.455646697422106174994127156916  -0.181289843322313464344738115553
  46  -0.000000004912197124214950094723  -0.173443972875802082458796105534
  47  -0.225297637239082483069076171169  -0.137026252052167628069102096686
  48   0.225295987007622965327337402295  -0.137023380676102142301811885312
  49  -0.378907574407285076343295058337  -0.136978189233417389998391387198
  50   0.378855615803846695174441204501  -0.136882731480147652071796589344
  51  -0.076822178460584890906205080315  -0.129090670297908257452923262450
  52   0.076822168636190642476304890869  -0.129090670297908257452923262450
  53  -0.302088718857341962888762123584  -0.092619140210001815796160570477
  54   0.302035110022444063978169500873  -0.092526540370514523350848209789
  55  -0.455646697422106174994127156916  -0.092481348927829771047427711674
  56   0.455646697422106174994127156916  -0.092475619637981839798855063136
  57  -0.000000004912197124214950094723  -0.084737367720014432447050419366
  58  -0.153642684241987522102476783943  -0.084734479188275128731974882894
  59   0.153641024186133755930837825622  -0.084731621274492683250692445730
  60  -0.378827841872163061539594222162  -0.048122299904414196845196894954
  61   0.378826191640703543797855453288  -0.048119428528348711077906683580
  62  -0.076820510693599755411221798351  -0.040381176610381303726102039810
  63   0.076818850637745989239582840030  -0.040378318696598858244819602646
  64  -0.230433765860247001922162736358  -0.040327367346109316459033356685
  65   0.230380147200954854581669924201  -0.040234780968905064299728770206
  66  -0.455646697422106174994127156916  -0.003763250880998622642966078233
  67   0.455646697422106174994127156916  -0.003763237418715582356958304024
  68  -0.000001655143656641956688863598   0.003977872413034270476128776910
  69  -0.153611592311859235230907750766   0.004025935231784508546839486398
  70   0.153557973652567087890414938609   0.004118521608988760706144072878
  71  -0.307172888875068100572994834937   0.004169472959478302491930318838
  72   0.307171228819214334401355876616   0.004172330873260747973212756002
  73  -0.076792736761916121776374816012   0.048384984255200082749070303119
  74   0.076737467871164456694143234981   0.048474712718621889427092452434
  75  -0.230350715326680333881739849345   0.048522775537372127497803161922
  76   0.230349055270826567710100891024   0.048525633451154572979085599086
  77  -0.383991744425011214027527769691   0.048528521982893876694161135558
  78   0.383991734600616965597627580244   0.048528521982893876694161135558
  79  -0.307169570876623447336272784099   0.092881824560787701700033978642
  80  -0.153531859776737220427206914591   0.092881824560787701700033978642
  81  -0.000053613747095023125542717434   0.092881824560787701700033978642
  82   0.153528549489423936513829187396   0.092881824560787701700033978642
  83   0.307169561052229198906372594652   0.092881824560787701700033978642
  84   0.455646697422106174994127156916   0.100820281384503335745280575141
  85  -0.455646697422106174994127156916   0.100820294846786376031288349350
  86   0.230349055270826567710100891024   0.137238015670420830420982358198
  87  -0.230350715326680333881739849345   0.137240873584203275902264795362
  88   0.076737467871164456694143234981   0.137288936402953513972975504851
  89  -0.076792736761916121776374816012   0.137378664866375320650997654166
  90   0.378824523873718408302872171324   0.145173583962397160751153418225
  91  -0.378824523873718408302872171324   0.145173597424680201037161192434
  92   0.153557973652567087890414938609   0.181645127512586642693923884407
  93  -0.153611592311859235230907750766   0.181737713889790894853228470886
  94  -0.000001655143656641956688863598   0.181785776708541132923939180374
  95   0.455646697422106174994127156916   0.189526886540290985757026261308
  96  -0.455646697422106174994127156916   0.189526900002574026043034035518
  97   0.301988093013908136190797204794   0.189551590099149618846126722515
  98  -0.301974073185481141740060774053   0.189575913541147692545183869512
  99   0.076818850637745989239582840030   0.226141967818174261644887559930
 100  -0.076820510693599755411221798351   0.226144825731956707126169997095
 101   0.378824523873718408302872171324   0.233880189118184810762899104392
 102  -0.378824523873718408302872171324   0.233880202580467851048906878602
 103   0.224914107219378740717217096753   0.234343932059370694006014778452
 104  -0.224530291644076260591488593664   0.235023733475526631550980540461
 105  -0.000000004912197124214950094723   0.270501016841589835847118376650
 106   0.455646697422106174994127156916   0.278233491696078635768771947476
 107  -0.455646697422106174994127156916   0.278233505158361676054779721686
 108   0.301988093013908136190797204794   0.278258195254937268857872408682
 109  -0.301974073185481141740060774053   0.278282518696935342556929555679
 110  -0.147739210025816780771802641249   0.279430845317692443823922066669
 111   0.147601298951389590981762935917   0.279608843629195650807663438472
 112   0.378824523873718408302872171324   0.322586794273972460774644790560
 113  -0.378824523873718408302872171324   0.322586807736255501060652564769
 114   0.224942629784625453794925763171   0.323050532629610583219624301724
 115   0.070782443401446477527230001163   0.323967892652611225009894255193
 116  -0.224447154074192318679736584976   0.323981413418852500560047561342
 117  -0.070021758302579164422420472263   0.324960321376272734685111909350
 118   0.455646697422106174994127156916   0.366940096851866285780517633644
 119  -0.455646697422106174994127156916   0.366940110314149326066525407853
 120   0.302016615579154849268505871213   0.366964795825177158071481931955
 121  -0.302030658724940055367422718741   0.366989105804892191484531304742
 122  -0.147511258321371279469534579866   0.368137157586241024729380184226
 123   0.148650358110345173646442173441   0.368309245393482059798194879714
 124   0.000760690011064437319759623624   0.378427197187294123847887787893
 125   0.377770718642195557360631496250   0.413118643632039572467852931804
 126  -0.377336169673354806037595133711   0.413871317986731458978711424664
 127  -0.216034817597384618185478246307   0.424469951076458589249353549773
 128   0.216524219344952506114476930293   0.425423173286510745180281654804
 129  -0.044284418312060588125083882502   0.454845781408821969747219785802
 130  -0.455590111882647261366765212228   0.455646697422106174994127156916
 131  -0.299082227464062350708425055194   0.455646697422106174994127156916
 132  -0.132987407730706885662531437420   0.455646697422106174994127156916
 133   0.044418571106585709412363672416   0.455646697422106174994127156916
 134   0.133125176262373359424109358583   0.455646697422106174994127156916
 135   0.299923262427531652804844502002   0.455646697422106174994127156916
 136   0.455618174856859461916418490497   0.455646697422106174994127156916
