   1  -0.484863249487774513005882637290  -0.484863249487774513005882637290
   2  -0.432445600894501592680922352178  -0.484863249487774513005882637290
   3  -0.380027952301228672355962067065  -0.484863249487774513005882637290
   4  -0.327610303707955752031001781953  -0.484863249487774513005882637290
   5  -0.275192655114682831706041496840  -0.484863249487774513005882637290
   6  -0.222775006521409911381081211728  -0.484863249487774513005882637290
   7  -0.170357357928136991056120926615  -0.484863249487774513005882637290
   8  -0.117939709334864070731160641503  -0.484863249487774513005882637290
   9  -0.065522060741591150406200356391  -0.484863249487774513005882637290
  10  -0.013104412148318230081240071278  -0.484863249487774513005882637290
  11   0.039313236444954690243720213834  -0.484863249487774513005882637290
  12   0.091730885038227610568680498947  -0.484863249487774513005882637290
  13   0.144148533631500530893640784059  -0.484863249487774513005882637290
  14   0.196566182224773451218601069172  -0.484863249487774513005882637290
  15   0.248983830818046371543561354284  -0.484863249487774513005882637290
  16   0.301401479411319291868521639397  -0.484863249487774513005882637290
  17   0.353819128004592212193481924509  -0.484863249487774513005882637290
  18   0.406236776597865132518442209621  -0.484863249487774513005882637290
  19   0.458654425191138052843402494734  -0.484863249487774513005882637290
  20  -0.458654425191138052843402494734  -0.469711272941281559474448804875
  21  -0.406236776597865132518442209621  -0.469711272941281559474448804875
  22  -0.353819128004592212193481924509  -0.469711272941281559474448804875
  23  -0.301401479411319291868521639397  -0.469711272941281559474448804875
  24  -0.248983830818046371543561354284  -0.469711272941281559474448804875
  25  -0.196566182224773451218601069172  -0.469711272941281559474448804875
  26  -0.144148533631500530893640784059  -0.469711272941281559474448804875
  27  -0.091730885038227610568680498947  -0.469711272941281559474448804875
  28  -0.039313236444954690243720213834  -0.469711272941281559474448804875
  29   0.013104412148318230081240071278  -0.469711272941281559474448804875
  30   0.065522060741591150406200356391  -0.469711272941281559474448804875
  31   0.117939709334864070731160641503  -0.469711272941281559474448804875
  32   0.170357357928136991056120926615  -0.469711272941281559474448804875
  33   0.222775006521409911381081211728  -0.469711272941281559474448804875
  34   0.275192655114682831706041496840  -0.469711272941281559474448804875
  35   0.327610303707955752031001781953  -0.469711272941281559474448804875
  36   0.380027952301228672355962067065  -0.469711272941281559474448804875
  37   0.432445600894501592680922352178  -0.469711272941281559474448804875
  38   0.484863249487774513005882637290  -0.469711272941281559474448804875
  39  -0.484863249487774513005882637290  -0.454559296394788605943014972460
  40  -0.432445600894501592680922352178  -0.454559296394788605943014972460
  41  -0.380027952301228672355962067065  -0.454559296394788605943014972460
  42  -0.327610303707955752031001781953  -0.454559296394788605943014972460
  43  -0.275192655114682831706041496840  -0.454559296394788605943014972460
  44  -0.222775006521409911381081211728  -0.454559296394788605943014972460
  45  -0.170357357928136991056120926615  -0.454559296394788605943014972460
  46  -0.117939709334864070731160641503  -0.454559296394788605943014972460
  47  -0.065522060741591150406200356391  -0.454559296394788605943014972460
  48  -0.013104412148318230081240071278  -0.454559296394788605943014972460
  49   0.039313236444954690243720213834  -0.454559296394788605943014972460
  50   0.091730885038227610568680498947  -0.454559296394788605943014972460
  51   0.144148533631500530893640784059  -0.454559296394788605943014972460
  52   0.196566182224773451218601069172  -0.454559296394788605943014972460
  53   0.248983830818046371543561354284  -0.454559296394788605943014972460
  54   0.301401479411319291868521639397  -0.454559296394788605943014972460
  55   0.353819128004592212193481924509  -0.454559296394788605943014972460
  56   0.406236776597865132518442209621  -0.454559296394788605943014972460
  57   0.458654425191138052843402494734  -0.454559296394788605943014972460
  58  -0.458654425191138052843402494734  -0.439407319848295652411581140044
  59  -0.406236776597865132518442209621  -0.439407319848295652411581140044
  60  -0.353819128004592212193481924509  -0.439407319848295652411581140044
  61  -0.301401479411319291868521639397  -0.439407319848295652411581140044
  62  -0.248983830818046371543561354284  -0.439407319848295652411581140044
  63  -0.196566182224773451218601069172  -0.439407319848295652411581140044
  64  -0.144148533631500530893640784059  -0.439407319848295652411581140044
  65  -0.091730885038227610568680498947  -0.439407319848295652411581140044
  66  -0.039313236444954690243720213834  -0.439407319848295652411581140044
  67   0.013104412148318230081240071278  -0.439407319848295652411581140044
  68   0.065522060741591150406200356391  -0.439407319848295652411581140044
  69   0.117939709334864070731160641503  -0.439407319848295652411581140044
  70   0.170357357928136991056120926615  -0.439407319848295652411581140044
  71   0.222775006521409911381081211728  -0.439407319848295652411581140044
  72   0.275192655114682831706041496840  -0.439407319848295652411581140044
  73   0.327610303707955752031001781953  -0.439407319848295652411581140044
  74   0.380027952301228672355962067065  -0.439407319848295652411581140044
  75   0.432445600894501592680922352178  -0.439407319848295652411581140044
  76   0.484863249487774513005882637290  -0.439407319848295652411581140044
  77  -0.484863249487774513005882637290  -0.424255343301802698880147307629
  78  -0.432445600894501592680922352178  -0.424255343301802698880147307629
  79  -0.380027952301228672355962067065  -0.424255343301802698880147307629
  80  -0.327610303707955752031001781953  -0.424255343301802698880147307629
  81  -0.275192655114682831706041496840  -0.424255343301802698880147307629
  82  -0.222775006521409911381081211728  -0.424255343301802698880147307629
  83  -0.170357357928136991056120926615  -0.424255343301802698880147307629
  84  -0.117939709334864070731160641503  -0.424255343301802698880147307629
  85  -0.065522060741591150406200356391  -0.424255343301802698880147307629
  86  -0.013104412148318230081240071278  -0.424255343301802698880147307629
  87   0.039313236444954690243720213834  -0.424255343301802698880147307629
  88   0.091730885038227610568680498947  -0.424255343301802698880147307629
  89   0.144148533631500530893640784059  -0.424255343301802698880147307629
  90   0.196566182224773451218601069172  -0.424255343301802698880147307629
  91   0.248983830818046371543561354284  -0.424255343301802698880147307629
  92   0.301401479411319291868521639397  -0.424255343301802698880147307629
  93   0.353819128004592212193481924509  -0.424255343301802698880147307629
  94   0.406236776597865132518442209621  -0.424255343301802698880147307629
  95   0.458654425191138052843402494734  -0.424255343301802698880147307629
  96  -0.458654425191138052843402494734  -0.409103366755309745348713475214
  97  -0.406236776597865132518442209621  -0.409103366755309745348713475214
  98  -0.353819128004592212193481924509  -0.409103366755309745348713475214
  99  -0.301401479411319291868521639397  -0.409103366755309745348713475214
 100  -0.248983830818046371543561354284  -0.409103366755309745348713475214
 101  -0.196566182224773451218601069172  -0.409103366755309745348713475214
 102  -0.144148533631500530893640784059  -0.409103366755309745348713475214
 103  -0.091730885038227610568680498947  -0.409103366755309745348713475214
 104  -0.039313236444954690243720213834  -0.409103366755309745348713475214
 105   0.013104412148318230081240071278  -0.409103366755309745348713475214
 106   0.065522060741591150406200356391  -0.409103366755309745348713475214
 107   0.117939709334864070731160641503  -0.409103366755309745348713475214
 108   0.170357357928136991056120926615  -0.409103366755309745348713475214
 109   0.222775006521409911381081211728  -0.409103366755309745348713475214
 110   0.275192655114682831706041496840  -0.409103366755309745348713475214
 111   0.327610303707955752031001781953  -0.409103366755309745348713475214
 112   0.380027952301228672355962067065  -0.409103366755309745348713475214
 113   0.432445600894501592680922352178  -0.409103366755309745348713475214
 114   0.484863249487774513005882637290  -0.409103366755309745348713475214
 115  -0.484863249487774513005882637290  -0.393951390208816791817279642798
 116  -0.432445600894501592680922352178  -0.393951390208816791817279642798
 117  -0.380027952301228672355962067065  -0.393951390208816791817279642798
 118  -0.327610303707955752031001781953  -0.393951390208816791817279642798
 119  -0.275192655114682831706041496840  -0.393951390208816791817279642798
 120  -0.222775006521409911381081211728  -0.393951390208816791817279642798
 121  -0.170357357928136991056120926615  -0.393951390208816791817279642798
 122  -0.117939709334864070731160641503  -0.393951390208816791817279642798
 123  -0.065522060741591150406200356391  -0.393951390208816791817279642798
 124  -0.013104412148318230081240071278  -0.393951390208816791817279642798
 125   0.039313236444954690243720213834  -0.393951390208816791817279642798
 126   0.091730885038227610568680498947  -0.393951390208816791817279642798
 127   0.144148533631500530893640784059  -0.393951390208816791817279642798
 128   0.196566182224773451218601069172  -0.393951390208816791817279642798
 129   0.248983830818046371543561354284  -0.393951390208816791817279642798
 130   0.301401479411319291868521639397  -0.393951390208816791817279642798
 131   0.353819128004592212193481924509  -0.393951390208816791817279642798
 132   0.406236776597865132518442209621  -0.393951390208816791817279642798
 133   0.458654425191138052843402494734  -0.393951390208816791817279642798
 134  -0.458654425191138052843402494734  -0.378799413662323838285845810383
 135  -0.406236776597865132518442209621  -0.378799413662323838285845810383
 136  -0.353819128004592212193481924509  -0.378799413662323838285845810383
 137  -0.301401479411319291868521639397  -0.378799413662323838285845810383
 138  -0.248983830818046371543561354284  -0.378799413662323838285845810383
 139  -0.196566182224773451218601069172  -0.378799413662323838285845810383
 140  -0.144148533631500530893640784059  -0.378799413662323838285845810383
 141  -0.091730885038227610568680498947  -0.378799413662323838285845810383
 142  -0.039313236444954690243720213834  -0.378799413662323838285845810383
 143   0.013104412148318230081240071278  -0.378799413662323838285845810383
 144   0.065522060741591150406200356391  -0.378799413662323838285845810383
 145   0.117939709334864070731160641503  -0.378799413662323838285845810383
 146   0.170357357928136991056120926615  -0.378799413662323838285845810383
 147   0.222775006521409911381081211728  -0.378799413662323838285845810383
 148   0.275192655114682831706041496840  -0.378799413662323838285845810383
 149   0.327610303707955752031001781953  -0.378799413662323838285845810383
 150   0.380027952301228672355962067065  -0.378799413662323838285845810383
 151   0.432445600894501592680922352178  -0.378799413662323838285845810383
 152   0.484863249487774513005882637290  -0.378799413662323838285845810383
 153  -0.484863249487774513005882637290  -0.363647437115830884754411977968
 154  -0.432445600894501592680922352178  -0.363647437115830884754411977968
 155  -0.380027952301228672355962067065  -0.363647437115830884754411977968
 156  -0.327610303707955752031001781953  -0.363647437115830884754411977968
 157  -0.275192655114682831706041496840  -0.363647437115830884754411977968
 158  -0.222775006521409911381081211728  -0.363647437115830884754411977968
 159  -0.170357357928136991056120926615  -0.363647437115830884754411977968
 160  -0.117939709334864070731160641503  -0.363647437115830884754411977968
 161  -0.065522060741591150406200356391  -0.363647437115830884754411977968
 162  -0.013104412148318230081240071278  -0.363647437115830884754411977968
 163   0.039313236444954690243720213834  -0.363647437115830884754411977968
 164   0.091730885038227610568680498947  -0.363647437115830884754411977968
 165   0.144148533631500530893640784059  -0.363647437115830884754411977968
 166   0.196566182224773451218601069172  -0.363647437115830884754411977968
 167   0.248983830818046371543561354284  -0.363647437115830884754411977968
 168   0.301401479411319291868521639397  -0.363647437115830884754411977968
 169   0.353819128004592212193481924509  -0.363647437115830884754411977968
 170   0.406236776597865132518442209621  -0.363647437115830884754411977968
 171   0.458654425191138052843402494734  -0.363647437115830884754411977968
 172  -0.458654425191138052843402494734  -0.348495460569337931222978145552
 173  -0.406236776597865132518442209621  -0.348495460569337931222978145552
 174  -0.353819128004592212193481924509  -0.348495460569337931222978145552
 175  -0.301401479411319291868521639397  -0.348495460569337931222978145552
 176  -0.248983830818046371543561354284  -0.348495460569337931222978145552
 177  -0.196566182224773451218601069172  -0.348495460569337931222978145552
 178  -0.144148533631500530893640784059  -0.348495460569337931222978145552
 179  -0.091730885038227610568680498947  -0.348495460569337931222978145552
 180  -0.039313236444954690243720213834  -0.348495460569337931222978145552
 181   0.013104412148318230081240071278  -0.348495460569337931222978145552
 182   0.065522060741591150406200356391  -0.348495460569337931222978145552
 183   0.117939709334864070731160641503  -0.348495460569337931222978145552
 184   0.170357357928136991056120926615  -0.348495460569337931222978145552
 185   0.222775006521409911381081211728  -0.348495460569337931222978145552
 186   0.275192655114682831706041496840  -0.348495460569337931222978145552
 187   0.327610303707955752031001781953  -0.348495460569337931222978145552
 188   0.380027952301228672355962067065  -0.348495460569337931222978145552
 189   0.432445600894501592680922352178  -0.348495460569337931222978145552
 190   0.484863249487774513005882637290  -0.348495460569337931222978145552
 191  -0.484863249487774513005882637290  -0.333343484022844977691544313137
 192  -0.432445600894501592680922352178  -0.333343484022844977691544313137
 193  -0.380027952301228672355962067065  -0.333343484022844977691544313137
 194  -0.327610303707955752031001781953  -0.333343484022844977691544313137
 195  -0.275192655114682831706041496840  -0.333343484022844977691544313137
 196  -0.222775006521409911381081211728  -0.333343484022844977691544313137
 197  -0.170357357928136991056120926615  -0.333343484022844977691544313137
 198  -0.117939709334864070731160641503  -0.333343484022844977691544313137
 199  -0.065522060741591150406200356391  -0.333343484022844977691544313137
 200  -0.013104412148318230081240071278  -0.333343484022844977691544313137
 201   0.039313236444954690243720213834  -0.333343484022844977691544313137
 202   0.091730885038227610568680498947  -0.333343484022844977691544313137
 203   0.144148533631500530893640784059  -0.333343484022844977691544313137
 204   0.196566182224773451218601069172  -0.333343484022844977691544313137
 205   0.248983830818046371543561354284  -0.333343484022844977691544313137
 206   0.301401479411319291868521639397  -0.333343484022844977691544313137
 207   0.353819128004592212193481924509  -0.333343484022844977691544313137
 208   0.406236776597865132518442209621  -0.333343484022844977691544313137
 209   0.458654425191138052843402494734  -0.333343484022844977691544313137
 210  -0.458654425191138052843402494734  -0.318191507476352024160110480722
 211  -0.406236776597865132518442209621  -0.318191507476352024160110480722
 212  -0.353819128004592212193481924509  -0.318191507476352024160110480722
 213  -0.301401479411319291868521639397  -0.318191507476352024160110480722
 214  -0.248983830818046371543561354284  -0.318191507476352024160110480722
 215  -0.196566182224773451218601069172  -0.318191507476352024160110480722
 216  -0.144148533631500530893640784059  -0.318191507476352024160110480722
 217  -0.091730885038227610568680498947  -0.318191507476352024160110480722
 218  -0.039313236444954690243720213834  -0.318191507476352024160110480722
 219   0.013104412148318230081240071278  -0.318191507476352024160110480722
 220   0.065522060741591150406200356391  -0.318191507476352024160110480722
 221   0.117939709334864070731160641503  -0.318191507476352024160110480722
 222   0.170357357928136991056120926615  -0.318191507476352024160110480722
 223   0.222775006521409911381081211728  -0.318191507476352024160110480722
 224   0.275192655114682831706041496840  -0.318191507476352024160110480722
 225   0.327610303707955752031001781953  -0.318191507476352024160110480722
 226   0.380027952301228672355962067065  -0.318191507476352024160110480722
 227   0.432445600894501592680922352178  -0.318191507476352024160110480722
 228   0.484863249487774513005882637290  -0.318191507476352024160110480722
 229  -0.484863249487774513005882637290  -0.303039530929859070628676648306
 230  -0.432445600894501592680922352178  -0.303039530929859070628676648306
 231  -0.380027952301228672355962067065  -0.303039530929859070628676648306
 232  -0.327610303707955752031001781953  -0.303039530929859070628676648306
 233  -0.275192655114682831706041496840  -0.303039530929859070628676648306
 234  -0.222775006521409911381081211728  -0.303039530929859070628676648306
 235  -0.170357357928136991056120926615  -0.303039530929859070628676648306
 236  -0.117939709334864070731160641503  -0.303039530929859070628676648306
 237  -0.065522060741591150406200356391  -0.303039530929859070628676648306
 238  -0.013104412148318230081240071278  -0.303039530929859070628676648306
 239   0.039313236444954690243720213834  -0.303039530929859070628676648306
 240   0.091730885038227610568680498947  -0.303039530929859070628676648306
 241   0.144148533631500530893640784059  -0.303039530929859070628676648306
 242   0.196566182224773451218601069172  -0.303039530929859070628676648306
 243   0.248983830818046371543561354284  -0.303039530929859070628676648306
 244   0.301401479411319291868521639397  -0.303039530929859070628676648306
 245   0.353819128004592212193481924509  -0.303039530929859070628676648306
 246   0.406236776597865132518442209621  -0.303039530929859070628676648306
 247   0.458654425191138052843402494734  -0.303039530929859070628676648306
 248  -0.458654425191138052843402494734  -0.287887554383366117097242815891
 249  -0.406236776597865132518442209621  -0.287887554383366117097242815891
 250  -0.353819128004592212193481924509  -0.287887554383366117097242815891
 251  -0.301401479411319291868521639397  -0.287887554383366117097242815891
 252  -0.248983830818046371543561354284  -0.287887554383366117097242815891
 253  -0.196566182224773451218601069172  -0.287887554383366117097242815891
 254  -0.144148533631500530893640784059  -0.287887554383366117097242815891
 255  -0.091730885038227610568680498947  -0.287887554383366117097242815891
 256  -0.039313236444954690243720213834  -0.287887554383366117097242815891
 257   0.013104412148318230081240071278  -0.287887554383366117097242815891
 258   0.065522060741591150406200356391  -0.287887554383366117097242815891
 259   0.117939709334864070731160641503  -0.287887554383366117097242815891
 260   0.170357357928136991056120926615  -0.287887554383366117097242815891
 261   0.222775006521409911381081211728  -0.287887554383366117097242815891
 262   0.275192655114682831706041496840  -0.287887554383366117097242815891
 263   0.327610303707955752031001781953  -0.287887554383366117097242815891
 264   0.380027952301228672355962067065  -0.287887554383366117097242815891
 265   0.432445600894501592680922352178  -0.287887554383366117097242815891
 266   0.484863249487774513005882637290  -0.287887554383366117097242815891
 267  -0.484863249487774513005882637290  -0.272735577836873163565808983476
 268  -0.432445600894501592680922352178  -0.272735577836873163565808983476
 269  -0.380027952301228672355962067065  -0.272735577836873163565808983476
 270  -0.327610303707955752031001781953  -0.272735577836873163565808983476
 271  -0.275192655114682831706041496840  -0.272735577836873163565808983476
 272  -0.222775006521409911381081211728  -0.272735577836873163565808983476
 273  -0.170357357928136991056120926615  -0.272735577836873163565808983476
 274  -0.117939709334864070731160641503  -0.272735577836873163565808983476
 275  -0.065522060741591150406200356391  -0.272735577836873163565808983476
 276  -0.013104412148318230081240071278  -0.272735577836873163565808983476
 277   0.039313236444954690243720213834  -0.272735577836873163565808983476
 278   0.091730885038227610568680498947  -0.272735577836873163565808983476
 279   0.144148533631500530893640784059  -0.272735577836873163565808983476
 280   0.196566182224773451218601069172  -0.272735577836873163565808983476
 281   0.248983830818046371543561354284  -0.272735577836873163565808983476
 282   0.301401479411319291868521639397  -0.272735577836873163565808983476
 283   0.353819128004592212193481924509  -0.272735577836873163565808983476
 284   0.406236776597865132518442209621  -0.272735577836873163565808983476
 285   0.458654425191138052843402494734  -0.272735577836873163565808983476
 286  -0.458654425191138052843402494734  -0.257583601290380210034375151060
 287  -0.406236776597865132518442209621  -0.257583601290380210034375151060
 288  -0.353819128004592212193481924509  -0.257583601290380210034375151060
 289  -0.301401479411319291868521639397  -0.257583601290380210034375151060
 290  -0.248983830818046371543561354284  -0.257583601290380210034375151060
 291  -0.196566182224773451218601069172  -0.257583601290380210034375151060
 292  -0.144148533631500530893640784059  -0.257583601290380210034375151060
 293  -0.091730885038227610568680498947  -0.257583601290380210034375151060
 294  -0.039313236444954690243720213834  -0.257583601290380210034375151060
 295   0.013104412148318230081240071278  -0.257583601290380210034375151060
 296   0.065522060741591150406200356391  -0.257583601290380210034375151060
 297   0.117939709334864070731160641503  -0.257583601290380210034375151060
 298   0.170357357928136991056120926615  -0.257583601290380210034375151060
 299   0.222775006521409911381081211728  -0.257583601290380210034375151060
 300   0.275192655114682831706041496840  -0.257583601290380210034375151060
 301   0.327610303707955752031001781953  -0.257583601290380210034375151060
 302   0.380027952301228672355962067065  -0.257583601290380210034375151060
 303   0.432445600894501592680922352178  -0.257583601290380210034375151060
 304   0.484863249487774513005882637290  -0.257583601290380210034375151060
 305  -0.484863249487774513005882637290  -0.242431624743887256502941318645
 306  -0.432445600894501592680922352178  -0.242431624743887256502941318645
 307  -0.380027952301228672355962067065  -0.242431624743887256502941318645
 308  -0.327610303707955752031001781953  -0.242431624743887256502941318645
 309  -0.275192655114682831706041496840  -0.242431624743887256502941318645
 310  -0.222775006521409911381081211728  -0.242431624743887256502941318645
 311  -0.170357357928136991056120926615  -0.242431624743887256502941318645
 312  -0.117939709334864070731160641503  -0.242431624743887256502941318645
 313  -0.065522060741591150406200356391  -0.242431624743887256502941318645
 314  -0.013104412148318230081240071278  -0.242431624743887256502941318645
 315   0.039313236444954690243720213834  -0.242431624743887256502941318645
 316   0.091730885038227610568680498947  -0.242431624743887256502941318645
 317   0.144148533631500530893640784059  -0.242431624743887256502941318645
 318   0.196566182224773451218601069172  -0.242431624743887256502941318645
 319   0.248983830818046371543561354284  -0.242431624743887256502941318645
 320   0.301401479411319291868521639397  -0.242431624743887256502941318645
 321   0.353819128004592212193481924509  -0.242431624743887256502941318645
 322   0.406236776597865132518442209621  -0.242431624743887256502941318645
 323   0.458654425191138052843402494734  -0.242431624743887256502941318645
 324  -0.458654425191138052843402494734  -0.227279648197394302971507486230
 325  -0.406236776597865132518442209621  -0.227279648197394302971507486230
 326  -0.353819128004592212193481924509  -0.227279648197394302971507486230
 327  -0.301401479411319291868521639397  -0.227279648197394302971507486230
 328  -0.248983830818046371543561354284  -0.227279648197394302971507486230
 329  -0.196566182224773451218601069172  -0.227279648197394302971507486230
 330  -0.144148533631500530893640784059  -0.227279648197394302971507486230
 331  -0.091730885038227610568680498947  -0.227279648197394302971507486230
 332  -0.039313236444954690243720213834  -0.227279648197394302971507486230
 333   0.013104412148318230081240071278  -0.227279648197394302971507486230
 334   0.065522060741591150406200356391  -0.227279648197394302971507486230
 335   0.117939709334864070731160641503  -0.227279648197394302971507486230
 336   0.170357357928136991056120926615  -0.227279648197394302971507486230
 337   0.222775006521409911381081211728  -0.227279648197394302971507486230
 338   0.275192655114682831706041496840  -0.227279648197394302971507486230
 339   0.327610303707955752031001781953  -0.227279648197394302971507486230
 340   0.380027952301228672355962067065  -0.227279648197394302971507486230
 341   0.432445600894501592680922352178  -0.227279648197394302971507486230
 342   0.484863249487774513005882637290  -0.227279648197394302971507486230
 343  -0.484863249487774513005882637290  -0.212127671650901349440073653814
 344  -0.432445600894501592680922352178  -0.212127671650901349440073653814
 345  -0.380027952301228672355962067065  -0.212127671650901349440073653814
 346  -0.327610303707955752031001781953  -0.212127671650901349440073653814
 347  -0.275192655114682831706041496840  -0.212127671650901349440073653814
 348  -0.222775006521409911381081211728  -0.212127671650901349440073653814
 349  -0.170357357928136991056120926615  -0.212127671650901349440073653814
 350  -0.117939709334864070731160641503  -0.212127671650901349440073653814
 351  -0.065522060741591150406200356391  -0.212127671650901349440073653814
 352  -0.013104412148318230081240071278  -0.212127671650901349440073653814
 353   0.039313236444954690243720213834  -0.212127671650901349440073653814
 354   0.091730885038227610568680498947  -0.212127671650901349440073653814
 355   0.144148533631500530893640784059  -0.212127671650901349440073653814
 356   0.196566182224773451218601069172  -0.212127671650901349440073653814
 357   0.248983830818046371543561354284  -0.212127671650901349440073653814
 358   0.301401479411319291868521639397  -0.212127671650901349440073653814
 359   0.353819128004592212193481924509  -0.212127671650901349440073653814
 360   0.406236776597865132518442209621  -0.212127671650901349440073653814
 361   0.458654425191138052843402494734  -0.212127671650901349440073653814
 362  -0.458654425191138052843402494734  -0.196975695104408395908639821399
 363  -0.406236776597865132518442209621  -0.196975695104408395908639821399
 364  -0.353819128004592212193481924509  -0.196975695104408395908639821399
 365  -0.301401479411319291868521639397  -0.196975695104408395908639821399
 366  -0.248983830818046371543561354284  -0.196975695104408395908639821399
 367  -0.196566182224773451218601069172  -0.196975695104408395908639821399
 368  -0.144148533631500530893640784059  -0.196975695104408395908639821399
 369  -0.091730885038227610568680498947  -0.196975695104408395908639821399
 370  -0.039313236444954690243720213834  -0.196975695104408395908639821399
 371   0.013104412148318230081240071278  -0.196975695104408395908639821399
 372   0.065522060741591150406200356391  -0.196975695104408395908639821399
 373   0.117939709334864070731160641503  -0.196975695104408395908639821399
 374   0.170357357928136991056120926615  -0.196975695104408395908639821399
 375   0.222775006521409911381081211728  -0.196975695104408395908639821399
 376   0.275192655114682831706041496840  -0.196975695104408395908639821399
 377   0.327610303707955752031001781953  -0.196975695104408395908639821399
 378   0.380027952301228672355962067065  -0.196975695104408395908639821399
 379   0.432445600894501592680922352178  -0.196975695104408395908639821399
 380   0.484863249487774513005882637290  -0.196975695104408395908639821399
 381  -0.484863249487774513005882637290  -0.181823718557915442377205988984
 382  -0.432445600894501592680922352178  -0.181823718557915442377205988984
 383  -0.380027952301228672355962067065  -0.181823718557915442377205988984
 384  -0.327610303707955752031001781953  -0.181823718557915442377205988984
 385  -0.275192655114682831706041496840  -0.181823718557915442377205988984
 386  -0.222775006521409911381081211728  -0.181823718557915442377205988984
 387  -0.170357357928136991056120926615  -0.181823718557915442377205988984
 388  -0.117939709334864070731160641503  -0.181823718557915442377205988984
 389  -0.065522060741591150406200356391  -0.181823718557915442377205988984
 390  -0.013104412148318230081240071278  -0.181823718557915442377205988984
 391   0.039313236444954690243720213834  -0.181823718557915442377205988984
 392   0.091730885038227610568680498947  -0.181823718557915442377205988984
 393   0.144148533631500530893640784059  -0.181823718557915442377205988984
 394   0.196566182224773451218601069172  -0.181823718557915442377205988984
 395   0.248983830818046371543561354284  -0.181823718557915442377205988984
 396   0.301401479411319291868521639397  -0.181823718557915442377205988984
 397   0.353819128004592212193481924509  -0.181823718557915442377205988984
 398   0.406236776597865132518442209621  -0.181823718557915442377205988984
 399   0.458654425191138052843402494734  -0.181823718557915442377205988984
 400  -0.458654425191138052843402494734  -0.166671742011422488845772156568
 401  -0.406236776597865132518442209621  -0.166671742011422488845772156568
 402  -0.353819128004592212193481924509  -0.166671742011422488845772156568
 403  -0.301401479411319291868521639397  -0.166671742011422488845772156568
 404  -0.248983830818046371543561354284  -0.166671742011422488845772156568
 405  -0.196566182224773451218601069172  -0.166671742011422488845772156568
 406  -0.144148533631500530893640784059  -0.166671742011422488845772156568
 407  -0.091730885038227610568680498947  -0.166671742011422488845772156568
 408  -0.039313236444954690243720213834  -0.166671742011422488845772156568
 409   0.013104412148318230081240071278  -0.166671742011422488845772156568
 410   0.065522060741591150406200356391  -0.166671742011422488845772156568
 411   0.117939709334864070731160641503  -0.166671742011422488845772156568
 412   0.170357357928136991056120926615  -0.166671742011422488845772156568
 413   0.222775006521409911381081211728  -0.166671742011422488845772156568
 414   0.275192655114682831706041496840  -0.166671742011422488845772156568
 415   0.327610303707955752031001781953  -0.166671742011422488845772156568
 416   0.380027952301228672355962067065  -0.166671742011422488845772156568
 417   0.432445600894501592680922352178  -0.166671742011422488845772156568
 418   0.484863249487774513005882637290  -0.166671742011422488845772156568
 419  -0.484863249487774513005882637290  -0.151519765464929535314338324153
 420  -0.432445600894501592680922352178  -0.151519765464929535314338324153
 421  -0.380027952301228672355962067065  -0.151519765464929535314338324153
 422  -0.327610303707955752031001781953  -0.151519765464929535314338324153
 423  -0.275192655114682831706041496840  -0.151519765464929535314338324153
 424  -0.222775006521409911381081211728  -0.151519765464929535314338324153
 425  -0.170357357928136991056120926615  -0.151519765464929535314338324153
 426  -0.117939709334864070731160641503  -0.151519765464929535314338324153
 427  -0.065522060741591150406200356391  -0.151519765464929535314338324153
 428  -0.013104412148318230081240071278  -0.151519765464929535314338324153
 429   0.039313236444954690243720213834  -0.151519765464929535314338324153
 430   0.091730885038227610568680498947  -0.151519765464929535314338324153
 431   0.144148533631500530893640784059  -0.151519765464929535314338324153
 432   0.196566182224773451218601069172  -0.151519765464929535314338324153
 433   0.248983830818046371543561354284  -0.151519765464929535314338324153
 434   0.301401479411319291868521639397  -0.151519765464929535314338324153
 435   0.353819128004592212193481924509  -0.151519765464929535314338324153
 436   0.406236776597865132518442209621  -0.151519765464929535314338324153
 437   0.458654425191138052843402494734  -0.151519765464929535314338324153
 438  -0.458654425191138052843402494734  -0.136367788918436581782904491738
 439  -0.406236776597865132518442209621  -0.136367788918436581782904491738
 440  -0.353819128004592212193481924509  -0.136367788918436581782904491738
 441  -0.301401479411319291868521639397  -0.136367788918436581782904491738
 442  -0.248983830818046371543561354284  -0.136367788918436581782904491738
 443  -0.196566182224773451218601069172  -0.136367788918436581782904491738
 444  -0.144148533631500530893640784059  -0.136367788918436581782904491738
 445  -0.091730885038227610568680498947  -0.136367788918436581782904491738
 446  -0.039313236444954690243720213834  -0.136367788918436581782904491738
 447   0.013104412148318230081240071278  -0.136367788918436581782904491738
 448   0.065522060741591150406200356391  -0.136367788918436581782904491738
 449   0.117939709334864070731160641503  -0.136367788918436581782904491738
 450   0.170357357928136991056120926615  -0.136367788918436581782904491738
 451   0.222775006521409911381081211728  -0.136367788918436581782904491738
 452   0.275192655114682831706041496840  -0.136367788918436581782904491738
 453   0.327610303707955752031001781953  -0.136367788918436581782904491738
 454   0.380027952301228672355962067065  -0.136367788918436581782904491738
 455   0.432445600894501592680922352178  -0.136367788918436581782904491738
 456   0.484863249487774513005882637290  -0.136367788918436581782904491738
 457  -0.484863249487774513005882637290  -0.121215812371943628251470659323
 458  -0.432445600894501592680922352178  -0.121215812371943628251470659323
 459  -0.380027952301228672355962067065  -0.121215812371943628251470659323
 460  -0.327610303707955752031001781953  -0.121215812371943628251470659323
 461  -0.275192655114682831706041496840  -0.121215812371943628251470659323
 462  -0.222775006521409911381081211728  -0.121215812371943628251470659323
 463  -0.170357357928136991056120926615  -0.121215812371943628251470659323
 464  -0.117939709334864070731160641503  -0.121215812371943628251470659323
 465  -0.065522060741591150406200356391  -0.121215812371943628251470659323
 466  -0.013104412148318230081240071278  -0.121215812371943628251470659323
 467   0.039313236444954690243720213834  -0.121215812371943628251470659323
 468   0.091730885038227610568680498947  -0.121215812371943628251470659323
 469   0.144148533631500530893640784059  -0.121215812371943628251470659323
 470   0.196566182224773451218601069172  -0.121215812371943628251470659323
 471   0.248983830818046371543561354284  -0.121215812371943628251470659323
 472   0.301401479411319291868521639397  -0.121215812371943628251470659323
 473   0.353819128004592212193481924509  -0.121215812371943628251470659323
 474   0.406236776597865132518442209621  -0.121215812371943628251470659323
 475   0.458654425191138052843402494734  -0.121215812371943628251470659323
 476  -0.458654425191138052843402494734  -0.106063835825450674720036826907
 477  -0.406236776597865132518442209621  -0.106063835825450674720036826907
 478  -0.353819128004592212193481924509  -0.106063835825450674720036826907
 479  -0.301401479411319291868521639397  -0.106063835825450674720036826907
 480  -0.248983830818046371543561354284  -0.106063835825450674720036826907
 481  -0.196566182224773451218601069172  -0.106063835825450674720036826907
 482  -0.144148533631500530893640784059  -0.106063835825450674720036826907
 483  -0.091730885038227610568680498947  -0.106063835825450674720036826907
 484  -0.039313236444954690243720213834  -0.106063835825450674720036826907
 485   0.013104412148318230081240071278  -0.106063835825450674720036826907
 486   0.065522060741591150406200356391  -0.106063835825450674720036826907
 487   0.117939709334864070731160641503  -0.106063835825450674720036826907
 488   0.170357357928136991056120926615  -0.106063835825450674720036826907
 489   0.222775006521409911381081211728  -0.106063835825450674720036826907
 490   0.275192655114682831706041496840  -0.106063835825450674720036826907
 491   0.327610303707955752031001781953  -0.106063835825450674720036826907
 492   0.380027952301228672355962067065  -0.106063835825450674720036826907
 493   0.432445600894501592680922352178  -0.106063835825450674720036826907
 494   0.484863249487774513005882637290  -0.106063835825450674720036826907
 495  -0.484863249487774513005882637290  -0.090911859278957721188602994492
 496  -0.432445600894501592680922352178  -0.090911859278957721188602994492
 497  -0.380027952301228672355962067065  -0.090911859278957721188602994492
 498  -0.327610303707955752031001781953  -0.090911859278957721188602994492
 499  -0.275192655114682831706041496840  -0.090911859278957721188602994492
 500  -0.222775006521409911381081211728  -0.090911859278957721188602994492
 501  -0.170357357928136991056120926615  -0.090911859278957721188602994492
 502  -0.117939709334864070731160641503  -0.090911859278957721188602994492
 503  -0.065522060741591150406200356391  -0.090911859278957721188602994492
 504  -0.013104412148318230081240071278  -0.090911859278957721188602994492
 505   0.039313236444954690243720213834  -0.090911859278957721188602994492
 506   0.091730885038227610568680498947  -0.090911859278957721188602994492
 507   0.144148533631500530893640784059  -0.090911859278957721188602994492
 508   0.196566182224773451218601069172  -0.090911859278957721188602994492
 509   0.248983830818046371543561354284  -0.090911859278957721188602994492
 510   0.301401479411319291868521639397  -0.090911859278957721188602994492
 511   0.353819128004592212193481924509  -0.090911859278957721188602994492
 512   0.406236776597865132518442209621  -0.090911859278957721188602994492
 513   0.458654425191138052843402494734  -0.090911859278957721188602994492
 514  -0.458654425191138052843402494734  -0.075759882732464767657169162077
 515  -0.406236776597865132518442209621  -0.075759882732464767657169162077
 516  -0.353819128004592212193481924509  -0.075759882732464767657169162077
 517  -0.301401479411319291868521639397  -0.075759882732464767657169162077
 518  -0.248983830818046371543561354284  -0.075759882732464767657169162077
 519  -0.196566182224773451218601069172  -0.075759882732464767657169162077
 520  -0.144148533631500530893640784059  -0.075759882732464767657169162077
 521  -0.091730885038227610568680498947  -0.075759882732464767657169162077
 522  -0.039313236444954690243720213834  -0.075759882732464767657169162077
 523   0.013104412148318230081240071278  -0.075759882732464767657169162077
 524   0.065522060741591150406200356391  -0.075759882732464767657169162077
 525   0.117939709334864070731160641503  -0.075759882732464767657169162077
 526   0.170357357928136991056120926615  -0.075759882732464767657169162077
 527   0.222775006521409911381081211728  -0.075759882732464767657169162077
 528   0.275192655114682831706041496840  -0.075759882732464767657169162077
 529   0.327610303707955752031001781953  -0.075759882732464767657169162077
 530   0.380027952301228672355962067065  -0.075759882732464767657169162077
 531   0.432445600894501592680922352178  -0.075759882732464767657169162077
 532   0.484863249487774513005882637290  -0.075759882732464767657169162077
 533  -0.484863249487774513005882637290  -0.060607906185971814125735329661
 534  -0.432445600894501592680922352178  -0.060607906185971814125735329661
 535  -0.380027952301228672355962067065  -0.060607906185971814125735329661
 536  -0.327610303707955752031001781953  -0.060607906185971814125735329661
 537  -0.275192655114682831706041496840  -0.060607906185971814125735329661
 538  -0.222775006521409911381081211728  -0.060607906185971814125735329661
 539  -0.170357357928136991056120926615  -0.060607906185971814125735329661
 540  -0.117939709334864070731160641503  -0.060607906185971814125735329661
 541  -0.065522060741591150406200356391  -0.060607906185971814125735329661
 542  -0.013104412148318230081240071278  -0.060607906185971814125735329661
 543   0.039313236444954690243720213834  -0.060607906185971814125735329661
 544   0.091730885038227610568680498947  -0.060607906185971814125735329661
 545   0.144148533631500530893640784059  -0.060607906185971814125735329661
 546   0.196566182224773451218601069172  -0.060607906185971814125735329661
 547   0.248983830818046371543561354284  -0.060607906185971814125735329661
 548   0.301401479411319291868521639397  -0.060607906185971814125735329661
 549   0.353819128004592212193481924509  -0.060607906185971814125735329661
 550   0.406236776597865132518442209621  -0.060607906185971814125735329661
 551   0.458654425191138052843402494734  -0.060607906185971814125735329661
 552  -0.458654425191138052843402494734  -0.045455929639478860594301497246
 553  -0.406236776597865132518442209621  -0.045455929639478860594301497246
 554  -0.353819128004592212193481924509  -0.045455929639478860594301497246
 555  -0.301401479411319291868521639397  -0.045455929639478860594301497246
 556  -0.248983830818046371543561354284  -0.045455929639478860594301497246
 557  -0.196566182224773451218601069172  -0.045455929639478860594301497246
 558  -0.144148533631500530893640784059  -0.045455929639478860594301497246
 559  -0.091730885038227610568680498947  -0.045455929639478860594301497246
 560  -0.039313236444954690243720213834  -0.045455929639478860594301497246
 561   0.013104412148318230081240071278  -0.045455929639478860594301497246
 562   0.065522060741591150406200356391  -0.045455929639478860594301497246
 563   0.117939709334864070731160641503  -0.045455929639478860594301497246
 564   0.170357357928136991056120926615  -0.045455929639478860594301497246
 565   0.222775006521409911381081211728  -0.045455929639478860594301497246
 566   0.275192655114682831706041496840  -0.045455929639478860594301497246
 567   0.327610303707955752031001781953  -0.045455929639478860594301497246
 568   0.380027952301228672355962067065  -0.045455929639478860594301497246
 569   0.432445600894501592680922352178  -0.045455929639478860594301497246
 570   0.484863249487774513005882637290  -0.045455929639478860594301497246
 571  -0.484863249487774513005882637290  -0.030303953092985907062867664831
 572  -0.432445600894501592680922352178  -0.030303953092985907062867664831
 573  -0.380027952301228672355962067065  -0.030303953092985907062867664831
 574  -0.327610303707955752031001781953  -0.030303953092985907062867664831
 575  -0.275192655114682831706041496840  -0.030303953092985907062867664831
 576  -0.222775006521409911381081211728  -0.030303953092985907062867664831
 577  -0.170357357928136991056120926615  -0.030303953092985907062867664831
 578  -0.117939709334864070731160641503  -0.030303953092985907062867664831
 579  -0.065522060741591150406200356391  -0.030303953092985907062867664831
 580  -0.013104412148318230081240071278  -0.030303953092985907062867664831
 581   0.039313236444954690243720213834  -0.030303953092985907062867664831
 582   0.091730885038227610568680498947  -0.030303953092985907062867664831
 583   0.144148533631500530893640784059  -0.030303953092985907062867664831
 584   0.196566182224773451218601069172  -0.030303953092985907062867664831
 585   0.248983830818046371543561354284  -0.030303953092985907062867664831
 586   0.301401479411319291868521639397  -0.030303953092985907062867664831
 587   0.353819128004592212193481924509  -0.030303953092985907062867664831
 588   0.406236776597865132518442209621  -0.030303953092985907062867664831
 589   0.458654425191138052843402494734  -0.030303953092985907062867664831
 590  -0.458654425191138052843402494734  -0.015151976546492953531433832415
 591  -0.406236776597865132518442209621  -0.015151976546492953531433832415
 592  -0.353819128004592212193481924509  -0.015151976546492953531433832415
 593  -0.301401479411319291868521639397  -0.015151976546492953531433832415
 594  -0.248983830818046371543561354284  -0.015151976546492953531433832415
 595  -0.196566182224773451218601069172  -0.015151976546492953531433832415
 596  -0.144148533631500530893640784059  -0.015151976546492953531433832415
 597  -0.091730885038227610568680498947  -0.015151976546492953531433832415
 598  -0.039313236444954690243720213834  -0.015151976546492953531433832415
 599   0.013104412148318230081240071278  -0.015151976546492953531433832415
 600   0.065522060741591150406200356391  -0.015151976546492953531433832415
 601   0.117939709334864070731160641503  -0.015151976546492953531433832415
 602   0.170357357928136991056120926615  -0.015151976546492953531433832415
 603   0.222775006521409911381081211728  -0.015151976546492953531433832415
 604   0.275192655114682831706041496840  -0.015151976546492953531433832415
 605   0.327610303707955752031001781953  -0.015151976546492953531433832415
 606   0.380027952301228672355962067065  -0.015151976546492953531433832415
 607   0.432445600894501592680922352178  -0.015151976546492953531433832415
 608   0.484863249487774513005882637290  -0.015151976546492953531433832415
 609  -0.484863249487774513005882637290   0.000000000000000000000000000000
 610  -0.432445600894501592680922352178   0.000000000000000000000000000000
 611  -0.380027952301228672355962067065   0.000000000000000000000000000000
 612  -0.327610303707955752031001781953   0.000000000000000000000000000000
 613  -0.275192655114682831706041496840   0.000000000000000000000000000000
 614  -0.222775006521409911381081211728   0.000000000000000000000000000000
 615  -0.170357357928136991056120926615   0.000000000000000000000000000000
 616  -0.117939709334864070731160641503   0.000000000000000000000000000000
 617  -0.065522060741591150406200356391   0.000000000000000000000000000000
 618  -0.013104412148318230081240071278   0.000000000000000000000000000000
 619   0.039313236444954690243720213834   0.000000000000000000000000000000
 620   0.091730885038227610568680498947   0.000000000000000000000000000000
 621   0.144148533631500530893640784059   0.000000000000000000000000000000
 622   0.196566182224773451218601069172   0.000000000000000000000000000000
 623   0.248983830818046371543561354284   0.000000000000000000000000000000
 624   0.301401479411319291868521639397   0.000000000000000000000000000000
 625   0.353819128004592212193481924509   0.000000000000000000000000000000
 626   0.406236776597865132518442209621   0.000000000000000000000000000000
 627   0.458654425191138052843402494734   0.000000000000000000000000000000
 628  -0.458654425191138052843402494734   0.015151976546492953531433832415
 629  -0.406236776597865132518442209621   0.015151976546492953531433832415
 630  -0.353819128004592212193481924509   0.015151976546492953531433832415
 631  -0.301401479411319291868521639397   0.015151976546492953531433832415
 632  -0.248983830818046371543561354284   0.015151976546492953531433832415
 633  -0.196566182224773451218601069172   0.015151976546492953531433832415
 634  -0.144148533631500530893640784059   0.015151976546492953531433832415
 635  -0.091730885038227610568680498947   0.015151976546492953531433832415
 636  -0.039313236444954690243720213834   0.015151976546492953531433832415
 637   0.013104412148318230081240071278   0.015151976546492953531433832415
 638   0.065522060741591150406200356391   0.015151976546492953531433832415
 639   0.117939709334864070731160641503   0.015151976546492953531433832415
 640   0.170357357928136991056120926615   0.015151976546492953531433832415
 641   0.222775006521409911381081211728   0.015151976546492953531433832415
 642   0.275192655114682831706041496840   0.015151976546492953531433832415
 643   0.327610303707955752031001781953   0.015151976546492953531433832415
 644   0.380027952301228672355962067065   0.015151976546492953531433832415
 645   0.432445600894501592680922352178   0.015151976546492953531433832415
 646   0.484863249487774513005882637290   0.015151976546492953531433832415
 647  -0.484863249487774513005882637290   0.030303953092985907062867664831
 648  -0.432445600894501592680922352178   0.030303953092985907062867664831
 649  -0.380027952301228672355962067065   0.030303953092985907062867664831
 650  -0.327610303707955752031001781953   0.030303953092985907062867664831
 651  -0.275192655114682831706041496840   0.030303953092985907062867664831
 652  -0.222775006521409911381081211728   0.030303953092985907062867664831
 653  -0.170357357928136991056120926615   0.030303953092985907062867664831
 654  -0.117939709334864070731160641503   0.030303953092985907062867664831
 655  -0.065522060741591150406200356391   0.030303953092985907062867664831
 656  -0.013104412148318230081240071278   0.030303953092985907062867664831
 657   0.039313236444954690243720213834   0.030303953092985907062867664831
 658   0.091730885038227610568680498947   0.030303953092985907062867664831
 659   0.144148533631500530893640784059   0.030303953092985907062867664831
 660   0.196566182224773451218601069172   0.030303953092985907062867664831
 661   0.248983830818046371543561354284   0.030303953092985907062867664831
 662   0.301401479411319291868521639397   0.030303953092985907062867664831
 663   0.353819128004592212193481924509   0.030303953092985907062867664831
 664   0.406236776597865132518442209621   0.030303953092985907062867664831
 665   0.458654425191138052843402494734   0.030303953092985907062867664831
 666  -0.458654425191138052843402494734   0.045455929639478860594301497246
 667  -0.406236776597865132518442209621   0.045455929639478860594301497246
 668  -0.353819128004592212193481924509   0.045455929639478860594301497246
 669  -0.301401479411319291868521639397   0.045455929639478860594301497246
 670  -0.248983830818046371543561354284   0.045455929639478860594301497246
 671  -0.196566182224773451218601069172   0.045455929639478860594301497246
 672  -0.144148533631500530893640784059   0.045455929639478860594301497246
 673  -0.091730885038227610568680498947   0.045455929639478860594301497246
 674  -0.039313236444954690243720213834   0.045455929639478860594301497246
 675   0.013104412148318230081240071278   0.045455929639478860594301497246
 676   0.065522060741591150406200356391   0.045455929639478860594301497246
 677   0.117939709334864070731160641503   0.045455929639478860594301497246
 678   0.170357357928136991056120926615   0.045455929639478860594301497246
 679   0.222775006521409911381081211728   0.045455929639478860594301497246
 680   0.275192655114682831706041496840   0.045455929639478860594301497246
 681   0.327610303707955752031001781953   0.045455929639478860594301497246
 682   0.380027952301228672355962067065   0.045455929639478860594301497246
 683   0.432445600894501592680922352178   0.045455929639478860594301497246
 684   0.484863249487774513005882637290   0.045455929639478860594301497246
 685  -0.484863249487774513005882637290   0.060607906185971814125735329661
 686  -0.432445600894501592680922352178   0.060607906185971814125735329661
 687  -0.380027952301228672355962067065   0.060607906185971814125735329661
 688  -0.327610303707955752031001781953   0.060607906185971814125735329661
 689  -0.275192655114682831706041496840   0.060607906185971814125735329661
 690  -0.222775006521409911381081211728   0.060607906185971814125735329661
 691  -0.170357357928136991056120926615   0.060607906185971814125735329661
 692  -0.117939709334864070731160641503   0.060607906185971814125735329661
 693  -0.065522060741591150406200356391   0.060607906185971814125735329661
 694  -0.013104412148318230081240071278   0.060607906185971814125735329661
 695   0.039313236444954690243720213834   0.060607906185971814125735329661
 696   0.091730885038227610568680498947   0.060607906185971814125735329661
 697   0.144148533631500530893640784059   0.060607906185971814125735329661
 698   0.196566182224773451218601069172   0.060607906185971814125735329661
 699   0.248983830818046371543561354284   0.060607906185971814125735329661
 700   0.301401479411319291868521639397   0.060607906185971814125735329661
 701   0.353819128004592212193481924509   0.060607906185971814125735329661
 702   0.406236776597865132518442209621   0.060607906185971814125735329661
 703   0.458654425191138052843402494734   0.060607906185971814125735329661
 704  -0.458654425191138052843402494734   0.075759882732464767657169162077
 705  -0.406236776597865132518442209621   0.075759882732464767657169162077
 706  -0.353819128004592212193481924509   0.075759882732464767657169162077
 707  -0.301401479411319291868521639397   0.075759882732464767657169162077
 708  -0.248983830818046371543561354284   0.075759882732464767657169162077
 709  -0.196566182224773451218601069172   0.075759882732464767657169162077
 710  -0.144148533631500530893640784059   0.075759882732464767657169162077
 711  -0.091730885038227610568680498947   0.075759882732464767657169162077
 712  -0.039313236444954690243720213834   0.075759882732464767657169162077
 713   0.013104412148318230081240071278   0.075759882732464767657169162077
 714   0.065522060741591150406200356391   0.075759882732464767657169162077
 715   0.117939709334864070731160641503   0.075759882732464767657169162077
 716   0.170357357928136991056120926615   0.075759882732464767657169162077
 717   0.222775006521409911381081211728   0.075759882732464767657169162077
 718   0.275192655114682831706041496840   0.075759882732464767657169162077
 719   0.327610303707955752031001781953   0.075759882732464767657169162077
 720   0.380027952301228672355962067065   0.075759882732464767657169162077
 721   0.432445600894501592680922352178   0.075759882732464767657169162077
 722   0.484863249487774513005882637290   0.075759882732464767657169162077
 723  -0.484863249487774513005882637290   0.090911859278957721188602994492
 724  -0.432445600894501592680922352178   0.090911859278957721188602994492
 725  -0.380027952301228672355962067065   0.090911859278957721188602994492
 726  -0.327610303707955752031001781953   0.090911859278957721188602994492
 727  -0.275192655114682831706041496840   0.090911859278957721188602994492
 728  -0.222775006521409911381081211728   0.090911859278957721188602994492
 729  -0.170357357928136991056120926615   0.090911859278957721188602994492
 730  -0.117939709334864070731160641503   0.090911859278957721188602994492
 731  -0.065522060741591150406200356391   0.090911859278957721188602994492
 732  -0.013104412148318230081240071278   0.090911859278957721188602994492
 733   0.039313236444954690243720213834   0.090911859278957721188602994492
 734   0.091730885038227610568680498947   0.090911859278957721188602994492
 735   0.144148533631500530893640784059   0.090911859278957721188602994492
 736   0.196566182224773451218601069172   0.090911859278957721188602994492
 737   0.248983830818046371543561354284   0.090911859278957721188602994492
 738   0.301401479411319291868521639397   0.090911859278957721188602994492
 739   0.353819128004592212193481924509   0.090911859278957721188602994492
 740   0.406236776597865132518442209621   0.090911859278957721188602994492
 741   0.458654425191138052843402494734   0.090911859278957721188602994492
 742  -0.458654425191138052843402494734   0.106063835825450674720036826907
 743  -0.406236776597865132518442209621   0.106063835825450674720036826907
 744  -0.353819128004592212193481924509   0.106063835825450674720036826907
 745  -0.301401479411319291868521639397   0.106063835825450674720036826907
 746  -0.248983830818046371543561354284   0.106063835825450674720036826907
 747  -0.196566182224773451218601069172   0.106063835825450674720036826907
 748  -0.144148533631500530893640784059   0.106063835825450674720036826907
 749  -0.091730885038227610568680498947   0.106063835825450674720036826907
 750  -0.039313236444954690243720213834   0.106063835825450674720036826907
 751   0.013104412148318230081240071278   0.106063835825450674720036826907
 752   0.065522060741591150406200356391   0.106063835825450674720036826907
 753   0.117939709334864070731160641503   0.106063835825450674720036826907
 754   0.170357357928136991056120926615   0.106063835825450674720036826907
 755   0.222775006521409911381081211728   0.106063835825450674720036826907
 756   0.275192655114682831706041496840   0.106063835825450674720036826907
 757   0.327610303707955752031001781953   0.106063835825450674720036826907
 758   0.380027952301228672355962067065   0.106063835825450674720036826907
 759   0.432445600894501592680922352178   0.106063835825450674720036826907
 760   0.484863249487774513005882637290   0.106063835825450674720036826907
 761  -0.484863249487774513005882637290   0.121215812371943628251470659323
 762  -0.432445600894501592680922352178   0.121215812371943628251470659323
 763  -0.380027952301228672355962067065   0.121215812371943628251470659323
 764  -0.327610303707955752031001781953   0.121215812371943628251470659323
 765  -0.275192655114682831706041496840   0.121215812371943628251470659323
 766  -0.222775006521409911381081211728   0.121215812371943628251470659323
 767  -0.170357357928136991056120926615   0.121215812371943628251470659323
 768  -0.117939709334864070731160641503   0.121215812371943628251470659323
 769  -0.065522060741591150406200356391   0.121215812371943628251470659323
 770  -0.013104412148318230081240071278   0.121215812371943628251470659323
 771   0.039313236444954690243720213834   0.121215812371943628251470659323
 772   0.091730885038227610568680498947   0.121215812371943628251470659323
 773   0.144148533631500530893640784059   0.121215812371943628251470659323
 774   0.196566182224773451218601069172   0.121215812371943628251470659323
 775   0.248983830818046371543561354284   0.121215812371943628251470659323
 776   0.301401479411319291868521639397   0.121215812371943628251470659323
 777   0.353819128004592212193481924509   0.121215812371943628251470659323
 778   0.406236776597865132518442209621   0.121215812371943628251470659323
 779   0.458654425191138052843402494734   0.121215812371943628251470659323
 780  -0.458654425191138052843402494734   0.136367788918436581782904491738
 781  -0.406236776597865132518442209621   0.136367788918436581782904491738
 782  -0.353819128004592212193481924509   0.136367788918436581782904491738
 783  -0.301401479411319291868521639397   0.136367788918436581782904491738
 784  -0.248983830818046371543561354284   0.136367788918436581782904491738
 785  -0.196566182224773451218601069172   0.136367788918436581782904491738
 786  -0.144148533631500530893640784059   0.136367788918436581782904491738
 787  -0.091730885038227610568680498947   0.136367788918436581782904491738
 788  -0.039313236444954690243720213834   0.136367788918436581782904491738
 789   0.013104412148318230081240071278   0.136367788918436581782904491738
 790   0.065522060741591150406200356391   0.136367788918436581782904491738
 791   0.117939709334864070731160641503   0.136367788918436581782904491738
 792   0.170357357928136991056120926615   0.136367788918436581782904491738
 793   0.222775006521409911381081211728   0.136367788918436581782904491738
 794   0.275192655114682831706041496840   0.136367788918436581782904491738
 795   0.327610303707955752031001781953   0.136367788918436581782904491738
 796   0.380027952301228672355962067065   0.136367788918436581782904491738
 797   0.432445600894501592680922352178   0.136367788918436581782904491738
 798   0.484863249487774513005882637290   0.136367788918436581782904491738
 799  -0.484863249487774513005882637290   0.151519765464929535314338324153
 800  -0.432445600894501592680922352178   0.151519765464929535314338324153
 801  -0.380027952301228672355962067065   0.151519765464929535314338324153
 802  -0.327610303707955752031001781953   0.151519765464929535314338324153
 803  -0.275192655114682831706041496840   0.151519765464929535314338324153
 804  -0.222775006521409911381081211728   0.151519765464929535314338324153
 805  -0.170357357928136991056120926615   0.151519765464929535314338324153
 806  -0.117939709334864070731160641503   0.151519765464929535314338324153
 807  -0.065522060741591150406200356391   0.151519765464929535314338324153
 808  -0.013104412148318230081240071278   0.151519765464929535314338324153
 809   0.039313236444954690243720213834   0.151519765464929535314338324153
 810   0.091730885038227610568680498947   0.151519765464929535314338324153
 811   0.144148533631500530893640784059   0.151519765464929535314338324153
 812   0.196566182224773451218601069172   0.151519765464929535314338324153
 813   0.248983830818046371543561354284   0.151519765464929535314338324153
 814   0.301401479411319291868521639397   0.151519765464929535314338324153
 815   0.353819128004592212193481924509   0.151519765464929535314338324153
 816   0.406236776597865132518442209621   0.151519765464929535314338324153
 817   0.458654425191138052843402494734   0.151519765464929535314338324153
 818  -0.458654425191138052843402494734   0.166671742011422488845772156568
 819  -0.406236776597865132518442209621   0.166671742011422488845772156568
 820  -0.353819128004592212193481924509   0.166671742011422488845772156568
 821  -0.301401479411319291868521639397   0.166671742011422488845772156568
 822  -0.248983830818046371543561354284   0.166671742011422488845772156568
 823  -0.196566182224773451218601069172   0.166671742011422488845772156568
 824  -0.144148533631500530893640784059   0.166671742011422488845772156568
 825  -0.091730885038227610568680498947   0.166671742011422488845772156568
 826  -0.039313236444954690243720213834   0.166671742011422488845772156568
 827   0.013104412148318230081240071278   0.166671742011422488845772156568
 828   0.065522060741591150406200356391   0.166671742011422488845772156568
 829   0.117939709334864070731160641503   0.166671742011422488845772156568
 830   0.170357357928136991056120926615   0.166671742011422488845772156568
 831   0.222775006521409911381081211728   0.166671742011422488845772156568
 832   0.275192655114682831706041496840   0.166671742011422488845772156568
 833   0.327610303707955752031001781953   0.166671742011422488845772156568
 834   0.380027952301228672355962067065   0.166671742011422488845772156568
 835   0.432445600894501592680922352178   0.166671742011422488845772156568
 836   0.484863249487774513005882637290   0.166671742011422488845772156568
 837  -0.484863249487774513005882637290   0.181823718557915442377205988984
 838  -0.432445600894501592680922352178   0.181823718557915442377205988984
 839  -0.380027952301228672355962067065   0.181823718557915442377205988984
 840  -0.327610303707955752031001781953   0.181823718557915442377205988984
 841  -0.275192655114682831706041496840   0.181823718557915442377205988984
 842  -0.222775006521409911381081211728   0.181823718557915442377205988984
 843  -0.170357357928136991056120926615   0.181823718557915442377205988984
 844  -0.117939709334864070731160641503   0.181823718557915442377205988984
 845  -0.065522060741591150406200356391   0.181823718557915442377205988984
 846  -0.013104412148318230081240071278   0.181823718557915442377205988984
 847   0.039313236444954690243720213834   0.181823718557915442377205988984
 848   0.091730885038227610568680498947   0.181823718557915442377205988984
 849   0.144148533631500530893640784059   0.181823718557915442377205988984
 850   0.196566182224773451218601069172   0.181823718557915442377205988984
 851   0.248983830818046371543561354284   0.181823718557915442377205988984
 852   0.301401479411319291868521639397   0.181823718557915442377205988984
 853   0.353819128004592212193481924509   0.181823718557915442377205988984
 854   0.406236776597865132518442209621   0.181823718557915442377205988984
 855   0.458654425191138052843402494734   0.181823718557915442377205988984
 856  -0.458654425191138052843402494734   0.196975695104408395908639821399
 857  -0.406236776597865132518442209621   0.196975695104408395908639821399
 858  -0.353819128004592212193481924509   0.196975695104408395908639821399
 859  -0.301401479411319291868521639397   0.196975695104408395908639821399
 860  -0.248983830818046371543561354284   0.196975695104408395908639821399
 861  -0.196566182224773451218601069172   0.196975695104408395908639821399
 862  -0.144148533631500530893640784059   0.196975695104408395908639821399
 863  -0.091730885038227610568680498947   0.196975695104408395908639821399
 864  -0.039313236444954690243720213834   0.196975695104408395908639821399
 865   0.013104412148318230081240071278   0.196975695104408395908639821399
 866   0.065522060741591150406200356391   0.196975695104408395908639821399
 867   0.117939709334864070731160641503   0.196975695104408395908639821399
 868   0.170357357928136991056120926615   0.196975695104408395908639821399
 869   0.222775006521409911381081211728   0.196975695104408395908639821399
 870   0.275192655114682831706041496840   0.196975695104408395908639821399
 871   0.327610303707955752031001781953   0.196975695104408395908639821399
 872   0.380027952301228672355962067065   0.196975695104408395908639821399
 873   0.432445600894501592680922352178   0.196975695104408395908639821399
 874   0.484863249487774513005882637290   0.196975695104408395908639821399
 875  -0.484863249487774513005882637290   0.212127671650901349440073653814
 876  -0.432445600894501592680922352178   0.212127671650901349440073653814
 877  -0.380027952301228672355962067065   0.212127671650901349440073653814
 878  -0.327610303707955752031001781953   0.212127671650901349440073653814
 879  -0.275192655114682831706041496840   0.212127671650901349440073653814
 880  -0.222775006521409911381081211728   0.212127671650901349440073653814
 881  -0.170357357928136991056120926615   0.212127671650901349440073653814
 882  -0.117939709334864070731160641503   0.212127671650901349440073653814
 883  -0.065522060741591150406200356391   0.212127671650901349440073653814
 884  -0.013104412148318230081240071278   0.212127671650901349440073653814
 885   0.039313236444954690243720213834   0.212127671650901349440073653814
 886   0.091730885038227610568680498947   0.212127671650901349440073653814
 887   0.144148533631500530893640784059   0.212127671650901349440073653814
 888   0.196566182224773451218601069172   0.212127671650901349440073653814
 889   0.248983830818046371543561354284   0.212127671650901349440073653814
 890   0.301401479411319291868521639397   0.212127671650901349440073653814
 891   0.353819128004592212193481924509   0.212127671650901349440073653814
 892   0.406236776597865132518442209621   0.212127671650901349440073653814
 893   0.458654425191138052843402494734   0.212127671650901349440073653814
 894  -0.458654425191138052843402494734   0.227279648197394302971507486230
 895  -0.406236776597865132518442209621   0.227279648197394302971507486230
 896  -0.353819128004592212193481924509   0.227279648197394302971507486230
 897  -0.301401479411319291868521639397   0.227279648197394302971507486230
 898  -0.248983830818046371543561354284   0.227279648197394302971507486230
 899  -0.196566182224773451218601069172   0.227279648197394302971507486230
 900  -0.144148533631500530893640784059   0.227279648197394302971507486230
 901  -0.091730885038227610568680498947   0.227279648197394302971507486230
 902  -0.039313236444954690243720213834   0.227279648197394302971507486230
 903   0.013104412148318230081240071278   0.227279648197394302971507486230
 904   0.065522060741591150406200356391   0.227279648197394302971507486230
 905   0.117939709334864070731160641503   0.227279648197394302971507486230
 906   0.170357357928136991056120926615   0.227279648197394302971507486230
 907   0.222775006521409911381081211728   0.227279648197394302971507486230
 908   0.275192655114682831706041496840   0.227279648197394302971507486230
 909   0.327610303707955752031001781953   0.227279648197394302971507486230
 910   0.380027952301228672355962067065   0.227279648197394302971507486230
 911   0.432445600894501592680922352178   0.227279648197394302971507486230
 912   0.484863249487774513005882637290   0.227279648197394302971507486230
 913  -0.484863249487774513005882637290   0.242431624743887256502941318645
 914  -0.432445600894501592680922352178   0.242431624743887256502941318645
 915  -0.380027952301228672355962067065   0.242431624743887256502941318645
 916  -0.327610303707955752031001781953   0.242431624743887256502941318645
 917  -0.275192655114682831706041496840   0.242431624743887256502941318645
 918  -0.222775006521409911381081211728   0.242431624743887256502941318645
 919  -0.170357357928136991056120926615   0.242431624743887256502941318645
 920  -0.117939709334864070731160641503   0.242431624743887256502941318645
 921  -0.065522060741591150406200356391   0.242431624743887256502941318645
 922  -0.013104412148318230081240071278   0.242431624743887256502941318645
 923   0.039313236444954690243720213834   0.242431624743887256502941318645
 924   0.091730885038227610568680498947   0.242431624743887256502941318645
 925   0.144148533631500530893640784059   0.242431624743887256502941318645
 926   0.196566182224773451218601069172   0.242431624743887256502941318645
 927   0.248983830818046371543561354284   0.242431624743887256502941318645
 928   0.301401479411319291868521639397   0.242431624743887256502941318645
 929   0.353819128004592212193481924509   0.242431624743887256502941318645
 930   0.406236776597865132518442209621   0.242431624743887256502941318645
 931   0.458654425191138052843402494734   0.242431624743887256502941318645
 932  -0.458654425191138052843402494734   0.257583601290380210034375151060
 933  -0.406236776597865132518442209621   0.257583601290380210034375151060
 934  -0.353819128004592212193481924509   0.257583601290380210034375151060
 935  -0.301401479411319291868521639397   0.257583601290380210034375151060
 936  -0.248983830818046371543561354284   0.257583601290380210034375151060
 937  -0.196566182224773451218601069172   0.257583601290380210034375151060
 938  -0.144148533631500530893640784059   0.257583601290380210034375151060
 939  -0.091730885038227610568680498947   0.257583601290380210034375151060
 940  -0.039313236444954690243720213834   0.257583601290380210034375151060
 941   0.013104412148318230081240071278   0.257583601290380210034375151060
 942   0.065522060741591150406200356391   0.257583601290380210034375151060
 943   0.117939709334864070731160641503   0.257583601290380210034375151060
 944   0.170357357928136991056120926615   0.257583601290380210034375151060
 945   0.222775006521409911381081211728   0.257583601290380210034375151060
 946   0.275192655114682831706041496840   0.257583601290380210034375151060
 947   0.327610303707955752031001781953   0.257583601290380210034375151060
 948   0.380027952301228672355962067065   0.257583601290380210034375151060
 949   0.432445600894501592680922352178   0.257583601290380210034375151060
 950   0.484863249487774513005882637290   0.257583601290380210034375151060
 951  -0.484863249487774513005882637290   0.272735577836873163565808983476
 952  -0.432445600894501592680922352178   0.272735577836873163565808983476
 953  -0.380027952301228672355962067065   0.272735577836873163565808983476
 954  -0.327610303707955752031001781953   0.272735577836873163565808983476
 955  -0.275192655114682831706041496840   0.272735577836873163565808983476
 956  -0.222775006521409911381081211728   0.272735577836873163565808983476
 957  -0.170357357928136991056120926615   0.272735577836873163565808983476
 958  -0.117939709334864070731160641503   0.272735577836873163565808983476
 959  -0.065522060741591150406200356391   0.272735577836873163565808983476
 960  -0.013104412148318230081240071278   0.272735577836873163565808983476
 961   0.039313236444954690243720213834   0.272735577836873163565808983476
 962   0.091730885038227610568680498947   0.272735577836873163565808983476
 963   0.144148533631500530893640784059   0.272735577836873163565808983476
 964   0.196566182224773451218601069172   0.272735577836873163565808983476
 965   0.248983830818046371543561354284   0.272735577836873163565808983476
 966   0.301401479411319291868521639397   0.272735577836873163565808983476
 967   0.353819128004592212193481924509   0.272735577836873163565808983476
 968   0.406236776597865132518442209621   0.272735577836873163565808983476
 969   0.458654425191138052843402494734   0.272735577836873163565808983476
 970  -0.458654425191138052843402494734   0.287887554383366117097242815891
 971  -0.406236776597865132518442209621   0.287887554383366117097242815891
 972  -0.353819128004592212193481924509   0.287887554383366117097242815891
 973  -0.301401479411319291868521639397   0.287887554383366117097242815891
 974  -0.248983830818046371543561354284   0.287887554383366117097242815891
 975  -0.196566182224773451218601069172   0.287887554383366117097242815891
 976  -0.144148533631500530893640784059   0.287887554383366117097242815891
 977  -0.091730885038227610568680498947   0.287887554383366117097242815891
 978  -0.039313236444954690243720213834   0.287887554383366117097242815891
 979   0.013104412148318230081240071278   0.287887554383366117097242815891
 980   0.065522060741591150406200356391   0.287887554383366117097242815891
 981   0.117939709334864070731160641503   0.287887554383366117097242815891
 982   0.170357357928136991056120926615   0.287887554383366117097242815891
 983   0.222775006521409911381081211728   0.287887554383366117097242815891
 984   0.275192655114682831706041496840   0.287887554383366117097242815891
 985   0.327610303707955752031001781953   0.287887554383366117097242815891
 986   0.380027952301228672355962067065   0.287887554383366117097242815891
 987   0.432445600894501592680922352178   0.287887554383366117097242815891
 988   0.484863249487774513005882637290   0.287887554383366117097242815891
 989  -0.484863249487774513005882637290   0.303039530929859070628676648306
 990  -0.432445600894501592680922352178   0.303039530929859070628676648306
 991  -0.380027952301228672355962067065   0.303039530929859070628676648306
 992  -0.327610303707955752031001781953   0.303039530929859070628676648306
 993  -0.275192655114682831706041496840   0.303039530929859070628676648306
 994  -0.222775006521409911381081211728   0.303039530929859070628676648306
 995  -0.170357357928136991056120926615   0.303039530929859070628676648306
 996  -0.117939709334864070731160641503   0.303039530929859070628676648306
 997  -0.065522060741591150406200356391   0.303039530929859070628676648306
 998  -0.013104412148318230081240071278   0.303039530929859070628676648306
 999   0.039313236444954690243720213834   0.303039530929859070628676648306
1000   0.091730885038227610568680498947   0.303039530929859070628676648306
1001   0.144148533631500530893640784059   0.303039530929859070628676648306
1002   0.196566182224773451218601069172   0.303039530929859070628676648306
1003   0.248983830818046371543561354284   0.303039530929859070628676648306
1004   0.301401479411319291868521639397   0.303039530929859070628676648306
1005   0.353819128004592212193481924509   0.303039530929859070628676648306
1006   0.406236776597865132518442209621   0.303039530929859070628676648306
1007   0.458654425191138052843402494734   0.303039530929859070628676648306
1008  -0.458654425191138052843402494734   0.318191507476352024160110480722
1009  -0.406236776597865132518442209621   0.318191507476352024160110480722
1010  -0.353819128004592212193481924509   0.318191507476352024160110480722
1011  -0.301401479411319291868521639397   0.318191507476352024160110480722
1012  -0.248983830818046371543561354284   0.318191507476352024160110480722
1013  -0.196566182224773451218601069172   0.318191507476352024160110480722
1014  -0.144148533631500530893640784059   0.318191507476352024160110480722
1015  -0.091730885038227610568680498947   0.318191507476352024160110480722
1016  -0.039313236444954690243720213834   0.318191507476352024160110480722
1017   0.013104412148318230081240071278   0.318191507476352024160110480722
1018   0.065522060741591150406200356391   0.318191507476352024160110480722
1019   0.117939709334864070731160641503   0.318191507476352024160110480722
1020   0.170357357928136991056120926615   0.318191507476352024160110480722
1021   0.222775006521409911381081211728   0.318191507476352024160110480722
1022   0.275192655114682831706041496840   0.318191507476352024160110480722
1023   0.327610303707955752031001781953   0.318191507476352024160110480722
1024   0.380027952301228672355962067065   0.318191507476352024160110480722
1025   0.432445600894501592680922352178   0.318191507476352024160110480722
1026   0.484863249487774513005882637290   0.318191507476352024160110480722
1027  -0.484863249487774513005882637290   0.333343484022844977691544313137
1028  -0.432445600894501592680922352178   0.333343484022844977691544313137
1029  -0.380027952301228672355962067065   0.333343484022844977691544313137
1030  -0.327610303707955752031001781953   0.333343484022844977691544313137
1031  -0.275192655114682831706041496840   0.333343484022844977691544313137
1032  -0.222775006521409911381081211728   0.333343484022844977691544313137
1033  -0.170357357928136991056120926615   0.333343484022844977691544313137
1034  -0.117939709334864070731160641503   0.333343484022844977691544313137
1035  -0.065522060741591150406200356391   0.333343484022844977691544313137
1036  -0.013104412148318230081240071278   0.333343484022844977691544313137
1037   0.039313236444954690243720213834   0.333343484022844977691544313137
1038   0.091730885038227610568680498947   0.333343484022844977691544313137
1039   0.144148533631500530893640784059   0.333343484022844977691544313137
1040   0.196566182224773451218601069172   0.333343484022844977691544313137
1041   0.248983830818046371543561354284   0.333343484022844977691544313137
1042   0.301401479411319291868521639397   0.333343484022844977691544313137
1043   0.353819128004592212193481924509   0.333343484022844977691544313137
1044   0.406236776597865132518442209621   0.333343484022844977691544313137
1045   0.458654425191138052843402494734   0.333343484022844977691544313137
1046  -0.458654425191138052843402494734   0.348495460569337931222978145552
1047  -0.406236776597865132518442209621   0.348495460569337931222978145552
1048  -0.353819128004592212193481924509   0.348495460569337931222978145552
1049  -0.301401479411319291868521639397   0.348495460569337931222978145552
1050  -0.248983830818046371543561354284   0.348495460569337931222978145552
1051  -0.196566182224773451218601069172   0.348495460569337931222978145552
1052  -0.144148533631500530893640784059   0.348495460569337931222978145552
1053  -0.091730885038227610568680498947   0.348495460569337931222978145552
1054  -0.039313236444954690243720213834   0.348495460569337931222978145552
1055   0.013104412148318230081240071278   0.348495460569337931222978145552
1056   0.065522060741591150406200356391   0.348495460569337931222978145552
1057   0.117939709334864070731160641503   0.348495460569337931222978145552
1058   0.170357357928136991056120926615   0.348495460569337931222978145552
1059   0.222775006521409911381081211728   0.348495460569337931222978145552
1060   0.275192655114682831706041496840   0.348495460569337931222978145552
1061   0.327610303707955752031001781953   0.348495460569337931222978145552
1062   0.380027952301228672355962067065   0.348495460569337931222978145552
1063   0.432445600894501592680922352178   0.348495460569337931222978145552
1064   0.484863249487774513005882637290   0.348495460569337931222978145552
1065  -0.484863249487774513005882637290   0.363647437115830884754411977968
1066  -0.432445600894501592680922352178   0.363647437115830884754411977968
1067  -0.380027952301228672355962067065   0.363647437115830884754411977968
1068  -0.327610303707955752031001781953   0.363647437115830884754411977968
1069  -0.275192655114682831706041496840   0.363647437115830884754411977968
1070  -0.222775006521409911381081211728   0.363647437115830884754411977968
1071  -0.170357357928136991056120926615   0.363647437115830884754411977968
1072  -0.117939709334864070731160641503   0.363647437115830884754411977968
1073  -0.065522060741591150406200356391   0.363647437115830884754411977968
1074  -0.013104412148318230081240071278   0.363647437115830884754411977968
1075   0.039313236444954690243720213834   0.363647437115830884754411977968
1076   0.091730885038227610568680498947   0.363647437115830884754411977968
1077   0.144148533631500530893640784059   0.363647437115830884754411977968
1078   0.196566182224773451218601069172   0.363647437115830884754411977968
1079   0.248983830818046371543561354284   0.363647437115830884754411977968
1080   0.301401479411319291868521639397   0.363647437115830884754411977968
1081   0.353819128004592212193481924509   0.363647437115830884754411977968
1082   0.406236776597865132518442209621   0.363647437115830884754411977968
1083   0.458654425191138052843402494734   0.363647437115830884754411977968
1084  -0.458654425191138052843402494734   0.378799413662323838285845810383
1085  -0.406236776597865132518442209621   0.378799413662323838285845810383
1086  -0.353819128004592212193481924509   0.378799413662323838285845810383
1087  -0.301401479411319291868521639397   0.378799413662323838285845810383
1088  -0.248983830818046371543561354284   0.378799413662323838285845810383
1089  -0.196566182224773451218601069172   0.378799413662323838285845810383
1090  -0.144148533631500530893640784059   0.378799413662323838285845810383
1091  -0.091730885038227610568680498947   0.378799413662323838285845810383
1092  -0.039313236444954690243720213834   0.378799413662323838285845810383
1093   0.013104412148318230081240071278   0.378799413662323838285845810383
1094   0.065522060741591150406200356391   0.378799413662323838285845810383
1095   0.117939709334864070731160641503   0.378799413662323838285845810383
1096   0.170357357928136991056120926615   0.378799413662323838285845810383
1097   0.222775006521409911381081211728   0.378799413662323838285845810383
1098   0.275192655114682831706041496840   0.378799413662323838285845810383
1099   0.327610303707955752031001781953   0.378799413662323838285845810383
1100   0.380027952301228672355962067065   0.378799413662323838285845810383
1101   0.432445600894501592680922352178   0.378799413662323838285845810383
1102   0.484863249487774513005882637290   0.378799413662323838285845810383
1103  -0.484863249487774513005882637290   0.393951390208816791817279642798
1104  -0.432445600894501592680922352178   0.393951390208816791817279642798
1105  -0.380027952301228672355962067065   0.393951390208816791817279642798
1106  -0.327610303707955752031001781953   0.393951390208816791817279642798
1107  -0.275192655114682831706041496840   0.393951390208816791817279642798
1108  -0.222775006521409911381081211728   0.393951390208816791817279642798
1109  -0.170357357928136991056120926615   0.393951390208816791817279642798
1110  -0.117939709334864070731160641503   0.393951390208816791817279642798
1111  -0.065522060741591150406200356391   0.393951390208816791817279642798
1112  -0.013104412148318230081240071278   0.393951390208816791817279642798
1113   0.039313236444954690243720213834   0.393951390208816791817279642798
1114   0.091730885038227610568680498947   0.393951390208816791817279642798
1115   0.144148533631500530893640784059   0.393951390208816791817279642798
1116   0.196566182224773451218601069172   0.393951390208816791817279642798
1117   0.248983830818046371543561354284   0.393951390208816791817279642798
1118   0.301401479411319291868521639397   0.393951390208816791817279642798
1119   0.353819128004592212193481924509   0.393951390208816791817279642798
1120   0.406236776597865132518442209621   0.393951390208816791817279642798
1121   0.458654425191138052843402494734   0.393951390208816791817279642798
1122  -0.458654425191138052843402494734   0.409103366755309745348713475214
1123  -0.406236776597865132518442209621   0.409103366755309745348713475214
1124  -0.353819128004592212193481924509   0.409103366755309745348713475214
1125  -0.301401479411319291868521639397   0.409103366755309745348713475214
1126  -0.248983830818046371543561354284   0.409103366755309745348713475214
1127  -0.196566182224773451218601069172   0.409103366755309745348713475214
1128  -0.144148533631500530893640784059   0.409103366755309745348713475214
1129  -0.091730885038227610568680498947   0.409103366755309745348713475214
1130  -0.039313236444954690243720213834   0.409103366755309745348713475214
1131   0.013104412148318230081240071278   0.409103366755309745348713475214
1132   0.065522060741591150406200356391   0.409103366755309745348713475214
1133   0.117939709334864070731160641503   0.409103366755309745348713475214
1134   0.170357357928136991056120926615   0.409103366755309745348713475214
1135   0.222775006521409911381081211728   0.409103366755309745348713475214
1136   0.275192655114682831706041496840   0.409103366755309745348713475214
1137   0.327610303707955752031001781953   0.409103366755309745348713475214
1138   0.380027952301228672355962067065   0.409103366755309745348713475214
1139   0.432445600894501592680922352178   0.409103366755309745348713475214
1140   0.484863249487774513005882637290   0.409103366755309745348713475214
1141  -0.484863249487774513005882637290   0.424255343301802698880147307629
1142  -0.432445600894501592680922352178   0.424255343301802698880147307629
1143  -0.380027952301228672355962067065   0.424255343301802698880147307629
1144  -0.327610303707955752031001781953   0.424255343301802698880147307629
1145  -0.275192655114682831706041496840   0.424255343301802698880147307629
1146  -0.222775006521409911381081211728   0.424255343301802698880147307629
1147  -0.170357357928136991056120926615   0.424255343301802698880147307629
1148  -0.117939709334864070731160641503   0.424255343301802698880147307629
1149  -0.065522060741591150406200356391   0.424255343301802698880147307629
1150  -0.013104412148318230081240071278   0.424255343301802698880147307629
1151   0.039313236444954690243720213834   0.424255343301802698880147307629
1152   0.091730885038227610568680498947   0.424255343301802698880147307629
1153   0.144148533631500530893640784059   0.424255343301802698880147307629
1154   0.196566182224773451218601069172   0.424255343301802698880147307629
1155   0.248983830818046371543561354284   0.424255343301802698880147307629
1156   0.301401479411319291868521639397   0.424255343301802698880147307629
1157   0.353819128004592212193481924509   0.424255343301802698880147307629
1158   0.406236776597865132518442209621   0.424255343301802698880147307629
1159   0.458654425191138052843402494734   0.424255343301802698880147307629
1160  -0.458654425191138052843402494734   0.439407319848295652411581140044
1161  -0.406236776597865132518442209621   0.439407319848295652411581140044
1162  -0.353819128004592212193481924509   0.439407319848295652411581140044
1163  -0.301401479411319291868521639397   0.439407319848295652411581140044
1164  -0.248983830818046371543561354284   0.439407319848295652411581140044
1165  -0.196566182224773451218601069172   0.439407319848295652411581140044
1166  -0.144148533631500530893640784059   0.439407319848295652411581140044
1167  -0.091730885038227610568680498947   0.439407319848295652411581140044
1168  -0.039313236444954690243720213834   0.439407319848295652411581140044
1169   0.013104412148318230081240071278   0.439407319848295652411581140044
1170   0.065522060741591150406200356391   0.439407319848295652411581140044
1171   0.117939709334864070731160641503   0.439407319848295652411581140044
1172   0.170357357928136991056120926615   0.439407319848295652411581140044
1173   0.222775006521409911381081211728   0.439407319848295652411581140044
1174   0.275192655114682831706041496840   0.439407319848295652411581140044
1175   0.327610303707955752031001781953   0.439407319848295652411581140044
1176   0.380027952301228672355962067065   0.439407319848295652411581140044
1177   0.432445600894501592680922352178   0.439407319848295652411581140044
1178   0.484863249487774513005882637290   0.439407319848295652411581140044
1179  -0.484863249487774513005882637290   0.454559296394788605943014972460
1180  -0.432445600894501592680922352178   0.454559296394788605943014972460
1181  -0.380027952301228672355962067065   0.454559296394788605943014972460
1182  -0.327610303707955752031001781953   0.454559296394788605943014972460
1183  -0.275192655114682831706041496840   0.454559296394788605943014972460
1184  -0.222775006521409911381081211728   0.454559296394788605943014972460
1185  -0.170357357928136991056120926615   0.454559296394788605943014972460
1186  -0.117939709334864070731160641503   0.454559296394788605943014972460
1187  -0.065522060741591150406200356391   0.454559296394788605943014972460
1188  -0.013104412148318230081240071278   0.454559296394788605943014972460
1189   0.039313236444954690243720213834   0.454559296394788605943014972460
1190   0.091730885038227610568680498947   0.454559296394788605943014972460
1191   0.144148533631500530893640784059   0.454559296394788605943014972460
1192   0.196566182224773451218601069172   0.454559296394788605943014972460
1193   0.248983830818046371543561354284   0.454559296394788605943014972460
1194   0.301401479411319291868521639397   0.454559296394788605943014972460
1195   0.353819128004592212193481924509   0.454559296394788605943014972460
1196   0.406236776597865132518442209621   0.454559296394788605943014972460
1197   0.458654425191138052843402494734   0.454559296394788605943014972460
1198  -0.458654425191138052843402494734   0.469711272941281559474448804875
1199  -0.406236776597865132518442209621   0.469711272941281559474448804875
1200  -0.353819128004592212193481924509   0.469711272941281559474448804875
1201  -0.301401479411319291868521639397   0.469711272941281559474448804875
1202  -0.248983830818046371543561354284   0.469711272941281559474448804875
1203  -0.196566182224773451218601069172   0.469711272941281559474448804875
1204  -0.144148533631500530893640784059   0.469711272941281559474448804875
1205  -0.091730885038227610568680498947   0.469711272941281559474448804875
1206  -0.039313236444954690243720213834   0.469711272941281559474448804875
1207   0.013104412148318230081240071278   0.469711272941281559474448804875
1208   0.065522060741591150406200356391   0.469711272941281559474448804875
1209   0.117939709334864070731160641503   0.469711272941281559474448804875
1210   0.170357357928136991056120926615   0.469711272941281559474448804875
1211   0.222775006521409911381081211728   0.469711272941281559474448804875
1212   0.275192655114682831706041496840   0.469711272941281559474448804875
1213   0.327610303707955752031001781953   0.469711272941281559474448804875
1214   0.380027952301228672355962067065   0.469711272941281559474448804875
1215   0.432445600894501592680922352178   0.469711272941281559474448804875
1216   0.484863249487774513005882637290   0.469711272941281559474448804875
1217  -0.484863249487774513005882637290   0.484863249487774513005882637290
1218  -0.432445600894501592680922352178   0.484863249487774513005882637290
1219  -0.380027952301228672355962067065   0.484863249487774513005882637290
1220  -0.327610303707955752031001781953   0.484863249487774513005882637290
1221  -0.275192655114682831706041496840   0.484863249487774513005882637290
1222  -0.222775006521409911381081211728   0.484863249487774513005882637290
1223  -0.170357357928136991056120926615   0.484863249487774513005882637290
1224  -0.117939709334864070731160641503   0.484863249487774513005882637290
1225  -0.065522060741591150406200356391   0.484863249487774513005882637290
1226  -0.013104412148318230081240071278   0.484863249487774513005882637290
1227   0.039313236444954690243720213834   0.484863249487774513005882637290
1228   0.091730885038227610568680498947   0.484863249487774513005882637290
1229   0.144148533631500530893640784059   0.484863249487774513005882637290
1230   0.196566182224773451218601069172   0.484863249487774513005882637290
1231   0.248983830818046371543561354284   0.484863249487774513005882637290
1232   0.301401479411319291868521639397   0.484863249487774513005882637290
1233   0.353819128004592212193481924509   0.484863249487774513005882637290
1234   0.406236776597865132518442209621   0.484863249487774513005882637290
1235   0.458654425191138052843402494734   0.484863249487774513005882637290
