   1  -0.457748137169917363693542752900  -0.457748137292786075555501166328
   2  -0.311380392809140049173652591972  -0.457748137292786075555501166328
   3  -0.164549444449754602395230410063  -0.457748137292786075555501166328
   4  -0.010611459999142400789086859129  -0.457748137292786075555501166328
   5   0.157339808367262375169679238002  -0.457748137292786075555501166328
   6   0.241843533781690224058676905345  -0.457748137292786075555501166328
   7   0.410008328803715924486208864101  -0.457748137292786075555501166328
   8   0.325925931292703074272442884723  -0.449320205297507567568130522399
   9   0.073364174184059987190296189436  -0.448315615231004840254915920540
  10  -0.087580452224448501592158634596  -0.422867571862481076983740792453
  11  -0.237964918629447325784441501018  -0.415902614714045465863794307634
  12  -0.384564264989528706433597672436  -0.415498871481395290127129650150
  13   0.457748137292786075555501166328  -0.388021597909679411431910265185
  14   0.276759844399306557295228494901  -0.380591932305179276766725446947
  15   0.123520795002920901220727513563  -0.380306843760333301185004248334
  16  -0.018888500350786032845097588183  -0.373650752006831541419295473962
  17  -0.165017895951776283244321710044  -0.373245710332921350303303456731
  18  -0.457748137292786075555501166328  -0.373244411878358226755829267054
  19  -0.311383391446147659837292504552  -0.373244411878358226755829267054
  20   0.369713712864867782483990170163  -0.372474625953892114782833146157
  21   0.200206627412127924976462497098  -0.344808073124943224340232883905
  22   0.054435041624952524382164747245  -0.331644350101299035347870945144
  23  -0.238200268875095491103426040932  -0.330993847625707425858804623059
  24  -0.091835523028457075385217379156  -0.330993847625707425858804623059
  25  -0.384565764369466867696396835440  -0.330992549171144302311330433382
  26   0.457748137292786075555501166328  -0.303517872495251562542912597842
  27   0.311374905329973441342212620764  -0.303503170700888095931961519554
  28   0.131120874034159548137899730779  -0.296145579465908958503099580715
  29  -0.018537493487582911769202006305  -0.288942944254410423855018083008
  30  -0.165017895951776283244321710044  -0.288741984918493501414305789387
  31  -0.457748137292786075555501166328  -0.288740686463930377866831599710
  32  -0.311383391446147659837292504552  -0.288740686463930377866831599710
  33   0.234726796255137538868094675113  -0.266831433022904951141869316085
  34   0.384565764369466867696396835440  -0.261266009788037638098413764170
  35   0.054903327354877633027423115589  -0.247141922222615173063149897735
  36  -0.091603658829647892106003043376  -0.246490440310319665235572968412
  37  -0.238200268875095491103426040932  -0.246490122211279576969806955716
  38  -0.384565764369466867696396835440  -0.246488823756716453422332766038
  39   0.457748137292786075555501166328  -0.219014147080823713653914930499
  40   0.311374905329973441342212620764  -0.218999445286460247042963852211
  41   0.164807604781548080239140480444  -0.218646651857393192726093687234
  42  -0.018298098686338548687027998896  -0.204426764817686058500574261965
  43  -0.165017895951776283244321710044  -0.204238259504065652525308122044
  44  -0.457748137292786075555501166328  -0.204236961049502528977833932367
  45  -0.311383391446147659837292504552  -0.204236961049502528977833932367
  46   0.384565764369466867696396835440  -0.176762284373609789209416096827
  47   0.238192532406654233483108289876  -0.176747582579246322598465018539
  48   0.088027193065757144627833241642  -0.169400754690318363152000384289
  49  -0.091835156303491012780386026613  -0.161987031989491425549703180278
  50  -0.238200268875095491103426040932  -0.161986396796851728080809288372
  51  -0.384565764369466867696396835440  -0.161985098342288604533335098695
  52   0.457748137292786075555501166328  -0.134510421666395864764917263155
  53   0.311374905329973441342212620764  -0.134495719872032398153966184867
  54   0.164824102311866330991057668569  -0.134142928053358896666786538882
  55   0.015063177860072164602804710842  -0.126772922303700460627145343639
  56  -0.165017895951776283244321710044  -0.119734534089637803636310454701
  57  -0.457748137292786075555501166328  -0.119733235635074680088836265023
  58  -0.311383391446147659837292504552  -0.119733235635074680088836265023
  59   0.384565764369466867696396835440  -0.092258558959181940320418429483
  60   0.238200826688126488858521524956  -0.092229494303218984420645445343
  61   0.088245550783391372461909041730  -0.084521059596486536182646509967
  62  -0.058109852753815066262606657959  -0.084504882371665036006968835347
  63  -0.238200268875095491103426040932  -0.077482671382423879191811621029
  64  -0.384565764369466867696396835440  -0.077481372927860755644337431352
  65   0.457748137292786075555501166328  -0.050006696251968015875919595812
  66   0.311391491073725766749582170738  -0.049991996085265916370302701228
  67   0.165214366112539173863259905443  -0.049640103821958775320033767916
  68   0.015072520169504141596497672930  -0.042253019664451111562470001675
  69  -0.131292006249274447582392357353  -0.042252639606528397902754161004
  70  -0.457748137292786075555501166328  -0.035229510220646831199838597680
  71  -0.311383391446147659837292504552  -0.035229510220646831199838597680
  72   0.384574058695079956383456477659  -0.007740470606735078972492142196
  73   0.238413215499778896624131144320  -0.007388581865627500808109394126
  74   0.088254893092823349455602003818  -0.000001156957237187117971168004
  75  -0.204474379172593655441496688242  -0.000000776899314473458255327333
  76  -0.058109633325955239723288026465  -0.000000776899314473458255327333
  77  -0.384565764369466867696396835440   0.007022352486567093244660235992
  78   0.457748137292786075555501166328   0.034525755038497857930935311420
  79   0.311595979989731983409275210503   0.034863280840679218492378605832
  80   0.165231038360562290929203983158   0.034863619947785034574761189454
  81  -0.131292006249274447582392357353   0.042251085807899450986243506339
  82   0.015072739597363968135816304423   0.042251085807899450986243506339
  83  -0.277656303547386143387198665207   0.042251862707213924399835949637
  84  -0.457748137292786075555501166328   0.049274215193781017689159069663
  85   0.238413607066412775550170879615   0.077115143547893142936877439504
  86   0.384770058587438102581319899172   0.077129506485912155395806059448
  87  -0.058109633325955239723288026465   0.084502948515113375430742340011
  88   0.088255112520683175994920635311   0.084502948515113375430742340011
  89  -0.350838676470705351246302996095   0.084503725414427848844334783309
  90  -0.204473930624066935528094334319   0.084503725414427848844334783309
  91   0.165231429927196169855243718454   0.119367345361305678319748023083
  92   0.311587685664118894722215568284   0.119381369193126079840304893120
  93   0.457748137292786075555501166328   0.119733257933326452860676807476
  94   0.015072739597363968135816304423   0.126754811222327299875241173682
  95  -0.424021049394024559105407326984   0.126755588121641773288833616981
  96  -0.277656303547386143387198665207   0.126755588121641773288833616981
  97  -0.131291557700747727668990003431   0.126755588121641773288833616981
  98   0.238405508524902289027288407123   0.161633571006538615223175476699
  99   0.384565764369466867696396835440   0.161985120640540377305175641148
 100   0.088255112520683175994920635311   0.169006673929541224319740007354
 101  -0.350838676470705351246302996095   0.169007450828855697733332450652
 102  -0.204473930624066935528094334319   0.169007450828855697733332450652
 103  -0.058109184777428519809885672542   0.169007450828855697733332450652
 104   0.165224137012038335353807393984   0.203887168160073405435843645486
 105  -0.457748137292786075555501166328   0.204236961049502528888508164298
 106   0.457748137292786075555501166328   0.204236983347754301749674474820
 107   0.311352716416345649904279877754   0.204290158654398618154636273218
 108  -0.277656303547386143387198665207   0.211259313536069622177831284324
 109  -0.131291557700747727668990003431   0.211259313536069622177831284324
 110   0.015073188145890688049218658346   0.211259313536069622177831284324
 111  -0.384565764369466867696396835440   0.246488823756716453333006997970
 112   0.384565764369466867696396835440   0.246488846054968226194173308491
 113   0.238062865982921336701209501760   0.246728727081560710119983569613
 114  -0.204473930624066935528094334319   0.253511176243283546622330117996
 115  -0.058109184777428519809885672542   0.253511176243283546622330117996
 116   0.088255561069209895908322989234   0.253511176243283546622330117996
 117  -0.457748137292786075555501166328   0.288740686463930377777505831642
 118  -0.311383391446147659837292504552   0.288740686463930377777505831642
 119   0.457748137292786075555501166328   0.288740708762182150638672142163
 120   0.311352716416345649904279877754   0.288793884068826467043633940561
 121   0.164921848386315409255943848056   0.289052138497111810546341425385
 122  -0.131291557700747727668990003431   0.295763038950497471066828951668
 123   0.015073188145890688049218658346   0.295763038950497471066828951668
 124  -0.384565764369466867696396835440   0.330992549171144302222004665313
 125  -0.238201018522828451978188173664   0.330992549171144302222004665313
 126   0.384565764369466867696396835440   0.330992571469396075083170975835
 127   0.237545241062725303869433661534   0.332257721991435698748364996573
 128  -0.058109184777428519809885672542   0.338014901657711395511327785339
 129   0.088255561069209895908322989234   0.338014901657711395511327785339
 130  -0.457748137292786075555501166328   0.373244411878358226666503498985
 131  -0.311383391446147659837292504552   0.373244411878358226666503498985
 132  -0.165018645599509244119083842775   0.373244411878358226666503498985
 133   0.457748137292786075555501166328   0.373244434176609999527669809507
 134   0.311414105097654660328638057388   0.373297587185002543071465297383
 135   0.164422779935894908448374272841   0.374613185484026555058347753329
 136   0.015073188145890688049218658346   0.380266764364925319955826619011
 137  -0.384565764369466867696396835440   0.415496274585572151111002332657
 138  -0.238201018522828451978188173664   0.415496274585572151111002332657
 139  -0.091836272676190036259979511887   0.415496274585572151111002332657
 140   0.383051744482466798554023332808   0.418118656251777734074935795783
 141   0.228845801525296894138080291749   0.429299142531594669928757571532
 142   0.065310481472133213949190861789   0.448215965744853894430833166827
 143  -0.457748137292786075555501166328   0.457748137292786075555501166328
 144  -0.311383391446147659837292504552   0.457748137292786075555501166328
 145  -0.165018645599509244119083842775   0.457748137292786075555501166328
 146  -0.018653899752870828400875180999   0.457748137292786075555501166328
 147   0.149274862697137256299256904576   0.457748137292786075555501166328
 148   0.308416740353456531976903678921   0.457748137292786075555501166328
 149   0.457686748611477065131142986694   0.457748137292786075555501166328
