   1  -0.458220196871418156736234582940  -0.458220196871418156736234582940
   2  -0.313490713373560381299335425519  -0.458220196871418156736234582940
   3  -0.168761229875702605862436268097  -0.458220196871418156736234582940
   4  -0.024031746377844830425537110676  -0.458220196871418156736234582940
   5   0.120697737120012945011362046745  -0.458220196871418156736234582940
   6   0.265427220617870720448261204167  -0.458220196871418156736234582940
   7   0.410156704115728495885160361588  -0.458220196871418156736234582940
   8  -0.385855455122489269017785004230  -0.416440393742836313472469165881
   9  -0.241125971624631493580885846808  -0.416440393742836313472469165881
  10  -0.096396488126773718143986689387  -0.416440393742836313472469165881
  11   0.048332995371084057292912468035  -0.416440393742836313472469165881
  12   0.193062478868941832729811625456  -0.416440393742836313472469165881
  13   0.337791962366799608166710782878  -0.416440393742836313472469165881
  14   0.458220196871418156736234582940  -0.389867373506351544405592453078
  15  -0.458220196871418156736234582940  -0.374660590614254470208703748821
  16  -0.313490713373560381299335425519  -0.374660590614254470208703748821
  17  -0.168761229875702605862436268097  -0.374660590614254470208703748821
  18  -0.024031746377844830425537110676  -0.374660590614254470208703748821
  19   0.120697737120012945011362046745  -0.374660590614254470208703748821
  20   0.265427220617870720448261204167  -0.374660590614254470208703748821
  21   0.385855455122489269017785004230  -0.348087570377769701141827036018
  22  -0.385855455122489269017785004230  -0.332880787485672626944938331761
  23  -0.241125971624631493580885846808  -0.332880787485672626944938331761
  24  -0.096396488126773718143986689387  -0.332880787485672626944938331761
  25   0.048332995371084057292912468035  -0.332880787485672626944938331761
  26   0.193062478868941832729811625456  -0.332880787485672626944938331761
  27   0.313490713373560381299335425519  -0.306307767249187857878061618959
  28   0.458220196871418156736234582940  -0.306307767249187857878061618959
  29  -0.458220196871418156736234582940  -0.291100984357090783681172914702
  30  -0.313490713373560381299335425519  -0.291100984357090783681172914702
  31  -0.168761229875702605862436268097  -0.291100984357090783681172914702
  32  -0.024031746377844830425537110676  -0.291100984357090783681172914702
  33   0.120697737120012945011362046745  -0.291100984357090783681172914702
  34   0.241125971624631493580885846808  -0.264527964120606014614296201899
  35   0.385855455122489269017785004230  -0.264527964120606014614296201899
  36  -0.385855455122489269017785004230  -0.249321181228508940417407497642
  37  -0.241125971624631493580885846808  -0.249321181228508940417407497642
  38  -0.096396488126773718143986689387  -0.249321181228508940417407497642
  39   0.048332995371084057292912468035  -0.249321181228508940417407497642
  40   0.168761229875702605862436268097  -0.222748160992024171350530784839
  41   0.313490713373560381299335425519  -0.222748160992024171350530784839
  42   0.458220196871418156736234582940  -0.222748160992024171350530784839
  43  -0.458220196871418156736234582940  -0.207541378099927097153642080582
  44  -0.313490713373560381299335425519  -0.207541378099927097153642080582
  45  -0.168761229875702605862436268097  -0.207541378099927097153642080582
  46  -0.024031746377844830425537110676  -0.207541378099927097153642080582
  47   0.096396488126773718143986689387  -0.180968357863442328086765367780
  48   0.241125971624631493580885846808  -0.180968357863442328086765367780
  49   0.385855455122489269017785004230  -0.180968357863442328086765367780
  50  -0.385855455122489269017785004230  -0.165761574971345253889876663523
  51  -0.241125971624631493580885846808  -0.165761574971345253889876663523
  52  -0.096396488126773718143986689387  -0.165761574971345253889876663523
  53   0.024031746377844830425537110676  -0.139188554734860484822999950720
  54   0.168761229875702605862436268097  -0.139188554734860484822999950720
  55   0.313490713373560381299335425519  -0.139188554734860484822999950720
  56   0.458220196871418156736234582940  -0.139188554734860484822999950720
  57  -0.458220196871418156736234582940  -0.123981771842763410626111246463
  58  -0.313490713373560381299335425519  -0.123981771842763410626111246463
  59  -0.168761229875702605862436268097  -0.123981771842763410626111246463
  60  -0.048332995371084057292912468035  -0.097408751606278641559234533660
  61   0.096396488126773718143986689387  -0.097408751606278641559234533660
  62   0.241125971624631493580885846808  -0.097408751606278641559234533660
  63   0.385855455122489269017785004230  -0.097408751606278641559234533660
  64  -0.385855455122489269017785004230  -0.082201968714181567362345829403
  65  -0.241125971624631493580885846808  -0.082201968714181567362345829403
  66  -0.120697737120012945011362046745  -0.055628948477696798295469116601
  67   0.024031746377844830425537110676  -0.055628948477696798295469116601
  68   0.168761229875702605862436268097  -0.055628948477696798295469116601
  69   0.313490713373560381299335425519  -0.055628948477696798295469116601
  70   0.458220196871418156736234582940  -0.055628948477696798295469116601
  71  -0.458220196871418156736234582940  -0.040422165585599724098580412344
  72  -0.313490713373560381299335425519  -0.040422165585599724098580412344
  73  -0.193062478868941832729811625456  -0.013849145349114955031703699541
  74  -0.048332995371084057292912468035  -0.013849145349114955031703699541
  75   0.096396488126773718143986689387  -0.013849145349114955031703699541
  76   0.241125971624631493580885846808  -0.013849145349114955031703699541
  77   0.385855455122489269017785004230  -0.013849145349114955031703699541
  78  -0.385855455122489269017785004230   0.001357637542982119165185004716
  79  -0.265427220617870720448261204167   0.027930657779466888232061717519
  80  -0.120697737120012945011362046745   0.027930657779466888232061717519
  81   0.024031746377844830425537110676   0.027930657779466888232061717519
  82   0.168761229875702605862436268097   0.027930657779466888232061717519
  83   0.313490713373560381299335425519   0.027930657779466888232061717519
  84   0.458220196871418156736234582940   0.027930657779466888232061717519
  85  -0.458220196871418156736234582940   0.043137440671563962428950421776
  86  -0.337791962366799608166710782878   0.069710460908048731495827134578
  87  -0.193062478868941832729811625456   0.069710460908048731495827134578
  88  -0.048332995371084057292912468035   0.069710460908048731495827134578
  89   0.096396488126773718143986689387   0.069710460908048731495827134578
  90   0.241125971624631493580885846808   0.069710460908048731495827134578
  91   0.385855455122489269017785004230   0.069710460908048731495827134578
  92  -0.410156704115728495885160361588   0.111490264036630574759592551638
  93  -0.265427220617870720448261204167   0.111490264036630574759592551638
  94  -0.120697737120012945011362046745   0.111490264036630574759592551638
  95   0.024031746377844830425537110676   0.111490264036630574759592551638
  96   0.313490713373560381299335425519   0.111490264036630574759592551638
  97   0.458220196871418156736234582940   0.111490264036630574759592551638
  98   0.172746488812517968730244691199   0.117736017939696992692851899050
  99   0.097117392930194149614356359948   0.153266957328833597137077860084
 100  -0.337791962366799608166710782878   0.153270067165212418023357968698
 101  -0.193062478868941832729811625456   0.153270067165212418023357968698
 102  -0.048332995371084057292912468035   0.153270067165212418023357968698
 103   0.385855455122489269017785004230   0.153270067165212418023357968698
 104   0.245111230561446856448694269910   0.159515821068278835956617316110
 105  -0.458220196871418156736234582940   0.179843087401697187090234681500
 106   0.024752651181265261895906781237   0.195046760457415440400843277144
 107  -0.265427220617870720448261204167   0.195049870293794261287123385757
 108   0.458220196871418156736234582940   0.195049870293794261287123385757
 109  -0.120334591520997057381631004379   0.195672637249077171374984699091
 110   0.317475972310375744167143848620   0.201295624196860679220382733170
 111   0.172747718815002062648809413244   0.201297754551237413161972011366
 112  -0.385855455122489269017785004230   0.221622890530279030354000098560
 113   0.097117622117681041110464869470   0.236826563585682975672382873475
 114  -0.047612090567663625822542797473   0.236826563585997283664608694203
 115  -0.193055332691830213761219320631   0.236829673116798746713433546050
 116   0.389840714059304631885593427331   0.243075427325442522484148150229
 117   0.245112460563930950367258991954   0.243077557679819256425737428425
 118  -0.458220196871418156736234582940   0.263402693658860873617765515620
 119  -0.313490713373560381299335425519   0.263402693658860873617765515620
 120   0.024752880368752153392015290759   0.278606366714264818936148290535
 121   0.172719897445785810652411161021   0.284857356176805516672180578021
 122   0.317477202312859838085708570665   0.284857360808401099689502845485
 123   0.458220196871418156736234582940   0.291100984357090783681172914702
 124  -0.128159546096924804211600416830   0.291727475345322720589242024619
 125  -0.241123908013228606240940435771   0.305178922303774298615916969606
 126  -0.385855455122489269017785004230   0.305182496787442716881530932679
 127  -0.047611861380176734326434287952   0.320386169842846662199913707595
 128   0.097102283696081727573467541590   0.320412725513275538974494874813
 129   0.245084639194714698370860739732   0.326637159305387359935945995081
 130   0.385842905903140579588175643806   0.332902530913814439196168444318
 131  -0.458220196871418156736234582940   0.346962299916024560145296349739
 132  -0.313490713373560381299335425519   0.346962299916024560145296349739
 133   0.024737541947152839855017962880   0.362192528641857382238260291873
 134   0.173605639703429993363685460345   0.369914872155966115958652276604
 135  -0.194704884398347363396593349467   0.374659006101171421702164222835
 136   0.313465614934863002440116704673   0.374660590614254470208703748821
 137   0.458220196871418156736234582940   0.374660590614254470208703748821
 138  -0.111145278156207069714768615164   0.374660590619262653885233649004
 139  -0.385855455122489269017785004230   0.388742103044606403409061766799
 140   0.097301554445400142501447950655   0.403972094162282783559298598952
 141  -0.267068711305091045972019501508   0.416440393742836313472469165881
 142   0.385842905903140579588175643806   0.416462137170978125723699278438
 143  -0.038699349413500743719392436331   0.416579738648888111003076199070
 144   0.237161529676833151577879194982   0.424162974865101489135588260592
 145  -0.449864030187004997342594128190   0.449864030187004997342594128190
 146  -0.339433453054019933690469080219   0.458220196871418156736234582940
 147  -0.194703969556162158253569922798   0.458220196871418156736234582940
 148  -0.111144363298998471726039088678   0.458220196871418156736234582940
 149   0.033745664471996984287254216017   0.458220196871418156736234582940
 150   0.160857444418803300715641685292   0.458220196871418156736234582940
 151   0.313465614934863002440116704673   0.458220196871418156736234582940
 152   0.458220196871418156736234582940   0.458220196871418156736234582940
