   1  -0.462555664632736957482199215689  -0.462555664632736957482199215689
   2  -0.332844682009241304810409618736  -0.462555664632736957482199215689
   3  -0.203133699385745652138620021783  -0.462555664632736957482199215689
   4   0.393626510350448568853161254456  -0.462555664632736957482199215689
   5  -0.073422673132518217993045464015  -0.462555664632736957482199215689
   6   0.001465997602007867042556104606  -0.462555664632736957482199215689
   7   0.263126347365540858933609611559  -0.462555664632736957482199215689
   8   0.133339492398043409472732293555  -0.462555664632736957482199215689
   9   0.462551920199200231177947435611  -0.433260380022721616596086586009
  10   0.067402745000025638257644199080  -0.427049913732998751915474100038
  11   0.328376428857994713893385433008  -0.425803251519957619540911505795
  12   0.198232919881792134203170952557  -0.425177113646968269267348573935
  13  -0.138278186259131935065832742899  -0.425111367049955416491798656803
  14  -0.397700173320989131146304417213  -0.425111329265473914964398431379
  15  -0.267989190697493478474514820259  -0.425111329265473914964398431379
  16   0.003685489041401277391559705784  -0.387699890893266980080225685838
  17  -0.071276501272532875750107138927  -0.387681571857911196193912886104
  18   0.263922864705720562615330704356  -0.387671229904877411683948795851
  19   0.133415431429590216408639024916  -0.387667032400282935650148037953
  20   0.393636292435564072729738103063  -0.387666994537087144895973549989
  21  -0.462555664632736957482199215689  -0.387666993898210872446597647068
  22  -0.203133699385745652138620021783  -0.387666993898210872446597647068
  23  -0.332844682009241304810409618736  -0.387666993898210872446597647068
  24   0.462555664632736957482199215689  -0.358367964854658805256233237309
  25   0.199045733210381417458400359635  -0.350264376435104771876612935040
  26   0.068540980353149103727454504261  -0.350255555526003937562424901527
  27   0.328778356017468388951225502833  -0.350226894537614369166148011540
  28  -0.138278186259131935065832742899  -0.350222696315429331456197088182
  29  -0.397700173320989131146304417213  -0.350222658530947829928796862757
  30  -0.267989190697493478474514820259  -0.350222658530947829928796862757
  31   0.001465946917107203850013780513  -0.312844118656633499016285440084
  32   0.134211860395737507064617526091  -0.312782596732474466316294349945
  33   0.263922864705720562615330704356  -0.312782559170351326648347227230
  34  -0.073422694947384108729937944422  -0.312778360948166288938396303871
  35   0.393636292435564072729738103063  -0.312778323802561059860371981368
  36  -0.203133699385745652138620021783  -0.312778323163684787410996078446
  37  -0.332844682009241304810409618736  -0.312778323163684787410996078446
  38  -0.462555664632736957482199215689  -0.312778323163684787410996078446
  39   0.462555664632736957482199215689  -0.283479294120132720220631668687
  40   0.066321438228855030185908578990  -0.275399783289370456498484655773
  41   0.199067351707485333400512324568  -0.275338261365211423798493565634
  42   0.328778356017468388951225502833  -0.275338223803088284130546442919
  43  -0.138278186259131935065832742899  -0.275334025580903246420595519560
  44  -0.267989190697493478474514820259  -0.275333987796421744893195294136
  45  -0.397700173320989131146304417213  -0.275333987796421744893195294136
  46   0.131176929540602856521803377467  -0.237955447922107413980683871463
  47   0.001465946917107203850013780513  -0.237955447922107413980683871463
  48   0.263922864705720562615330704356  -0.237893888435825241612745658608
  49  -0.073422694947384108729937944422  -0.237889690213640203902794735250
  50   0.393636292435564072729738103063  -0.237889653068034974824770412746
  51  -0.462555664632736957482199215689  -0.237889652429158702375394509825
  52  -0.203133699385745652138620021783  -0.237889652429158702375394509825
  53  -0.332844682009241304810409618736  -0.237889652429158702375394509825
  54   0.462555664632736957482199215689  -0.208590623385606635185030100066
  55   0.066321438228855030185908578990  -0.200511112554844371462883087152
  56   0.196032420852350682857698175943  -0.200511112554844371462883087152
  57   0.328778356017468388951225502833  -0.200449553068562199094944874297
  58  -0.138278186259131935065832742899  -0.200445354846377161384993950939
  59  -0.397700173320989131146304417213  -0.200445317061895659857593725514
  60  -0.267989190697493478474514820259  -0.200445317061895659857593725514
  61   0.001465946917107203850013780513  -0.163066777187581328945082302841
  62   0.131176929540602856521803377467  -0.163066777187581328945082302841
  63   0.260887933850585912072516555732  -0.163066739625458189277135180126
  64  -0.073422694947384108729937944422  -0.163001019479114118867193166628
  65   0.393636292435564072729738103063  -0.163000982333508889789168844125
  66  -0.462555664632736957482199215689  -0.163000981694632617339792941204
  67  -0.332844682009241304810409618736  -0.163000981694632617339792941204
  68  -0.203133699385745652138620021783  -0.163000981694632617339792941204
  69   0.462555664632736957482199215689  -0.133701952651080550149428531444
  70   0.066321438228855030185908578990  -0.125622441820318286427281518531
  71   0.196032420852350682857698175943  -0.125622441820318286427281518531
  72   0.325743425162333738408411354208  -0.125622404258195146759334395816
  73  -0.138278186259131935065832742899  -0.125556684111851076349392382317
  74  -0.267989190697493478474514820259  -0.125556646327369574821992156893
  75  -0.397700173320989131146304417213  -0.125556646327369574821992156893
  76   0.131176929540602856521803377467  -0.088178106453055243909480734220
  77   0.001465946917107203850013780513  -0.088178106453055243909480734220
  78   0.260887933850585912072516555732  -0.088178068890932104241533611505
  79   0.390601361580429422186923954439  -0.088173833523141837453558365643
  80  -0.073422694947384108729937944422  -0.088112348744588033831591598007
  81  -0.332844682009241304810409618736  -0.088112310960106532304191372582
  82  -0.203133699385745652138620021783  -0.088112310960106532304191372582
  83  -0.462555664632736957482199215689  -0.088112310960106532304191372582
  84   0.459520733777602306939385067065  -0.058874803840713497813818052963
  85   0.196032420852350682857698175943  -0.050733771085792201391679949909
  86   0.066321438228855030185908578990  -0.050733771085792201391679949909
  87   0.325743425162333738408411354208  -0.050733733523669061723732827194
  88  -0.138278186259131935065832742899  -0.050668013377324991313790813696
  89  -0.397700173320989131146304417213  -0.050667975592843489786390588271
  90  -0.267989190697493478474514820259  -0.050667975592843489786390588271
  91   0.393636292435564072729738103063  -0.013346684712774785117947887161
  92   0.131176929540602856521803377467  -0.013289435718529158873879165598
  93   0.001465946917107203850013780513  -0.013289435718529158873879165598
  94   0.260887933850585912072516555732  -0.013289398156406019205932042883
  95  -0.073422694947384108729937944422  -0.013223678010061948795990029385
  96  -0.203133699385745652138620021783  -0.013223640225580447268589803961
  97  -0.332844682009241304810409618736  -0.013223640225580447268589803961
  98  -0.462555664632736957482199215689  -0.013223640225580447268589803961
  99   0.462555664632736957482199215689   0.015952344969653554521792425519
 100   0.328778356017468388951225502833   0.024093415286697990611877651288
 101   0.066321438228855030185908578990   0.024154899648733883643921618712
 102   0.196032420852350682857698175943   0.024154899648733883643921618712
 103  -0.138278186259131935065832742899   0.024220657357201093721810754926
 104  -0.397700173320989131146304417213   0.024220695141682595249210980350
 105  -0.267989190697493478474514820259   0.024220695141682595249210980350
 106   0.263922864705720562615330704356   0.061537750653961033129678435598
 107   0.393636292435564072729738103063   0.061541986021751299917653681460
 108   0.131176929540602856521803377467   0.061599235015996926161722403023
 109   0.001465946917107203850013780513   0.061599235015996926161722403023
 110  -0.073422694947384108729937944422   0.061664992724464136239611539236
 111  -0.462555664632736957482199215689   0.061665030508945637767011764661
 112  -0.203133699385745652138620021783   0.061665030508945637767011764661
 113  -0.332844682009241304810409618736   0.061665030508945637767011764661
 114   0.462555664632736957482199215689   0.090841015704179639557393994141
 115   0.199067351707485333400512324568   0.098982048459100935979532097194
 116   0.328778356017468388951225502833   0.098982086021224075647479219909
 117   0.066321438228855030185908578990   0.099043570383259968679523187334
 118  -0.138278186259131935065832742899   0.099109328091727178757412323547
 119  -0.397700173320989131146304417213   0.099109365876208680284812548972
 120  -0.267989190697493478474514820259   0.099109365876208680284812548972
 121   0.134211860395737507064617526091   0.136426383826363978497332881505
 122   0.263922864705720562615330704356   0.136426421388487118165280004220
 123   0.393636292435564072729738103063   0.136430656756277384953255250081
 124   0.001465946917107203850013780513   0.136487905750523011197323971644
 125  -0.073422694947384108729937944422   0.136553663458990221275213107858
 126  -0.203133699385745652138620021783   0.136553701243471722802613333282
 127  -0.332844682009241304810409618736   0.136553701243471722802613333282
 128  -0.462555664632736957482199215689   0.136553701243471722802613333282
 129   0.462555664632736957482199215689   0.165729686438705724592995562762
 130   0.199067351707485333400512324568   0.173870719193627021015133665816
 131   0.069356369083989680728722727615   0.173870719193627021015133665816
 132   0.328778356017468388951225502833   0.173870756755750160683080788531
 133  -0.138278186259131935065832742899   0.173997998826253263793013892168
 134  -0.267989190697493478474514820259   0.173998036610734765320414117593
 135  -0.397700173320989131146304417213   0.173998036610734765320414117593
 136   0.004500877772241854392827929138   0.211315054560890063532934450126
 137   0.134211860395737507064617526091   0.211315054560890063532934450126
 138   0.263922864705720562615330704356   0.211315092123013203200881572841
 139   0.393636292435564072729738103063   0.211319327490803469988856818703
 140  -0.073422694947384108729937944422   0.211442334193516306310814676479
 141  -0.203133699385745652138620021783   0.211442371977997807838214901904
 142  -0.332844682009241304810409618736   0.211442371977997807838214901904
 143  -0.462555664632736957482199215689   0.211442371977997807838214901904
 144   0.462555664632736957482199215689   0.240618357173231809628597131384
 145   0.069356369083989680728722727615   0.248759389928153106050735234437
 146   0.199067351707485333400512324568   0.248759389928153106050735234437
 147   0.328778356017468388951225502833   0.248759427490276245718682357152
 148  -0.138278186259131935065832742899   0.248886669560779348828615460790
 149  -0.397700173320989131146304417213   0.248886707345260850356015686214
 150  -0.267989190697493478474514820259   0.248886707345260850356015686214
 151  -0.034356444640819788659343142677   0.275333969728765573279687592059
 152   0.134211860395737507064617526091   0.286203725295416148568536018748
 153   0.263922864705720562615330704356   0.286203762857539288236483141463
 154   0.393636292435564072729738103063   0.286207998225329555024458387324
 155  -0.462555664632736957482199215689   0.286331042712523892873816470525
 156  -0.332844682009241304810409618736   0.286331042712523892873816470525
 157  -0.203133699385745652138620021783   0.286331042712523892873816470525
 158   0.030499046670928037676551655800   0.312778305096028615797488376370
 159  -0.099211935952567614995237941154   0.312778305096028615797488376370
 160   0.462555664632736957482199215689   0.315507027907757894664198700005
 161   0.199067351707485333400512324568   0.323648060662679191086336803058
 162   0.328778356017468388951225502833   0.323648098224802330754283925773
 163  -0.267989190697493478474514820259   0.323775378079786935391617254836
 164  -0.397700173320989131146304417213   0.323775378079786935391617254836
 165  -0.034356444640819788659343142677   0.350222640463291658315289160681
 166   0.095354537982675864012446454276   0.350222640463291658315289160681
 167  -0.164067416832945931459193402534   0.350222658530947829928796862757
 168   0.263922864705720562615330704356   0.361092433592065373272084710084
 169   0.393636292435564072729738103063   0.361096668959855640060059955946
 170  -0.332844682009241304810409618736   0.361219713447049977909418039147
 171  -0.462555664632736957482199215689   0.361219713447049977909418039147
 172   0.030499046670928037676551655800   0.387666975830554700833089944991
 173   0.160210029294423690348341252753   0.387666975830554700833089944991
 174  -0.099211925521198105123298604057   0.387666993898210872446597647068
 175  -0.228922908144693757795088201010   0.387666993898210872446597647068
 176   0.462555664632736957482199215689   0.390395698642283979699800268626
 177   0.328778356017468388951225502833   0.398536768959328415789885494395
 178  -0.397700173320989131146304417213   0.398664048814313020427218823457
 179   0.095354537982675864012446454276   0.425111311197817743350890729302
 180  -0.164067416832945931459193402534   0.425111329265473914964398431379
 181   0.225065510174802006812296714133   0.425111329265473914964398431379
 182  -0.293778399456441584130982999487   0.425111329265473914964398431379
 183  -0.034356434209450278787403805580   0.425111329265473914964398431379
 184  -0.455066797559284355898050551195   0.455066797559284355898050551195
 185   0.289921001486549833148191512609   0.462555664632736957482199215689
 186  -0.358633890768189410466877797964   0.462555664632736957482199215689
 187  -0.099211925521198105123298604057   0.462555664632736957482199215689
 188   0.030499057102297547548490992896   0.462555664632736957482199215689
 189   0.442524381282913029789861061678   0.462555664632736957482199215689
 190   0.367635710548386944754259493057   0.462555664632736957482199215689
 191   0.160210018863054180476401915656   0.462555664632736957482199215689
 192  -0.228922908144693757795088201010   0.462555664632736957482199215689
