   1  -0.454843202811274042943033384051  -0.468628912778889076019486779960
   2  -0.346170568899996317922388153818  -0.468628912778889076019486779959
   3  -0.237497935440523654973340418924  -0.468628912778889076019486779959
   4  -0.128827130668380251983061411565  -0.468628912778889076019486779959
   5  -0.020156326265138479522012368591  -0.468628912778889076019486779959
   6   0.088279446467797676011719018764  -0.468628912778889076019486779959
   7   0.196949704525795559148579230074  -0.468628912778889076019486779959
   8   0.305619962205405826160524432696  -0.468628912778889076019486779959
   9   0.414292596116683551181169662928  -0.468628912778889076019486779959
  10  -0.400506885855635180432710768934  -0.437257825557778152038973559919
  11   0.359956279161044688670847047812  -0.437257825557778152038973559919
  12  -0.291834252170259986447864286371  -0.437257825166503493980003562938
  13   0.468628912778889076019486779959  -0.437257825049536708045875191288
  14  -0.183162533054451953478200915244  -0.437256241530143455280753049425
  15  -0.074491728466759365752536890078  -0.437256241210686781657361271361
  16   0.142614575496796617580149124419  -0.437255768098442504702184379659
  17   0.251284833365600692654551831385  -0.437255767770777872874918056207
  18   0.034061560101329598244853325087  -0.437053586150476324190778204454
  19  -0.468628912778889076019486779959  -0.407419970177117266110880541625
  20  -0.346170569125898848958186901487  -0.405886737945392569999490342898
  21   0.414292595823250213509164164843  -0.405886737828425784065361971247
  22  -0.237498849784188284952724782691  -0.405885153917757873241269832404
  23   0.305621150321239555164874446501  -0.405884680549666948894404836166
  24  -0.128827130852831067247676393757  -0.405883569961941160918627540826
  25   0.196949704336601751086121725730  -0.405882623090331301557615655906
  26  -0.020273842100291287985671196400  -0.405680914582274029828652695856
  27   0.088396689130328539813283430742  -0.405680441470029752873475804153
  28  -0.414292595823250213509164164843  -0.376048882956006342130367321585
  29   0.468628912778889076019486779959  -0.374515650607314860084848751207
  30  -0.291835166739827147463047397808  -0.374514066696646949260756612364
  31   0.359957466983445080003191563532  -0.374513592820314580920793247495
  32  -0.183163447582567398722200261204  -0.374512482349555578879144323805
  33   0.251286021292240613596444340846  -0.374511535869220377577102435865
  34  -0.074609244486362989480810700080  -0.374308243333528409089918965321
  35   0.034061286928707653582758909254  -0.374307769901827458511350295555
  36   0.142731817970133673319256032053  -0.374307296461918549728907080401
  37  -0.468628912778889076019486779959  -0.344677795734895418149854101544
  38  -0.359956278574178018080735124302  -0.344677795226653971412090823614
  39   0.414293783939083942513514178648  -0.343142505599203656940280027454
  40  -0.237499764538206261232522876321  -0.343141395128444654898631103765
  41   0.305622337954446138434761457877  -0.343140448139868009603490847194
  42  -0.128945561216099320955334567527  -0.342937155721142827050435748300
  43   0.197068134925772535829578647169  -0.342936209240807625748393860360
  44  -0.020274115457364047912380594425  -0.342935098653081837772616565020
  45   0.088396415768512787088731510565  -0.342934624893716255366781571802
  46  -0.414292595823250213509164164843  -0.313306708513784494169340881504
  47  -0.305618773769822531275235517389  -0.313304650501253790676595640413
  48   0.359958654910085000945084072994  -0.311769360918757085622977627153
  49   0.468628912778889076019486779959  -0.311769360591092453795711303701
  50  -0.183281878171738183465657182643  -0.311566068500031903069922528260
  51   0.251404451587978060667895764200  -0.311565121511455257774782271689
  52  -0.074610432187100379386904461872  -0.311564011040696255733133347999
  53   0.142732732724151649599054125682  -0.311563537672605331386268351762
  54   0.034061013382441085593592006886  -0.311561953644970634628047841268
  55  -0.468628912778889076019486779959  -0.281935621292673570188827661463
  56  -0.359956278574178018080735124302  -0.281935620784432123451064383532
  57  -0.251281268776282714135274411490  -0.281931505448148079268092850125
  58   0.414293783749890134451056674305  -0.280396215910645882478408903400
  59   0.305740768543616923178218379316  -0.280194034290344333794269051648
  60  -0.128946749142739241897227076989  -0.280192923819585331752620127959
  61   0.197069049386357174437371242713  -0.280192449943252963412656763090
  62   0.088397330338079948103914622002  -0.280190866423859710647534621227
  63  -0.020275303347295245880931860561  -0.280190866032585052588564624247
  64  -0.414292595823250213509164164843  -0.250564534071562646208314441423
  65  -0.305618773769822531275235517389  -0.250562476059031942715569200332
  66  -0.196793119631222637239708072711  -0.250295955002816110285550929662
  67   0.468628912778889076019486779959  -0.249023071230199311161106503099
  68   0.251405366341996036947693857829  -0.248821362722142039432143543050
  69   0.360075897383422056684190980627  -0.248820889282233130649700327895
  70  -0.074611620302934108391254475678  -0.248819778811474128608051404207
  71   0.034061013608343616629390754555  -0.248819778811474128608051404206
  72   0.142733647000285472942231739033  -0.248819778694507342673923032556
  73  -0.468628912778889076019486779959  -0.219193446850451722227801221382
  74  -0.359956278574178018080735124302  -0.219193446342210275490037943451
  75  -0.251281268776282714135274411490  -0.219189331005926231307066410044
  76  -0.142455268333421194538075289372  -0.218922210073023068765914889410
  77  -0.020275303347295245880931860561  -0.217448691590363204627538184165
  78   0.197069963955924335452554354150  -0.217448691473396418693409812515
  79   0.088397330270549141467707871587  -0.217448691082121760634439815535
  80   0.305740495181801170453666459140  -0.217448217714030836287574819297
  81   0.414411026412420998252621086282  -0.217447744601786559332397927594
  82  -0.414292595823250213509164164843  -0.187822359629340798247288001342
  83  -0.305618773769822531275235517389  -0.187820301616810094754542760251
  84  -0.196793119631222637239708072711  -0.187553780560594262324524489581
  85  -0.074611620302934108391254475678  -0.186077604369252280647024964125
  86   0.034061013314910278957385256471  -0.186077603861010836653926595494
  87   0.142733647226188003978030486703  -0.186077603861010836653926595494
  88   0.251405092795729468958526955461  -0.186075546465285215548841088762
  89   0.360075624210800112022096564795  -0.186075073033584264970272418996
  90   0.468628912778889076019486779959  -0.185872417973373807503689352089
  91  -0.130391115106503846803683598738  -0.157350815248350985461406971835
  92  -0.468628912778889076019486779959  -0.156451272408229874266774781301
  93  -0.359956278574178018080735124302  -0.156451271899988427529011503370
  94  -0.251281268776282714135274411490  -0.156447156563704383346039969963
  95  -0.020275303640728583552937358646  -0.154706516639899912673413375454
  96   0.088397330270549141467707871587  -0.154706516639899912673413375453
  97   0.197068776065993137484003088014  -0.154704458852899633509357871741
  98   0.305740221824728410526957061115  -0.154702401784838644231538688461
  99   0.414293510577268189788962258472  -0.154499746405171513141563843491
 100  -0.184728966404305289505316382077  -0.125982385735922179020016572005
 101  -0.414292595823250213509164164843  -0.125080185187118950286261561260
 102  -0.305618773769822531275235517389  -0.125078127174588246793516320170
 103  -0.074611620889800778981366399187  -0.123335429927030435430663433344
 104   0.034061013314910278957385256470  -0.123335429418788988692900155413
 105   0.142732459110354274973680472898  -0.123333371631788709528844651700
 106   0.251403905094992079052433193669  -0.123331314172453062192055471440
 107   0.359958108191196488293822754793  -0.123127075156425892402830112956
 108   0.468628912778889076019486779959  -0.123127074836969218779438334893
 109  -0.239217115549365366400882720856  -0.094875761739032300041532052387
 110  -0.130391115693370517393795522248  -0.094608640806129140245045441054
 111  -0.468628912778889076019486779959  -0.093709097966008026305748341220
 112  -0.359956278574178018080735124302  -0.093709097457766579567985063289
 113  -0.020275303640728583552937358646  -0.091964342197678064712386935372
 114   0.088396142154715412463357857781  -0.091962284410677785548331431660
 115   0.197067588139353216542110578552  -0.091960226951342138211542251400
 116   0.305621791461460156819298887346  -0.091755987544040310363346895935
 117   0.414293510392817374524347276280  -0.091754403588223598040704604358
 118  -0.293554620542905183540843826755  -0.063506732349916163489008402594
 119  -0.184728966991171960095428305587  -0.063240211293700333803655041224
 120  -0.414292595823250213509164164843  -0.062338010744897102325235121179
 121  -0.074611620889800778981366399187  -0.060593255484808587469636993263
 122   0.034059825199076549953035242665  -0.060591197189566861567818211619
 123   0.142731271183714354031787963436  -0.060589139730231214231029031359
 124   0.251285474505821294308976272230  -0.060384900322929386382833675895
 125   0.359957193663081043049823408833  -0.060383315975838016001221387337
 126   0.468628912778889076019486779959  -0.060381732339477977301970873823
 127  -0.347892125347260670346343433669  -0.032137702633094496263477145713
 128  -0.239217116136232036990994644366  -0.032133587296810454825170521606
 129  -0.130391115693370517393795522248  -0.031866466363907292284019000973
 130  -0.468628912778889076019486779959  -0.030966923523786178344721901139
 131  -0.020276492049995645475393797876  -0.029220110476697384325068269510
 132   0.088394954228075491521465348320  -0.029218052509120290250515811319
 133   0.196949157550182431798653657114  -0.029013813101818462402320455854
 134   0.305620876707442180539500793717  -0.029012228754727092020708167296
 135   0.414292596049152744544962912513  -0.029010644727092395262487656802
 136  -0.402228442596332865774772474210  -0.000766615920225019020727203604
 137  -0.293554621129771854130955750265  -0.000764557907694318272646871813
 138  -0.184728966991171960095428305587  -0.000498036851478485842628601143
 139  -0.074613997043535462615354903775   0.002148918912418752227455380283
 140   0.034058636979003296093036307779   0.002153034203749186992234130790
 141   0.142612840594543569288331041997   0.002357274119292461578192764186
 142   0.251284559751803318029178178601   0.002358858466383831959805052744
 143   0.359956279093513882034640297396   0.002360442494018528718025563239
 144   0.468628912778889076019486779959   0.002360442885293186776995560219
 145  -0.456564759551971728285095089326   0.030604471300885904959786016437
 146  -0.347892125934127340936455357178   0.030604471809127348952884385068
 147  -0.239217116136232036990994644366   0.030608587145411393135855918475
 148  -0.130393491847105201027784026836   0.030875708033320047413073372573
 149  -0.020278847506175547272099568085   0.033522099117468641787566712480
 150   0.088276523345471373859902001456   0.033728360832161938820942706296
 151   0.196948242796164455518855563485   0.033729945687494755940318272785
 152   0.305619962137875019524317682280   0.033731529715129452698538783279
 153   0.414292595823250213509164164843   0.033731530106404110757508780260
 154  -0.402228442889766203446777972294   0.061975559030238272933397605108
 155  -0.293554621129771854130955750265   0.061977616534527529688379568268
 156  -0.184731343144906643729416810175   0.062244137545748853854463772403
 157  -0.074616372818876666558627501702   0.064891093309660421193460912849
 158   0.033939038910612446213121148043   0.065097425833045535808506773203
 159   0.142611925547092260090426522943   0.065101032400364233183068214894
 160   0.251283645182236157013995067164   0.065102616936240376679052003320
 161   0.359956278867611350998841549727   0.065102617327515034738022000300
 162   0.468628912778889076019486779959   0.065102617327515034738022000300
 163  -0.468628912778889076019486779959   0.092175866125557988264293934013
 164  -0.347892125934127340936455357178   0.093346646251349196913910825149
 165  -0.239219492289966720624983148954   0.093350761542638732832948292021
 166  -0.130395867622446404971056624762   0.093617882430561716379078905140
 167  -0.020398486452408512739420176814   0.096466419938073042432951362755
 168   0.088274693883632846984356550031   0.096470535247711690627414722871
 169   0.196947327933163961585566026623   0.096473703649109853921801945429
 170   0.305619961911972488488518934611   0.096473704548625958718535220341
 171   0.414292595823250213509164164843   0.096473704548625958718535220341
 172  -0.414292595454959599777357480247   0.123546953984566975826344448031
 173  -0.293556997094322207430482755867   0.124719791259460400058479548902
 174  -0.184733718920247847672689408102   0.124986311942990522820469304969
 175  -0.074735718115867925845490149726   0.127835922785420499877297870732
 176   0.033937209448773919337575696619   0.127839600248595287614978789780
 177   0.142610108419903659000447219794   0.127843227542627273127497947416
 178   0.251283644596572712732539078211   0.127844791391400715525940794292
 179   0.359956278867611350998841549727   0.127844791769736882699048440381
 180   0.468628912778889076019486779959   0.127844791769736882699048440381
 181  -0.468628912778889076019486779959   0.154918040567779836225320374094
 182  -0.359956278499320737267034865131   0.154918041205677899806857668072
 183  -0.239221868065307924568255746881   0.156092935939880401798953824587
 184  -0.130515797063603987753418375647   0.156561577631263938835655411838
 185  -0.020400315914247039614965628239   0.159208594353622794239423379330
 186   0.088272864790688026288220827077   0.159212709663272197702140200661
 187   0.196945692032884169216472813619   0.159215878070004980664837944304
 188   0.305619961911972488488518934611   0.159215878990847806679561660422
 189   0.414292595823250213509164164843   0.159215878990847806679561660422
 190  -0.414292595454959599777357480247   0.186289128426788823787370888112
 191  -0.305618470519884426550043428606   0.186291711097505509091223503906
 192  -0.184969740209213833879506312761   0.187728042455380371093691600523
 193  -0.074737547393240161107084314118   0.190578097520496754932500512816
 194   0.033935394531086344225846569323   0.190581799218519081992993538720
 195   0.142608244388712659551451194764   0.190585420379382861850527320815
 196   0.251283644746551677500688641811   0.190586965848605734580564635103
 197   0.468628912778889076019486779959   0.190586966211958730660074880463
 198   0.359956278861752614028448665128   0.190586966222106360758789205880
 199  -0.468628912778889076019486779959   0.217660215010001684186346814175
 200  -0.359956278499320737267034865131   0.217660215647899747767884108153
 201  -0.251280662856640804940103829414   0.217665380441611202030804721608
 202  -0.130517626505525852076005251674   0.219303752046814271377113012542
 203  -0.020402145007134351687723749140   0.221950768769183302990670536717
 204   0.088270777628036927784991619187   0.221954884070778577383076290433
 205   0.196947327456740098269238540036   0.221958052490912527577379426158
 206   0.305619961593190164031472769458   0.221958053433069653830748695911
 207   0.414292595823250213509164164843   0.221958053433069654640588100503
 208  -0.414292595454959599777357480247   0.249031302869010671748397328194
 209  -0.305618470519884426550043428606   0.249033885539727357052249943987
 210  -0.196763504199236664784597369783   0.249351800736467359772491060470
 211  -0.077750440495606957338260999132   0.253247890485325509147125916485
 212   0.033933052363296261305251257004   0.253323976113214548854565551802
 213   0.142610118635598431600992605305   0.253327594904945931924964508892
 214   0.251283644073737673693193283462   0.253329140487780967168050116695
 215   0.468628912778889076019486779959   0.253329140654180578621101320544
 216   0.359956278873470087968660311418   0.253329140664328208718821235913
 217  -0.468628912778889076019486779959   0.280402389452223532147373254256
 218  -0.359956278499320737267034865131   0.280402390090121595728910548234
 219  -0.251280662856640804940103829414   0.280407554883833049991831161690
 220  -0.142309336052755178610360124929   0.280927903478635036119635826691
 221  -0.020728501874684310263405514654   0.284692094424075226361881478950
 222   0.088272864298834910742001675021   0.284697058478301316976663541549
 223   0.196945615462183463070113557910   0.284700226909777475745323831706
 224   0.305619961911972487555923781569   0.284700227875291500981935736141
 225   0.414292595869681802159524474808   0.284700227955713373082732486864
 226  -0.414292595454959599777357480247   0.311773477311232519709423768275
 227  -0.305618470519884426550043428606   0.311776059981949205013276384069
 228  -0.196763504199236664784597369783   0.312093975178689207733517500552
 229  -0.075138242261402115242887263501   0.315935663438964768333282398786
 230   0.033935397239417978262908923014   0.316066153576900770186974674458
 231   0.142608231456658286106327554934   0.316069790832433944845170500747
 232   0.251283644939670603663647076762   0.316071315067541225303596492628
 233   0.359956278963362753256688996465   0.316071315262248719896164774272
 234   0.468628912752510270493960235138   0.316071315724575171192109990240
 235  -0.468628912778889076019486779959   0.343144563894445380108399694337
 236  -0.359956278499320737267034865131   0.343144564532343443689936988315
 237  -0.251280662856640804940103829414   0.343149729326054897952857601771
 238  -0.139371430860858285728739050759   0.343601256403316046354117532318
 239  -0.020403122499597559456867065730   0.347433425155901951092317604947
 240   0.088270643650043207010619602718   0.347439232881225187927180869093
 241   0.196947327429770303963702433423   0.347442401328643159810259175193
 242   0.305619961911972488059749537523   0.347442402317513348942962176223
 243   0.414292595793628745612608558169   0.347442403088306969458598942258
 244  -0.414292595454959599777357480247   0.374515651753454367670450208356
 245  -0.305618470519884426550043428606   0.374518234424171052974302824150
 246  -0.196766485737148210206142409055   0.374836149550069007247629855201
 247  -0.086647873687309274403342306058   0.377613121578658974706089580448
 248   0.142610131126659937034106617070   0.378811965425956426931029429005
 249   0.359956278853980102576985320193   0.378813490371660466055005822425
 250   0.468628912752510270493960235138   0.378813490456550744938358881576
 251   0.251336700575823281092488134295   0.378905205632690543620721866856
 252   0.031490913400290157628554570688   0.382778598583841681787577901009
 253  -0.468628912778889076019486779959   0.405886738336667228069426134418
 254  -0.359956278499320737267034865131   0.405886738974565291650963428397
 255  -0.251283644394552350361648868685   0.405891903697434697466969956420
 256  -0.142464791546022026747313606052   0.406267128881162229845220412065
 257  -0.032338022743758329467116521292   0.409030004686750314999829217960
 258   0.088272864253513218047575253900   0.410181407284150662942843366999
 259   0.196947533846422860037510048961   0.410184575770525460769357853109
 260   0.414292595749970559657111800465   0.410184577771061296641451261126
 261   0.305673017283714486136820685990   0.410276293282912993875413503586
 262  -0.414290248859037480962807643780   0.437261890728953798923787256407
 263  -0.305212950765317615575204538689   0.437957623213864286499356909518
 264  -0.193022464671243092676070163233   0.443422238111273450643929078745
 265   0.463405791828662369303503721393   0.453982670110158240586887323245
 266  -0.074147210210762381209956764175   0.455812183955004885934877248055
 267   0.049327690481987080744372277757   0.459373417749711318664325408906
 268   0.238805016485986053285503075117   0.462318162047845474873299414400
 269   0.391470631216465966502631506681   0.468628896534708390187365710766
 270   0.328728456760060074719862859860   0.468628903886816242982090912413
 271  -0.468628912741794122349090110176   0.468628912778889076019486779959
 272  -0.359947331643853164385246989318   0.468628912778889076019486779959
 273  -0.250478569707515618972298863069   0.468628912778889076019486779959
 274  -0.135566359634970566379841463397   0.468628912778889076019486779959
 275  -0.012728060786554196040072064953   0.468628912778889076019486779959
 276   0.111383441750528357528816620468   0.468628912778889076019486779959
 277   0.174125616192750205489843060549   0.468628912778889076019486779959
