   1  -0.465573514031559189997278032549  -0.465573514031559189997278032549
   2  -0.346316668384766134676607089709  -0.465573514031559189997278032549
   3  -0.227059822737973079355936146869  -0.465573514031559189997278032549
   4  -0.107802977091180024035265204030  -0.465573514031559189997278032549
   5   0.011453868555613031285405738810  -0.465573514031559189997278032549
   6   0.130710714202406086606076681650  -0.465573514031559189997278032549
   7   0.249967559849199141926747624490  -0.465573514031559189997278032549
   8   0.369224405495992197247418567330  -0.465573514031559189997278032549
   9   0.465410387705282134678498965047  -0.454759817082109896429302667097
  10  -0.405945091208162662336942561129  -0.431147028063118379994556065098
  11  -0.286688245561369607016271618289  -0.431147028063118379994556065098
  12  -0.167431399914576551695600675450  -0.431147028063118379994556065098
  13  -0.048174554267783496374929732610  -0.431147028063118379994556065098
  14   0.071082291379009558945741210230  -0.431147028063118379994556065098
  15   0.190339137025802614266412153070  -0.431147028063118379994556065098
  16   0.309595982672595669587083095910  -0.431147028063118379994556065098
  17   0.405945091208162662336942561129  -0.407329862142542067977979802550
  18  -0.465573514031559189997278032549  -0.396720542094677569991834097647
  19  -0.346316668384766134676607089709  -0.396720542094677569991834097647
  20  -0.227059822737973079355936146869  -0.396720542094677569991834097647
  21  -0.107802977091180024035265204030  -0.396720542094677569991834097647
  22   0.011453868555613031285405738810  -0.396720542094677569991834097647
  23   0.130710714202406086606076681650  -0.396720542094677569991834097647
  24   0.249967559849199141926747624490  -0.396720542094677569991834097647
  25   0.346316668384766134676607089709  -0.372903376174101257975257835099
  26   0.465573514031559189997278032549  -0.372903376174101257975257835099
  27  -0.405945091208162662336942561129  -0.362294056126236759989112130197
  28  -0.286688245561369607016271618289  -0.362294056126236759989112130197
  29  -0.167431399914576551695600675450  -0.362294056126236759989112130197
  30  -0.048174554267783496374929732610  -0.362294056126236759989112130197
  31   0.071082291379009558945741210230  -0.362294056126236759989112130197
  32   0.190339137025802614266412153070  -0.362294056126236759989112130197
  33   0.286688245561369607016271618289  -0.338476890205660447972535867648
  34   0.405945091208162662336942561129  -0.338476890205660447972535867648
  35  -0.465573514031559189997278032549  -0.327867570157795949986390162746
  36  -0.346316668384766134676607089709  -0.327867570157795949986390162746
  37  -0.227059822737973079355936146869  -0.327867570157795949986390162746
  38  -0.107802977091180024035265204030  -0.327867570157795949986390162746
  39   0.011453868555613031285405738810  -0.327867570157795949986390162746
  40   0.130710714202406086606076681650  -0.327867570157795949986390162746
  41   0.227059822737973079355936146869  -0.304050404237219637969813900197
  42   0.346316668384766134676607089709  -0.304050404237219637969813900197
  43   0.465573514031559189997278032549  -0.304050404237219637969813900197
  44  -0.405945091208162662336942561129  -0.293441084189355139983668195295
  45  -0.286688245561369607016271618289  -0.293441084189355139983668195295
  46  -0.167431399914576551695600675450  -0.293441084189355139983668195295
  47  -0.048174554267783496374929732610  -0.293441084189355139983668195295
  48   0.071082291379009558945741210230  -0.293441084189355139983668195295
  49   0.167431399914576551695600675450  -0.269623918268778827967091932746
  50   0.286688245561369607016271618289  -0.269623918268778827967091932746
  51   0.405945091208162662336942561129  -0.269623918268778827967091932746
  52  -0.465573514031559189997278032549  -0.259014598220914329980946227844
  53  -0.346316668384766134676607089709  -0.259014598220914329980946227844
  54  -0.227059822737973079355936146869  -0.259014598220914329980946227844
  55  -0.107802977091180024035265204030  -0.259014598220914329980946227844
  56   0.011453868555613031285405738810  -0.259014598220914329980946227844
  57   0.107802977091180024035265204030  -0.235197432300338017964369965295
  58   0.227059822737973079355936146869  -0.235197432300338017964369965295
  59   0.346316668384766134676607089709  -0.235197432300338017964369965295
  60   0.465573514031559189997278032549  -0.235197432300338017964369965295
  61  -0.405945091208162662336942561129  -0.224588112252473519978224260393
  62  -0.286688245561369607016271618289  -0.224588112252473519978224260393
  63  -0.167431399914576551695600675450  -0.224588112252473519978224260393
  64  -0.048174554267783496374929732610  -0.224588112252473519978224260393
  65   0.048174554267783496374929732610  -0.200770946331897207961647997844
  66   0.167431399914576551695600675450  -0.200770946331897207961647997844
  67   0.286688245561369607016271618289  -0.200770946331897207961647997844
  68   0.405945091208162662336942561129  -0.200770946331897207961647997844
  69  -0.465573514031559189997278032549  -0.190161626284032709975502292942
  70  -0.346316668384766134676607089709  -0.190161626284032709975502292942
  71  -0.227059822737973079355936146869  -0.190161626284032709975502292942
  72  -0.107802977091180024035265204030  -0.190161626284032709975502292942
  73  -0.011453868555613031285405738810  -0.166344460363456397958926030393
  74   0.107802977091180024035265204030  -0.166344460363456397958926030393
  75   0.227059822737973079355936146869  -0.166344460363456397958926030393
  76   0.346316668384766134676607089709  -0.166344460363456397958926030393
  77   0.465573514031559189997278032549  -0.166344460363456397958926030394
  78  -0.405945091208162662336942561129  -0.155735140315591899972780325491
  79  -0.286688245561369607016271618289  -0.155735140315591899972780325491
  80  -0.167431399914576551695600675450  -0.155735140315591899972780325491
  81  -0.071082291379009558945741210230  -0.131917974395015587956204062943
  82   0.048174554267783496374929732610  -0.131917974395015587956204062943
  83   0.167431399914576551695600675450  -0.131917974395015587956204062943
  84   0.286688245561369607016271618289  -0.131917974395015587956204062943
  85   0.405945091208162662336942561129  -0.131917974395015587956204062943
  86  -0.465573514031559189997278032549  -0.121308654347151089970058358041
  87  -0.346316668384766134676607089709  -0.121308654347151089970058358041
  88  -0.227059822737973079355936146869  -0.121308654347151089970058358041
  89  -0.130710714202406086606076681650  -0.097491488426574777953482095492
  90  -0.011453868555613031285405738810  -0.097491488426574777953482095492
  91   0.107802977091180024035265204030  -0.097491488426574777953482095492
  92   0.227059822737973079355936146869  -0.097491488426574777953482095492
  93   0.346316668384766134676607089709  -0.097491488426574777953482095492
  94   0.465573514031559189997278032549  -0.097491488426574777953482095492
  95  -0.405945091208162662336942561129  -0.086882168378710279967336390590
  96  -0.286688245561369607016271618289  -0.086882168378710279967336390590
  97  -0.190339137025802614266412153070  -0.063065002458133967950760128041
  98  -0.071082291379009558945741210230  -0.063065002458133967950760128041
  99   0.048174554267783496374929732610  -0.063065002458133967950760128041
 100   0.167431399914576551695600675450  -0.063065002458133967950760128041
 101   0.286688245561369607016271618289  -0.063065002458133967950760128041
 102   0.405945091208162662336942561129  -0.063065002458133967950760128041
 103  -0.465573514031559189997278032549  -0.052455682410269469964614423139
 104  -0.346316668384766134676607089709  -0.052455682410269469964614423139
 105  -0.249967559849199141926747624490  -0.028638516489693157948038160590
 106  -0.130710714202406086606076681650  -0.028638516489693157948038160590
 107  -0.011453868555613031285405738810  -0.028638516489693157948038160590
 108   0.107802977091180024035265204030  -0.028638516489693157948038160590
 109   0.227059822737973079355936146869  -0.028638516489693157948038160590
 110   0.346316668384766134676607089709  -0.028638516489693157948038160590
 111   0.465573514031559189997278032549  -0.028638516489693157948038160590
 112  -0.405945091208162662336942561129  -0.018029196441828659961892455688
 113  -0.309595982672595669587083095910   0.005787969478747652054683806861
 114  -0.071082291379009558945741210230   0.005787969478747652054683806861
 115   0.048174554267783496374929732610   0.005787969478747652054683806861
 116   0.167431399914576551695600675450   0.005787969478747652054683806861
 117   0.286688245561369607016271618289   0.005787969478747652054683806861
 118   0.405945091208162662336942561129   0.005787969478747652054683806861
 119  -0.190339137025802614266412153107   0.005787969478747652054683806926
 120  -0.465573514031559189997278032549   0.016397289526612150040829511763
 121  -0.369224405495992197247418567330   0.040214455447188462057405774312
 122  -0.130710714202406086606076681650   0.040214455447188462057405774312
 123  -0.011453868555613031285405738810   0.040214455447188462057405774312
 124   0.107802977091180024035265204030   0.040214455447188462057405774312
 125   0.227059822737973079355936146869   0.040214455447188462057405774312
 126   0.346316668384766134676607089709   0.040214455447188462057405774312
 127   0.465573514031559189997278032549   0.040214455447188462057405774312
 128  -0.249967559849199141926747624529   0.040214455447188462057405774379
 129  -0.428852828319388724907754038750   0.074640941415629272060127741762
 130   0.167431399914576551695600675450   0.074640941415629272060127741762
 131   0.405945091208162662336942561129   0.074640941415629272060127741762
 132  -0.071082291379009558945741210230   0.074640941415629272060127741763
 133   0.048174554267783496374929732610   0.074640941415629272060127741763
 134   0.286688245561369607016271618289   0.074640941415629272060127741763
 135  -0.309595982672595669587083095950   0.074640941415629272060127741833
 136  -0.190339137025802614266412153125   0.074640941415629272060127741857
 137  -0.130710714202406086606076681650   0.109067427384070082062849709213
 138  -0.011453868555613031285405738810   0.109067427384070082062849709213
 139   0.107802977091180024035265204030   0.109067427384070082062849709213
 140   0.227059822737973079355936146869   0.109067427384070082062849709213
 141   0.346316668384766134676607089709   0.109067427384070082062849709213
 142   0.465573514031559189997278032549   0.109067427384070082062849709213
 143  -0.369224405495992197247418567371   0.109067427384070082062849709285
 144  -0.249967559849199141926747624581   0.109067427384070082062849709371
 145  -0.465573514031559189997278032549   0.132884593304646394079425971762
 146  -0.071082291379009558945741210230   0.143493913352510892065571676664
 147   0.048174554267783496374929732610   0.143493913352510892065571676664
 148   0.167431399914576551695600675450   0.143493913352510892065571676664
 149   0.286688245561369607016271618289   0.143493913352510892065571676664
 150   0.405945091208162662336942561129   0.143493913352510892065571676664
 151  -0.190339137025802614266412153125   0.143493913352510892065571676759
 152  -0.309595982672595669587083096004   0.143493913352510892065571676828
 153  -0.405945091208162662336942561172   0.167311079273087204082147939286
 154  -0.130710714202406086606076681650   0.177920399320951702068293644115
 155  -0.011453868555613031285405738810   0.177920399320951702068293644115
 156   0.107802977091180024035265204030   0.177920399320951702068293644115
 157   0.227059822737973079355936146870   0.177920399320951702068293644115
 158   0.346316668384766134676607089709   0.177920399320951702068293644115
 159   0.465573514031559189997278032549   0.177920399320951702068293644115
 160  -0.249967559849199141926747624588   0.177920399320951702068293644286
 161  -0.465573514031559189997278032549   0.201737565241528014084869906814
 162  -0.346316668384766134676607089808   0.201737565241528014084869906833
 163  -0.071082291379009558945741210230   0.212346885289392512071015611566
 164   0.048174554267783496374929732610   0.212346885289392512071015611566
 165   0.167431399914576551695600675450   0.212346885289392512071015611566
 166   0.286688245561369607016271618289   0.212346885289392512071015611566
 167   0.405945091208162662336942561129   0.212346885289392512071015611566
 168  -0.190339137025802614266412153125   0.212346885289392512071015611661
 169  -0.286688245561369607016271618392   0.236164051209968824087591874293
 170  -0.405945091208162662336942561204   0.236164051209968824087591874394
 171  -0.130710714202406086606076681650   0.246773371257833322073737579017
 172  -0.011453868555613031285405738810   0.246773371257833322073737579017
 173   0.107802977091180024035265204030   0.246773371257833322073737579017
 174   0.227059822737973079355936146870   0.246773371257833322073737579017
 175   0.346316668384766134676607089709   0.246773371257833322073737579017
 176   0.465573514031559189997278032549   0.246773371257833322073737579017
 177  -0.227059822737973079355936146925   0.270590537178409634090313841660
 178  -0.346316668384766134676607089797   0.270590537178409634090313841867
 179  -0.465573514031559189997278032549   0.270590537178409634090313841976
 180  -0.071082291379009558945741210230   0.281199857226274132076459546468
 181   0.048174554267783496374929732610   0.281199857226274132076459546468
 182   0.167431399914576551695600675450   0.281199857226274132076459546468
 183   0.286688245561369607016271618290   0.281199857226274132076459546468
 184   0.405945091208162662336942561129   0.281199857226274132076459546468
 185  -0.167431399914576551695600675450   0.305017023146850444093035809016
 186  -0.286688245561369607016271618358   0.305017023146850444093035809285
 187  -0.405945091208162662336942561141   0.305017023146850444093035809450
 188   0.465573514031559189997278032549   0.315626343194714942079181513919
 189   0.343001613225358013279299162343   0.322130709515680113307526972172
 190   0.232019172299959805922658742741   0.323057045059185408976197081853
 191   0.099555069310958588840029899602   0.328740846370609563238442373995
 192  -0.227059822737973079355936146837   0.339443509115291254095757776562
 193  -0.346316668384766134676607089701   0.339443509115291254095757776868
 194  -0.465573514031559189997278032548   0.339443509115291254095757776923
 195  -0.043398231850871943954566166507   0.344242101734092386287113942195
 196  -0.112224427005467882789170562927   0.346162155140246083436367687783
 197   0.025427273490756304302887381358   0.346186724836523643839767763723
 198   0.168674361525790974055411604985   0.350041609026864267482034073276
 199   0.405945091208162662336942561129   0.350052829163155752081903481369
 200   0.286130768781075512674655647277   0.365632470727121063399323251136
 201  -0.284783111361692820582517542625   0.381840627188933977439858777234
 202   0.465573514031559189997278032549   0.384479315131596562084625448820
 203   0.350297409578697334445753326345   0.390599928613137066038229773234
 204   0.222625726305052834806338672262   0.397042036132288094359585234044
 205  -0.430129591264071401599991311885   0.398472824572895611259920599885
 206  -0.150236190699521534987514190750   0.403952143879757390049485401752
 207  -0.009248734061933445097445075172   0.405724128855907505259252790451
 208   0.059627703212237448149977546114   0.405945091208162662336942561129
 209   0.128480675149119068155421481016   0.405945091208162662336942561129
 210  -0.078493860697672381160388650655   0.406186988676845073691124859198
 211  -0.361751344238602598959431909338   0.406544198573954832833115209537
 212  -0.219821694086687295512367066917   0.407914972062773570488438204648
 213   0.409925832402093862106088797765   0.425026414581577876040951740685
 214   0.293019141913535016189243473175   0.434140003598543443576102963267
 215  -0.465573514031559189997278032547   0.457502140030499968424083422847
 216  -0.397195267006090387356718629998   0.465573514031559189997278032545
 217  -0.326307421471114810562145188762   0.465573514031559189997278032549
 218  -0.257454449534233190556701253861   0.465573514031559189997278032549
 219  -0.182188938639141400468032879973   0.465573514031559189997278032549
 220  -0.113335966702259780462588945072   0.465573514031559189997278032549
 221  -0.043651754693084981858188356238   0.465573514031559189997278032549
 222   0.025201217243796638147255578663   0.465573514031559189997278032549
 223   0.094054189180678258152699513565   0.465573514031559189997278032549
 224   0.162907161117559878158143448467   0.465573514031559189997278032549
 225   0.231760133054441498163587383369   0.465573514031559189997278032549
 226   0.354278150772628534214899562981   0.465573514031559189997278032549
 227   0.465573514031559189997278032549   0.465573514031559189997278032549
