   1  -0.418402602241630808992722427930  -0.468013046430643445645718498600
   2  -0.307596544718686404966247855534  -0.468013046430643445645718498600
   3  -0.196790487218247055736671324746  -0.468013046430643445645718498600
   4   0.135627683864769706146673407141  -0.468013046430643445645718498600
   5   0.024821626438441249089993240894  -0.468013046430426206086421300637
   6  -0.085984431043799796838755262973  -0.468013046429465695937308644713
   7   0.357239797926955073811323412229  -0.468013046428097990372654053327
   8   0.246433740658199808979645989101  -0.468013046410599097156458046982
   9   0.468013046403581724572536246068  -0.468013046406428774669815312636
  10  -0.362999573480158606979485383439  -0.436026092861286891288736314398
  11  -0.252193515968466730351459590140  -0.436026092841796942128979127228
  12  -0.030581402292841015064702348291  -0.436026092808779145538085922406
  13   0.080224655153858032710107818370  -0.436026092773713487096241327830
  14   0.301836769345059046414705064260  -0.436026092547706379767124914350
  15   0.191030712233909197084448300026  -0.436026092181746711859028452069
  16  -0.141387459131832528976694510012  -0.436026091692052728203802678820
  17   0.412626422156535033368319595940  -0.435997696155375227529695757667
  18  -0.468013046430643445645718498600  -0.427621653511340076268522411104
  19  -0.307596544729938932364696876338  -0.404039139272440387771997361675
  20   0.024821626423631619216456754488  -0.404039139150237639561827484698
  21   0.135627683524113228974039058646  -0.404039138522884295005505321152
  22   0.246433740895139147692268083325  -0.404039138438725412964395294337
  23  -0.196790487882052203591482775404  -0.404039138103206224687063307445
  24  -0.085984430389965615231768363537  -0.404039138088738818493104724016
  25   0.357223393540325692421970643644  -0.404010742242159971272269929225
  26   0.468013046404449523021630161410  -0.403982345901308262252782181253
  27  -0.412610017669171243619381977853  -0.395634699941983521895439565051
  28   0.080224654825459172460000253253  -0.372052184844723521253390647693
  29   0.191030712186676045075291026171  -0.372052184777554405365316532251
  30  -0.252193516643524405604720061606  -0.372052184533849670330081541891
  31  -0.141387459140185289846556628929  -0.372052184499892314976365352639
  32  -0.030581401676738675116758224364  -0.372052184435819019449461307804
  33   0.301820365055780585842947597762  -0.372023788078616308600079366215
  34   0.412610017806706053369550200699  -0.371995391985398787322819192934
  35  -0.468013046430643445645604277798  -0.363647746372626967559959408305
  36  -0.357206988841581003169003361246  -0.363647746258107165399414557669
  37   0.135627683496922017881815753710  -0.340065231083978328715999702788
  38  -0.196790487901657491859793915131  -0.340065230930535760619383587086
  39  -0.085984430426958349731546489755  -0.340065230846972515932721936427
  40   0.024821626692400815115858752190  -0.340065230186922284441401957427
  41   0.246417336347134984876952747256  -0.340036834417129578469364216093
  42   0.468013046407124257621051532256  -0.340008438071687170596191464290
  43   0.357206989210919028331842946200  -0.340008437708987010048034340117
  44  -0.412610017669171243619866147965  -0.331660792803270413186528238512
  45  -0.301803955448142808845755681688  -0.331660785001202864691755693678
  46  -0.141387459188430551744783775956  -0.308078277277615961575740170877
  47  -0.030581402057818859498929513200  -0.308078276598075780924662586048
  48   0.080224655353619197534821412513  -0.308078276443921021522725272780
  49   0.191014307656245663101340733664  -0.308049880721589439780377571209
  50   0.301803960496484484801269572696  -0.308021484035274787929836591153
  51   0.412610017868420449603998620088  -0.308021483959547781620791256114
  52  -0.468013046430643445645718498600  -0.299673839233913858851396405506
  53  -0.357206988780245738153259079653  -0.299673839119394056720254282504
  54  -0.246400926658043496134000462283  -0.299673831338647866479238288923
  55  -0.085984430819291061512166799403  -0.276091323028719226567680820499
  56   0.024821626515965278799151447816  -0.276091322703633966441378959444
  57   0.135611279512010784421877883268  -0.276062926079919669691369494061
  58   0.246400931805663341085884058455  -0.276034530339259667704995292916
  59   0.357206989140172510138830280372  -0.276034530260805925244514410198
  60   0.468013046430643445645718498600  -0.276034530045081481635662576682
  61  -0.412610017640675532040457571313  -0.267686885664557304484101811250
  62  -0.301803955473323844696746353127  -0.267686877862489755988148497041
  63  -0.190997897879250907127746316857  -0.267686877605197542712132926235
  64  -0.030581402245506923214085838388  -0.244104369134277412084397193895
  65   0.080208250761842848753542515916  -0.244075972490983551690716589032
  66   0.301803960471265371512638474683  -0.244047576529724295233814928680
  67   0.412610017723135027060752579537  -0.244047576382256912794351245729
  68   0.190997903618339143305988771117  -0.244047575625848822956012026161
  69  -0.468013046424110024492462535155  -0.235699932095200750143167019910
  70  -0.357206988785255198383743601614  -0.235699931980680948011887411947
  71  -0.246400926735462690788412135907  -0.235699924199934757817520413840
  72  -0.135594865014572661067249540390  -0.235699917834689120861033361725
  73   0.024805222000370646740305229712  -0.212089018921626997333734823482
  74   0.468013046430643445645718498600  -0.212060622719432343953039914775
  75   0.357206989081158843821635631976  -0.212060622605927183511208779486
  76   0.135594874868171207637653403765  -0.212060622036912704955359121131
  77   0.246400932304030561042387947817  -0.212060621925236100353196778722
  78  -0.412610017646375739386136288164  -0.203712978525844195775292292217
  79  -0.301803955550743039351158026751  -0.203712970723776647326430621958
  80  -0.190997897356281101579432151739  -0.203712970466484436141139987135
  81  -0.080191834038327367117317477557  -0.203712960989442964287928147142
  82   0.412610017788667262406601551038  -0.180073668943102614669897448533
  83   0.080191846106699005624416117561  -0.180073668467556150598377355582
  84   0.190997903553544614738656567794  -0.180073668335749171777710656959
  85   0.301803960889093297770529897472  -0.180073668050329391132183817284
  86  -0.468013046429479186062298514732  -0.171726024956487641434829326906
  87  -0.357206988805964403688048326070  -0.171726024841967839306676331858
  88  -0.246400926212492885240097970790  -0.171726017061221651246527474740
  89  -0.135594864691135184148739407254  -0.171726010695976012970083399571
  90  -0.024694318304862690618945309028  -0.171561789752051779819754921699
  91   0.468013046430643445645718498600  -0.148086715166772885386754982290
  92   0.135594874792072412725419281591  -0.148086714766392617420728891410
  93   0.246400932138925362103346086643  -0.148086714461393273129536357851
  94   0.357206989596601716355495816535  -0.148086714387504822290872486332
  95  -0.412610017651635118043131567282  -0.139739071387131087066617471279
  96  -0.301803955027773233802843861635  -0.139739063585063540755437682857
  97  -0.190997897032843624660922018603  -0.139739063327771328250190024982
  98  -0.080191834234383398931675011536  -0.139739053850729855879784247458
  99   0.030801770423280647569414751181  -0.139413107495295885148652773618
 100   0.190997903377453160090108800442  -0.116099760892036718772554592305
 101   0.301803960846433780688312005705  -0.116099760798568704288225026898
 102   0.412610018238577899594612764096  -0.116099760611175093007730020090
 103  -0.468013046430643445645491773994  -0.107752117817774532726276918273
 104  -0.357206988769167786157891016406  -0.107752117703254730608695698670
 105  -0.246400925947782710882972684770  -0.107752109922508543085621161535
 106  -0.135594864887191215963096941233  -0.107752103557262904561939499887
 107  -0.024694318229934720147892791869  -0.107587882613338671155070751771
 108   0.086204799471447656245829135083  -0.107426153353449713859254873170
 109   0.246400932084961578675074719503  -0.084112807229212149931243261352
 110   0.357206989488409963927428953265  -0.084112807022238975005082560654
 111   0.468013046430643445645718498600  -0.084112806055577300628705057893
 112  -0.412610017631671369321949275985  -0.075765164248417978360591542208
 113  -0.301803954806208862203785267187  -0.075765156446350432430552752553
 114  -0.190997897228899656475279552582  -0.075765156189058219842046125298
 115  -0.080191834159455428460622494377  -0.075765146712016747215100077529
 116   0.030801770379448423720368009114  -0.075439200356582776455105766664
 117   0.141607828056828403610518653934  -0.075439199479093815211080574065
 118   0.301803960726937761914191667063  -0.052125853452882420648100795108
 119   0.412610017680475509978534687772  -0.052125852466641182626057598461
 120  -0.468013046417132929375466905311  -0.043778210679061424019140544376
 121  -0.357206988772389910630363325284  -0.043778210564541621900213839000
 122  -0.246400926085111439891738900856  -0.043778202783795434524455595087
 123  -0.135594864812263245492044424074  -0.043778196418549795897255329959
 124  -0.024694318272037981803800461023  -0.043613975471610638309428852511
 125   0.086204799131283717916469927614  -0.043452246193919140396452194024
 126   0.197010856921342714903706236937  -0.043452245625555380976329504543
 127   0.357206988919003307965297401570  -0.020138898897284628269075832915
 128   0.468013046430643445645718498600  -0.020138898877705064623410139028
 129  -0.412610017636342521226936960699  -0.011791257109704869651871066690
 130  -0.301803954900391788314738542902  -0.011791249307637323791318199176
 131  -0.190997897153971686004227035423  -0.011791249050345111177361955370
 132  -0.080191834203287472629434577324  -0.011791239573303638521552947466
 133   0.030801770027265516243647725119  -0.011465293217869668715944242266
 134   0.141607827995798028996079721838  -0.011465292340380706531628710418
 135   0.252413885779871809915652809327  -0.011465291586180476971480284899
 136   0.412610017669171243632481212398   0.011848054691651489733571626518
 137  -0.468013046421008049215300508616   0.020195696459651684689305093747
 138  -0.357206988769088424049756276923   0.020195696574171486808263974273
 139  -0.246400926010183469420686383698   0.020195704354917674140228574842
 140  -0.135594864856095289660856507021   0.020195710720163312796291800105
 141  -0.024694318624220889280520745017   0.020359931667102469429732671887
 142   0.086204799070253343302030995515   0.020521660944793968282999669623
 143   0.197010856747034389727241240586   0.020521661513157727494766430941
 144   0.307816916170926268249170261114   0.020521665640512258863980395721
 145   0.468013046430643445645718498600   0.043835008261008044090553392064
 146  -0.412610017634816136681948133113   0.052182650029008239057251945642
 147  -0.301803954924383313603517134781   0.052182657831075784912746146972
 148  -0.190997897197803730173039118370   0.052182658088367997516185174694
 149  -0.080191834555470380106154861318   0.052182667565409469217608576932
 150   0.030801769966235141629208793023   0.052508613920843439963507621382
 151   0.141607827667653060179904702966   0.052508614798332401335348047494
 152   0.252413885297890197246189979157   0.052508615552532629921449709526
 153   0.363219944921094203916354071943   0.052508619229448376866627855154
 154  -0.468013046430643445645672136654   0.084169603598364793397142481460
 155  -0.357206988755425834635999653936   0.084169603712884595515368051412
 156  -0.246400926216719257990739647515   0.084169611493630782515397590404
 157  -0.135594865208278197137576791016   0.084169617858876420535453324503
 158  -0.024694318683518671667214497594   0.084333838808836832231010423098
 159   0.086204798742108374485855976644   0.084495568083507076149976427535
 160   0.197010856265052777057778410415   0.084495568651870834387696425366
 161   0.307816911947798288840018772590   0.084495572779225228181260857362
 162   0.418622973682566405929591358145   0.084495572798804931223609620700
 163  -0.412610017622928910990130863083   0.116156557167721347765038552339
 164  -0.301803955113862476465133097071   0.116156564969788893340707614204
 165  -0.190997897549986637649759402365   0.116156565227081105255346699092
 166  -0.080191834616500574662675652642   0.116156574704122577897060612353
 167   0.030801769638090172813033774152   0.116482521059556547830484379293
 168   0.141607827339508091363729684094   0.116482521937045509202324805405
 169   0.252413882914960868651607203848   0.116482525878563432647507573202
 170   0.363219940697966224507202583419   0.116482526368161346183908316794
 171   0.468013046430643445645718498600   0.125156137336601818356665849336
 172  -0.468013046420527975085903545836   0.148143510737077902104905761769
 173  -0.357206988734234149650728904232   0.148143510851597704220421127019
 174  -0.246400926406198420852355609803   0.148143518632343890943359057636
 175  -0.135594865269308391694097582340   0.148143524997589529214905359923
 176  -0.024694319006960848275926019985   0.148307745955750560018839462028
 177   0.086204798413963405669680957775   0.148469475222220184016953185446
 178   0.197010853989416182957558477528   0.148469479163738107462135953240
 179   0.307816911927385362526609486649   0.148469479921741238683373551772
 180   0.412610015928333691072814674904   0.157143087890739094471966933603
 181  -0.412610017603631488739670929322   0.180130464306434456471269627553
 182  -0.301803955313557988401765685691   0.180130472108502001737594347168
 183  -0.190997897611016832206280193689   0.180130472365794213934798734513
 184  -0.080191834944645054743659338985   0.180130481842835685764039877160
 185   0.030801769309945203996858755284   0.180456428198269655697461137205
 186   0.141607825063871497263509751209   0.180456432448912782276764333282
 187   0.252413882586815899835432184977   0.180456433017276540514484331113
 188   0.357206987166861489058016370754   0.189130041460095648826244936751
 189   0.468013046430643445645718498600   0.189130044475314927065228852135
 190  -0.468013046429479187884563398369   0.212117417875791010812842538861
 191  -0.357206988770656871436034727927   0.212117417990310812918615725561
 192  -0.246400926605893932788988198424   0.212117425771056999340245790599
 193  -0.135594865597452871775081268682   0.212117432136302637081884624730
 194  -0.024694319323526940160307498214   0.212281653114654644774181409769
 195   0.086204795959853295590687548717   0.212443385424962253957272285040
 196   0.197010853825343697820635900543   0.212443386586633094868765832512
 197   0.301803957996773034356695797057   0.221116994321708082289354484207
 198   0.412610015928333691072814674904   0.221116995029452203180529936402
 199  -0.412610017641713403297432421572   0.244104371445147565168826078392
 200  -0.301803955641701753875557935926   0.244104379247215109604577277440
 201  -0.190997897939161312287263880031   0.244104379504507321801777999319
 202  -0.080191835272788820217451589220   0.244104388981548793631022807432
 203   0.030801765171327540245648971256   0.244430335483358807366641359117
 204   0.141607824378779491593774731273   0.244430339587625887317026639557
 205   0.246400929235300832341899512624   0.253103947891064636643635985607
 206   0.357206987166861489058018390469   0.253103948598808757534811437798
 207   0.468013046430643445645718498600   0.253103951614028035773791854934
 208  -0.468013046430643445645718498600   0.276091325014504119521394947527
 209  -0.357206988841581003223318043499   0.276091325129023921587864008542
 210  -0.246400926934037698262780448659   0.276091332909770107207228720871
 211  -0.135594865925596637248873518917   0.276091339275015744948867555002
 212  -0.024694323488875621267319464756   0.276255560353130868686160331881
 213   0.086204784353455295912441674071   0.276417306569013675931189014990
 214   0.190997899998544662756241966867   0.285090900637205197018080230265
 215   0.301803957996773034356695797057   0.285090901460421190997917487007
 216   0.412610015928333691072814674904   0.285090902168165311889092939201
 217  -0.412610017669171243630922214165   0.308078278583860673875676448925
 218  -0.190997898267305077761056130266   0.308078286643220429668760929591
 219  -0.080191839276154837479327557348   0.308078296502515984216351139458
 220  -0.301802736998115750928839086220   0.308080397232074188153618090295
 221   0.030615174059600867741337067163   0.308403970508654287726832795921
 222   0.135594871145415920446714517508   0.317077854047807966210631532457
 223   0.246400929235300832341899512624   0.317077855029777745352198988406
 224   0.357206987166861489058018390469   0.317077855737521866243374440598
 225   0.468013046430643445645718498600   0.317077858752741144482354857734
 226  -0.468013046430643445645718498600   0.340065232153217228229957950327
 227  -0.357206988841581003223318043501   0.340065232267737030296427011341
 228  -0.135595006862817485334117225983   0.340065478120673446282668777278
 229  -0.246399708257677663701693198904   0.340067351093174891889208022576
 230  -0.022027159230366488146619634918   0.345323146318484849396269860995
 231   0.080114834243749842198807377094   0.348931053258914819744135269328
 232   0.190997899998544662756241966867   0.349064807775918305726643233064
 233   0.301803957996773034356695797057   0.349064808599134299706480489806
 234   0.412610015928333691072814674904   0.349064809306878420597655942001
 235  -0.412610017669171243630922214167   0.372052185722573782584239451726
 236  -0.080191846437934251121336070556   0.372052203641228692049880369086
 237  -0.301802268520437126971881336457   0.372055116112381753066381509979
 238  -0.190867156049843897965659537231   0.372278064213480632598774571218
 239   0.468013046430643445645718498600   0.381051765891454253190917860533
 240   0.033927061604676017809923973396   0.393195604010435064436159955525
 241   0.350297693467659830329448719510   0.396844439489695882601956846735
 242  -0.468013046430643445645718498600   0.404039139291930336938520953126
 243  -0.357206988973817080245649846530   0.404039139406450138868321950172
 244  -0.246398771342279146856638179304   0.404041258346520098531793176347
 245  -0.135464983783193723972744199036   0.404266510409862731165470891842
 246   0.158931449832618176932223243411   0.404421863047571270534978714787
 247   0.222905291059532166694636238129   0.404513695864624852659606314858
 248  -0.028038000606292841177519969553   0.409101321843448673906715432489
 249   0.286530020652114865671466070380   0.411188617501874194593885101277
 250   0.095316982784197723612746193343   0.411193892044712111903184920912
 251   0.412610015928333691072814674904   0.413038716445591529306218944800
 252  -0.412608106608835484089556712458   0.436029403082321765414931287049
 253  -0.301600856345091458187342684215   0.436373759149339443810087081683
 254  -0.187977086557748107640374685119   0.440807575427822217835153021401
 255   0.467712933976913351879313080451   0.447948846316237840512225610920
 256  -0.066586398527305350127475597112   0.460157002260690134428122722165
 257   0.188329485302023069328561213712   0.461241017433502604277512292476
 258   0.060809169399133628399450996998   0.465062914775538400043293845290
 259  -0.130076109350310263608411179713   0.468013046338675785612289099114
 260  -0.245878063813230098266566505119   0.468013046380709694440999986925
 261  -0.468013046417425757487728643213   0.468013046430643445645718498600
 262  -0.357203161107788146926679878804   0.468013046430643445645718498600
 263  -0.003096679455335359210182169648   0.468013046430643445645718498600
 264   0.124715018253602616009084163644   0.468013046430643445645718498600
 265   0.251943952350443522648038263779   0.468013046430643445645718498600
 266   0.315917859489156631356601266579   0.468013046430643445645718498600
 267   0.379891766627869740065164269378   0.468013046430643445645718498600
