   1  -0.469556024045481797648702650415  -0.469556024045481797648702650415
   2   0.469556024045481797648702650415  -0.469556024045481797648702650415
   3  -0.364094997770220329000752967104  -0.469556024045481797648702650415
   4   0.364022113705285699838979121948  -0.469556024045481797648702650415
   5  -0.047711918944435923056903917169  -0.469556024045481797648702650415
   6   0.250104478770353229890327776848  -0.469556024045481797648702650415
   7  -0.258633971494958860352803283792  -0.469556024045481797648702650415
   8   0.163563041754929541463555584620  -0.469556024045481797648702650415
   9  -0.153172945219697391704853600481  -0.469556024045481797648702650415
  10   0.057749107330825545591045766143  -0.469556024045481797648702650415
  11   0.307063296237819464864653449398  -0.448037757377718028201705101522
  12   0.110656074542877543527300675381  -0.439419741791361851198362722611
  13   0.416789068875383748743840886182  -0.439175254967757765374090956370
  14  -0.100442432082066657380878758825  -0.439112048090963595297405300831
  15  -0.205903458357328126028828442136  -0.439112048090963595297405300831
  16   0.005018594193194811267070924487  -0.439112048090963595297405300831
  17  -0.311364484632589594676778125448  -0.439112048090963595297405300831
  18  -0.416825510907851063324727808760  -0.439112048090963595297405300831
  19   0.206833760262641385676941680734  -0.426719268711966005913265722073
  20  -0.469556024045481797648702650415  -0.408668072136445392946107951246
  21  -0.047711918944435923056903917169  -0.408668072136445392946107951246
  22   0.469556024045481797648702650415  -0.408668072136445392946107951246
  23  -0.364094997770220329000752967104  -0.408668072136445392946107951246
  24  -0.153172945219697391704853600481  -0.408668072136445392946107951246
  25  -0.258633971494958860352803283792  -0.408668072136445392946107951246
  26   0.364022113705285699838979121948  -0.408668072136445392946107951246
  27   0.057749107330825545591045766143  -0.408668072136445392946107951246
  28   0.263792577730107620651267353284  -0.405201002044202236466268173179
  29   0.153621914122669576033235298428  -0.396277195310182667337899535626
  30   0.416789068875383748743840886182  -0.378287303058721360671496257200
  31  -0.205903458357328126028828442136  -0.378224096181927190594810601662
  32  -0.311364484632589594676778125448  -0.378224096181927190594810601662
  33   0.005018594193194811267070924487  -0.378224096181927190594810601662
  34  -0.416825510907851063324727808760  -0.378224096181927190594810601662
  35  -0.100442432082066657380878758825  -0.378224096181927190594810601662
  36   0.315101333007536681510966668012  -0.372417556228394138960466731099
  37   0.206352427260300310357210140084  -0.365833219355664464986602186041
  38   0.100939401872745333768100012987  -0.365750230333072477831526525791
  39  -0.364094997770220329000752967104  -0.347780120227408988243513252077
  40  -0.047711918944435923056903917169  -0.347780120227408988243513252077
  41  -0.469556024045481797648702650415  -0.347780120227408988243513252077
  42   0.469556024045481797648702650415  -0.347780120227408988243513252077
  43  -0.153172945219697391704853600481  -0.347780120227408988243513252077
  44  -0.258633971494958860352803283792  -0.347780120227408988243513252077
  45   0.367915145731124385270429603876  -0.341973637254149125304473687107
  46   0.262370819869905947186991826356  -0.341973580273875936609169381514
  47   0.153669915010376068092074854643  -0.335306254378554275480229176206
  48   0.048208888735114599444125171331  -0.335306254378554275480229176206
  49  -0.416825510907851063324727808760  -0.317336144272890785892215902493
  50  -0.311364484632589594676778125448  -0.317336144272890785892215902493
  51  -0.100442432082066657380878758825  -0.317336144272890785892215902493
  52  -0.205903458357328126028828442136  -0.317336144272890785892215902493
  53   0.315184632593493650946454762221  -0.311529661299630922953176337522
  54   0.420641079066688312213025863736  -0.311521730227317479126532195334
  55   0.206400428148006802416049696298  -0.304862278424036073128931826622
  56   0.100939401872745333768100012987  -0.304862278424036073128931826622
  57  -0.004521624402516134879849670325  -0.304862278424036073128931826622
  58  -0.364094997770220329000752967104  -0.286892168318372583540918552908
  59  -0.469556024045481797648702650415  -0.286892168318372583540918552908
  60  -0.258633971494958860352803283792  -0.286892168318372583540918552908
  61  -0.153172945219697391704853600481  -0.286892168318372583540918552908
  62   0.262454119455862916622479920565  -0.281085685345112720601878987937
  63   0.367910565929057577889051022080  -0.281077754272799276775234845749
  64   0.469556024045481797648702650415  -0.275263340227225970009551138590
  65   0.048208888735114599444125171331  -0.274418302469517870777634477037
  66  -0.057252137540146869203824511981  -0.274418302469517870777634477037
  67   0.153669915010376068092074854643  -0.274418302469517870777634477037
  68  -0.311364484632589594676778125448  -0.256448192363854381189621203324
  69  -0.205903458357328126028828442136  -0.256448192363854381189621203324
  70  -0.416825510907851063324727808760  -0.256448192363854381189621203324
  71   0.315180052791426843565076180424  -0.250633778318281074423937496165
  72   0.416825510907851063324727808760  -0.244819364272707767658253789006
  73   0.206400428148006802416049696298  -0.243974326514999668426337127453
  74  -0.004521624402516134879849670325  -0.243974326514999668426337127453
  75  -0.109982650677777603527799353636  -0.243974326514999668426337127453
  76   0.100939401872745333768100012987  -0.243974326514999668426337127453
  77  -0.258633971494958860352803283792  -0.226004216409336178838323853739
  78  -0.364094997770220329000752967104  -0.226004216409336178838323853739
  79  -0.469556024045481797648702650415  -0.226004216409336178838323853739
  80   0.262450239933485313362757996279  -0.220188589475976383692832216005
  81   0.469556024045481797648702650415  -0.214375388318189565306956439421
  82   0.364094997770220329000752967104  -0.214375388318189565306956439421
  83   0.048208888735114599444125171331  -0.213530350560481466075039777868
  84   0.153669915010376068092074854643  -0.213530350560481466075039777868
  85  -0.162713163815408337851774195292  -0.213530350560481466075039777868
  86  -0.057252137540146869203824511981  -0.213530350560481466075039777868
  87  -0.416825510907851063324727808760  -0.195560240454817976487026504155
  88  -0.311364484632589594676778125448  -0.195560240454817976487026504155
  89   0.416825510907851063324727808760  -0.183931412363671362955659089837
  90   0.311365184912278798798434782959  -0.183930199475884874575851159261
  91   0.100939401872745333768100012987  -0.183086374605963263723742428284
  92  -0.215443676953039072175749036948  -0.183086374605963263723742428284
  93  -0.004521624402516134879849670325  -0.183086374605963263723742428284
  94   0.206400428148006802416049696298  -0.183086374605963263723742428284
  95  -0.109982650677777603527799353636  -0.183086374605963263723742428284
  96  -0.469556024045481797648702650415  -0.165116264500299774135729154570
  97  -0.364094997770220329000752967104  -0.165116264500299774135729154570
  98   0.469556024045481797648702650415  -0.153487436409153160604361740252
  99   0.364095698049909533122409624614  -0.153486223521366672224553809677
 100  -0.057252137540146869203824511981  -0.152642398651445061372445078699
 101   0.259130941285637536740024537954  -0.152642398651445061372445078699
 102   0.153669915010376068092074854643  -0.152642398651445061372445078699
 103  -0.162713163815408337851774195292  -0.152642398651445061372445078699
 104  -0.268174190090669806499723878604  -0.152642398651445061372445078699
 105   0.048208888735114599444125171331  -0.152642398651445061372445078699
 106  -0.416825510907851063324727808760  -0.134672288545781571784431804985
 107   0.416826211187540267446384466270  -0.123042247566848469873256460092
 108  -0.320904703228300540823698720260  -0.122198422696926859021147729115
 109   0.206400428148006802416049696298  -0.122198422696926859021147729115
 110  -0.215443676953039072175749036948  -0.122198422696926859021147729115
 111   0.311861454423268271063999379610  -0.122198422696926859021147729115
 112  -0.109982650677777603527799353636  -0.122198422696926859021147729115
 113  -0.004521624402516134879849670325  -0.122198422696926859021147729115
 114   0.100939401872745333768100012987  -0.122198422696926859021147729115
 115  -0.469556024045481797648702650415  -0.104228312591263369433134455401
 116   0.469556024045481797648702650415  -0.092597058724543779142151179932
 117  -0.162713163815408337851774195292  -0.091754446742408656669850379530
 118   0.153669915010376068092074854643  -0.091754446742408656669850379530
 119   0.259130941285637536740024537954  -0.091754446742408656669850379530
 120  -0.373635216365931275147673561915  -0.091754446742408656669850379530
 121   0.048208888735114599444125171331  -0.091754446742408656669850379530
 122  -0.057252137540146869203824511981  -0.091754446742408656669850379530
 123   0.364591967560899005387974221266  -0.091754446742408656669850379530
 124  -0.268174190090669806499723878604  -0.091754446742408656669850379530
 125   0.100939401872745333768100012987  -0.061310470787890454318553029946
 126   0.206400428148006802416049696298  -0.061310470787890454318553029946
 127   0.311861454423268271063999379610  -0.061310470787890454318553029946
 128  -0.109982650677777603527799353636  -0.061310470787890454318553029946
 129  -0.004521624402516134879849670325  -0.061310470787890454318553029946
 130  -0.215443676953039072175749036948  -0.061310470787890454318553029946
 131  -0.320904703228300540823698720260  -0.061310470787890454318553029946
 132  -0.426365729503562009471648403571  -0.061310470787890454318553029946
 133   0.417321780418840535590292405411  -0.061309257900103965938745099370
 134   0.259130941285637536740024537954  -0.030866494833372251967255680361
 135   0.048208888735114599444125171331  -0.030866494833372251967255680361
 136  -0.162713163815408337851774195292  -0.030866494833372251967255680361
 137  -0.268174190090669806499723878604  -0.030866494833372251967255680361
 138  -0.373635216365931275147673561915  -0.030866494833372251967255680361
 139  -0.057252137540146869203824511981  -0.030866494833372251967255680361
 140   0.153669915010376068092074854643  -0.030866494833372251967255680361
 141   0.364591267281209801266317563755  -0.030865281945585763587447749786
 142   0.469556024045481797648702650415  -0.030021457075664152735339018808
 143  -0.469556024045481797648702650415  -0.018392628984517539203971604490
 144  -0.109982650677777603527799353636  -0.000422518878854049615958330776
 145  -0.215443676953039072175749036948  -0.000422518878854049615958330776
 146  -0.320904703228300540823698720260  -0.000422518878854049615958330776
 147  -0.004521624402516134879849670325  -0.000422518878854049615958330776
 148   0.100939401872745333768100012987  -0.000422518878854049615958330776
 149   0.206400428148006802416049696298  -0.000422518878854049615958330776
 150   0.311860754143579066942342722099  -0.000421305991067561236150400201
 151   0.416825510907851063324727808760   0.000422518878854049615958330776
 152  -0.416825510907851063324727808760   0.012051346970000663147325745094
 153  -0.268174190090669806499723878604   0.030021457075664152735339018808
 154  -0.162713163815408337851774195292   0.030021457075664152735339018808
 155   0.048208888735114599444125171331   0.030021457075664152735339018808
 156   0.153669915010376068092074854643   0.030021457075664152735339018808
 157  -0.057252137540146869203824511981   0.030021457075664152735339018808
 158   0.259130241005948332618367880444   0.030022669963450641115146949383
 159   0.364094997770220329000752967104   0.030866494833372251967255680361
 160   0.469556024045481797648702650415   0.030866494833372251967255680361
 161  -0.364094997770220329000752967104   0.042495322924518865498623094679
 162  -0.469556024045481797648702650415   0.042495322924518865498623094679
 163  -0.004521624402516134879849670325   0.060465433030182355086636368393
 164  -0.215443676953039072175749036948   0.060465433030182355086636368393
 165  -0.109982650677777603527799353636   0.060465433030182355086636368393
 166   0.100939401872745333768100012987   0.060465433030182355086636368393
 167   0.206399727868317598294393038788   0.060466645917968843466444298968
 168   0.416825510907851063324727808760   0.061310470787890454318553029946
 169   0.311364484632589594676778125448   0.061310470787890454318553029946
 170  -0.416825510907851063324727808760   0.072939298879037067849920444263
 171  -0.311364484632589594676778125448   0.072939298879037067849920444263
 172   0.048208888735114599444125171331   0.090909408984700557437933717977
 173  -0.057252137540146869203824511981   0.090909408984700557437933717977
 174  -0.162713163815408337851774195292   0.090909408984700557437933717977
 175   0.153669214730686863970418197132   0.090910621872487045817741648553
 176   0.469556024045481797648702650415   0.091754446742408656669850379530
 177   0.364094997770220329000752967104   0.091754446742408656669850379530
 178   0.258633971494958860352803283792   0.091754446742408656669850379530
 179  -0.364094997770220329000752967104   0.103383274833555270201217793848
 180  -0.258633971494958860352803283792   0.103383274833555270201217793848
 181  -0.469556024045481797648702650415   0.103383274833555270201217793848
 182  -0.004521624402516134879849670325   0.121353384939218759789231067562
 183  -0.109982650677777603527799353636   0.121353384939218759789231067562
 184   0.100938701593056129646443355476   0.121354597827005248169038998137
 185   0.205903458357328126028828442136   0.122198422696926859021147729115
 186   0.416825510907851063324727808760   0.122198422696926859021147729115
 187   0.311364484632589594676778125448   0.122198422696926859021147729115
 188  -0.205903458357328126028828442136   0.133827250788073472552515143432
 189  -0.416825510907851063324727808760   0.133827250788073472552515143432
 190  -0.311364484632589594676778125448   0.133827250788073472552515143432
 191  -0.057252137540146869203824511981   0.151797360893736962140528417146
 192   0.048208188455425395322468513820   0.151798573781523450520336347722
 193   0.364094997770220329000752967104   0.152642398651445061372445078699
 194   0.153172945219697391704853600481   0.152642398651445061372445078699
 195   0.469556024045481797648702650415   0.152642398651445061372445078699
 196   0.258633971494958860352803283792   0.152642398651445061372445078699
 197  -0.153172945219697391704853600481   0.164271226742591674903812493017
 198  -0.364094997770220329000752967104   0.164271226742591674903812493017
 199  -0.258633971494958860352803283792   0.164271226742591674903812493017
 200  -0.469556024045481797648702650415   0.164271226742591674903812493017
 201  -0.004522324682205339001506327835   0.182242549736041652871633697306
 202   0.416825510907851063324727808760   0.183086374605963263723742428284
 203   0.311364484632589594676778125448   0.183086374605963263723742428284
 204   0.205903458357328126028828442136   0.183086374605963263723742428284
 205   0.100442432082066657380878758825   0.183086374605963263723742428284
 206  -0.205903458357328126028828442136   0.194715202697109877255109842602
 207  -0.100442432082066657380878758825   0.194715202697109877255109842602
 208  -0.416825510907851063324727808760   0.194715202697109877255109842602
 209  -0.311364484632589594676778125448   0.194715202697109877255109842602
 210   0.153172945219697391704853600481   0.213530350560481466075039777868
 211   0.047711918944435923056903917169   0.213530350560481466075039777868
 212   0.258633971494958860352803283792   0.213530350560481466075039777868
 213   0.364094997770220329000752967104   0.213530350560481466075039777868
 214   0.469556024045481797648702650415   0.213530350560481466075039777868
 215  -0.469556024045481797648702650415   0.225159178651628079606407192186
 216  -0.153172945219697391704853600481   0.225159178651628079606407192186
 217  -0.364094997770220329000752967104   0.225159178651628079606407192186
 218  -0.258633971494958860352803283792   0.225159178651628079606407192186
 219  -0.047712619224125127178560574680   0.225160391539414567986215122762
 220   0.205903458357328126028828442136   0.243974326514999668426337127453
 221   0.311364484632589594676778125448   0.243974326514999668426337127453
 222   0.416825510907851063324727808760   0.243974326514999668426337127453
 223   0.100442432082066657380878758825   0.243974326514999668426337127453
 224  -0.416825510907851063324727808760   0.255603154606146281957704541771
 225  -0.205903458357328126028828442136   0.255603154606146281957704541771
 226  -0.311364484632589594676778125448   0.255603154606146281957704541771
 227  -0.100443132361755861502535416335   0.255604367493932770337512472346
 228   0.004521624402516134879849670325   0.256448192363854381189621203324
 229   0.153172945219697391704853600481   0.274418302469517870777634477037
 230   0.469556024045481797648702650415   0.274418302469517870777634477037
 231   0.258633971494958860352803283792   0.274418302469517870777634477037
 232   0.364094997770220329000752967104   0.274418302469517870777634477037
 233  -0.258633971494958860352803283792   0.286047130560664484309001891355
 234  -0.469556024045481797648702650415   0.286047130560664484309001891355
 235  -0.364094997770220329000752967104   0.286047130560664484309001891355
 236  -0.153173645499386595826510257991   0.286048343448450972688809821931
 237  -0.048208888735114599444125171331   0.286892168318372583540918552908
 238   0.057252137540146869203824511981   0.286892168318372583540918552908
 239   0.311364484632589594676778125448   0.304862278424036073128931826622
 240   0.205903458357328126028828442136   0.304862278424036073128931826622
 241   0.416825510907851063324727808760   0.304862278424036073128931826622
 242  -0.416825510907851063324727808760   0.316491106515182686660299240940
 243  -0.311364484632589594676778125448   0.316491106515182686660299240940
 244  -0.205904158637017330150485099647   0.316492319402969175040107171515
 245   0.109982650677777603527799353636   0.317336144272890785892215902493
 246  -0.100939401872745333768100012987   0.317336144272890785892215902493
 247   0.004521624402516134879849670325   0.317336144272890785892215902493
 248   0.258633971494958860352803283792   0.335306254378554275480229176206
 249   0.469556024045481797648702650415   0.335306254378554275480229176206
 250   0.364094997770220329000752967104   0.335306254378554275480229176206
 251  -0.364094997770220329000752967104   0.346935082469700889011596590524
 252  -0.469556024045481797648702650415   0.346935082469700889011596590524
 253  -0.258634671774648064474459941303   0.346936295357487377391404521100
 254   0.162713163815408337851774195292   0.347780120227408988243513252077
 255  -0.153669915010376068092074854643   0.347780120227408988243513252077
 256   0.057252137540146869203824511981   0.347780120227408988243513252077
 257  -0.048208888735114599444125171331   0.347780120227408988243513252077
 258   0.311364484632589594676778125448   0.365750230333072477831526525791
 259   0.416825510907851063324727808760   0.365750230333072477831526525791
 260  -0.416825510907851063324727808760   0.377379058424219091362893940109
 261  -0.311365184912278798798434782959   0.377380271312005579742701870684
 262  -0.100939401872745333768100012987   0.378224096181927190594810601662
 263  -0.206400428148006802416049696298   0.378224096181927190594810601662
 264   0.215443676953039072175749036948   0.378224096181927190594810601662
 265   0.109982650677777603527799353636   0.378224096181927190594810601662
 266   0.004521624402516134879849670325   0.378224096181927190594810601662
 267   0.364094997770220329000752967104   0.396194206287590680182823875375
 268   0.469556024045481797648702650415   0.396194206287590680182823875375
 269  -0.469556024045481797648702650415   0.407823034378737293714191289693
 270  -0.364095698049909533122409624614   0.407824247266523782093999220269
 271  -0.153669915010376068092074854643   0.408668072136445392946107951246
 272   0.268174190090669806499723878604   0.408668072136445392946107951246
 273   0.057252137540146869203824511981   0.408668072136445392946107951246
 274  -0.048208888735114599444125171331   0.408668072136445392946107951246
 275  -0.259130941285637536740024537954   0.408668072136445392946107951246
 276   0.162713163815408337851774195292   0.408668072136445392946107951246
 277   0.416825510907851063324727808760   0.426638182242108882534121224960
 278  -0.416826211187540267446384466270   0.438268223221041984445296569853
 279   0.215443676953039072175749036948   0.439112048090963595297405300831
 280  -0.311861454423268271063999379610   0.439112048090963595297405300831
 281   0.004521624402516134879849670325   0.439112048090963595297405300831
 282   0.320904703228300540823698720260   0.439112048090963595297405300831
 283  -0.100939401872745333768100012987   0.439112048090963595297405300831
 284   0.109982650677777603527799353636   0.439112048090963595297405300831
 285  -0.206400428148006802416049696298   0.439112048090963595297405300831
 286   0.466511626450029977413572915457   0.466511626450029977413572915457
 287  -0.469525580069527279446351353066   0.469525580069527279446351353066
 288   0.162713163815408337851774195292   0.469556024045481797648702650415
 289  -0.048208888735114599444125171331   0.469556024045481797648702650415
 290  -0.259130941285637536740024537954   0.469556024045481797648702650415
 291  -0.364591967560899005387974221266   0.469556024045481797648702650415
 292   0.373635216365931275147673561915   0.469556024045481797648702650415
 293   0.057252137540146869203824511981   0.469556024045481797648702650415
 294   0.268174190090669806499723878604   0.469556024045481797648702650415
 295  -0.153669915010376068092074854643   0.469556024045481797648702650415
