   1  -0.473428877964274618067614582274  -0.473428877964274618067614582274
   2  -0.381383811204295940875529926514  -0.473428877964274618067614582274
   3  -0.289338744444317263683445270753  -0.473428877964274618067614582274
   4  -0.197293677684338586491360614993  -0.473428877964274618067614582274
   5  -0.105248610924359909299275959233  -0.473428877964274618067614582274
   6  -0.013203544164381232107191303472  -0.473428877964274618067614582274
   7   0.078841522595597445084893352288  -0.473428877964274618067614582274
   8   0.170886589355576122276978008048  -0.473428877964274618067614582274
   9   0.262931656115554799469062663809  -0.473428877964274618067614582274
  10   0.369114453985964044592850476040  -0.473428877964274618067614582274
  11   0.470537508245385534289398050725  -0.473428877964274618067614582274
  12   0.316023055050759422030956569924  -0.471104772963936352514444082485
  13   0.419825981115674789441124263382  -0.457540545102635075876936259209
  14  -0.427406344584285279471572254394  -0.446857755928549236135229164548
  15  -0.335361277824306602279487598633  -0.446857755928549236135229164548
  16  -0.243316211064327925087402942873  -0.446857755928549236135229164548
  17  -0.151271144304349247895318287113  -0.446857755928549236135229164548
  18  -0.059226077544370570703233631352  -0.446857755928549236135229164548
  19   0.032818989215608106488851024408  -0.446857755928549236135229164548
  20   0.124864055975586783680935680168  -0.446857755928549236135229164548
  21   0.216909122735565460873020335929  -0.446857755928549236135229164548
  22   0.287464621611801731406601965446  -0.426288325263764186013877382502
  23   0.380710517668856466921253556368  -0.421567240774421584174666808850
  24   0.473428877964274618067614582274  -0.420365349188868669568714310433
  25  -0.473428877964274618067614582274  -0.420286633892823854202843746822
  26  -0.381383811204295940875529926514  -0.420286633892823854202843746822
  27  -0.289338744444317263683445270753  -0.420286633892823854202843746822
  28  -0.197293677684338586491360614993  -0.420286633892823854202843746822
  29  -0.105248610924359909299275959233  -0.420286633892823854202843746822
  30  -0.013203544164381232107191303472  -0.420286633892823854202843746822
  31   0.078841522595597445084893352288  -0.420286633892823854202843746822
  32   0.170886589355576122276978008048  -0.420286633892823854202843746822
  33   0.241442088231812392810559637566  -0.399717203228038804081491964776
  34   0.332803532439054447364182875638  -0.398566830535880728985781265893
  35   0.426733051048845805517295884248  -0.394996118738696202242281391123
  36  -0.427406344584285279471572254394  -0.393715511857098472270458329095
  37  -0.335361277824306602279487598633  -0.393715511857098472270458329095
  38  -0.243316211064327925087402942873  -0.393715511857098472270458329095
  39  -0.151271144304349247895318287113  -0.393715511857098472270458329095
  40  -0.059226077544370570703233631352  -0.393715511857098472270458329095
  41   0.032818989215608106488851024408  -0.393715511857098472270458329095
  42   0.124864055975586783680935680168  -0.393715511857098472270458329095
  43   0.195419554851823054214517309686  -0.373146081192313422149106547050
  44   0.286780999059065108768140547758  -0.371995708500155347053395848167
  45   0.380710517668856466921253556368  -0.368424996702970820309895973397
  46   0.473428877964274618067614582274  -0.367223105117417905703943474981
  47  -0.473428877964274618067614582274  -0.367144389821373090338072911369
  48  -0.381383811204295940875529926514  -0.367144389821373090338072911369
  49  -0.289338744444317263683445270753  -0.367144389821373090338072911369
  50  -0.197293677684338586491360614993  -0.367144389821373090338072911369
  51  -0.105248610924359909299275959233  -0.367144389821373090338072911369
  52  -0.013203544164381232107191303472  -0.367144389821373090338072911369
  53   0.078841522595597445084893352288  -0.367144389821373090338072911369
  54   0.149397021471833715618474981806  -0.346574959156588040216721129324
  55   0.240758465679075770172098219878  -0.345424586464429965121010430440
  56   0.332803532439054447364182875638  -0.345424586464429965121010430440
  57   0.426733051048845805517295884248  -0.341853874667245438377510555671
  58  -0.427406344584285279471572254394  -0.340573267785647708405687493643
  59  -0.335361277824306602279487598633  -0.340573267785647708405687493643
  60  -0.243316211064327925087402942873  -0.340573267785647708405687493643
  61  -0.151271144304349247895318287113  -0.340573267785647708405687493643
  62  -0.059226077544370570703233631352  -0.340573267785647708405687493643
  63   0.032818989215608106488851024408  -0.340573267785647708405687493643
  64   0.103374488091844377022432653926  -0.320003837120862658284335711598
  65   0.194735932299086431576055891998  -0.318853464428704583188625012714
  66   0.286780999059065108768140547758  -0.318853464428704583188625012714
  67   0.380710517668856466921253556368  -0.315282752631520056445125137945
  68   0.473428877964274618067614582274  -0.314080861045967141839172639529
  69  -0.473428877964274618067614582274  -0.314002145749922326473302075917
  70  -0.381383811204295940875529926514  -0.314002145749922326473302075917
  71  -0.289338744444317263683445270753  -0.314002145749922326473302075917
  72  -0.197293677684338586491360614993  -0.314002145749922326473302075917
  73  -0.105248610924359909299275959233  -0.314002145749922326473302075917
  74  -0.013203544164381232107191303472  -0.314002145749922326473302075917
  75   0.057351954711855038426390326045  -0.293432715085137276351950293872
  76   0.148713398919097092980013564118  -0.292282342392979201256239594988
  77   0.240758465679075770172098219878  -0.292282342392979201256239594988
  78   0.332803532439054447364182875638  -0.292282342392979201256239594988
  79   0.426733051048845805517295884248  -0.288711630595794674512739720219
  80  -0.427406344584285279471572254394  -0.287431023714196944540916658191
  81  -0.335361277824306602279487598633  -0.287431023714196944540916658191
  82  -0.243316211064327925087402942873  -0.287431023714196944540916658191
  83  -0.151271144304349247895318287113  -0.287431023714196944540916658191
  84  -0.059226077544370570703233631352  -0.287431023714196944540916658191
  85   0.011329421331865699830347998165  -0.266861593049411894419564876145
  86   0.102690865539107754383971236237  -0.265711220357253819323854177262
  87   0.194735932299086431576055891998  -0.265711220357253819323854177262
  88   0.286780999059065108768140547758  -0.265711220357253819323854177262
  89   0.380710517668856466921253556368  -0.262140508560069292580354302493
  90   0.473428877964274618067614582274  -0.260938616974516377974401804076
  91  -0.473428877964274618067614582274  -0.260859901678471562608531240465
  92  -0.381383811204295940875529926514  -0.260859901678471562608531240465
  93  -0.289338744444317263683445270753  -0.260859901678471562608531240465
  94  -0.197293677684338586491360614993  -0.260859901678471562608531240465
  95  -0.105248610924359909299275959233  -0.260859901678471562608531240465
  96  -0.034693112048123638765694329715  -0.240290471013686512487179458419
  97   0.056668332159118415787928908357  -0.239140098321528437391468759536
  98   0.148713398919097092980013564118  -0.239140098321528437391468759536
  99   0.240758465679075770172098219878  -0.239140098321528437391468759536
 100   0.332803532439054447364182875638  -0.239140098321528437391468759536
 101   0.426733051048845805517295884248  -0.235569386524343910647968884766
 102  -0.427406344584285279471572254394  -0.234288779642746180676145822738
 103  -0.335361277824306602279487598633  -0.234288779642746180676145822738
 104  -0.243316211064327925087402942873  -0.234288779642746180676145822738
 105  -0.151271144304349247895318287113  -0.234288779642746180676145822738
 106  -0.080715645428112977361736657595  -0.213719348977961130554794040693
 107   0.010645798779129077191886580477  -0.212568976285803055459083341810
 108   0.102690865539107754383971236237  -0.212568976285803055459083341810
 109   0.194735932299086431576055891998  -0.212568976285803055459083341810
 110   0.286780999059065108768140547758  -0.212568976285803055459083341810
 111   0.380710517668856466921253556368  -0.208998264488618528715583467040
 112   0.473428877964274618067614582274  -0.207796372903065614109630968624
 113  -0.473428877964274618067614582274  -0.207717657607020798743760405012
 114  -0.381383811204295940875529926514  -0.207717657607020798743760405012
 115  -0.289338744444317263683445270753  -0.207717657607020798743760405012
 116  -0.197293677684338586491360614993  -0.207717657607020798743760405012
 117  -0.126738178808102315957778985475  -0.187148226942235748622408622967
 118  -0.035376734600860261404155747403  -0.185997854250077673526697924083
 119   0.056668332159118415787928908357  -0.185997854250077673526697924083
 120   0.148713398919097092980013564118  -0.185997854250077673526697924083
 121   0.240758465679075770172098219878  -0.185997854250077673526697924083
 122   0.332803532439054447364182875638  -0.185997854250077673526697924083
 123   0.426733051048845805517295884248  -0.182427142452893146783198049314
 124  -0.427406344584285279471572254394  -0.181146535571295416811374987286
 125  -0.335361277824306602279487598633  -0.181146535571295416811374987286
 126  -0.243316211064327925087402942873  -0.181146535571295416811374987286
 127  -0.172760712188091654553821313355  -0.160577104906510366690023205241
 128  -0.081399267980849600000198075283  -0.159426732214352291594312506357
 129   0.010645798779129077191886580477  -0.159426732214352291594312506357
 130   0.102690865539107754383971236237  -0.159426732214352291594312506357
 131   0.194735932299086431576055891998  -0.159426732214352291594312506357
 132   0.286780999059065108768140547758  -0.159426732214352291594312506357
 133   0.380710517668856466921253556368  -0.155856020417167764850812631588
 134   0.473428877964274618067614582274  -0.154654128831614850244860133172
 135  -0.473428877964274618067614582274  -0.154575413535570034878989569560
 136  -0.381383811204295940875529926514  -0.154575413535570034878989569560
 137  -0.289338744444317263683445270753  -0.154575413535570034878989569560
 138  -0.218783245568080993149863641236  -0.134005982870784984757637787515
 139  -0.127421801360838938596240403163  -0.132855610178626909661927088631
 140  -0.035376734600860261404155747403  -0.132855610178626909661927088631
 141   0.056668332159118415787928908357  -0.132855610178626909661927088631
 142   0.148713398919097092980013564118  -0.132855610178626909661927088631
 143   0.240758465679075770172098219878  -0.132855610178626909661927088631
 144   0.332803532439054447364182875638  -0.132855610178626909661927088631
 145   0.426733051048845805517295884248  -0.129284898381442382918427213862
 146  -0.427406344584285279471572254394  -0.128004291499844652946604151834
 147  -0.335361277824306602279487598633  -0.128004291499844652946604151834
 148  -0.264805778948070331745905969116  -0.107434860835059602825252369789
 149  -0.173444334740828277192282731044  -0.106284488142901527729541670905
 150  -0.081399267980849600000198075283  -0.106284488142901527729541670905
 151   0.010645798779129077191886580477  -0.106284488142901527729541670905
 152   0.102690865539107754383971236237  -0.106284488142901527729541670905
 153   0.194735932299086431576055891998  -0.106284488142901527729541670905
 154   0.286780999059065108768140547758  -0.106284488142901527729541670905
 155   0.380710517668856466921253556368  -0.102713776345717000986041796136
 156   0.473428877964274618067614582274  -0.101511884760164086380089297719
 157  -0.473428877964274618067614582274  -0.101433169464119271014218734108
 158  -0.381383811204295940875529926514  -0.101433169464119271014218734108
 159  -0.310828312328059670341948296996  -0.080863738799334220892866952062
 160  -0.219466868120817615788325058924  -0.079713366107176145797156253179
 161  -0.127421801360838938596240403163  -0.079713366107176145797156253179
 162  -0.035376734600860261404155747403  -0.079713366107176145797156253179
 163   0.056668332159118415787928908357  -0.079713366107176145797156253179
 164   0.148713398919097092980013564118  -0.079713366107176145797156253179
 165   0.240758465679075770172098219878  -0.079713366107176145797156253179
 166   0.332803532439054447364182875638  -0.079713366107176145797156253179
 167   0.426733051048845805517295884248  -0.076142654309991619053656378410
 168  -0.427406344584285279471572254394  -0.074862047428393889081833316382
 169  -0.356850845708049008937990624876  -0.054292616763608838960481534336
 170  -0.265489401500806954384367386804  -0.053142244071450763864770835453
 171  -0.173444334740828277192282731043  -0.053142244071450763864770835453
 172  -0.081399267980849600000198075283  -0.053142244071450763864770835453
 173   0.010645798779129077191886580477  -0.053142244071450763864770835453
 174   0.102690865539107754383971236237  -0.053142244071450763864770835453
 175   0.194735932299086431576055891998  -0.053142244071450763864770835453
 176   0.286780999059065108768140547758  -0.053142244071450763864770835453
 177   0.380710517668856466921253556368  -0.049571532274266237121270960683
 178   0.473428877964274618067614582274  -0.048369640688713322515318462267
 179  -0.473428877964274618067614582274  -0.048290925392668507149447898655
 180  -0.402873379088038347534032952756  -0.027721494727883457028096116610
 181  -0.311511934880796292980409714684  -0.026571122035725381932385417726
 182  -0.219466868120817615788325058924  -0.026571122035725381932385417726
 183  -0.127421801360838938596240403163  -0.026571122035725381932385417726
 184  -0.035376734600860261404155747403  -0.026571122035725381932385417726
 185   0.056668332159118415787928908357  -0.026571122035725381932385417726
 186   0.148713398919097092980013564118  -0.026571122035725381932385417726
 187   0.240758465679075770172098219878  -0.026571122035725381932385417726
 188   0.332803532439054447364182875638  -0.026571122035725381932385417726
 189   0.426733051048845805517295884248  -0.023000410238540855188885542957
 190  -0.448895912468027686130075280636  -0.001150372692158075095710698884
 191  -0.357534468260785631576452042564  -0.000000000000000000000000000000
 192  -0.265489401500806954384367386804  -0.000000000000000000000000000000
 193  -0.173444334740828277192282731043  -0.000000000000000000000000000000
 194  -0.081399267980849600000198075283  -0.000000000000000000000000000000
 195   0.010645798779129077191886580477  -0.000000000000000000000000000000
 196   0.102690865539107754383971236237  -0.000000000000000000000000000000
 197   0.194735932299086431576055891998  -0.000000000000000000000000000000
 198   0.286780999059065108768140547758  -0.000000000000000000000000000000
 199   0.380710517668856466921253556368   0.003570711797184526743499874769
 200   0.473428877964274618067614582274   0.004772603382737441349452373185
 201  -0.403557001640774970172494370444   0.026571122035725381932385417726
 202  -0.311511934880796292980409714684   0.026571122035725381932385417726
 203  -0.219466868120817615788325058924   0.026571122035725381932385417726
 204  -0.127421801360838938596240403163   0.026571122035725381932385417726
 205  -0.035376734600860261404155747403   0.026571122035725381932385417726
 206   0.056668332159118415787928908357   0.026571122035725381932385417726
 207   0.148713398919097092980013564118   0.026571122035725381932385417726
 208   0.240758465679075770172098219878   0.026571122035725381932385417726
 209   0.332803532439054447364182875638   0.026571122035725381932385417726
 210   0.426733051048845805517295884248   0.030141833832909908675885292495
 211  -0.473428877964274618067614582274   0.045990180008352356958026500887
 212  -0.357534468260785631576452042564   0.053142244071450763864770835452
 213  -0.265489401500806954384367386804   0.053142244071450763864770835452
 214  -0.173444334740828277192282731044   0.053142244071450763864770835452
 215  -0.081399267980849600000198075283   0.053142244071450763864770835452
 216   0.010645798779129077191886580477   0.053142244071450763864770835452
 217   0.102690865539107754383971236237   0.053142244071450763864770835452
 218   0.194735932299086431576055891998   0.053142244071450763864770835452
 219   0.286780999059065108768140547758   0.053142244071450763864770835452
 220   0.380710517668856466921253556368   0.056712955868635290608270710221
 221   0.473428877964274618067614582274   0.057914847454188205214223208637
 222  -0.428089967137021902110033672082   0.073711674736235813986122617497
 223  -0.311511934880796292980409714684   0.079713366107176145797156253178
 224  -0.219466868120817615788325058924   0.079713366107176145797156253178
 225  -0.127421801360838938596240403163   0.079713366107176145797156253178
 226  -0.035376734600860261404155747403   0.079713366107176145797156253178
 227   0.056668332159118415787928908357   0.079713366107176145797156253178
 228   0.148713398919097092980013564118   0.079713366107176145797156253178
 229   0.240758465679075770172098219878   0.079713366107176145797156253178
 230   0.332803532439054447364182875638   0.079713366107176145797156253178
 231   0.426733051048845805517295884248   0.083284077904360672540656127947
 232  -0.382067433757032563513991344202   0.100282796771961195918508035223
 233  -0.473428877964274618067614582274   0.101433169464119271014218734107
 234  -0.265489401500806954384367386804   0.106284488142901527729541670904
 235  -0.173444334740828277192282731043   0.106284488142901527729541670904
 236  -0.081399267980849600000198075283   0.106284488142901527729541670904
 237   0.010645798779129077191886580477   0.106284488142901527729541670904
 238   0.102690865539107754383971236237   0.106284488142901527729541670904
 239   0.194735932299086431576055891998   0.106284488142901527729541670904
 240   0.286780999059065108768140547758   0.106284488142901527729541670904
 241   0.380710517668856466921253556368   0.109855199940086054473041545673
 242   0.473428877964274618067614582274   0.111057091525638969078994044090
 243  -0.336044900377043224917949016322   0.126853918807686577850893452949
 244  -0.427406344584285279471572254394   0.128004291499844652946604151833
 245  -0.219466868120817615788325058924   0.132855610178626909661927088630
 246  -0.127421801360838938596240403163   0.132855610178626909661927088630
 247  -0.035376734600860261404155747403   0.132855610178626909661927088630
 248   0.056668332159118415787928908357   0.132855610178626909661927088630
 249   0.148713398919097092980013564118   0.132855610178626909661927088630
 250   0.240758465679075770172098219878   0.132855610178626909661927088630
 251   0.332803532439054447364182875638   0.132855610178626909661927088630
 252   0.426733051048845805517295884248   0.136426321975811436405426963400
 253  -0.290022366997053886321906688442   0.153425040843411959783278870676
 254  -0.473428877964274618067614582274   0.154575413535570034878989569560
 255  -0.381383811204295940875529926514   0.154575413535570034878989569560
 256  -0.173444334740828277192282731044   0.159426732214352291594312506357
 257  -0.081399267980849600000198075283   0.159426732214352291594312506357
 258   0.010645798779129077191886580477   0.159426732214352291594312506357
 259   0.102690865539107754383971236237   0.159426732214352291594312506357
 260   0.194735932299086431576055891998   0.159426732214352291594312506357
 261   0.286780999059065108768140547758   0.159426732214352291594312506357
 262   0.380710517668856466921253556368   0.162997444011536818337812381126
 263   0.473428877964274618067614582274   0.164199335597089732943764879542
 264  -0.243999833617064547725864360562   0.179996162879137341715664288402
 265  -0.427406344584285279471572254394   0.181146535571295416811374987286
 266  -0.335361277824306602279487598633   0.181146535571295416811374987286
 267  -0.127421801360838938596240403163   0.185997854250077673526697924083
 268  -0.035376734600860261404155747403   0.185997854250077673526697924083
 269   0.056668332159118415787928908357   0.185997854250077673526697924083
 270   0.148713398919097092980013564118   0.185997854250077673526697924083
 271   0.240758465679075770172098219878   0.185997854250077673526697924083
 272   0.332803532439054447364182875638   0.185997854250077673526697924083
 273   0.426733051048845805517295884248   0.189568566047262200270197798852
 274  -0.197977300237075209129822032681   0.206567284914862723648049706128
 275  -0.473428877964274618067614582274   0.207717657607020798743760405012
 276  -0.381383811204295940875529926514   0.207717657607020798743760405012
 277  -0.289338744444317263683445270753   0.207717657607020798743760405012
 278  -0.081399267980849600000198075283   0.212568976285803055459083341809
 279   0.010645798779129077191886580477   0.212568976285803055459083341809
 280   0.102690865539107754383971236237   0.212568976285803055459083341809
 281   0.194735932299086431576055891998   0.212568976285803055459083341809
 282   0.286780999059065108768140547758   0.212568976285803055459083341809
 283   0.380710517668856466921253556368   0.216139688082987582202583216578
 284   0.473428877964274618067614582274   0.217341579668540496808535714994
 285  -0.151954766857085870533779704801   0.233138406950588105580435123854
 286  -0.427406344584285279471572254394   0.234288779642746180676145822738
 287  -0.335361277824306602279487598633   0.234288779642746180676145822738
 288  -0.243316211064327925087402942873   0.234288779642746180676145822738
 289  -0.035376734600860261404155747403   0.239140098321528437391468759535
 290   0.056668332159118415787928908357   0.239140098321528437391468759535
 291   0.148713398919097092980013564118   0.239140098321528437391468759535
 292   0.240758465679075770172098219878   0.239140098321528437391468759535
 293   0.332803532439054447364182875638   0.239140098321528437391468759535
 294   0.426733051048845805517295884248   0.242710810118712964134968634305
 295  -0.105932233477096531937737376921   0.259709528986313487512820541580
 296  -0.473428877964274618067614582274   0.260859901678471562608531240464
 297  -0.381383811204295940875529926514   0.260859901678471562608531240464
 298  -0.289338744444317263683445270753   0.260859901678471562608531240464
 299  -0.197293677684338586491360614993   0.260859901678471562608531240464
 300   0.010645798779129077191886580477   0.265711220357253819323854177261
 301   0.102690865539107754383971236237   0.265711220357253819323854177261
 302   0.194735932299086431576055891998   0.265711220357253819323854177261
 303   0.286780999059065108768140547758   0.265711220357253819323854177261
 304   0.380710517668856466921253556368   0.269281932154438346067354052030
 305   0.473428877964274618067614582274   0.270483823739991260673306550447
 306  -0.059909700097107193341695049041   0.286280651022038869445205959306
 307  -0.427406344584285279471572254394   0.287431023714196944540916658190
 308  -0.335361277824306602279487598633   0.287431023714196944540916658190
 309  -0.243316211064327925087402942873   0.287431023714196944540916658191
 310  -0.151271144304349247895318287113   0.287431023714196944540916658191
 311   0.056668332159118415787928908357   0.292282342392979201256239594987
 312   0.148713398919097092980013564118   0.292282342392979201256239594987
 313   0.240758465679075770172098219878   0.292282342392979201256239594987
 314   0.332803532439054447364182875638   0.292282342392979201256239594987
 315   0.426733051048845805517295884248   0.295853054190163727999739469757
 316  -0.013887166717117854745652721161   0.312851773057764251377591377032
 317  -0.473428877964274618067614582274   0.314002145749922326473302075917
 318  -0.381383811204295940875529926514   0.314002145749922326473302075917
 319  -0.289338744444317263683445270753   0.314002145749922326473302075917
 320  -0.197293677684338586491360614993   0.314002145749922326473302075917
 321  -0.105248610924359909299275959233   0.314002145749922326473302075917
 322   0.102690865539107754383971236238   0.318853464428704583188625012714
 323   0.194735932299086431576055891998   0.318853464428704583188625012714
 324   0.286780999059065108768140547758   0.318853464428704583188625012714
 325   0.380710517668856466921253556368   0.322424176225889109932124887483
 326   0.472051362550871299032103964615   0.323608211324559989918276237557
 327   0.032135366662871483850389606719   0.339422895093489633309976794758
 328  -0.427406344584285279471572254394   0.340573267785647708405687493643
 329  -0.335361277824306602279487598633   0.340573267785647708405687493643
 330  -0.243316211064327925087402942873   0.340573267785647708405687493643
 331  -0.151271144304349247895318287113   0.340573267785647708405687493643
 332  -0.059226077544370570703233631353   0.340573267785647708405687493643
 333   0.148713398919097092980013564118   0.345424586464429965121010430440
 334   0.240758465679075770172098219878   0.345424586464429965121010430440
 335   0.332803532439054447364182875638   0.345424586464429965121010430440
 336   0.425283553325421707758887279549   0.352004792820104673174236537800
 337   0.078157900042860822446431934599   0.365994017129215015242362212484
 338  -0.473428877964274618067614582274   0.367144389821373090338072911369
 339  -0.381383811204295940875529926514   0.367144389821373090338072911369
 340  -0.289338744444317263683445270753   0.367144389821373090338072911369
 341  -0.197293677684338586491360614993   0.367144389821373090338072911369
 342  -0.105248610924359909299275959233   0.367144389821373090338072911369
 343  -0.013203544164381232107191303472   0.367144389821373090338072911369
 344   0.194735998701677088049693258584   0.371996882388845787918447504318
 345   0.288167449452454323536749809799   0.374264111435604348692301016689
 346   0.376675964617995538072168931159   0.375413047572893969787889246470
 347   0.473428877964274618067614582274   0.376732598909128719163245924667
 348   0.124180433422850161042474262479   0.392565139164940397174747630211
 349  -0.427406344584285279471572254394   0.393715511857098472270458329095
 350  -0.335361277824306602279487598633   0.393715511857098472270458329095
 351  -0.243316211064327925087402942873   0.393715511857098472270458329095
 352  -0.151271144304349247895318287113   0.393715511857098472270458329095
 353  -0.059226077544370570703233631353   0.393715511857098472270458329095
 354   0.032818989215608106488851024408   0.393715511857098472270458329095
 355   0.240907676591577359486573571197   0.398566621060907679419198953390
 356   0.342860915704201423397264903768   0.417910131620165919653174081128
 357   0.170201891369924244453678327406   0.419138123818067632059442821733
 358  -0.473428877964274618067614582274   0.420286633892823854202843746821
 359  -0.381383811204295940875529926514   0.420286633892823854202843746821
 360  -0.289338744444317263683445270753   0.420286633892823854202843746821
 361  -0.197293677684338586491360614993   0.420286633892823854202843746821
 362  -0.105248610924359909299275959233   0.420286633892823854202843746821
 363  -0.013203544164381232107191303472   0.420286633892823854202843746822
 364   0.078841522595597445084893352288   0.420286633892823854202843746822
 365   0.398239958531691376533305251895   0.423983535231962544301664054026
 366   0.451370874673587085942869217778   0.425080738436701668615430253470
 367   0.288133377163398474684747598224   0.427406344584285279471572254394
 368   0.216260103586191213440376177685   0.445647352256310794185463628132
 369  -0.427406344584285279471572254394   0.446857755928549236135229164548
 370  -0.335361277824306602279487598633   0.446857755928549236135229164548
 371  -0.243316211064327925087402942873   0.446857755928549236135229164548
 372  -0.151271144304349247895318287113   0.446857755928549236135229164548
 373  -0.059226077544370570703233631353   0.446857755928549236135229164548
 374   0.032818989215608106488851024408   0.446857755928549236135229164548
 375   0.124899658196818714725778388759   0.446919516412378320196795036500
 376   0.367495566545973855409988381386   0.467329590027966668281296180754
 377   0.170957857492653870686556746057   0.473428767299092825832093952600
 378  -0.473428877964274618067614582274   0.473428877964274618067614582274
 379  -0.381383811204295940875529926514   0.473428877964274618067614582274
 380  -0.289338744444317263683445270753   0.473428877964274618067614582274
 381  -0.197293677684338586491360614993   0.473428877964274618067614582274
 382  -0.105248610924359909299275959233   0.473428877964274618067614582274
 383  -0.013203544164381232107191303472   0.473428877964274618067614582274
 384   0.078841522595597445084893352288   0.473428877964274618067614582274
 385   0.261562255127673092752362180498   0.473428877964274618067614582274
 386   0.314704499199123856617133015950   0.473428877964274618067614582274
 387   0.420286633892823854202843746822   0.473428877964274618067614582274
 388   0.473428877964274618067614582274   0.473428877964274618067614582274
