   1  -0.470124399356985366022340261952  -0.470124399356985366022340261952
   2  -0.366632282916307832777254798325  -0.470124399356985366022340261952
   3  -0.263140166230809172124145539887  -0.470124399356985366022340261952
   4  -0.159648048966274001743462564231  -0.470124399356985366022340261952
   5  -0.056155930408422882188967535838  -0.470124399356985366022340261952
   6   0.054765154705192587169108588753  -0.470124399356985366022340261952
   7   0.159633955364246776817443429485  -0.470124399356985366022340261952
   8   0.263140164799610625869797491317  -0.470124399356985366022340261952
   9   0.366632282916307829058097891143  -0.470124399356985366022340261952
  10   0.470124399356985366022340261952  -0.470124399356985366022340261952
  11  -0.000695387851615147509929473542  -0.447890769999003709127596849184
  12   0.107245926159850339540383137738  -0.441389395420968728757061949795
  13   0.211387060039080595839007741688  -0.440261006730599868443292873845
  14  -0.107901989687348441966215050034  -0.440248800547496917188260387625
  15   0.314886224062205263139099129656  -0.440248799811681859469745880453
  16  -0.211394107598541586933804052059  -0.440248799427452386425471167890
  17  -0.314886224594588006986085262471  -0.440248798889567878260704318935
  18   0.418378341136646597608093488564  -0.440248798713970735308083529118
  19  -0.418378341136646599453926612144  -0.440248798713970732111006776784
  20  -0.047680546972358628654547715450  -0.410977345916131075803993403127
  21   0.056165409207208723344377632423  -0.410389607631784137299952209082
  22   0.159648050994865530689258093043  -0.410373199733573761212691504976
  23   0.263140166475630313473144477673  -0.410373198070956121573175748223
  24  -0.159648049734428742699956898062  -0.410373198070956103004676375652
  25  -0.263140166475630300191434222663  -0.410373198070956098568578775136
  26  -0.470124399356985366022340261952  -0.410373198070956098067020785856
  27  -0.366632282916307832962099922245  -0.410373198070956098067020785856
  28   0.366632282916307832962099922245  -0.410373198070956098067020785856
  29   0.470124399356985366022340261952  -0.410373198070956098067020785856
  30   0.004080931716757578332817255654  -0.381103153634926426948614553842
  31  -0.099426619046934266915909592399  -0.381101745273111607676525443393
  32   0.107901991814614053731942751702  -0.380497600753176774210700099467
  33  -0.211394108105029520165104503332  -0.380497597688202907925466892410
  34   0.211394108255291533371739412684  -0.380497597427941511101670972542
  35  -0.418378341136646599492220092098  -0.380497597427941464089361047808
  36  -0.314886224695969066431979752391  -0.380497597427941464089361047808
  37   0.314886224695969066431979752391  -0.380497597427941464089361047808
  38   0.418378341136646599492220092098  -0.380497597427941464089361047808
  39  -0.047680560826591782072167021875  -0.351226144630103414006978179709
  40  -0.151172676429151319380645433262  -0.351226143178427629035765425079
  41   0.056146463183938229415116644325  -0.350638409349475288873354311807
  42   0.159648049075040056414424071350  -0.350621998447544524099679567024
  43   0.263140166475630286330574687402  -0.350621996784926853617856272127
  44  -0.263140166475630299612284942413  -0.350621996784926830613259299040
  45  -0.470124399356985366022340261952  -0.350621996784926830111701309760
  46  -0.366632282916307832962099922245  -0.350621996784926830111701309760
  47   0.366632282916307832962099922245  -0.350621996784926830111701309760
  48   0.470124399356985366022340261952  -0.350621996784926830111701309760
  49   0.004065497393750702771575547818  -0.321350543987095220337430914586
  50  -0.099426618208808834536902862738  -0.321350542535419435366218161395
  51  -0.202918736616082511203028286276  -0.321350542535406587113117797164
  52   0.107901990647570778443432707740  -0.320746398163290462607448276668
  53   0.211394108255291515114959214470  -0.320746396141912227755712457637
  54  -0.418378341136646599492220092098  -0.320746396141912196134041571712
  55   0.314886224695969066431979752391  -0.320746396141912196134041571712
  56   0.418378341136646599492220092098  -0.320746396141912196134041571712
  57  -0.314886224695969038888938377201  -0.320746396141912149430406792018
  58  -0.047680559988466349693160293045  -0.291474941892411241696670896272
  59  -0.151172678395740026359285716576  -0.291474941892398393443570532054
  60  -0.254664794986681629852043653375  -0.291474941632130747782013080096
  61   0.056146461264663881488640453026  -0.290887208063446051742637047265
  62   0.159648049075040029271854940420  -0.290870797161515256144360090928
  63   0.263140166475630286330574687402  -0.290870795498897585662536796031
  64  -0.470124399356985366022340261952  -0.290870795498897562156381833664
  65  -0.366632282916307832962099922245  -0.290870795498897562156381833664
  66   0.366632282916307832962099922245  -0.290870795498897562156381833664
  67   0.470124399356985366022340261952  -0.290870795498897562156381833664
  68  -0.099426620175397541515543146052  -0.261599341249390199774023268370
  69  -0.202918736616080987224166145782  -0.261599341249377319157798321087
  70  -0.306410853207020361160400362015  -0.261599340989116052798469495053
  71   0.004065497248578035320351700371  -0.261599339546280844861479401968
  72   0.107901990649689255750679731238  -0.260995196873591837250535710658
  73   0.211394108255291515142707077808  -0.260995194855882959752332272437
  74   0.314886224695969057119493730491  -0.260995194855882928178722095616
  75   0.418378341136646599492220092098  -0.260995194855882928178722095616
  76  -0.418378341136646571018917535646  -0.260995194855882878861515408559
  77  -0.047680561955055056671800576359  -0.231723740606382006104476003247
  78  -0.151172678395738502380423576081  -0.231723740606369125488251055978
  79  -0.254664794986680049952523633869  -0.231723740346101479826693604021
  80  -0.358156911427359162666961585886  -0.231723740346101479401782730501
  81   0.056146461264665405467502593520  -0.231136006777416783787317571188
  82   0.159648049075040029271854942479  -0.231119595875485988189040614832
  83   0.263140166475630277018084422015  -0.231119594212868317707217319935
  84  -0.470124399356985366022340261952  -0.231119594212868294201062357568
  85   0.366632282916307823650154611607  -0.231119594212868294201062357568
  86   0.470124399356985366022340261952  -0.231119594212868294201062357568
  87  -0.099426620175396017536681005557  -0.201848139963360931818703792293
  88  -0.202918736616079397849252673796  -0.201848139963348051202478845012
  89  -0.306410853207018780711200217237  -0.201848139703086780741410538367
  90  -0.409902969647697889477763328227  -0.201848139703086776628245433995
  91   0.004065497248579559299213840865  -0.201848138260251576906159925891
  92   0.107901990652040297910580766668  -0.201243995583490444759368019594
  93   0.211394108255278729909710569365  -0.201243993569853686473853787765
  94   0.314886224695969043552896336631  -0.201243993569853660223402619520
  95   0.418378341136646599492220092098  -0.201243993569853660223402619520
  96  -0.047680561955053532692938435864  -0.171972539320352738149156527171
  97  -0.151172678395736780999286007113  -0.171972539320339857532931579906
  98  -0.254664794986672471843661283918  -0.171972539060072211871374128405
  99  -0.358156911427357595078800511370  -0.171972539060072211446463254425
 100  -0.461649027868036695727201925593  -0.171972539060072211446463254405
 101   0.056146461264667126848640162488  -0.171384805491387515831998095117
 102   0.159648049075027224105956024874  -0.171368394589456720233721140108
 103   0.263140166475624754286376208718  -0.171368392926839049751897844094
 104   0.366632282916307832962099922245  -0.171368392926839026245742881472
 105   0.470124399356985366022340261952  -0.171368392926839026245742881472
 106  -0.099426620175394296155543436590  -0.142096938677331663863384316222
 107  -0.202918736616071829215783776326  -0.142096938677318783247159369395
 108  -0.306410853207011200782817833800  -0.142096938417057512784255495093
 109  -0.409902969647696345001523455213  -0.142096938417057500287783734993
 110   0.004065497248581280680351409833  -0.142096936974222308950840449820
 111   0.107901990682493313118925628898  -0.141492794244691367443407539181
 112   0.211394108255285601691742094506  -0.141492792283824418185167392290
 113   0.314886224695969066431979752391  -0.141492792283824392268083143424
 114   0.418378341136646599492220092098  -0.141492792283824392268083143424
 115  -0.470124399356985366022340261952  -0.112825483907276128691864151242
 116  -0.047680561955051811311800866897  -0.112221338034323470193837051099
 117  -0.151172678395729344372041206632  -0.112221338034310589577612104273
 118  -0.254664794986667278254772855728  -0.112221337774042943916054652535
 119  -0.358156911427350004658579216430  -0.112221337774042943491143778812
 120   0.056146461264675763661187227617  -0.111633604205358247876678619645
 121   0.159648049075034096611516227043  -0.111617193303427452278401664407
 122   0.263140166475630286330574687107  -0.111617191640809781796578368254
 123   0.366632282916307832962099922245  -0.111617191640809758290423405376
 124   0.470124399356985366022340261952  -0.111617191640809758290423405376
 125  -0.418378341136646528074364324385  -0.082949883264261618413559170501
 126  -0.099426620175386859528298636109  -0.082345737391302395908064840588
 127  -0.202918736616066635626895348132  -0.082345737391289515291839893525
 128  -0.306410853207005988183438202028  -0.082345737131028211901799377778
 129   0.004065497248589063065444170438  -0.082345735688193040995520974231
 130   0.107901990682504091331445078984  -0.081741592958655681284249833752
 131   0.211394108255291518472441859523  -0.081741590997795150119104026489
 132   0.314886224695969066431979752391  -0.081741590997795124312763667328
 133   0.418378341136646599492220092098  -0.081741590997795124312763667328
 134  -0.366632282916307133207591163107  -0.053074282621248072746906671400
 135  -0.470124399356985366022340261952  -0.053074282621246860736544675146
 136  -0.047680561955044107887432908329  -0.052470136748294202238517575500
 137  -0.151172678395721907744796404491  -0.052470136748281321622292628640
 138  -0.254664794986657598589171681344  -0.052470136488013675960735177223
 139   0.056146461264682830555609989112  -0.051882402919328979921359143967
 140   0.159648049075040029271855188361  -0.051865992017398184323082188606
 141   0.263140166475630286330574687107  -0.051865990354780513841258892158
 142   0.366632282916307832962099922245  -0.051865990354780490335103929280
 143   0.470124399356985366022340261952  -0.051865990354780490335103929280
 144  -0.314886224695968017584295896540  -0.023198681978234043416362776406
 145  -0.418378341136646535935767492517  -0.023198681978232336841889988417
 146  -0.099426620175379414478053825429  -0.022594536105273127952745364956
 147  -0.202918736616056955961294173751  -0.022594536105260247336520418213
 148   0.004065497248596256163457172813  -0.022594534402163773040201498567
 149   0.107901990682510767092826277777  -0.021990391672626239374668437483
 150   0.211394108255291518563230416561  -0.021990389711765882006534156858
 151   0.314886224695969066431979752391  -0.021990389711765856357444191232
 152   0.418378341136646599492220092098  -0.021990389711765856357444191232
 153  -0.263140166475628463488615850459   0.006676918664779226457732964545
 154  -0.366632282916307133207591163108   0.006676918664781195208412804696
 155  -0.470124399356985366022340261952   0.006676918664782407218774800950
 156  -0.047680561955036879315721630250   0.007281064537735065716801900159
 157  -0.151172678395714471117551604107   0.007281064537747946333026846993
 158   0.056146461264689436730374565485   0.007868798366700288033960331764
 159   0.159648049075040029271855195097   0.007885209268631083632237287490
 160   0.263140166475630286330574687107   0.007885210931248754114060583938
 161   0.366632282916307832962099922245   0.007885210931248777620215546816
 162   0.470124399356985366022340261952   0.007885210931248777620215546816
 163  -0.211394108105027820860738342867   0.036552519047532655081947723556
 164  -0.314886224695968017584295896541   0.036552519307795224538956699690
 165  -0.418378341136646544598461457256   0.036552519307796946117655565028
 166  -0.099426620175371986273809033583   0.037156665180756140002574110678
 167   0.004065497248603590562085812840   0.037156666883865494915117977078
 168   0.107901990682510767092826284513   0.037760809613403028580651038613
 169   0.211394108255291518708874826833   0.037760811574263386201048837667
 170   0.314886224695969066431979752391   0.037760811574263411597875284864
 171   0.418378341136646599492220092098   0.037760811574263411597875284864
 172  -0.159648049884685336016995773222   0.066428119690540848751494988762
 173  -0.263140166475628463488615850460   0.066428119950808494413052440641
 174  -0.366632282916307133207591163108   0.066428119950810463163732280792
 175  -0.470124399356985366022340261952   0.066428119950811675174094277046
 176  -0.047680561955029501430066463889   0.067032265823764333672121375799
 177   0.056146461264689436730374572222   0.067619999652729555989279807860
 178   0.159648049075040029271855205904   0.067636410554660351587556763587
 179   0.263140166475630286330574687107   0.067636412217278022069380060034
 180   0.366632282916307832962099922245   0.067636412217278045575535022912
 181   0.470124399356985366022340261952   0.067636412217278045575535022913
 182  -0.107901991664342851173253202698   0.096303720333549042421042252447
 183  -0.211394108105027820860738342867   0.096303720333561923037267199652
 184  -0.314886224695968017584295896541   0.096303720593824492494276175786
 185  -0.418378341136646553680953557279   0.096303720593826229804312817706
 186   0.004065497248603590562085819577   0.096907868169894762870437453175
 187   0.107901990682510767092826295320   0.097512010899432296535970514709
 188   0.211394108255291518711515069924   0.097512012860292654160941348942
 189   0.314886224695969066431979752391   0.097512012860292679553194760960
 190   0.418378341136646599492220092098   0.097512012860292679553194760961
 191  -0.159648049884685336016995773222   0.126179320976570116706814464858
 192  -0.263140166475628463488615850460   0.126179321236837762368371916738
 193  -0.366632282916307133207591163108   0.126179321236839731119051756888
 194  -0.470124399356985338764777487298   0.126179321236840943129413753142
 195  -0.047680561955029501430066457153   0.126783467109793601627440851896
 196   0.056146461264689436730374583029   0.127371200938758823944599283956
 197   0.159648049075040029271855206100   0.127387611840689619542876239683
 198   0.263140166475630286330574687107   0.127387613503307290024699536130
 199   0.366632282916307832962099922245   0.127387613503307313530854499008
 200   0.470124399356985366022340261952   0.127387613503307313530854499009
 201  -0.100057978420869590421797219435   0.155537811120525774242108652436
 202  -0.211394108105027820860738342867   0.156054921619591190992586675748
 203  -0.314886224695968017584295896543   0.156054921879853760449595651885
 204  -0.418378341136646387285632303790   0.156054921879855521704332640681
 205   0.004065497248603590562085830384   0.156659069455924030825756929271
 206   0.107901990682510767092826295516   0.157263212185461564491289990805
 207   0.211394108255291518711515069924   0.157263214146321922116260825038
 208   0.314886224695969064254100857733   0.157263214146321947508514237056
 209   0.418378341136646599492220092098   0.157263214146321947508514237057
 210  -0.151804036641212075265539778256   0.185413411763546848527880863298
 211  -0.263140166475628463488615850460   0.185930522522867030323691392834
 212  -0.366632282916306869450163825794   0.185930522522868999074371232984
 213  -0.470124399356985366022340261952   0.185930522522870211084733229238
 214  -0.047680561955029501430066446345   0.186534668395822869582760327992
 215   0.056146461264689436730374583225   0.187122402224788091899918760052
 216   0.159648049075040029271855206100   0.187138813126718887498195715779
 217   0.263140166475630284152695792448   0.187138814789336557980019012226
 218   0.366632282916307832962099922245   0.187138814789336581486173975104
 219   0.470124399356985366022340261952   0.187138814789336581486173975105
 220  -0.100057978420869590421797208628   0.215289012406555042197428128532
 221  -0.203550094861554560109282347689   0.215289012406567922813653074159
 222  -0.314886224695967753826868559225   0.215806123165883028404915127984
 223  -0.418378341136646570725427767849   0.215806123165884795236847090904
 224   0.004065497248603590562085830580   0.216410270741953298781076405367
 225   0.107901990682510767092826295516   0.217014413471490832446609466901
 226   0.211394107910910527606267230523   0.217014415432351192389989301585
 227   0.314886224695969066431979752391   0.217014415432351215463833713152
 228   0.418378341136646599492220092098   0.217014415432351215463833713153
 229  -0.151804036641212075265539778061   0.245164613049576116483200339394
 230  -0.255543335387982456427476510922   0.245196821652721265133380950860
 231  -0.366632282916307133207591163109   0.245681723808898267029690709079
 232  -0.470124399356985353126803639508   0.245681723808899479040052705334
 233  -0.047680561955029501430066446150   0.246285869681852137538079804088
 234   0.056146461264689436730374583225   0.246873603510817359855238236148
 235   0.159648048730659036255091309733   0.246890014412748154461081016506
 236   0.263140166475630286330574687107   0.246890016075365825935338488322
 237   0.366632282916307832962099922245   0.246890016075365849441493451200
 238   0.470124399356985366022340261952   0.246890016075365849441493451201
 239  -0.203778443327956265218890513827   0.275039777356495364174617230259
 240  -0.100057978420869590421797208432   0.275040213692584310152747604629
 241  -0.307289393608320525753653651404   0.275072422295737106703693253103
 242  -0.418378341136645329305660015200   0.275557324451914083669704794120
 243   0.004065497248603590562085830580   0.276161472027982566736395881463
 244   0.211394108255291519798280421555   0.276765616718380459909232582161
 245   0.314886224695969066431979752391   0.276765616718380483419153189249
 246   0.418378341136646599492220092098   0.276765616718380483419153189249
 247   0.107553535534033593609214507408   0.277333882339767606857766668736
 248  -0.152032385107613780375147944198   0.304915377999503557844164495494
 249  -0.255543335387981062019590452195   0.304948022938750533088700426939
 250  -0.359035451828659009474370891286   0.304948022938752230521607724074
 251  -0.470124399356985366022340261952   0.305432925094928746995372181430
 252  -0.047680561955029501430066446150   0.306037070967881405493399280184
 253   0.055470017415210060299262056245   0.306620975660913527641233873998
 254   0.159648049075040028125891098982   0.306641215698777421423966323838
 255   0.263140166475630286330574687107   0.306641217361395093890657964418
 256   0.366632282916307832962099922245   0.306641217361395117396812927296
 257   0.470124399356985366022340261952   0.306641217361395117396812927297
 258  -0.100286326887271295531405374570   0.334790978642511751513711760728
 259  -0.203778443327948828591645713475   0.334790978642524632129936705892
 260  -0.418378341136646599492220092098   0.335308525737943380973031919478
 261   0.418378341136646599492220092098   0.336516818004409751374472665345
 262  -0.309431014345903760189232237677   0.338883424508528866598575218058
 263   0.008420443358024460868313523851   0.345405801727373751173782558074
 264   0.308277943063192142468980564673   0.348334301337920543611457667767
 265   0.129866392009446945799464691259   0.358441398686398182160299664234
 266   0.191012832620957580205194799900   0.359271943276936057073830091988
 267  -0.366119492909417334922667791158   0.364277799755201776821336903719
 268   0.070420260383681425232529372258   0.364471613430148692359214459184
 269  -0.152032385107606343747903143847   0.364666579285532825799483971127
 270  -0.255505647121444006929557332726   0.364699212338779643108965389883
 271   0.250511024430391634944612040699   0.365042508668392501225347418219
 272  -0.470124399356985366022340261952   0.365184126380958014950691657526
 273  -0.049192688772813990355274641572   0.365769135452632998580978106648
 274   0.366632282916307832962099922245   0.366392418647424385352132403393
 275   0.470124399356985366022340261952   0.366392418647424385352132403393
 276   0.159741992652461579777124429307   0.410187456906736948690419834087
 277   0.411608396054537521661724588483   0.411895842537540302035708759462
 278  -0.212592461841366855282659036585   0.414070757767476026222641686408
 279  -0.086965254273130419639794002000   0.414452353134935738344116955646
 280   0.038800382162210621698998327928   0.415170620879830998927143032993
 281  -0.400996819520878860154511925361   0.415415347448263216532554200510
 282   0.219215412062303711712627586162   0.415942319096624626956225711304
 283   0.100295861026696059210189110306   0.416217671650487458889334629038
 284   0.278943747125008781005102810236   0.417595209220263179962863892908
 285  -0.020864654382466031187450289455   0.418378341136646599492220092098
 286  -0.341116870355296224414326232139   0.418546344240379744428194009943
 287   0.338673427496824373548700580224   0.419198748369873436048317041633
 288  -0.278983401858439707839795279544   0.419644649707437120850454314152
 289  -0.148877453802624749996396841615   0.424334430458374912510255754017
 290  -0.470124399356985366022340261952   0.424935327666987282906011133622
 291   0.470124399356985366022340261952   0.426143619933453653307451879489
 292   0.188004849867631920242399108108   0.466894324578412187034513254852
 293   0.068675982805225255676658065976   0.466916679100169765457263202846
 294  -0.431032790859511135932065037012   0.470124399356985366022340261952
 295  -0.371281589573481867976745560916   0.470124399356985366022340261952
 296  -0.310952151137110580851906903361   0.470124399356985366022340261952
 297  -0.247014652579768834827683655726   0.470124399356985366022340261952
 298  -0.187263451293739566872364179630   0.470124399356985366022340261952
 299  -0.110491456311509933120429503599   0.470124399356985366022340261952
 300  -0.050740255025480665165110027503   0.470124399356985366022340261952
 301   0.009010946260548602790209448593   0.470124399356985366022340261952
 302   0.128341019349901908563106683360   0.470124399356985366022340261952
 303   0.247668680385361931921691532857   0.470124399356985366022340261952
 304   0.307419881671391199877011008953   0.470124399356985366022340261952
 305   0.369926973322257547220390151494   0.470124399356985366022340261952
 306   0.429678174608286815175709627590   0.470124399356985366022340261952
