   1  -0.473628126500588120280066289608  -0.473628126500588120280066289608
   2  -0.420884379501764360840198868824  -0.473628126500588120280066289608
   3  -0.368140632502940601400331448040  -0.473628126500588120280066289608
   4  -0.315396885504116841960464027256  -0.473628126500588120280066289608
   5  -0.262653138505293082520596606472  -0.473628126500588120280066289608
   6  -0.209909391506469323080729185687  -0.473628126500588120280066289608
   7  -0.157165644507645563640861764903  -0.473628126500588120280066289608
   8  -0.104421897508821804200994344119  -0.473628126500588120280066289608
   9  -0.037533380184492157518477705881  -0.473628126500588120280066289608
  10   0.015210366814331601921389714903  -0.473628126500588120280066289608
  11   0.070321733028549484952285178049  -0.473628126500588120280066289608
  12   0.123069430816476582326400011749  -0.473628126500588120280066289608
  13   0.176426726961386298335579319485  -0.473628126500588120280066289608
  14   0.229210158387730870594856441479  -0.473628126500588120280066289608
  15   0.281953905386554630034723862263  -0.473628126500588120280066289608
  16   0.334697652385378389474591283047  -0.473628126500588120280066289608
  17   0.420884379501764360840198868824  -0.473628126500588120280066289608
  18   0.473628126500588120280066289608  -0.473628126500588120280066289608
  19   0.377791015943571375157395075936  -0.443216535540604867420566786178
  20  -0.070977638846656980859736025000  -0.432843516535380122574557100972
  21   0.042766049921440543436837446476  -0.428654943647063940989555370479
  22   0.149748078888931440330989665617  -0.428129197013159176810360655963
  23   0.202818442674558584465217880482  -0.427962163364013135965811737491
  24   0.096695581922513033639342594899  -0.427951842260357851407227058310
  25  -0.447256253001176240560132579216  -0.427950701708827499964174557114
  26  -0.394512506002352481120265158432  -0.427950701708827499964174557114
  27  -0.341768759003528721680397737648  -0.427950701708827499964174557114
  28  -0.289025012004704962240530316864  -0.427950701708827499964174557114
  29  -0.236281265005881202800662896079  -0.427950701708827499964174557114
  30  -0.183537518007057443360795475295  -0.427950701708827499964174557114
  31  -0.130793771008233683920928054511  -0.427950701708827499964174557114
  32  -0.011161506685080277798543995489  -0.427950701708827499964174557114
  33   0.255582031887142750314790151871  -0.427950701708827499964174557114
  34   0.308325778885966509754657572655  -0.427950701708827499964174557114
  35   0.449574963839260087617644744787  -0.426688290396660091289136219062
  36   0.405211760529490054559639332156  -0.398160951937351632429215642170
  37   0.351419142444159495437461365544  -0.397539110748844247104675053684
  38  -0.097349512346068860579669735392  -0.387166091743619502258665368478
  39  -0.044605765347245101139802314608  -0.387166091743619502258665368478
  40   0.069139898815404092123894863326  -0.382978659406833672116716139182
  41   0.016394176422028663716903736084  -0.382977518855303320673663637985
  42   0.176139794602103726460628226614  -0.382463233876584192496106103847
  43   0.123374229994967891643932248767  -0.382452912772928907937521424666
  44   0.229190316173970464185151590874  -0.382284738572252515649920004997
  45  -0.473628126500588120280066289608  -0.382273276917066879648282824620
  46  -0.420884379501764360840198868824  -0.382273276917066879648282824620
  47  -0.368140632502940601400331448040  -0.382273276917066879648282824620
  48  -0.315396885504116841960464027256  -0.382273276917066879648282824620
  49  -0.262653138505293082520596606472  -0.382273276917066879648282824620
  50  -0.209909391506469323080729185687  -0.382273276917066879648282824620
  51  -0.157165644507645563640861764903  -0.382273276917066879648282824620
  52   0.281953905386554630033308374140  -0.382273276917066879647465592171
  53   0.473628126500588120280066289608  -0.379748454292732062298206148516
  54   0.426013314024226070346168112214  -0.349692423801234623048451637074
  55   0.373269803725761946908084199164  -0.349534408385090237011581892446
  56   0.320619273637664577613594606417  -0.346399997927239518110383915404
  57  -0.017050082240136159624354583035  -0.342192908890095322968154449349
  58  -0.123721385845480740299603445784  -0.341488666951858881942773635984
  59  -0.070977638846656980859736025000  -0.341488666951858881942773635984
  60   0.095818546887858950128484517194  -0.337479729919404728647010505537
  61   0.042768025315992212403961152934  -0.337301234615073051800824406688
  62   0.149765945708140177773570809764  -0.336786949636353923623266872549
  63   0.202511668101515606180561937006  -0.336785809084823572180214371352
  64   0.255562189673382343903669813143  -0.336607313780491895333211040054
  65  -0.447256253001176240560132579216  -0.336595852125306259332391092126
  66  -0.394512506002352481120265158432  -0.336595852125306259332391092126
  67  -0.341768759003528721680397737648  -0.336595852125306259332391092126
  68  -0.289025012004704962240530316864  -0.336595852125306259332391092126
  69  -0.236281265005881202800662896080  -0.336595852125306259332391092126
  70  -0.183537518007057443360795475295  -0.336595852125306259332391092126
  71   0.473628126500588120280066289608  -0.327004707293908302858338727732
  72   0.349659017764099598309047577939  -0.302370506577155617240782937820
  73   0.402541528535197584816460212449  -0.302039346819666534317630923570
  74   0.294227557924492291483956045420  -0.300734034790664533796129363287
  75   0.009323766653827389062702833815  -0.296516624649865054095315218052
  76  -0.043421955739548039344288293427  -0.296515484098334702652262716855
  77  -0.150093259344892620019537156176  -0.295811242160098261626881903490
  78  -0.097349512346068860579669735392  -0.295811242160098261626881903490
  79   0.122210262601031236258123078191  -0.291813766782829744332755953420
  80   0.069446673388447070408550806802  -0.291802305127644108331118773043
  81   0.176137819207552057493504520156  -0.291109524844593303307375140055
  82   0.228883541600927485899080159274  -0.291108384293062951863505406409
  83  -0.473628126500588120280066289608  -0.290918427333545639016499359632
  84  -0.420884379501764360840198868824  -0.290918427333545639016499359632
  85  -0.368140632502940601400331448040  -0.290918427333545639016499359632
  86  -0.315396885504116841960464027256  -0.290918427333545639016499359632
  87  -0.262653138505293082520596606472  -0.290918427333545639016499359632
  88  -0.209909391506469323080729185687  -0.290918427333545639016499359632
  89   0.473628126500588120280066289608  -0.274260960295084543418471306948
  90   0.372341654224046132347399862096  -0.254753273869848544067875473190
  91   0.266854802083443614907927100337  -0.254501196134931503805168709866
  92   0.319598548474696752169212561053  -0.254493190443081884056527701999
  93   0.425074066031656593029810072601  -0.253659842377474560205769001536
  94   0.036002414726282247067292487683  -0.251017695162436110625609584407
  95  -0.017048106845584490657230876577  -0.250839199858104433779423485558
  96  -0.069793829238959919064222003819  -0.250838059306574082336370984361
  97  -0.176465132844304499739470866569  -0.250133817368337641310990170995
  98  -0.123721385845480740299603445784  -0.250133817368337641310990170996
  99   0.095838389101619356538189367799  -0.246136341991069124016864220926
 100   0.148582136100443115978056788583  -0.246136341991069124016864220926
 101   0.202509692706963937212022742425  -0.245432100052832682990666175111
 102  -0.447256253001176240560132579216  -0.245241002541785018700607627137
 103  -0.394512506002352481120265158432  -0.245241002541785018700607627137
 104  -0.341768759003528721680397737648  -0.245241002541785018700607627137
 105  -0.289025012004704962240530316864  -0.245241002541785018700607627137
 106  -0.236281265005881202800662896079  -0.245241002541785018700607627137
 107   0.467192187729131376224651795752  -0.221911351513299075456678898738
 108   0.240475995147729789101648335576  -0.208819769801232645719927947949
 109   0.293219742146553542806275320071  -0.208819769023417667014725530051
 110   0.345963488537806680067560780786  -0.208811763331568047266084522183
 111   0.398700728083221634319817073130  -0.207983263117053023532191362320
 112   0.062394130439454533196931048680  -0.205351732025861126311355032290
 113   0.009630541226870367347358777291  -0.205340270370675490309717851913
 114  -0.043419980344996370377164586969  -0.205161775066343813463531753063
 115  -0.096165702738371798784155714211  -0.205160634514813462020479251867
 116  -0.202837006343716379459404576961  -0.204456392576577020995098438501
 117  -0.150093259344892620019537156176  -0.204456392576577020995098438501
 118   0.122210262601031236258123078191  -0.200458917199308503700972488432
 119   0.174954009599854995697990498975  -0.200458917199308503699287967085
 120  -0.473628126500588120280066289608  -0.199563577750024398384715894643
 121  -0.420884379501764360840198868824  -0.199563577750024398384715894643
 122  -0.368140632502940601400331448040  -0.199563577750024398384715894643
 123  -0.315396885504116841960464027256  -0.199563577750024398384715894643
 124  -0.262653138505293082520596606472  -0.199563577750024398384715894643
 125   0.473628126500588120280066289608  -0.169561742731513607494886490529
 126   0.209917081694144336152365445728  -0.160968583733946928915374161050
 127   0.262660828692968095592232866512  -0.160968583733946920766665618955
 128   0.315404576438992574612775831405  -0.160968583302550190333578895309
 129   0.368156011383724552671155669991  -0.160964142939229374354368053478
 130   0.421668166849513935037203854012  -0.160502744964946217247731723823
 131   0.036022256940042653476997338288  -0.159674307234100505995463299796
 132   0.088766003938866412916864759072  -0.159674307234100505995463299796
 133  -0.016741332272541512372574933101  -0.159662845578914869993826119419
 134  -0.069791853844408250097098297361  -0.159484350274583193147640020569
 135  -0.122537576237783678504089424603  -0.159483209723052841704587519373
 136  -0.229208879843128259179338287353  -0.158778967784816400679206706007
 137  -0.176465132844304499739470866569  -0.158778967784816400679206706007
 138   0.148582136100443115976597950303  -0.154781492407547883384238495265
 139  -0.447256253001176240560132579216  -0.153886152958263778068824162149
 140  -0.394512506002352481120265158432  -0.153886152958263778068824162149
 141  -0.341768759003528721680397737648  -0.153886152958263778068824162149
 142  -0.289025012004704962240530316864  -0.153886152958263778068824162149
 143   0.455493468873724879673127262422  -0.120033598810785251278876222061
 144   0.236288955193556055054912839353  -0.115291158942186215751521148199
 145   0.289032702192379814494780260137  -0.115291158942186207602812606103
 146   0.183545208194732295615045418569  -0.115291158942186166220699779955
 147   0.341776449191203566877771207924  -0.115291158079392944655430313495
 148   0.394520195442744456755677269408  -0.115282279509876461128705493688
 149   0.009650383440630773757063627896  -0.113996882442339885679571567302
 150   0.062394130439454533196931048680  -0.113996882442339885679571567302
 151   0.115137877438278292636798469464  -0.113996882442339885677533027816
 152  -0.043113205771953392092508643493  -0.113985420787154249677934386925
 153  -0.096163727343820129817032007753  -0.113806925482822572831748288075
 154  -0.148909449737195558224023134995  -0.113805784931292221388695786879
 155  -0.255580753342540138899271997745  -0.113101542993055780363314973513
 156  -0.202837006343716379459404576961  -0.113101542993055780363314973513
 157  -0.473628126500588120280066289608  -0.108208728166503157752932429655
 158  -0.420884379501764360840198868824  -0.108208728166503157752932429655
 159  -0.368140632502940601400331448040  -0.108208728166503157752932429655
 160  -0.315396885504116841960464027256  -0.108208728166503157752932429655
 161   0.150101403025529684361242923458  -0.074504967158596629212761898753
 162   0.473628126500588120280066289608  -0.070505454890056895062865953593
 163   0.262653138830745170538857047599  -0.069609295269383854562298436292
 164   0.315396885829568929978724468384  -0.069609295269383846413589894197
 165   0.209909391831700711510386108525  -0.069609295269256433597504093284
 166   0.368140633250223470962292807341  -0.069609294650040031429767753705
 167   0.420892068942156336475610979800  -0.069604854718115840812813761193
 168  -0.016721490058781105962870082496  -0.068319457650579265363679834808
 169   0.036022256940042654391488353311  -0.068319457650579264835698201113
 170   0.088766003947223232500709189489  -0.068319457645754453326358846925
 171  -0.069485079271365271812442353885  -0.068307995995393629362042654431
 172  -0.122535600843232009536965718145  -0.068129500691061952515856555581
 173  -0.175281323236607437943956845387  -0.068128360139531601072804054385
 174  -0.281952626841952018619205708137  -0.067424118201295160047423241019
 175  -0.229208879843128259179338287353  -0.067424118201295160047423241019
 176  -0.447256253001176240560132579216  -0.062531303374742537437040697161
 177  -0.394512506002352481120265158432  -0.062531303374742537437040697161
 178  -0.341768759003528721680397737648  -0.062531303374742537437040697161
 179   0.123722775094044004696272383155  -0.028823546484411066918372531418
 180   0.176466522092867764062961761759  -0.028823546396551131309717450938
 181   0.448040040348925814757137564405  -0.024384389263046084693787531058
 182   0.289025012004704969297518916384  -0.023931870289723389240991945280
 183   0.236281265005881209857408156099  -0.023931870289723389240851453153
 184   0.341768759003528728737386343138  -0.023931870289723381092283406631
 185   0.394512506749635350682226517733  -0.023931869858279411113876021210
 186  -0.043093363558192985682803792888  -0.022642032858818645047788102314
 187   0.009650383440630773757063627896  -0.022642032858818645047788102314
 188   0.062394130439454534158071628355  -0.022642032858818644492873329909
 189  -0.095856952770777151532376064277  -0.022630571203633009046150921937
 190  -0.148907474342643889256899428537  -0.022452075899301332199964823087
 191  -0.201653196736019317663890555779  -0.022450935347770980756912321891
 192  -0.308324500341363898339139418529  -0.021746693409534539731531508525
 193  -0.255580753342540138899271997745  -0.021746693409534539731531508525
 194  -0.473628126500588120280066289608  -0.016853878582981917121148964667
 195  -0.420884379501764360840198868824  -0.016853878582981917121148964667
 196  -0.368140632502940601400331448040  -0.016853878582981917121148964667
 197   0.150094648268224503010573972903   0.016853878514994160361555717117
 198   0.097350901269400743610302879143   0.016853878582981912418231530559
 199   0.202838395267048262409922326314   0.016853878582981913046970686430
 200   0.473628126500588120280066289608   0.021736676363964725675290891477
 201   0.262653138505293082520596606472   0.021745554502037235149254054815
 202   0.315396885504116841960464027256   0.021745554502037235149254054815
 203   0.368140632502940608457320053530   0.021745554502037239223608325863
 204   0.420884380249047230402160228124   0.021745554933481209202015711284
 205  -0.069465237057604865402737503280   0.023035391932941975268103630180
 206  -0.016721490058781105962870082496   0.023035391932941975268103630180
 207   0.036022256940042653476997338288   0.023035391932941975268103630180
 208  -0.122228826270189031252309774669   0.023046853588127611269740810557
 209  -0.175279347842055768976833138929   0.023225348892459288115926909407
 210  -0.228025070235431197383824266171   0.023226489443989639558979410603
 211  -0.334696373840775778059073128921   0.023930731382226080584360223969
 212  -0.281952626841952018619205708137   0.023930731382226080584360223969
 213  -0.447256253001176240560132579216   0.028823546208778703194742767827
 214  -0.394512506002352481120265158432   0.028823546208778703194742767827
 215   0.176466521767636375633304838922   0.062531303374742529895350203351
 216   0.123722774768812616193437418138   0.062531303374742536859186353299
 217   0.070979027769988856753569997354   0.062531303374742537437040697161
 218   0.229210268766460135073172259706   0.062531303374742537437040697161
 219   0.447263942255607665682303111398   0.067418539900723767431805157482
 220   0.289025012004704962240530316864   0.067422979293797855465145787309
 221   0.341768759003528721680397737648   0.067422979293797855465145787309
 222   0.394512506002352488177253763922   0.067422979293797859539500058357
 223  -0.095837110557016745122671213672   0.068712816724702595583995362675
 224  -0.043093363558192985682803792888   0.068712816724702595583995362674
 225   0.009650383440630773757063627896   0.068712816724702595583995362674
 226  -0.148600699769600910972243485061   0.068724278379888231585632543051
 227  -0.201651221341467648696766849321   0.068902773684219908431818641901
 228  -0.254396943734843077103757976563   0.068903914235750259874871143098
 229  -0.361068247340187657779006839313   0.069608156173986700900251956463
 230  -0.308324500341363898339139418529   0.069608156173986700900251956463
 231  -0.473628126500588120280066289608   0.074500971000539323510634500321
 232  -0.420884379501764360840198868824   0.074500971000539323510634500321
 233   0.150094648268224495913371128530   0.108208728166503157183139551027
 234   0.044607154270576977033636286962   0.108208728166503157752932429655
 235   0.097350901269400736473503707746   0.108208728166503157752932429655
 236   0.202838395267048255353238549314   0.108208728166503157752932429655
 237   0.255582142265872014793105970098   0.108208728166503157752932429655
 238   0.473628126500588120280066289608   0.113100403222758362120658708164
 239   0.315396885504116841960464027256   0.113100404085558475781037519803
 240   0.368140632502940601400331448040   0.113100404085558475781037519804
 241   0.420884379501764367897187474314   0.113100404085558479855391790851
 242  -0.122208984056428624842604924064   0.114390241516463215899887095169
 243  -0.069465237057604865402737503280   0.114390241516463215899887095168
 244  -0.016721490058781105962870082496   0.114390241516463215899887095169
 245  -0.174972573269012790692177195453   0.114401703171648851901524275546
 246  -0.228023094840879528416700559713   0.114580198475980528747710374395
 247  -0.280768817234254956823691686955   0.114581339027510880190762875592
 248  -0.387440120839599537498940549705   0.115285580965747321216143688957
 249  -0.334696373840775778059073128921   0.115285580965747321216143688957
 250  -0.473628126500588120280066289608   0.127244717999363082950501921105
 251  -0.426019433581818748382571477827   0.151251390783044258620796730672
 252   0.018235280771165097313702576570   0.153886152958263778068824162149
 253   0.070979027769988856753569997354   0.153886152958263778068824162149
 254   0.123722774768812616193437418138   0.153886152958263778068824162149
 255   0.176466521767636375633304838922   0.153886152958263778068824162149
 256   0.229210268766460135073172259706   0.153886152958263778068824162149
 257   0.281954015765283894513039680490   0.153886152958263778068824162149
 258   0.447256253600330496062922493708   0.158777828531397228305657165523
 259   0.341768759003528721680397737648   0.158777828877319096096929252298
 260   0.394512506002352481120265158432   0.158777828877319096096929252298
 261  -0.148580857555840504562538634456   0.160067666308223836215778827663
 262  -0.095837110557016745122671213672   0.160067666308223836215778827663
 263  -0.043093363558192985682803792888   0.160067666308223836215778827663
 264  -0.201344446768424670412110905845   0.160079127963409472217416008040
 265  -0.254394968340291408136634270105   0.160257623267741149063602106889
 266  -0.307140690733666836543625397348   0.160258763819271500506654608086
 267  -0.361068247340187657779006839340   0.160963005757507941532035421467
 268  -0.470314586852490617834155554857   0.179884278241413131925445873401
 269  -0.399647560082406868662637767465   0.196928815574804878936688463183
 270  -0.008136592728246782406231133822   0.199563577750024398384715894643
 271   0.044607154270576977033636286962   0.199563577750024398384715894643
 272   0.097350901269400736473503707746   0.199563577750024398384715894643
 273   0.150094648268224495913371128530   0.199563577750024398384715894643
 274   0.202838395267048255353238549314   0.199563577750024398384715894643
 275   0.255582142265872014793105970098   0.199563577750024398384715894643
 276   0.308325889264695774232973390882   0.199563577750024398384715894643
 277   0.473628126500588120280066289608   0.204455253669079714083899056364
 278   0.368140632502940601400331448040   0.204455253669079716412820984792
 279   0.420884379501764360840198868824   0.204455253669079716412820984792
 280  -0.174952731055252384282472344848   0.205745091099984456531670560157
 281  -0.122208984056428624842604924064   0.205745091099984456531670560157
 282  -0.069465237057604865402737503280   0.205745091099984456531670560157
 283  -0.227716320267836550132044616237   0.205756552755170092533307740534
 284  -0.280766841839703287856567980497   0.205935048059501769379493839383
 285  -0.333512564233078716263559107739   0.205936188611032120822546340580
 286  -0.473628126500588120280066289608   0.232523838483463180900389825696
 287  -0.369534922198583398201127664613   0.244462706414760135957430396686
 288  -0.422278558818677893162679267172   0.244570611759193536209819629814
 289  -0.034508466227658662126164844214   0.245241002541785018700607627137
 290   0.018235280771165097313702576570   0.245241002541785018700607627137
 291   0.070979027769988856753569997354   0.245241002541785018700607627137
 292   0.123722774768812616193437418138   0.245241002541785018700607627137
 293   0.176466521767636375633304838922   0.245241002541785018700607627137
 294   0.229210268766460135073172259706   0.245241002541785018700607627137
 295   0.281954015765283894513039680490   0.245241002541785018700607627138
 296   0.334697762764107653952907101274   0.245241002541785018700607627138
 297   0.447256253001176242207892306935   0.250132678460840335777378194928
 298   0.394512506002352481120265158432   0.250132678460840336728712717286
 299  -0.201324604554664264002406055240   0.251422515891745076847562292651
 300  -0.148580857555840504562538634456   0.251422515891745076847562292651
 301  -0.095837110557016745122671213672   0.251422515891745076847562292651
 302  -0.254088193767248429851978326629   0.251433977546930712849199473028
 303  -0.307138715339115167576501690889   0.251612472851262389695385571877
 304  -0.458386154350046972323838218665   0.283017255207211024188561224067
 305  -0.343161073304619849514070247763   0.290138990654990404830269627983
 306  -0.395904709924714344475621850321   0.290246895999423805082658861111
 307  -0.060880339727070541846098554607   0.290918427333545639016499359632
 308  -0.008136592728246782406231133822   0.290918427333545639016499359632
 309   0.044607154270576977033636286962   0.290918427333545639016499359632
 310   0.097350901269400736473503707746   0.290918427333545639016499359632
 311   0.150094648268224495913371128530   0.290918427333545639016499359632
 312   0.202838395267048255353238549314   0.290918427333545639016499359632
 313   0.255582142265872014793105970098   0.290918427333545639016499359632
 314   0.308325889264695774232973390882   0.290918427333545639016499359632
 315   0.361069636263519533672840811666   0.290918427333545639016499359632
 316   0.420884379501764360840198868824   0.295810103252600957044604449780
 317   0.473628126500588120280066289608   0.295810103252600957044604449780
 318  -0.227696478054076143722339765632   0.297099940683505697163454025145
 319  -0.174952731055252384282472344848   0.297099940683505697163454025145
 320  -0.122208984056428624842604924064   0.297099940683505697163454025145
 321  -0.280460067266660309571912037021   0.297111402338691333165091205522
 322  -0.473628126500588120280066289608   0.333510671930958867476732622438
 323  -0.368234246840517932500406772655   0.336541995043873139689264532527
 324  -0.315490499841694173060539351871   0.336541995043873139689264532527
 325  -0.087252213226482421566032264999   0.336595852125306259332391092126
 326  -0.034508466227658662126164844215   0.336595852125306259332391092126
 327   0.018235280771165097313702576570   0.336595852125306259332391092126
 328   0.070979027769988856753569997354   0.336595852125306259332391092126
 329   0.123722774768812616193437418138   0.336595852125306259332391092126
 330   0.176466521767636375633304838922   0.336595852125306259332391092126
 331   0.229210268766460135073172259706   0.336595852125306259332391092126
 332   0.281954015765283894513039680490   0.336595852125306259332391092126
 333   0.334697762764107653952907101274   0.336595852125306259332391092126
 334   0.387441509762931413392774522058   0.336595852125306259332391092126
 335  -0.420977883460612427461958375214   0.336649900388306539941653765655
 336   0.447256253001176240560132579216   0.341487528044361577360496182274
 337  -0.254068351553488023442273476024   0.342777365475266317479345757639
 338  -0.201324604554664264002406055240   0.342777365475266317479345757639
 339  -0.148580857555840504562538634456   0.342777365475266317479345757639
 340  -0.450021656572946392351521647280   0.380676734147676483594258973210
 341  -0.394512616381081745598580976660   0.382273276917066879648282824618
 342  -0.341768869382257986158713555876   0.382273276917066879648282824618
 343  -0.289025122383434226718846135091   0.382273276917066879648282824618
 344  -0.113624086725894301285965975391   0.382273276917066879648282824620
 345  -0.060880339727070541846098554607   0.382273276917066879648282824620
 346  -0.008136592728246782406231133822   0.382273276917066879648282824620
 347   0.044607154270576977033636286962   0.382273276917066879648282824620
 348   0.097350901269400736473503707746   0.382273276917066879648282824620
 349   0.150094648268224495913371128530   0.382273276917066879648282824620
 350   0.202838395267048255353238549314   0.382273276917066879648282824620
 351   0.255582142265872014793105970098   0.382273276917066879648282824620
 352   0.308325889264695774232973390882   0.382273276917066879648282824620
 353   0.361069636263519533672840811666   0.382273276917066879648282824620
 354   0.413813383262343293112708232450   0.382273276917066879648282824620
 355   0.473628126500588120280066289608   0.387164952836122197676387914768
 356  -0.227696478054076143722339765632   0.388454790267026937795237490133
 357  -0.174952731055252384282472344848   0.388454790267026937795237490133
 358  -0.473628126500588120280066289608   0.427842796364394099711785323981
 359  -0.420884489880493625318514687049   0.427950701708827499964174557114
 360  -0.368140742881669865878647266265   0.427950701708827499964174557114
 361  -0.315396995882846106438779845481   0.427950701708827499964174557114
 362  -0.262653248884022346998912424697   0.427950701708827499964174557114
 363  -0.139995960225306181005899685783   0.427950701708827499964174557114
 364  -0.087252213226482421566032264999   0.427950701708827499964174557114
 365  -0.034508466227658662126164844214   0.427950701708827499964174557114
 366   0.018235280771165097313702576570   0.427950701708827499964174557114
 367   0.070979027769988856753569997354   0.427950701708827499964174557114
 368   0.123722774768812616193437418138   0.427950701708827499964174557114
 369   0.176466521767636375633304838922   0.427950701708827499964174557114
 370   0.229210268766460135073172259706   0.427950701708827499964174557114
 371   0.281954015765283894513039680490   0.427950701708827499964174557114
 372   0.334697762764107653952907101274   0.427950701708827499964174557114
 373   0.387441509762931413392774522058   0.427950701708827499964174557114
 374   0.440185256761755172832641942842   0.427950701708827499964174557114
 375  -0.201324604554664264002406055240   0.434132215058787558111129222627
 376   0.473569316286852596455938508153   0.473589994535964964293885028447
 377  -0.447367633943514069119287910559   0.473624584326215839126886615668
 378  -0.394512616381081745598580976657   0.473628126500588120280066289608
 379  -0.341768869382257986158713555873   0.473628126500588120280066289608
 380  -0.289025122383434226718846135089   0.473628126500588120280066289608
 381  -0.236281375384610467278978714305   0.473628126500588120280066289608
 382  -0.166367833724718060725833396175   0.473628126500588120280066289608
 383  -0.113624086725894301285965975391   0.473628126500588120280066289608
 384  -0.060880339727070541846098554607   0.473628126500588120280066289608
 385  -0.008136592728246782406231133822   0.473628126500588120280066289608
 386   0.044607154270576977033636286962   0.473628126500588120280066289608
 387   0.097350901269400736473503707746   0.473628126500588120280066289608
 388   0.150094648268224495913371128530   0.473628126500588120280066289608
 389   0.202838395267048255353238549314   0.473628126500588120280066289608
 390   0.255582142265872014793105970098   0.473628126500588120280066289608
 391   0.308325889264695774232973390882   0.473628126500588120280066289608
 392   0.361069636263519533672840811666   0.473628126500588120280066289608
 393   0.413813383262343293112708232450   0.473628126500588120280066289608
