   1  -0.473401916289758359171001782099  -0.473401916289758359171001782099
   2  -0.381263304374861088142254337600  -0.473401916289758359171001782099
   3  -0.289124839634643820068315867056  -0.473401916289758359171001782099
   4  -0.196986374894426551994377396512  -0.473401916289758359171001782099
   5  -0.104847910153188050094382623967  -0.473401916289758359171001782099
   6  -0.012709445410599235750770539489  -0.473401916289758359171001782099
   7   0.079429019325529812954435443911  -0.473401916289758359171001782099
   8   0.171567484047457593652984132784  -0.473401916289758359171001782099
   9   0.263705948769632409264243480664  -0.473401916289758359171001782099
  10   0.369832573992343849714450842904  -0.473401916289758359171001782099
  11   0.461971038732561117788389313448  -0.473401916289758359171001782099
  12   0.316769261380988129489347161784  -0.469644645613107035445502091640
  13  -0.427332610332309723656628059849  -0.446803960036935576152232564038
  14  -0.058778677781893642922576581728  -0.446803832581570537657896861188
  15  -0.150917142523807301044380010240  -0.446803832580401132778591905463
  16  -0.335194072004752454105285102328  -0.446803832579516718342003564198
  17  -0.243055607264535186031346631784  -0.446803832579516718342003564198
  18   0.415901806362452483751420078176  -0.446803832579516718342003564198
  19   0.033359786957465288601832452211  -0.446803832575976216512751836025
  20   0.217636716408545001458613806724  -0.446803832563891496168869765055
  21   0.125498251686493703303709788348  -0.446803832563677557659009383038
  22   0.473401916289758359171001782099  -0.421448405662463389548697438570
  23   0.263705948787674861721623023642  -0.420205748869275077516065060055
  24  -0.104847910154209283920455904521  -0.420205748869275077513015148869
  25  -0.473401916289758359171001782099  -0.420205748869275077513005346297
  26  -0.381263304374861088142254337600  -0.420205748869275077513005346296
  27  -0.289124839634643820068315867056  -0.420205748869275077513005346296
  28  -0.196986374894426551994377396512  -0.420205748869275077513005346296
  29  -0.012709445413829118569973590028  -0.420205748867788394999646915114
  30   0.171567484047581111109339462288  -0.420205748837810694656877365994
  31   0.079429447493459619689688282880  -0.420205007242773400173288712672
  32   0.369833295975369933926431148207  -0.420204498397185121197012875976
  33   0.316769894835984363757930838996  -0.416448478196395315271405659405
  34   0.427332683919649725134032546827  -0.394850321952221748719699220669
  35  -0.427332610332309723656628059849  -0.393607792616452294494236128235
  36  -0.335194072004752454105285102328  -0.393607665159033436684007128395
  37  -0.243055607264535186031346631784  -0.393607665159033436684007128395
  38  -0.150917142524317917957413820757  -0.393607665159033436683997325823
  39  -0.058778677784448369519858041843  -0.393607665158431168607041430261
  40   0.033359786955093742332067276652  -0.393607665155492934854808263352
  41   0.217636716426710971372348679206  -0.393607665143194276004072660993
  42   0.125498679854547027495317956820  -0.393606923516906537171156695628
  43   0.286984081491918906198684290323  -0.372373116012284121688202170400
  44   0.473401916289758359171001782099  -0.368252238241980107890701002768
  45   0.381264173532567175309043616858  -0.368250987769890151574708532448
  46  -0.473401916289758359171001782099  -0.367009581448791795855008910494
  47  -0.381263304374861088142254337600  -0.367009581448791795855008910494
  48  -0.289124839634643820068315867056  -0.367009581448791795855008910494
  49  -0.196986374894426551994383056029  -0.367009581448791795854999107922
  50  -0.104847910154557003556815958080  -0.367009581448189527778023607215
  51  -0.012709445415525508617817175163  -0.367009581446135708462202778498
  52   0.171567912233676887758327173738  -0.367008839822290118518351990628
  53   0.079429725201165010913051346782  -0.367008358792983587107086166240
  54   0.240914849130955015849409945886  -0.345775032286203320176209771338
  55   0.333051152630521473528618205477  -0.345771289290440050529899093831
  56   0.427333405902675809346012852130  -0.341652904059648510745710314546
  57  -0.427332610332309723656628059849  -0.340411625195969012836239692433
  58  -0.335194072004752454105284852969  -0.340411497738550155026010260690
  59  -0.243055607264535186031352291301  -0.340411497738550155026000890021
  60  -0.150917142524665637593785193352  -0.340411497737947886949025389314
  61  -0.058778677785634142654775091400  -0.340411497735894067633184955453
  62   0.033359786954072508506219865013  -0.340411497735009653196821630122
  63   0.125498957580294871176060563704  -0.340410275098367168454281461234
  64   0.194846044937920932235388440419  -0.319176206965299162690489100972
  65   0.286981920269557583179343861041  -0.319173205564359249017906694770
  66   0.473401916289758359171001782099  -0.315053569877316913600719626325
  67   0.381268616502258297249608515124  -0.315047126384052006077506624733
  68  -0.473401916289758359171001782099  -0.313813414028308514197012474692
  69  -0.381263304374861088142254337600  -0.313813414028308514197012474692
  70  -0.196986374894774271630754428624  -0.313813414027706246120027171413
  71  -0.104847910155742776691744326672  -0.313813414025652426804186737552
  72  -0.012709445416036125530738051224  -0.313813414024768012367803807076
  73  -0.289124797852287625709930116650  -0.313813341659275995275779550640
  74   0.079429915194721604249865417178  -0.313811862327971625254116102475
  75   0.148777090284538915653121830384  -0.292577642241376212626418571579
  76   0.333052008972732205572788875049  -0.292575121876849389313263495531
  77   0.240913116076523499565322355573  -0.292574380243455091532186024404
  78   0.427337126889340847074597445093  -0.288447792201720408932515936511
  79  -0.427332610332309723656628059849  -0.287215457775485731178243256631
  80  -0.335194072004600877109883296586  -0.287215330318066873368014040839
  81  -0.150917142525851410728713561944  -0.287215330315410785975188519651
  82   0.033359786954072508506242503083  -0.287215330314526371538825194319
  83  -0.058778677786144759567707286496  -0.287215330314526371538805589175
  84  -0.243055504518294161778079017140  -0.287215152355946397349921074116
  85   0.102708088103218127556485954748  -0.265979159836442893036965863019
  86   0.286982776611768315223514530613  -0.265977038150768587801271096470
  87   0.194844161423141482983055745539  -0.265975815519532141468115495010
  88   0.381267894519232213037628209821  -0.261849708491478768103517718610
  89   0.473401916289758359171001782099  -0.261842014526123904264312246698
  90  -0.473401916289758359171001782099  -0.260617246607825232539016038889
  91  -0.381263304374861088142254337600  -0.260617246607825232539016038889
  92  -0.104847910156253393604676521768  -0.260617246604284730709807371274
  93  -0.289124797852439202705331922392  -0.260617174238792713617783330789
  94  -0.196986150451978236719400187396  -0.260616857860577019642864622596
  95  -0.012709144251010208187928640122  -0.260616724977978313554136378767
  96   0.056637919687006224072917482081  -0.239382697471497473232881712003
  97   0.333051286997875492919748475438  -0.239377703966747702468278907338
  98   0.240914425974260028369214878558  -0.239377427293320376994100992345
  99   0.148784715673816654238932197994  -0.239360788082140875732554768625
 100   0.427332683919649725134032546827  -0.235243930815882263435314028796
 101  -0.427332610332309723656628059849  -0.234019290355002449520246820828
 102  -0.335194072004752454105285102328  -0.234019162897583591710017820988
 103  -0.058778677786144759567707286496  -0.234019162894043089880809153373
 104  -0.243055504518294161778079017140  -0.234018984935463115691924638314
 105  -0.150916918082380219595363147220  -0.234018774149450964377483474219
 106   0.010568988481923507378746338876  -0.212784092134949415248192896450
 107   0.102704995272848565067313065566  -0.212780878451054990423306072284
 108   0.286982936657343801524436261589  -0.212778092594960322276710148032
 109   0.194855526593040617215449876705  -0.212761454344378738412953618337
 110   0.381262069284585864631892296263  -0.208647243591530810569345161815
 111   0.473401916289758359171001782099  -0.208645847105640622606315810895
 112  -0.473401916289758359171001782099  -0.207421079187341950881019603087
 113  -0.381263304374861088142254337600  -0.207421079187341950881019603087
 114  -0.289124797852439202705331922392  -0.207421006818309431959786894986
 115  -0.104847685712271585558393911947  -0.207420690439209323548485256318
 116  -0.196986086945009285934585533761  -0.207420580441331320364675495825
 117  -0.035500545047063388180501176981  -0.186186530054005997371542503123
 118   0.333047275096075109576955443628  -0.186169461193965564398420064955
 119   0.148785572537834010678480180982  -0.186164620668558617023113172312
 120   0.240924564733563253244207366761  -0.186161206902626017245634186044
 121   0.056843422063979937024603598668  -0.185826317964271493029647838957
 122   0.427332683919649725134032546827  -0.182047763395398981777317592994
 123  -0.427332610332309723656628059849  -0.180823122934519167862250385026
 124  -0.335194072004752454105285102328  -0.180822995477100310052021385186
 125  -0.243055504518294161778079017140  -0.180822817514979834033928202511
 126  -0.150916784101455009840106582628  -0.180822374668547750652284467260
 127  -0.081569552973190214171187802433  -0.159588057599172231039218606068
 128   0.010568386158260757291935513687  -0.159587924717876095362937007163
 129   0.194854083188926990145970678357  -0.159565286943477839628058609117
 130   0.286988304353011897049977190449  -0.159553611736964686244586813746
 131   0.102986439504940720673877132891  -0.159104102534874820320298328359
 132   0.473401916289758359171001782099  -0.155449679685157340948319375093
 133   0.381263502862363844530467203260  -0.155449590808939236186097390137
 134  -0.473401916289758359171001782099  -0.154224911766858669223023167285
 135  -0.381263304374861088142254337600  -0.154224911766858669223023167285
 136  -0.289124797852439202705331922392  -0.154224839397826150301790459184
 137  -0.196986086944189477952766100216  -0.154224413020848038706685377067
 138  -0.127638651362373638452900473113  -0.132989741828510658143017817009
 139  -0.035500621767866068698751111764  -0.132989452263042329030613110109
 140   0.333057340568586449933055944493  -0.132955188279997030865561580043
 141   0.240919806404586485603165047377  -0.132954256011609032868672735854
 142   0.056845762256690451900546633938  -0.132630150595262802404762732021
 143   0.149054950156033700141367630251  -0.132504768809794042925243765190
 144   0.427332735232472478567436438532  -0.128851507098697595357099172236
 145  -0.427332610332309723656628059849  -0.127626955514035886204253949224
 146  -0.335194072004752454105285102328  -0.127626828056617028394024949384
 147  -0.243055504518294161778079017140  -0.127626650094496552375931766709
 148  -0.173707954205108106565559990701  -0.106391780180810946197418726817
 149   0.010570726350971272167878548958  -0.106391757348867404738051900228
 150  -0.081569720157049492980463782441  -0.106391136492380756134412321044
 151   0.286988842620161038486243801421  -0.106355832554641377489647502150
 152   0.102985218004597381866177239921  -0.105907550764987144334764170565
 153   0.195118666905357145859264586498  -0.105897134050834621890409389782
 154   0.381263511190576335246641740577  -0.102253408963573999722506085843
 155   0.473401916289758359171001782099  -0.102253334512237849765878969379
 156  -0.473401916289758359171001782099  -0.101028744346375387565026731482
 157  -0.381263304374861088142254337600  -0.101028744346375387565026731482
 158  -0.289124797852439202705331922392  -0.101028671977342868643794023382
 159  -0.219777371778572799198802762746  -0.079794017254770916690940848674
 160  -0.035498281575155553822808076493  -0.079793284894033638405728003173
 161  -0.127639022999783961093123300033  -0.079793174844681044188813230858
 162   0.333057997986084909267769005469  -0.079757615469685199096301103326
 163   0.056844320220639362966151532341  -0.079433983194324800734563714389
 164   0.149048835232780076539996065732  -0.079299743713605451008686235509
 165   0.241187703120931698742343340542  -0.079298710593866966511384156079
 166   0.427332692247862215850207084144  -0.075655236377114254131285882986
 167  -0.427332610332309723656628059849  -0.074430788093552604546257513421
 168  -0.335194072004752454105285102328  -0.074430660636133746736028513581
 169  -0.265846665112717840126055667998  -0.053196039137617232958803105347
 170  -0.173708440573248653726366072077  -0.053195411918641014682335352715
 171  -0.081567379964338978104520747170  -0.053194969123372065509527214109
 172   0.010570221246333899712970079884  -0.053193937608536101612019330560
 173   0.195118274598794524090586338604  -0.052700966631797914737129426291
 174   0.287256858486855569523868544590  -0.052700493508910788118037757254
 175   0.103396874166473802623292195132  -0.051991672185630377786917483028
 176   0.473401916289758359171001782099  -0.049057138241990658496692796594
 177   0.381265993073189742680987525663  -0.049052765526114014763965602099
 178  -0.473401916289758359171001782099  -0.047832576925892105907030295680
 179  -0.381263304374861088142254337600  -0.047832576925892105907030295680
 180  -0.311915939265031091526008847934  -0.026598027796408111051037595547
 181  -0.219777733907393694653618977329  -0.026597433801487330950197609388
 182  -0.127636682807073446217180264762  -0.026597007475672353563928123922
 183  -0.035498877142849524568742590793  -0.026595621837874528715818541495
 184   0.056850433634003065052512245355  -0.026237816125124561550978461236
 185   0.241187549112948305086217468769  -0.026102543173606618761027629731
 186   0.333298273023425275907985054170  -0.026054285979511137180294947990
 187   0.149467731968501586271727508372  -0.025390525665239098246653976616
 188   0.427335217115085886001782223618  -0.022454667390990419129372515707
 189  -0.427332610332309723656628059849  -0.021234620673069322888261077619
 190  -0.357985171635139725562978083206   0.000000055913833529777960622354
 191  -0.265847008059706946053572157265   0.000000577539721790957567900412
 192  -0.173706100380538138850423036806   0.000000755450367675942549754220
 193   0.010576392314104484428586517462   0.000002331133463865562445384550
 194  -0.081568179985583992681402108384   0.000002339809825183229780548691
 195   0.287228963649518011470333978349   0.000543664355793032176715179533
 196   0.103398202689026217574135107354   0.001207043776265300921336786589
 197   0.195550631980325010061352536975   0.001230660496255450449140364773
 198   0.381266155468289379887077401126   0.004143712018510267825514262451
 199   0.473401844883796495534386995598   0.004148095235392174300966361942
 200  -0.473401916289758359171001782099   0.005363590494591175750966140122
 201  -0.404054477592588361077351805455   0.026598012166656312796729840415
 202  -0.311916240429815580090541392537   0.026598661249963431786566118313
 203  -0.219775393714683179777675942058   0.026598733567521359674687497547
 204  -0.127637597559048685314644880428   0.026600102735865212736258426834
 205  -0.035492764776361050372909050659   0.026600545231446009229632604956
 206   0.056850352155533445479146053703   0.026958351295296321429317413621
 207   0.333298217441158468812931597637   0.027141881440943106780690383502
 208   0.149468390747297576369918971106   0.027806199459165556369137945842
 209   0.241966941574185755549327848082   0.028493290218766984785532106390
 210   0.427332809726846983970721632629   0.030746661701503799361031273702
 211  -0.450123668656911339403691803667   0.053196167420489063666128006393
 212  -0.357985546387264215604915114786   0.053196617502786214805335336374
 213  -0.265844667866996431177629121994   0.053196744908730481582453007348
 214  -0.173706890893193726241897785680   0.053198080853018896468396170161
 215  -0.081562067619095518485568568251   0.053198506879145721175231695143
 216   0.010576425811429283657620538913   0.053198701310654534275062193717
 217   0.103398539489499134822299732120   0.054403211195682391497729657532
 218   0.195522449080061381905518384440   0.054430548076746336701629417915
 219   0.288037993946170180976783105078   0.055094419740922182127523531766
 220   0.381262074196166355467267409625   0.057342433938496524009045584004
 221   0.473401849030677333960727069196   0.057345216402655157538595775776
 222  -0.404054737451587193931255112998   0.079794772756618965674733502352
 223  -0.311913900237105065214598357266   0.079794828618972122411451225249
 224  -0.219776165045506977641850965617   0.079796092194228018376161679961
 225  -0.127631485192560211118811340295   0.079796269805185750681709573285
 226  -0.035492848340883967742332641024   0.079796712651863656182827703518
 227   0.056850688956006362727310678469   0.080154518714713412005710284564
 228   0.149452597822262940357899145454   0.081027559813263171830221129605
 229   0.241967003209954413128070745926   0.081689457639214559284890746779
 230   0.334033165012060216632470136383   0.081822453707088914517159322997
 231   0.427330961788260698145583510594   0.083942932593166509032679620722
 232  -0.473401916289758359171001782099   0.101028744346386951581289872664
 233  -0.357983206194553700728972079516   0.106392784871794905430220443310
 234  -0.265845397415615611678820200889   0.106394175904469659205159897862
 235  -0.173700778526705252046064245547   0.106394247922339434413847316612
 236  -0.081562151183618435854992158615   0.106394674299563368128426793704
 237   0.010576762611902200905785163679   0.106394868730071624851455064660
 238   0.195523652697463886851833018123   0.107628760278299382813312185880
 239   0.103751415922473093671166176558   0.108253176448895280502153612730
 240   0.287961605208057215231823111242   0.108416756006578270863439453911
 241   0.381256679205262294000000000000   0.110538839866128905000000000000
 242   0.473401551307941038000000000000   0.110542188266414446000000000000
 243  -0.427332147412697091790678487756   0.127627757335573566213716295869
 244  -0.311914703373064247193193923138   0.132992132157292442223929115923
 245  -0.219770052679018503446017425483   0.132992259263548556321612826413
 246  -0.127631568757083128488234930659   0.132992437225603397634904671847
 247  -0.035492502320644223832167948064   0.132992896040436865239259365729
 248   0.056847820754774861738357206391   0.133350686057873657914377695913
 249   0.149821010254059261721324482336   0.134852005719851141340259888296
 250   0.241829771634111254141911001535   0.134906250323723819344752386520
 251   0.334027841567101635000000000000   0.135022838086197777000000000000
 252   0.427330986025501342701958548324   0.137155096051738966619396295509
 253  -0.473401916289758359171001782099   0.154224911766870233239286308467
 254  -0.381262378535803991754046862728   0.154224911767161521191781392901
 255  -0.265839285049127137482986660755   0.159590342973790197150611044314
 256  -0.173700862091228169415487835911   0.159590415342757081367042415174
 257  -0.081561814383115170957210524844   0.159590841718980458512679822639
 258   0.010575760287235103175014223503   0.159594326207754374881710065907
 259   0.103751301743994624108920778991   0.161449351053371951841612969035
 260   0.195810189051655778591543509600   0.161590508736322682597756014970
 261   0.287949890525050301663378055167   0.161613018350596923530848889145
 262   0.381251409559036029298041451676   0.163735468070288726380603704491
 263   0.473401561282115968000000000000   0.163757312077471656000000000000
 264  -0.427332147412697091790678487756   0.180823924756056847871712731672
 265  -0.335191846583590354048054587827   0.180825246546643521640132001423
 266  -0.219770094461336803452457071184   0.186188499052998722196040633075
 267  -0.127631231956579863590453296889   0.186188604645020488019157700781
 268  -0.035493834464380389809465646155   0.186191782244939757240488044041
 269   0.056847702732164718222168565067   0.186546853478226015323687166768
 270   0.149739900396859633596960890796   0.188186897991577214478535366544
 271   0.241874053901856989882841546988   0.188200958448954122379951266645
 272   0.334015832703500548000000000000   0.188220817426129783000000000000
 273   0.427327451995657803000000000000   0.190358988374926347000000000000
 274  -0.473401916289758359171001782099   0.207421079187353514897282744269
 275  -0.381262378535803991754046862728   0.207421079187644802849777828703
 276  -0.289121314631376716342062312925   0.207421079187644802849777828703
 277  -0.173700525290724904517706202141   0.212786582762174171751295444108
 278  -0.081563450547062477380426463471   0.212789201334437273081942671013
 279   0.010576158822044425380781139488   0.212791404386974607611822577940
 280   0.103613073462088191324795619795   0.214687740509157005953309756758
 281   0.195802890643500101785316916770   0.214795925531515912948712620413
 282   0.287938632766512187255220729390   0.214809269121296955402977093872
 283   0.381243219268242013694308529910   0.216931947157847070458411795244
 284   0.473399019092547446000000000000   0.216959266530313055000000000000
 285  -0.243052007815852282120493359572   0.234019291841545732978206381027
 286  -0.427332147412697091790678487756   0.234020092176540129529709167474
 287  -0.335191846583590354048054587827   0.234021413967126803298128437226
 288  -0.127632743881207518307679368724   0.239387179451590956814080414340
 289  -0.035485864209117005947648605806   0.239401971132251582006972880142
 290   0.056686186216717796301246467158   0.239742775696412296191298399626
 291   0.149680937063484864563907347603   0.241383402503488128999888941791
 292   0.241865322915550446498559523419   0.241406026810958589719288907621
 293   0.334013779496549978000000000000   0.241418529243674684000000000000
 294   0.427327678488788054000000000000   0.243562862457089496000000000000
 295  -0.473401916289758359171001782099   0.260617246607836796555279180071
 296  -0.381262378535803991754046862728   0.260617246608128084507774264506
 297  -0.289121314631376716342062312925   0.260617246608128084507774264506
 298  -0.196982701558666769158673677445   0.260617247575205691519538287423
 299  -0.081563572475377315716122625657   0.265985368754780821797884981882
 300   0.010518164116467696707849196418   0.266169011969837713804839101307
 301   0.103573003978168210000000000000   0.267914730627418163000000000000
 302   0.195744536943410652000000000000   0.267993626901032511000000000000
 303   0.287934798331541540180961811934   0.268005624448695121373882896708
 304   0.381232489071563366305691470090   0.270128219854683699541588204756
 305   0.473397910863334714000000000000   0.270178272397635144000000000000
 306  -0.243052007815852282120493359572   0.287215459262029014636202816829
 307  -0.427332147412697091790678487756   0.287216259597023411187705603276
 308  -0.335191846583590354048054587827   0.287217581387610084956124873028
 309  -0.150910884614684233851326326339   0.287219808401090889564077196931
 310  -0.035575847505609594137324468318   0.292724130512444345506540441367
 311   0.056626623012213162605278268381   0.292938909770729727360647369950
 312   0.149659711676179896436092652397   0.294579672048036652000111058209
 313   0.241805899403656183000000000000   0.294607068089988822000000000000
 314   0.334000575816445378000000000000   0.294615150754738209000000000000
 315   0.427296379064466936000000000000   0.296764573895035799000000000000
 316  -0.473401916289758359171001782099   0.313813414028320078213275615874
 317  -0.381262378535803991754046862728   0.313813414028611366165770700308
 318  -0.289121314631376716342062312925   0.313813414028611366165770700308
 319  -0.196982701558666769158673677445   0.313813414995688973177534723226
 320  -0.104841543635889997185192146611   0.313818080227981113351070295512
 321   0.010463559337993565593775463248   0.319373806790351990312333754217
 322   0.103548064903380754000000000000   0.321112746555449802000000000000
 323   0.195725113117202920000000000000   0.321190467750301079000000000000
 324   0.287877812396232210088070596343   0.321201867704929897425358686761
 325   0.381196254733367747188582724605   0.323324733034972320747541080117
 326   0.473379098424508871000000000000   0.323376494327611674000000000000
 327  -0.243052007815852282120493359572   0.340411626682512296294199252632
 328  -0.427332147412697091790678487756   0.340412427017506692845702039079
 329  -0.335191846583590354048054587827   0.340413748808093366614121308830
 330  -0.150910884614684233851326326339   0.340415975821574171222073632733
 331  -0.058626737949128612597429272253   0.340666686535136445071403849527
 332   0.056590951633869047366770206160   0.346135065231259522599405821967
 333   0.241786192380629289000000000000   0.347803990889235803000000000000
 334   0.333938498079566697730967591723   0.347814961819564376200758416531
 335   0.149241486718551364000000000000   0.348418363974260903000000000000
 336   0.426627857393503951000000000000   0.351007265485991704000000000000
 337  -0.473401916289758359171001782099   0.367009581448803359871272051676
 338  -0.381262378535803991754046862728   0.367009581449094647823767136110
 339  -0.289121314631376716342062312925   0.367009581449094647823767136110
 340  -0.196982701558666769158673677445   0.367009582416172254835531159028
 341  -0.104839704238724144154288079185   0.367014247616663401640353779169
 342  -0.012500565075307830493346914664   0.367357983538093549656905503922
 343   0.101746327820973356000000000000   0.374313318131103856000000000000
 344   0.195696844160978906000000000000   0.374386743370309916000000000000
 345   0.287858312914997971000000000000   0.374398319056160278000000000000
 346   0.378760824740035488161660982035   0.376465228184348795120038001690
 347   0.473395231058051924000000000000   0.376575163327197704000000000000
 348  -0.243052007815852282120493359572   0.393607794102995577952195688434
 349  -0.427332147412697091790678487756   0.393608594437989974503698474881
 350  -0.335191846583590354048054587826   0.393609916228576648272117744633
 351  -0.150908559502778530764197204572   0.393612984483057928852547898660
 352  -0.058624008984849921382285668543   0.393862853885621770105886066102
 353   0.033510505256848854916086698396   0.394063399473809434034569820592
 354   0.234946826251341973000000000000   0.411309656288318670000000000000
 355   0.340523118750052034000000000000   0.415041569441940761000000000000
 356   0.129251930594666220000000000000   0.419852980509684170000000000000
 357  -0.473401916289758359171001782099   0.420205748869286641529268487478
 358  -0.381262378535803991754046862728   0.420205748869577929481763571913
 359  -0.289121314631376716342062312925   0.420205748869577929481763571913
 360  -0.196981623339266993230736209634   0.420205749825728461005332569719
 361  -0.104838456846321772697573692691   0.420210415022521684156882094684
 362  -0.012614653768648192135748228977   0.420564379325518601000221951542
 363   0.446323394939264984000000000000   0.422371804152648633000000000000
 364   0.076359878884747031700000000000   0.425591982676810865000000000000
 365   0.182116569489119112000000000000   0.425821510220281807000000000000
 366   0.286108268447935910000000000000   0.427566640746551985000000000000
 367   0.393384524744997360649756293360   0.427611987046843739132420918194
 368  -0.427331981153757263055909396130   0.446804784797677487242070363213
 369  -0.243051170676809021035737862108   0.446805100623060273476226844312
 370  -0.335191667081144500852602767231   0.446806083648757077961355954819
 371  -0.150575626691335786149060148865   0.447375530939749567856736272777
 372  -0.055291019306182858265756375314   0.452325515703054939253665835483
 373   0.473399688494985872231590562556   0.468163174497280780854420949320
 374   0.046626456080204062300000000000   0.469707005012141299000000000000
 375   0.152803236044779883000000000000   0.470289359097564030000000000000
 376   0.099695427543147335800000000000   0.473399415197732432000000000000
 377   0.259106201611500220000000000000   0.473401011599433930000000000000
 378   0.366305333172743275000000000000   0.473401243605483080000000000000
 379   0.205908473732486330000000000000   0.473401490056882479000000000000
 380   0.313108787917330544000000000000   0.473401529583347414000000000000
 381   0.420461985653655943768409437444   0.473401796630664347145579050680
 382  -0.006447814880202423863963676041   0.473401888032421502078533171215
 383  -0.473401881213802344054809321423   0.473401916289758359171001782099
 384  -0.381262199033358138558595042133   0.473401916289758359171001782099
 385  -0.289121135128930863146610492330   0.473401916289758359171001782099
 386  -0.196971535757410002527511511160   0.473401916289758359171001782099
 387  -0.104133885227786001371876845935   0.473401916289758359171001782099
