   1  -0.389867656916490060015084730855  -0.472343252511902132377817517309
   2  -0.294061873273513199677521820497  -0.472343252511902132377817517309
   3  -0.198256089630536339339958910140  -0.472343252511902132377817517309
   4  -0.102450305987559479002395999782  -0.472343252511902132377817517309
   5  -0.006644522344582618664833089425  -0.472343252511902132377817517309
   6   0.089161261298394241672729820933  -0.472343252511902132377817517309
   7   0.184967044941371102010292731258  -0.472343252511902132377817517309
   8   0.280772828584347962347855641615  -0.472343252511902132377817517309
   9   0.376537468868925272040254606951  -0.472343252511902132377817517309
  10   0.472343252511902132377817517309  -0.472343252511902132377817517309
  11  -0.467457881694814123346810454725  -0.466781723688854888661464460300
  12  -0.341964765095001629846303275676  -0.444686505023804264755635034618
  13  -0.246158981452024769508740365318  -0.444686505023804264755635034618
  14  -0.150353197809047909171177454961  -0.444686505023804264755635034618
  15  -0.054547414166071048833614544603  -0.444686505023804264755635034618
  16   0.041258369476905811503948365754  -0.444686505023804264755635034618
  17   0.232869936762859532179074186437  -0.444686505023804264755635034618
  18   0.424440360690413702209036062130  -0.444686505023804264755635034618
  19   0.137064153119882671841511276095  -0.444686505023804264755635034590
  20   0.328655148726636617194055124283  -0.444650904394181796782710773999
  21  -0.424333481918176526642029834501  -0.429080224029897374390339592091
  22  -0.294061873273513199677521820497  -0.417029757535706397133452551927
  23  -0.198256089630536339339958910140  -0.417029757535706397133452551927
  24  -0.102450305987559479002395999782  -0.417029757535706397133452551927
  25  -0.006644522344582618664833089425  -0.417029757535706397133452551927
  26   0.472343252511902132377817517309  -0.417029757535706397133452551927
  27   0.089161261298394241672729820917  -0.417029757535706397133452551899
  28   0.184967044941371102010292731274  -0.417029757535706397133452551899
  29   0.280752256905148187025273669105  -0.416994156906083929160528291308
  30   0.376558040548125047362836579462  -0.416994156906083929160528291308
  31  -0.472343252511902132377817517309  -0.401609427645018559960023083284
  32  -0.376430590096688096473248379322  -0.401423476541799506768157109400
  33  -0.246158981452024769508740365318  -0.389373010047608529511270069236
  34  -0.150353197809047909171177454961  -0.389373010047608529511270069236
  35  -0.054547414166071048833614544603  -0.389373010047608529511270069236
  36   0.041258369476905811503948365738  -0.389373010047608529511270069208
  37   0.137064153119882671841511276095  -0.389373010047608529511270069208
  38   0.328655148726636617194055124283  -0.389337409417986061538345808617
  39   0.424460932369613477531618034641  -0.389337409417986061538345808617
  40   0.232849365083659756856492213941  -0.389337409417986061538345808588
  41  -0.424333481918176526642029834501  -0.373766729053701639145974626709
  42  -0.328527698275199666304466924144  -0.373766729053701639145974626709
  43  -0.198256089630536339339958910140  -0.361716262559510661889087586545
  44  -0.102450305987559479002395999782  -0.361716262559510661889087586545
  45  -0.006644522344582618664833089441  -0.361716262559510661889087586517
  46   0.089161261298394241672729820917  -0.361716262559510661889087586517
  47   0.376558040548125047362836579462  -0.361680661929888193916163325926
  48   0.184946473262171326687710758763  -0.361680661929888193916163325897
  49   0.280752256905148187025273669120  -0.361680661929888193916163325897
  50   0.472343252511902132377817517309  -0.361645061300265725943239065308
  51  -0.472343252511902132377817517309  -0.346295932668822824715658117902
  52  -0.376430590096688096473248379322  -0.346109981565603771523792144018
  53  -0.280624806453711236135685468965  -0.346109981565603771523792144018
  54  -0.150353197809047909171177454961  -0.334059515071412794266905103854
  55  -0.054547414166071048833614544620  -0.334059515071412794266905103826
  56   0.041258369476905811503948365738  -0.334059515071412794266905103826
  57   0.137043581440682896518929303584  -0.334023914441790326293980843206
  58   0.232849365083659756856492213941  -0.334023914441790326293980843206
  59   0.328655148726636617194055124299  -0.334023914441790326293980843207
  60   0.424440360690413702209036062130  -0.333988313812167858321056582617
  61  -0.424333481918176526642029834501  -0.318453234077505903901609661327
  62  -0.328527698275199666304466924144  -0.318453234077505903901609661327
  63  -0.232721914632222805966904013786  -0.318453234077505903901609661327
  64  -0.102450305987559479002395999798  -0.306402767583314926644722621135
  65  -0.006644522344582618664833089441  -0.306402767583314926644722621135
  66   0.089140689619194466350147848405  -0.306367166953692458671798360515
  67   0.184946473262171326687710758763  -0.306367166953692458671798360515
  68   0.280752256905148187025273669120  -0.306367166953692458671798360515
  69   0.472343252511902132377817517309  -0.306331566324069990698874099925
  70   0.376537468868925272040254606968  -0.306331566324069990698874099898
  71  -0.472343252511902132377817517309  -0.290982437692627089471293152520
  72  -0.376430590096688096473248379322  -0.290796486589408036279427178636
  73  -0.280624806453711236135685468965  -0.290796486589408036279427178636
  74  -0.184819022810734375798122558607  -0.290796486589408036279427178636
  75  -0.054547414166071048833614544620  -0.278746020095217059022540138444
  76   0.137043581440682896518929303584  -0.278710419465594591049615877824
  77   0.232849365083659756856492213941  -0.278710419465594591049615877824
  78   0.041237797797706036181366393226  -0.278710419465594591049615877823
  79   0.328634577047436841871473151789  -0.278674818835972123076691617207
  80   0.424440360690413702209036062146  -0.278674818835972123076691617206
  81  -0.424333481918176526642029834501  -0.263139739101310168657244695945
  82  -0.328527698275199666304466924143  -0.263139739101310168657244695945
  83  -0.232721914632222805966904013786  -0.263139739101310168657244695945
  84  -0.136916130989245945629341103384  -0.263139739101310168657244695868
  85   0.089140689619194466350147848405  -0.251053671977496723427433395133
  86   0.184946473262171326687710758763  -0.251053671977496723427433395133
  87  -0.006665094023782393987415061953  -0.251053671977496723427433395131
  88   0.280731685225948411702691696610  -0.251018071347874255454509134516
  89   0.376537468868925272040254606966  -0.251018071347874255454509134514
  90   0.472343252511902132377817517309  -0.251018071347874255454509134488
  91  -0.472343252511902132377817517309  -0.235668942716431354226928187138
  92  -0.376430590096688096473248379322  -0.235482991613212301035062213254
  93  -0.280624806453711236135685468965  -0.235482991613212301035062213254
  94  -0.184819022810734375798122558607  -0.235482991613212301035062213254
  95  -0.089013239167757515460559648205  -0.235482991613212301035062213177
  96   0.137043581440682896518929303584  -0.223396924489398855805250912442
  97   0.041237797797706036181366393226  -0.223396924489398855805250912441
  98   0.232828793404459981533910241431  -0.223361323859776387832326651824
  99   0.328634577047436841871473151788  -0.223361323859776387832326651823
 100   0.424440360690413702209036062130  -0.223361323859776387832326651797
 101  -0.424333481918176526642029834501  -0.207826244125114433412879730563
 102  -0.328527698275199666304466924143  -0.207826244125114433412879730563
 103  -0.232721914632222805966904013786  -0.207826244125114433412879730563
 104  -0.136916130989245945629341103384  -0.207826244125114433412879730486
 105  -0.041055119775617149674629933999  -0.207730365833230988403481989150
 106   0.089140689619194466350147848405  -0.195740177001300988183068429751
 107   0.184925901582971551365128786252  -0.195704576371678520210144169133
 108   0.280731685225948411702691696609  -0.195704576371678520210144169132
 109   0.376537468868925272040254606952  -0.195704576371678520210144169106
 110   0.472343252511902132377817517309  -0.195704576371678520210144169106
 111  -0.472343252511902132377817517309  -0.180355447740235618982563221756
 112  -0.376430590096688096473248379322  -0.180169496637016565790697247872
 113  -0.280624806453711236135685468965  -0.180169496637016565790697247872
 114  -0.184819022810734375798122558607  -0.180169496637016565790697247872
 115  -0.089013239167757515460559648203  -0.180169496637016565790697247795
 116   0.006847772045871280494151521182  -0.180073618345133120781299506458
 117   0.137023009761483121196347331073  -0.168047828883580652587961686442
 118   0.232828793404459981533910241430  -0.168047828883580652587961686441
 119   0.328634577047436841871473151773  -0.168047828883580652587961686415
 120   0.424440360690413702209036062130  -0.168047828883580652587961686415
 121  -0.424333481918176526642029834501  -0.152512749148918698168514765181
 122  -0.328527698275199666304466924143  -0.152512749148918698168514765181
 123  -0.232721914632222805966904013786  -0.152512749148918698168514765181
 124  -0.136916130989245945629341103382  -0.152512749148918698168514765104
 125  -0.041055119775617149674629933998  -0.152416870857035253159117023768
 126   0.054750663867359710662932976364  -0.152416870857035253159117023765
 127   0.184925901582971551365128786252  -0.140391081395482784965779203750
 128   0.280731685225948411702691696594  -0.140391081395482784965779203724
 129   0.376537468868925272040254606952  -0.140391081395482784965779203724
 130   0.472343252511902132377817517309  -0.140391081395482784965779203724
 131  -0.472343252511902132377817517309  -0.125041952764039883738198256375
 132  -0.376430590096688096473248379322  -0.124856001660820830546332282490
 133  -0.280624806453711236135685468965  -0.124856001660820830546332282490
 134  -0.184819022810734375798122558607  -0.124856001660820830546332282490
 135  -0.089013239167757515460559648202  -0.124856001660820830546332282413
 136   0.006847772045871280494151521184  -0.124760123368937385536934541076
 137   0.102708555480304495045029418278  -0.124664641427302930431084611629
 138   0.232828793404459981533910241415  -0.112734333907384917343596721033
 139   0.328634577047436841871473151773  -0.112734333907384917343596721033
 140   0.424440360690413702209036062130  -0.112734333907384917343596721033
 141  -0.424333481918176526642029834501  -0.097199254172722962924149799799
 142  -0.328527698275199666304466924143  -0.097199254172722962924149799799
 143  -0.232721914632222805966904013786  -0.097199254172722962924149799799
 144  -0.136916130989245945629341103381  -0.097199254172722962924149799722
 145  -0.041055119775617149674629933995  -0.097103375880839517914752058386
 146   0.054750663867359710662932976362  -0.097103375880839517914752058383
 147   0.150611447301792925213810873461  -0.097007893939205062808902128933
 148   0.280731685225948411702691696594  -0.085077586419287049721414238342
 149   0.376537468868925272040254606952  -0.085077586419287049721414238342
 150   0.472343252511902132377817517309  -0.085077586419287049721414238342
 151  -0.472343252511902132377817517309  -0.069728457787844148493833290993
 152  -0.376430590096688096473248379322  -0.069542506684625095301967317108
 153  -0.280624806453711236135685468964  -0.069542506684625095301967317108
 154  -0.184819022810734375798122558607  -0.069542506684625095301967317108
 155  -0.089013239167757515460559648199  -0.069542506684625095301967317031
 156   0.006847772045871280494151521183  -0.069446628392741650292569575694
 157   0.102708555480304495045029418279  -0.069351146451107195186719646247
 158   0.198514339123281355382592328668  -0.069351146451107195186719646182
 159   0.328634577047436841871473151773  -0.057420838931189182099231755651
 160   0.424440360690413702209036062130  -0.057420838931189182099231755651
 161  -0.424333481918176526642029834501  -0.041885759196527227679784834417
 162  -0.328527698275199666304466924143  -0.041885759196527227679784834417
 163  -0.232721914632222805966904013785  -0.041885759196527227679784834417
 164  -0.136916130989245945629341103381  -0.041885759196527227679784834340
 165  -0.041055119775617149674629933998  -0.041789880904643782670387093004
 166   0.054750663867359710662932976364  -0.041789880904643782670387093001
 167   0.150611447301792925213810873457  -0.041694398963009327564537163547
 168   0.246417230944769785551373783847  -0.041694398963009327564537163491
 169   0.376537468868925272040254606952  -0.029764091443091314477049272960
 170   0.472343252511902132377817517309  -0.029764091443091314477049272960
 171  -0.472343252511902132377817517309  -0.014414962811648413249468325611
 172  -0.376430590096688096473248379322  -0.014229011708429360057602351726
 173  -0.280624806453711236135685468964  -0.014229011708429360057602351726
 174  -0.184819022810734375798122558606  -0.014229011708429360057602351726
 175  -0.089013239167757515460559648202  -0.014229011708429360057602351649
 176   0.006847772045871280494151521180  -0.014133133416545915048204610312
 177   0.102708555480304495045029418280  -0.014037651474911459942354680853
 178   0.198514339123281355382592328668  -0.014037651474911459942354680800
 179   0.294320122766258215720155239026  -0.014037651474911459942354680800
 180   0.424440360690413702209036062130  -0.002107343954993446854866790269
 181  -0.424333481918176526642029834501   0.013427735779668507564580130965
 182  -0.328527698275199666304466924143   0.013427735779668507564580130965
 183  -0.232721914632222805966904013785   0.013427735779668507564580130965
 184  -0.136916130989245945629341103382   0.013427735779668507564580131042
 185  -0.041055119775617149674629933999   0.013523614071551952573977872379
 186   0.054750663867359710662932976358   0.013523614071551952573977872381
 187   0.150611447301792925213810873459   0.013619096013186407679827801838
 188   0.246417230944769785551373783847   0.013619096013186407679827801891
 189   0.342223014587746645888936694204   0.013619096013186407679827801891
 190   0.472343252511902132377817517309   0.025549403533104420767315692422
 191  -0.472343252511902132377817517309   0.040898532164547321994896639771
 192  -0.376430590096688096473248379322   0.041084483267766375186762613656
 193  -0.280624806453711236135685468964   0.041084483267766375186762613656
 194  -0.184819022810734375798122558606   0.041084483267766375186762613656
 195  -0.089013239167757515460559648204   0.041084483267766375186762613733
 196   0.006847772045871280494151521179   0.041180361559649820196160355071
 197   0.102708555480304495045029418284   0.041275843501284275302010284536
 198   0.198514339123281355382592328668   0.041275843501284275302010284582
 199   0.294320122766258215720155239026   0.041275843501284275302010284582
 200   0.390125906409235076057718149383   0.041275843501284275302010284582
 201  -0.424333481918176526642029834501   0.068741230755864242808945096347
 202  -0.328527698275199666304466924143   0.068741230755864242808945096347
 203  -0.232721914632222805966904013785   0.068741230755864242808945096347
 204  -0.136916130989245945629341103384   0.068741230755864242808945096424
 205  -0.041055119775617149674629934000   0.068837109047747687818342837762
 206   0.054750663867359710662932976358   0.068837109047747687818342837763
 207   0.150611447301792925213810873463   0.068932590989382142924192767227
 208   0.246417230944769785551373783847   0.068932590989382142924192767273
 209   0.342223014587746645888936694204   0.068932590989382142924192767273
 210   0.438658674751453026696588786412   0.069423449933931052903566004966
 211  -0.472343252511902132377817517309   0.096212027140743057239261605153
 212  -0.376430590096688096473248379322   0.096397978243962110431127579038
 213  -0.280624806453711236135685468964   0.096397978243962110431127579038
 214  -0.184819022810734375798122558607   0.096397978243962110431127579038
 215  -0.089013239167757515460559648205   0.096397978243962110431127579115
 216   0.006847772045871280494151521179   0.096493856535845555440525320454
 217   0.390475097563037473801187843691   0.096588236253901088775377412473
 218   0.102708555480304495045029418290   0.096589338477480010546375249928
 219   0.198514339123281355382592328668   0.096589338477480010546375249964
 220   0.294320122766258215720155239026   0.096589338477480010546375249964
 221   0.472343252511902132377817517309   0.113297496334757685039816317509
 222  -0.424333481918176526642029834501   0.124054725732059978053310061729
 223  -0.328527698275199666304466924143   0.124054725732059978053310061729
 224  -0.232721914632222805966904013786   0.124054725732059978053310061729
 225  -0.136916130989245945629341103384   0.124054725732059978053310061806
 226  -0.041055119775617149674629934000   0.124150604023943423062707803145
 227   0.054750663867359710662932976358   0.124150604023943423062707803145
 228   0.342572205741549043632406388512   0.124244983741998956397559895164
 229   0.150611447301792925213810873469   0.124246085965577878168557732619
 230   0.246417230944769785551373783847   0.124246085965577878168557732655
 231   0.424159675323486579482416574588   0.140462282654727720911627725017
 232  -0.472343252511902132377817517309   0.151525522116938792483626570535
 233  -0.376430590096688096473248379322   0.151711473220157845675492544420
 234  -0.280624806453711236135685468965   0.151711473220157845675492544420
 235  -0.184819022810734375798122558607   0.151711473220157845675492544420
 236  -0.089013239167757515460559648205   0.151711473220157845675492544497
 237   0.006847772045871280494151521179   0.151807351512041290684890285836
 238   0.294669313920060613463624933334   0.151901731230096824019742377855
 239   0.102708555480304495045029418304   0.151902833453675745790740215333
 240   0.198514339123281355382592328668   0.151902833453675745790740215346
 241   0.376256783501998149313635119410   0.168119030142825588533810207708
 242   0.472343252511902132377817517309   0.168610991310953420284181282891
 243  -0.424333481918176526642029834501   0.179368220708255713297675027111
 244  -0.328527698275199666304466924143   0.179368220708255713297675027111
 245  -0.232721914632222805966904013786   0.179368220708255713297675027111
 246  -0.136916130989245945629341103384   0.179368220708255713297675027188
 247  -0.041055119775617149674629933999   0.179464099000139158307072768527
 248   0.054750663867359710662932976358   0.179464099000139158307072768526
 249   0.246766422098572183294843478155   0.179558478718194691641924860546
 250   0.150611447301792925213810873482   0.179559580941773613412922698024
 251   0.328353891680509719144853664231   0.195775777630923456155992690399
 252   0.424159675323486579482416574588   0.195775777630923456155992690399
 253  -0.472343252511902132377817517309   0.206839017093134527727991535917
 254  -0.376430590096688096473248379322   0.207024968196353580919857509802
 255  -0.280624806453711236135685468964   0.207024968196353580919857509802
 256  -0.184819022810734375798122558607   0.207024968196353580919857509802
 257  -0.089013239167757515460559648205   0.207024968196353580919857509879
 258   0.006847772045871280494151521179   0.207120846488237025929255251218
 259   0.198863530277083753126062022976   0.207215226206292559264107343237
 260   0.102708555480304495045029418303   0.207216328429871481035105180715
 261   0.280450999859021288976072209052   0.223432525119021323778175173090
 262   0.376256783501998149313635119410   0.223432525119021323778175173090
 263   0.472343252511902132377817517309   0.223924486287149155528546248273
 264  -0.424333481918176526642029834501   0.234681715684451448542039992493
 265  -0.328527698275199666304466924143   0.234681715684451448542039992493
 266  -0.232721914632222805966904013786   0.234681715684451448542039992493
 267  -0.136916130989245945629341103384   0.234681715684451448542039992570
 268   0.054750663867359710662932976358   0.234777593976334893551437733909
 269   0.150960638455595322957280567790   0.234871973694390426886289825916
 270  -0.040999944409785847759777015806   0.234872941120186321401611787298
 271   0.232548108037532858807290753873   0.251089272607119191400357655781
 272   0.328353891680509719144853664231   0.251089272607119191400357655781
 273   0.424159675323486579482416574588   0.251089272607119191400357655781
 274  -0.472343252511902132377817517309   0.262152512069330262972356501299
 275  -0.089012732550032778425644558211   0.262338463170229253771369089958
 276  -0.376430590096688096473248379322   0.262338463172549316164222475184
 277  -0.280624806453711236135685468964   0.262338463172549316164222475184
 278  -0.184819022810734375798122558607   0.262338463172549316164222475184
 279   0.103057746634106892788499112617   0.262528721182488294508472308616
 280   0.006902947411702582409004439372   0.262529688608284189023794269989
 281   0.184645216216044428638509298686   0.278746020095217059022540138460
 282   0.280450999859021288976072209052   0.278746020095217059022540138472
 283   0.376256783501998149313635119410   0.278746020095217059022540138472
 284   0.472343252511902132377817517309   0.279237981263344890772911213655
 285  -0.136915624371521208594426013389   0.289995210658327121393551572649
 286  -0.424333481918176526642029834501   0.289995210660647183786404957875
 287  -0.328527698275199666304466924143   0.289995210660647183786404957875
 288  -0.232721914632222805966904013786   0.289995210660647183786404957875
 289   0.055099855021162108406402670666   0.290089986728951707024804861800
 290  -0.040999944409785847759777015806   0.290186436096382056645976752680
 291   0.136742324394555998469727843513   0.306402767583314926644722621161
 292   0.232548108037532858807290753873   0.306402767583314926644722621163
 293   0.328353891680509719144853664231   0.306402767583314926644722621163
 294   0.424159675323486579482416574588   0.306402767583314926644722621163
 295  -0.472343252511902132377817517309   0.317466007045525998216721466681
 296  -0.184818516193009638763207468612   0.317651958146424989015734055263
 297  -0.089012732550032778425644558211   0.317651958146424989015734055340
 298  -0.376430590096688096473248379322   0.317651958148745051408587440566
 299  -0.280624806453711236135685468964   0.317651958148745051408587440566
 300   0.007252138565504980152474133681   0.317842081360901002497161397880
 301   0.088813025264854034862788135521   0.334013826617309120247673739693
 302   0.184645216216044428638509298693   0.334059515071412794266905103851
 303   0.280450999859021288976072209052   0.334059515071412794266905103854
 304   0.376256783501998149313635119410   0.334059515071412794266905103854
 305   0.472343252511902132377817517309   0.334551476239540626017276179037
 306  -0.232721408014498068931988923789   0.345308705634522856637916537958
 307  -0.424333481918176526642029834501   0.345308705636842919030769923257
 308  -0.328527570554952386601338293676   0.345308926855980003901125148809
 309  -0.040650753255983450016307321498   0.345498828848998870119343880571
 310  -0.136740748038097656981153981196   0.345611732325767847557064580868
 311   0.040936540751579138132164933157   0.361716262559510661889087586543
 312   0.136742324394555998469727843515   0.361716262559510661889087586543
 313   0.232548108037532858807290753871   0.361716262559510661889087586545
 314   0.328353891680509719144853664231   0.361716262559510661889087586545
 315   0.424159675323486579482416574588   0.361716262559510661889087586545
 316  -0.472343252511902132377817517309   0.372779502021721733461086432063
 317  -0.088663541396230380682174863903   0.372964350899041802489101183232
 318  -0.280624299835986499100770378970   0.372965453122620724260099020645
 319  -0.184818516193009638763207468608   0.372965453122620724260099020645
 320  -0.376430590096688096473248379322   0.372965453124940786652952405948
 321  -0.006966351069909292036616522022   0.389373010047608529511270069234
 322   0.088839432573067568300946388336   0.389373010047608529511270069234
 323   0.184645216216044428638509298692   0.389373010047608529511270069236
 324   0.280450999859021288976072209050   0.389373010047608529511270069236
 325   0.376256783501998149313635119409   0.389373010047608529511270069236
 326   0.472343252511902132377817517309   0.389864971215736361261641144419
 327  -0.136384848951197129739289456038   0.400933253840092320575768144292
 328  -0.054923788196697047373735824026   0.417012187558375737845333161230
 329   0.040936540751579138132164933157   0.417029757535706397133452551925
 330   0.136742324394555998469727843513   0.417029757535706397133452551927
 331   0.232548108037532858807290753871   0.417029757535706397133452551927
 332   0.328353891680509719144853664228   0.417029757535706397133452551927
 333   0.424159675323486579482416574588   0.417029757535706397133452551927
 334  -0.412204761894150340615882981731   0.417051867494235696260586465779
 335  -0.242909852781077564159912501273   0.418343061824334015413961052051
 336  -0.356184192451485875384093348332   0.424440360690413702209036062130
 337  -0.300870697475290140139728382950   0.424440360690413702209036062130
 338  -0.472343252511902132377817517309   0.428092996997917468705451397445
 339  -0.184466622520674499828293571257   0.428277828748017626311777168145
 340  -0.006966351069909292036616522021   0.444686505023804264755635034616
 341   0.088839432573067568300946388335   0.444686505023804264755635034618
 342   0.184645216216044428638509298692   0.444686505023804264755635034618
 343   0.280450999859021288976072209050   0.444686505023804264755635034618
 344   0.376256783501998149313635119407   0.444686505023804264755635034618
 345  -0.102951016460875092294402092418   0.444998677603976826641808493456
 346   0.472343252511902132377817517309   0.445178466191932096506006109805
 347  -0.439154434915779478250640796405   0.472343252511902132377817517309
 348  -0.383840939939583743006275831023   0.472343252511902132377817517309
 349  -0.328527444963388007761910865641   0.472343252511902132377817517309
 350  -0.273213949987192272517545900259   0.472343252511902132377817517309
 351  -0.217900455010996537273180934877   0.472343252511902132377817517309
 352  -0.151032790030352462383406207637   0.472343252511902132377817517309
 353  -0.054869242891397722205397977199   0.472343252511902132377817517309
 354   0.040936540751579138132164933156   0.472343252511902132377817517309
 355   0.136742324394555998469727843513   0.472343252511902132377817517309
 356   0.232548108037532858807290753871   0.472343252511902132377817517309
 357   0.328353891680509719144853664228   0.472343252511902132377817517309
 358   0.424159675323486579482416574586   0.472343252511902132377817517309
