   1  -0.472748062040870981811960068704  -0.472748062040870981811960068704
   2  -0.378344579741018266453401196244  -0.472748062040870981811960068704
   3  -0.283941097441165551094842323785  -0.472748062040870981811960068704
   4  -0.189537615141312835736283451325  -0.472748062040870981811960068704
   5  -0.094981469415330039122411431579  -0.472748062040870981811960068704
   6   0.000387072596606182609354504688  -0.472748062040870981811960068704
   7   0.094790554896458897967913377147  -0.472748062040870981811960068704
   8   0.189194037196311613326472249607  -0.472748062040870981811960068704
   9   0.283612853370043206929036176364  -0.472748062040870981811960068704
  10   0.378344579741018266453401196244  -0.472748062040870981811960068704
  11   0.472748062040870981811960068704  -0.472748062040870981811960068704
  12  -0.047297198409361928256528463445  -0.446349524415800587087998508077
  13   0.330978716555530736691218686304  -0.445782389514368969354890029832
  14  -0.142259542278321437429347441452  -0.445628764179854287817338036776
  15   0.236403445283177410127754212985  -0.445509407922125712654153938762
  16  -0.425546320890944624132680632474  -0.445496124081741963623920137408
  17  -0.331142838591091908774121760015  -0.445496124081741963623920137408
  18  -0.236739356291239193415562887555  -0.445496124081741963623920137408
  19   0.047588813746532540288633940918  -0.445496124081741963623920137408
  20   0.141992296046385255647192813377  -0.445496124081741963623920137408
  21   0.425546320890944624132680632474  -0.445496124081741963623920137408
  22  -0.472748062040870981811960068704  -0.418244186122612945435880206112
  23  -0.378344579741018266453401196244  -0.418244186122612945435880206112
  24  -0.283941097441165551094842323785  -0.418244186122612945435880206112
  25  -0.189537615141312835736283451325  -0.418244186122612945435880206112
  26  -0.094981469415330039122411431579  -0.418244186122612945435880206112
  27   0.000387072596606182609354504688  -0.418244186122612945435880206112
  28   0.094790554896458897967913377147  -0.418244186122612945435880206112
  29   0.189194037196311613326472249607  -0.418244186122612945435880206112
  30   0.283612853370043206929036176364  -0.418244186122612945435880206112
  31   0.378344579741018266453401196244  -0.418244186122612945435880206112
  32   0.472748062040870981811960068704  -0.418244186122612945435880206112
  33  -0.047297198409361928256528463446  -0.391845648497542550711918645485
  34   0.330978716555530736691218686304  -0.391278513596110932978810167240
  35  -0.142259542278321437429347441452  -0.391124888261596251441258174183
  36   0.236403445283177410127754212985  -0.391005532003867676278074076170
  37  -0.425546320890944624132680632474  -0.390992248163483927247840274815
  38  -0.331142838591091908774121760015  -0.390992248163483927247840274815
  39  -0.236739356291239193415562887555  -0.390992248163483927247840274815
  40   0.047588813746532540288633940918  -0.390992248163483927247840274815
  41   0.141992296046385255647192813377  -0.390992248163483927247840274815
  42   0.425546320890944624132680632474  -0.390992248163483927247840274815
  43  -0.472748062040870981811960068704  -0.363740310204354909059800343519
  44  -0.378344579741018266453401196244  -0.363740310204354909059800343519
  45  -0.283941097441165551094842323785  -0.363740310204354909059800343519
  46  -0.189537615141312835736283451325  -0.363740310204354909059800343519
  47  -0.094981469415330039122411431579  -0.363740310204354909059800343519
  48   0.000387072596606182609354504688  -0.363740310204354909059800343519
  49   0.094790554896458897967913377147  -0.363740310204354909059800343519
  50   0.189194037196311613326472249607  -0.363740310204354909059800343519
  51   0.283612853370043206929036176364  -0.363740310204354909059800343519
  52   0.378344579741018266453401196244  -0.363740310204354909059800343519
  53   0.472748062040870981811960068704  -0.363740310204354909059800343519
  54  -0.047297198409361928256528463446  -0.337341772579284514335838782893
  55   0.330978716555530736691218686304  -0.336774637677852896602730304648
  56  -0.142259542278321437429347441452  -0.336621012343338215065178311591
  57   0.236403445283177410127754212985  -0.336501656085609639901994213578
  58  -0.425546320890944624132680632474  -0.336488372245225890871760412223
  59  -0.331142838591091908774121760015  -0.336488372245225890871760412223
  60  -0.236739356291239193415562887555  -0.336488372245225890871760412223
  61   0.047588813746532540288633940918  -0.336488372245225890871760412223
  62   0.141992296046385255647192813377  -0.336488372245225890871760412223
  63   0.425546320890944624132680632474  -0.336488372245225890871760412223
  64  -0.472748062040870981811960068704  -0.309236434286096872683720480927
  65  -0.378344579741018266453401196244  -0.309236434286096872683720480927
  66  -0.283941097441165551094842323785  -0.309236434286096872683720480927
  67  -0.189537615141312835736283451325  -0.309236434286096872683720480927
  68  -0.094981469415330039122411431579  -0.309236434286096872683720480927
  69   0.000387072596606182609354504688  -0.309236434286096872683720480927
  70   0.094790554896458897967913377147  -0.309236434286096872683720480927
  71   0.189194037196311613326472249607  -0.309236434286096872683720480927
  72   0.283612853370043206929036176364  -0.309236434286096872683720480927
  73   0.378344579741018266453401196244  -0.309236434286096872683720480927
  74   0.472748062040870981811960068704  -0.309236434286096872683720480927
  75  -0.047297198409361928256528463446  -0.282837896661026477959758920300
  76   0.330978716555530736691218686304  -0.282270761759594860226650442056
  77  -0.142259542278321437429347441452  -0.282117136425080178689098448999
  78   0.236403445283177410127754212985  -0.281997780167351603525914350985
  79  -0.425546320890944624132680632474  -0.281984496326967854495680549631
  80  -0.331142838591091908774121760015  -0.281984496326967854495680549631
  81  -0.236739356291239193415562887555  -0.281984496326967854495680549631
  82   0.047588813746532540288633940918  -0.281984496326967854495680549631
  83   0.141992296046385255647192813377  -0.281984496326967854495680549631
  84   0.425546320890944624132680632474  -0.281984496326967854495680549631
  85  -0.472748062040870981811960068704  -0.254732558367838836307640618335
  86  -0.378344579741018266453401196244  -0.254732558367838836307640618335
  87  -0.283941097441165551094842323785  -0.254732558367838836307640618335
  88  -0.189537615141312835736283451325  -0.254732558367838836307640618335
  89  -0.094981469415330039122411431579  -0.254732558367838836307640618335
  90   0.000387072596606182609354504688  -0.254732558367838836307640618335
  91   0.094790554896458897967913377147  -0.254732558367838836307640618335
  92   0.189194037196311613326472249607  -0.254732558367838836307640618335
  93   0.283612853370043206929036176364  -0.254732558367838836307640618335
  94   0.378344579741018266453401196244  -0.254732558367838836307640618335
  95   0.472748062040870981811960068704  -0.254732558367838836307640618335
  96  -0.047297198409361928256528463446  -0.228334020742768441583679057708
  97   0.330978716555530736691218686304  -0.227766885841336823850570579463
  98  -0.142259542278321437429347441452  -0.227613260506822142313018586407
  99   0.236403445283177410127754212985  -0.227493904249093567149834488393
 100  -0.425546320890944624132680632474  -0.227480620408709818119600687039
 101  -0.331142838591091908774121760014  -0.227480620408709818119600687039
 102  -0.236739356291239193415562887555  -0.227480620408709818119600687039
 103   0.047588813746532540288633940918  -0.227480620408709818119600687039
 104   0.141992296046385255647192813377  -0.227480620408709818119600687039
 105   0.425546320890944624132680632474  -0.227480620408709818119600687039
 106  -0.472748062040870981811960068704  -0.200228682449580799931560755742
 107  -0.378344579741018266453401196244  -0.200228682449580799931560755742
 108  -0.283941097441165551094842323785  -0.200228682449580799931560755742
 109  -0.189537615141312835736283451325  -0.200228682449580799931560755742
 110  -0.094981469415330039122411431579  -0.200228682449580799931560755743
 111   0.000387072596606182609354504688  -0.200228682449580799931560755742
 112   0.094790554896458897967913377147  -0.200228682449580799931560755742
 113   0.189194037196311613326472249607  -0.200228682449580799931560755742
 114   0.283612853370043206929036176364  -0.200228682449580799931560755743
 115   0.378344579741018266453401196244  -0.200228682449580799931560755742
 116   0.472748062040870981811960068704  -0.200228682449580799931560755742
 117  -0.047297198409361928256528463446  -0.173830144824510405207599195116
 118   0.330978716555530736691218686304  -0.173263009923078787474490716871
 119  -0.142259542278321437429347441452  -0.173109384588564105936938723814
 120   0.236403445283177410127754212985  -0.172990028330835530773754625801
 121  -0.425546320890944624132680632474  -0.172976744490451781743520824446
 122  -0.331142838591091908774121760014  -0.172976744490451781743520824446
 123  -0.236739356291239193415562887555  -0.172976744490451781743520824446
 124   0.047588813746532540288633940918  -0.172976744490451781743520824446
 125   0.141992296046385255647192813377  -0.172976744490451781743520824446
 126   0.425546320890944624132680632474  -0.172976744490451781743520824446
 127  -0.472748062040870981811960068704  -0.145724806531322763555480893150
 128  -0.378344579741018266453401196244  -0.145724806531322763555480893150
 129  -0.283941097441165551094842323785  -0.145724806531322763555480893150
 130  -0.189537615141312835736283451325  -0.145724806531322763555480893150
 131  -0.094981469415330039122411431579  -0.145724806531322763555480893150
 132   0.000387072596606182609354504688  -0.145724806531322763555480893150
 133   0.094790554896458897967913377147  -0.145724806531322763555480893150
 134   0.189194037196311613326472249607  -0.145724806531322763555480893150
 135   0.283612853370043206929036176364  -0.145724806531322763555480893151
 136   0.378344579741018266453401196244  -0.145724806531322763555480893150
 137   0.472748062040870981811960068704  -0.145724806531322763555480893150
 138  -0.047297198409361928256528463446  -0.119326268906252368831519332523
 139   0.330978716555530736691218686304  -0.118759134004820751098410854279
 140  -0.142259542278321437429347441452  -0.118605508670306069560858861222
 141   0.236403445283177410127754212985  -0.118486152412577494397674763209
 142  -0.425546320890944624132680632474  -0.118472868572193745367440961854
 143  -0.331142838591091908774121760014  -0.118472868572193745367440961854
 144  -0.236739356291239193415562887555  -0.118472868572193745367440961854
 145   0.047588813746532540288633940918  -0.118472868572193745367440961854
 146   0.141992296046385255647192813377  -0.118472868572193745367440961854
 147   0.425546320890944624132680632474  -0.118472868572193745367440961854
 148  -0.472748062040870981811960068704  -0.091220930613064727179401030558
 149  -0.378344579741018266453401196244  -0.091220930613064727179401030558
 150  -0.283941097441165551094842323785  -0.091220930613064727179401030558
 151  -0.189537615141312835736283451325  -0.091220930613064727179401030558
 152  -0.094981469415330039122411431579  -0.091220930613064727179401030558
 153   0.000387072596606182609354504688  -0.091220930613064727179401030558
 154   0.094790554896458897967913377147  -0.091220930613064727179401030558
 155   0.189194037196311613326472249607  -0.091220930613064727179401030558
 156   0.283612853370043206929036176364  -0.091220930613064727179401030558
 157   0.378344579741018266453401196244  -0.091220930613064727179401030558
 158   0.472748062040870981811960068704  -0.091220930613064727179401030558
 159  -0.047297198409361928256528463446  -0.064822392987994332455439469931
 160   0.330978716555530736691218686304  -0.064255258086562714722330991686
 161  -0.142259542278321437429347441452  -0.064101632752048033184778998630
 162   0.236403445283177410127754212986  -0.063982276494319458021594900616
 163  -0.425546320890944624132680632474  -0.063968992653935708991361099262
 164  -0.331142838591091908774121760014  -0.063968992653935708991361099262
 165  -0.236739356291239193415562887555  -0.063968992653935708991361099262
 166   0.047588813746532540288633940918  -0.063968992653935708991361099262
 167   0.141992296046385255647192813377  -0.063968992653935708991361099262
 168   0.425546320890944624132680632474  -0.063968992653935708991361099262
 169  -0.472748062040870981811960068704  -0.036717054694806690803321167966
 170  -0.378344579741018266453401196244  -0.036717054694806690803321167966
 171  -0.283941097441165551094842323785  -0.036717054694806690803321167966
 172  -0.189537615141312835736283451325  -0.036717054694806690803321167966
 173  -0.094981469415330039122411431579  -0.036717054694806690803321167966
 174   0.000387072596606182609354504688  -0.036717054694806690803321167966
 175   0.094790554896458897967913377147  -0.036717054694806690803321167966
 176   0.189194037196311613326472249607  -0.036717054694806690803321167966
 177   0.283612853370043206929036176364  -0.036717054694806690803321167966
 178   0.378344579741018266453401196244  -0.036717054694806690803321167966
 179   0.472748062040870981811960068704  -0.036717054694806690803321167966
 180  -0.047297198409361928256528463446  -0.010318517069736296079359607339
 181   0.330978716555530736691218686304  -0.009751382168304678346251129094
 182  -0.142259542278321437429347441452  -0.009597756833789996808699136038
 183   0.236403445283177410127754212986  -0.009478400576061421645515038024
 184  -0.425546320890944624132680632474  -0.009465116735677672615281236669
 185  -0.331142838591091908774121760014  -0.009465116735677672615281236669
 186  -0.236739356291239193415562887555  -0.009465116735677672615281236669
 187   0.047588813746532540288633940918  -0.009465116735677672615281236669
 188   0.141992296046385255647192813377  -0.009465116735677672615281236669
 189   0.425546320890944624132680632474  -0.009465116735677672615281236669
 190  -0.472748062040870981811960068704   0.017786821223451345572758694627
 191  -0.378344579741018266453401196244   0.017786821223451345572758694627
 192  -0.283941097441165551094842323785   0.017786821223451345572758694627
 193  -0.189537615141312835736283451325   0.017786821223451345572758694627
 194  -0.094981469415330039122411431579   0.017786821223451345572758694626
 195   0.000387072596606182609354504688   0.017786821223451345572758694627
 196   0.094790554896458897967913377147   0.017786821223451345572758694627
 197   0.189194037196311613326472249607   0.017786821223451345572758694627
 198   0.283612853370043206929036176364   0.017786821223451345572758694626
 199   0.378344579741018266453401196244   0.017786821223451345572758694627
 200   0.472748062040870981811960068704   0.017786821223451345572758694627
 201  -0.047297198409361928256528463446   0.044185358848521740296720255253
 202   0.330978716555530736691218686304   0.044752493749953358029828733498
 203  -0.142259542278321437429347441452   0.044906119084468039567380726555
 204   0.236403445283177410127754212986   0.045025475342196614730564824568
 205  -0.425546320890944624132680632474   0.045038759182580363760798625923
 206  -0.331142838591091908774121760014   0.045038759182580363760798625923
 207  -0.236739356291239193415562887555   0.045038759182580363760798625923
 208   0.047588813746532540288633940918   0.045038759182580363760798625923
 209   0.141992296046385255647192813377   0.045038759182580363760798625923
 210   0.425546320890944624132680632474   0.045038759182580363760798625923
 211  -0.472748062040870981811960068704   0.072290697141709381948838557219
 212  -0.378344579741018266453401196244   0.072290697141709381948838557219
 213  -0.283941097441165551094842323785   0.072290697141709381948838557219
 214  -0.189537615141312835736283451325   0.072290697141709381948838557219
 215  -0.094981469415330039122411431579   0.072290697141709381948838557219
 216   0.000387072596606182609354504688   0.072290697141709381948838557219
 217   0.094790554896458897967913377147   0.072290697141709381948838557219
 218   0.189194037196311613326472249607   0.072290697141709381948838557219
 219   0.283612853370043206929036176364   0.072290697141709381948838557218
 220   0.378344579741018266453401196244   0.072290697141709381948838557219
 221   0.472748062040870981811960068704   0.072290697141709381948838557219
 222  -0.047297198409361928256528463446   0.098689234766779776672800117846
 223   0.330978716555530736691218686304   0.099256369668211394405908596090
 224  -0.142259542278321437429347441452   0.099409995002726075943460589147
 225   0.236403445283177410127754212986   0.099529351260454651106644687160
 226  -0.425546320890944624132680632474   0.099542635100838400136878488515
 227  -0.331142838591091908774121760014   0.099542635100838400136878488515
 228  -0.236739356291239193415562887555   0.099542635100838400136878488515
 229   0.047588813746532540288633940918   0.099542635100838400136878488515
 230   0.141992296046385255647192813377   0.099542635100838400136878488515
 231   0.425546320890944624132680632474   0.099542635100838400136878488515
 232  -0.472748062040870981811960068704   0.126794573059967418324918419811
 233  -0.378344579741018266453401196244   0.126794573059967418324918419811
 234  -0.283941097441165551094842323785   0.126794573059967418324918419811
 235  -0.189537615141312835736283451325   0.126794573059967418324918419811
 236  -0.094981469415330039122411431579   0.126794573059967418324918419811
 237   0.000387072596606182609354504688   0.126794573059967418324918419811
 238   0.094790554896458897967913377147   0.126794573059967418324918419811
 239   0.189194037196311613326472249607   0.126794573059967418324918419811
 240   0.283612853370043206929036176364   0.126794573059967418324918419811
 241   0.378344579741018266453401196244   0.126794573059967418324918419811
 242   0.472748062040870981811960068704   0.126794573059967418324918419811
 243  -0.047297198409361928256528463446   0.153193110685037813048879980438
 244   0.330978716555530736691218686304   0.153760245586469430781988458683
 245  -0.142259542278321437429347441452   0.153913870920984112319540451739
 246   0.236403445283177410127754212986   0.154033227178712687482724549753
 247  -0.425546320890944624132680632474   0.154046511019096436512958351107
 248  -0.331142838591091908774121760014   0.154046511019096436512958351107
 249  -0.236739356291239193415562887555   0.154046511019096436512958351107
 250   0.047588813746532540288633940918   0.154046511019096436512958351107
 251   0.141992296046385255647192813377   0.154046511019096436512958351107
 252   0.425546320890944624132680632474   0.154046511019096436512958351107
 253  -0.472748062040870981811960068704   0.181298448978225454700998282403
 254  -0.378344579741018266453401196244   0.181298448978225454700998282404
 255  -0.283941097441165551094842323785   0.181298448978225454700998282404
 256  -0.189537615141312835736283451325   0.181298448978225454700998282404
 257  -0.094981469415330039122411431579   0.181298448978225454700998282403
 258   0.000387072596606182609354504688   0.181298448978225454700998282404
 259   0.094790554896458897967913377147   0.181298448978225454700998282404
 260   0.189194037196311613326472249607   0.181298448978225454700998282404
 261   0.283612853370043206929036176364   0.181298448978225454700998282403
 262   0.378344579741018266453401196244   0.181298448978225454700998282404
 263   0.472748062040870981811960068704   0.181298448978225454700998282404
 264  -0.047297198409361928256528463446   0.207696986603295849424959843030
 265   0.330978716555530736691218686304   0.208264121504727467158068321275
 266  -0.142259542278321437429347441452   0.208417746839242148695620314331
 267   0.236403445283177410127754212986   0.208537103096970723858804412345
 268  -0.425546320890944624132680632474   0.208550386937354472889038213700
 269  -0.331142838591091908774121760014   0.208550386937354472889038213700
 270  -0.236739356291239193415562887555   0.208550386937354472889038213700
 271   0.047588813746532540288633940918   0.208550386937354472889038213700
 272   0.141992296046385255647192813377   0.208550386937354472889038213700
 273   0.425546320890944624132680632474   0.208550386937354472889038213700
 274  -0.472748062040870981811960068704   0.235802324896483491077078144996
 275  -0.378344579741018266453401196244   0.235802324896483491077078144996
 276  -0.283941097441165551094842323785   0.235802324896483491077078144996
 277  -0.189537615141312835736283451325   0.235802324896483491077078144996
 278  -0.094981469415330039122411431579   0.235802324896483491077078144995
 279   0.000387072596606182609354504688   0.235802324896483491077078144996
 280   0.094790554896458897967913377147   0.235802324896483491077078144996
 281   0.189194037196311613326472249607   0.235802324896483491077078144996
 282   0.283612853370043206929036176364   0.235802324896483491077078144995
 283   0.378344579741018266453401196244   0.235802324896483491077078144996
 284   0.472748062040870981811960068704   0.235802324896483491077078144996
 285  -0.047297198409361928256528463446   0.262200862521553885801039705622
 286   0.330978716555530736691218686304   0.262767997422985503534148183867
 287  -0.142259542278321437429347441452   0.262921622757500185071700176924
 288   0.236403445283177410127754212986   0.263040979015228760234884274937
 289  -0.425546320890944624132680632474   0.263054262855612509265118076292
 290  -0.331142838591091908774121760014   0.263054262855612509265118076292
 291  -0.236739356291239193415562887555   0.263054262855612509265118076292
 292   0.047588813746532540288633940918   0.263054262855612509265118076292
 293   0.141992296046385255647192813377   0.263054262855612509265118076292
 294   0.425546320890944624132680632474   0.263054262855612509265118076292
 295  -0.472748062040870981811960068704   0.290306200814741527453158007588
 296  -0.378344579741018266453401196244   0.290306200814741527453158007588
 297  -0.283941097441165551094842323785   0.290306200814741527453158007588
 298  -0.189537615141312835736283451325   0.290306200814741527453158007588
 299  -0.094981469415330039122411431579   0.290306200814741527453158007588
 300   0.000387072596606182609354504688   0.290306200814741527453158007588
 301   0.094790554896458897967913377147   0.290306200814741527453158007588
 302   0.189194037196311613326472249607   0.290306200814741527453158007588
 303   0.283612853370043206929036176364   0.290306200814741527453158007587
 304   0.378344579741018266453401196244   0.290306200814741527453158007588
 305   0.472748062040870981811960068704   0.290306200814741527453158007588
 306  -0.047297198409361928256528463446   0.316704738439811922177119568215
 307   0.330978716555530736691218686304   0.317271873341243539910228046459
 308  -0.142259542278321437429347441452   0.317425498675758221447780039516
 309   0.236403445283177410127754212986   0.317544854933486796610964137530
 310  -0.425546320890944624132680632474   0.317558138773870545641197938884
 311  -0.331142838591091908774121760014   0.317558138773870545641197938884
 312  -0.236739356291239193415562887555   0.317558138773870545641197938884
 313   0.047588813746532540288633940918   0.317558138773870545641197938884
 314   0.141992296046385255647192813377   0.317558138773870545641197938884
 315   0.425546320890944624132680632474   0.317558138773870545641197938884
 316  -0.472748062040870981811960068704   0.344810076732999563829237870180
 317  -0.378344579741018266453401196244   0.344810076732999563829237870181
 318  -0.283941097441165551094842323785   0.344810076732999563829237870181
 319  -0.189537615141312835736283451325   0.344810076732999563829237870181
 320  -0.094981469415330039122411431579   0.344810076732999563829237870180
 321   0.000387072596606182609354504688   0.344810076732999563829237870181
 322   0.094790554896458897967913377147   0.344810076732999563829237870181
 323   0.189194037196311613326472249607   0.344810076732999563829237870181
 324   0.283612853370043206929036176364   0.344810076732999563829237870180
 325   0.472748062040870981811960068704   0.344810076732999563829237870181
 326   0.378344579741018266453401196246   0.344810076732999563829237870184
 327  -0.047297198409361928256528463446   0.371208614358069958553199430807
 328   0.330978716555530736691218686304   0.371775749259501576286307909052
 329  -0.142259542278321437429347441452   0.371929374594016257823859902108
 330   0.236403445283177410127754212986   0.372048730851744832987044000122
 331  -0.425546320890944624132680632474   0.372062014692128582017277801476
 332  -0.331142838591091908774121760014   0.372062014692128582017277801477
 333  -0.236739356291239193415562887555   0.372062014692128582017277801477
 334   0.047588813746532540288633940918   0.372062014692128582017277801477
 335   0.141992296046385255647192813377   0.372062014692128582017277801477
 336   0.421414120907441392487801224399   0.378211979580392135396391365494
 337   0.471671734028768909288632325745   0.399303324095615353427038799348
 338  -0.472748062040870981811960068704   0.399313952651257600205317732773
 339  -0.375460334220440689014368022895   0.403798366409207817338157665796
 340   0.281511334625033145730973867296   0.406021983309731863754768119732
 341  -0.099520338006100078423240532156   0.408797775483007033861315752479
 342   0.010182480084971358582817706996   0.412765876104983112500186340192
 343   0.173977504683094662604190558827   0.418302464012296929878429062509
 344  -0.206196107967763722563295819740   0.418464169244883297148076937341
 345  -0.262252674601933231352562721881   0.420225725916348758697449795413
 346   0.117887591729243393560640293967   0.420945915108278179440996563333
 347   0.063480798434316412995177893349   0.424197581369744269307810903377
 348  -0.316581949684393806827257488955   0.424584895461938461718676476174
 349  -0.152052170112828774373099614977   0.425546320890944624132680632474
 350  -0.043044418276312701620939889792   0.425546320890944624132680632474
 351   0.339889278633240561832087364357   0.425546320890944624132680632474
 352   0.394393154551498598208167226949   0.425546320890944624132680632474
 353   0.229849877411899870198106042129   0.426157170473207094128825398151
 354  -0.425546320890944624132680632474   0.426565890610386618393357664069
 355   0.472748062040870981811960068704   0.453796571458231143024839728515
 356  -0.472384726879966649870395306024   0.455136982178595089955997022920
 357  -0.233448264148282028477725857419   0.466496434021266038134425691290
 358   0.147390780793639311223752140239   0.466774228683440177153282295183
 359  -0.396600172061122337146471893749   0.472748062040870981811960068704
 360  -0.342096296142864300770392031157   0.472748062040870981811960068704
 361  -0.287592420224606264394312168565   0.472748062040870981811960068704
 362  -0.179304108071957792561139546273   0.472748062040870981811960068704
 363  -0.124800232153699756185059683681   0.472748062040870981811960068704
 364  -0.070296356235441719808979821088   0.472748062040870981811960068704
 365  -0.015792480317183683432899958496   0.472748062040870981811960068704
 366   0.038711395601074352943179904096   0.472748062040870981811960068704
 367   0.093215271519332389319259766688   0.472748062040870981811960068704
 368   0.201566290067946233128244513789   0.472748062040870981811960068704
 369   0.258133464755853507267967570468   0.472748062040870981811960068704
 370   0.312637340674111543644047433060   0.472748062040870981811960068704
 371   0.367141216592369580020127295653   0.472748062040870981811960068704
 372   0.421645092510627616396207158245   0.472748062040870981811960068704
