   1  -0.472564525729694647090543908174  -0.472564626113058299303864616131
   2  -0.285153963148957814131115229946  -0.472564626113058299303864616131
   3  -0.190106702119280961724817511274  -0.472564626113058299303864616131
   4  -0.095067771228021614978803470517  -0.472564626113058299303864616131
   5  -0.000028848234358693585982023044  -0.472564626113058299303864616131
   6   0.095010074208877493010554579646  -0.472564626113058299303864616131
   7   0.190048997202540414403376027118  -0.472564626113058299303864616131
   8   0.285087920196203335796197474591  -0.472564626113058299303864616131
   9   0.380126843189866257189018922063  -0.472564626113058299303864616131
  10  -0.374979204836949974230148187165  -0.472564208361929694593857518057
  11   0.472504500499641964024196817567  -0.472480877289915193118057872650
  12  -0.423772857099474572495920289687  -0.447461398560730918164182966448
  13  -0.237630332634119387927966370610  -0.445136474444485219330028205478
  14  -0.142587236673651288351810490895  -0.445129259065636868509257110679
  15  -0.047548309731190154282392746780  -0.445129252226116598607729232263
  16   0.142529535705708953706965303382  -0.445129252226116598607729232263
  17   0.237568458699371875099786750854  -0.445129252226116598607729232263
  18   0.332607381693034796492608198327  -0.445129252226116598607729232263
  19   0.047490612987259399712286278301  -0.445129251749433068873540215502
  20   0.425045164616226838607453892409  -0.441050448962079310877366946694
  21  -0.330041133308439698072846133889  -0.441006094519543854684030514578
  22  -0.472564626113058299303864616131  -0.417693878339266721151725971720
  23  -0.190106702119280961724817511274  -0.417693878339174897911593848394
  24  -0.095067771228021614978803470517  -0.417693878339174897911593848394
  25   0.190048997202540414403376027118  -0.417693878339174897911593848394
  26   0.285087920196203335796197474591  -0.417693878339174897911593848394
  27  -0.000028848509572060984124445435  -0.417693877862491368177404831633
  28   0.095010074484090860408697002037  -0.417693877862491368177404831633
  29  -0.378855148403366395589353053691  -0.415946348080734886409209583571
  30   0.377525703119395377911043168673  -0.413615075075137610181231562825
  31   0.472564626113058299303864616131  -0.413615075075137610181231562802
  32  -0.282512424795057207575461912775  -0.413570721411772469421649934430
  33  -0.142587236673651288351810490895  -0.390258511291753467116986342942
  34   0.237568458699371875099786750854  -0.390258504452233197215458464526
  35  -0.047548310006403521680535169172  -0.390258503975549667481269447764
  36   0.047490612987259399712286278301  -0.390258503975549667481269447765
  37   0.142529535980922321105107725773  -0.390258503975549667481269447765
  38  -0.426242064458660286711287910366  -0.388282668859892617927137378185
  39   0.330006241622563917214632444937  -0.386179701188195909485096178957
  40   0.425045164616226838607453892395  -0.386179701188195909485096178933
  41  -0.330031886291888668271872626573  -0.386135347524830768725514533348
  42  -0.234993373412970839147214811979  -0.386134637197516130905994896435
  43  -0.095067771836965604197490643914  -0.362823130565291022993652403188
  44  -0.000028848509572060984124445435  -0.362823130088607966785134063896
  45   0.095010074484090860408697002037  -0.362823130088607966785134063896
  46   0.190048997477753781801518449509  -0.362823130088607966785134063896
  47  -0.378725454415174366653919943206  -0.360842356703497180159881448064
  48  -0.472564626113058299303864616131  -0.358871459380518514702548784649
  49   0.282486780125732456518221721200  -0.358744327301254208788960795088
  50   0.377525703119395377911043168659  -0.358744327301254208788960795064
  51   0.472564626113058299303864616131  -0.358744327301254208788960795064
  52  -0.187473903158562163770559320485  -0.358699263310575129080950070902
  53  -0.282512834909802299843625525776  -0.358699263310574430209859495352
  54  -0.047548310006403521680535169172  -0.335387756201666266088998680027
  55   0.047490612987259399712286278301  -0.335387756201666266088998680027
  56   0.142529535980922321105107725773  -0.335387756201666266088998680027
  57  -0.425048016069572379246496648971  -0.331431147224123076935292854528
  58   0.330006241622563917214632444923  -0.331308953414312508092825411196
  59   0.425045164616226838607453892395  -0.331308953414312508092825411196
  60   0.234967318904114363219953419855  -0.331308952937628978358636394459
  61  -0.234993364655393624466970034312  -0.331263889423633428384814669871
  62  -0.330032296406633760540036221465  -0.331263889423632729513724062904
  63  -0.139954442324070454718137526571  -0.331263888276427358645041692149
  64  -0.000028848509572060984124445435  -0.307952382314724565392863296159
  65   0.095010074484090860408697002037  -0.307952382314724565392863296159
  66  -0.472564626113058299303864616131  -0.303990835067727639168036924408
  67  -0.377588486253824750454442432495  -0.303892229472452222769962713547
  68   0.377525703119395377911043168659  -0.303873579527370807396690027327
  69   0.472564626113058299303864616131  -0.303873579527370807396690027327
  70   0.187447857407282902523542696119  -0.303873579050687277662501010590
  71   0.282486780400945823916364143578  -0.303873579050687277662501010566
  72  -0.282512826152225085163380748110  -0.303828515536691727688679268788
  73  -0.187473903820901915770348898257  -0.303828514389485657332641508699
  74  -0.092434980827878875035450547654  -0.303828514388377351522367952372
  75   0.047490612987259399712286278301  -0.280517008427782864696727912290
  76  -0.425105096297310670511810399656  -0.276451917316056785002706783426
  77   0.425045164616226838607453892395  -0.276438205640429106700554643459
  78   0.139928395910451441827131972383  -0.276438205163745576966365626721
  79   0.234967318904114363219953419842  -0.276438205163745576966365626698
  80   0.330006241897777284612774867314  -0.276438205163745576966365626698
  81  -0.330032287649056545859791443799  -0.276393141649750026992543836340
  82  -0.234993365317733376823721604634  -0.276393140502543956018229834569
  83  -0.139954442324710335731861271391  -0.276393140501435650826232568503
  84  -0.044915519331047414339039823918  -0.276393140501435650826232568503
  85  -0.377585634831158783422755544883  -0.249016543375976504132696644678
  86   0.472564626113058299303864616131  -0.249002831753487406004419259590
  87   0.092408934413619981130721248647  -0.249002831276803876270230242853
  88   0.187447857407282902523542696105  -0.249002831276803876270230242829
  89   0.282486780400945823916364143578  -0.249002831276803876270230242829
  90   0.377525703394608745309185591050  -0.249002831276803876270230242829
  91  -0.282512826814564838527239145290  -0.248957766615602253577734275242
  92  -0.187473903821541796428271995129  -0.248957766614493950130097184639
  93  -0.092434980827878875035450547654  -0.248957766614493950130097184635
  94   0.002603942165784046357370899818  -0.248957766614493950130097184635
  95  -0.472564626113058299303864616131  -0.248912999564385930837376642445
  96   0.139928395910451441827131972369  -0.221567457389862175574094858960
  97   0.234967318904114363219953419842  -0.221567457389862175574094858960
  98   0.330006241897777284612774867314  -0.221567457389862175574094858960
  99   0.425045164891440206005596314786  -0.221567457389862175574094858961
 100  -0.330032288976364416216946338253  -0.221522393875866641653874069012
 101  -0.234993365318373257124682718866  -0.221522392727552249433961800771
 102  -0.139954442324710335731861271391  -0.221522392727552249433961800766
 103  -0.044915519331047414339039823918  -0.221522392727552249433961800766
 104  -0.425045164646906412214809761359  -0.221477625624305649967366503696
 105   0.047522263592144627775805870164  -0.217443589463514961703599515197
 106   0.187447857407282902523542696105  -0.194132083502920474877959475092
 107   0.282486780400945823916364143578  -0.194132083502920474877959475092
 108   0.377525703394608745309185591050  -0.194132083502920474877959475092
 109   0.472564626113058299303864616131  -0.194132083026236945143770458331
 110  -0.282512826815845746684835295379  -0.194087018841718852185478458328
 111  -0.187473903821541796428271995129  -0.194087018840610548737826416902
 112  -0.092434980827878875035450547654  -0.194087018840610548737826416898
 113  -0.472564626113058299303864616132  -0.194042251684225369097356364948
 114  -0.377525789170506088638371325932  -0.194042102746146142029748895864
 115   0.000002802095313167079395146428  -0.190008215576573261007464131329
 116   0.095041725088976088472216593886  -0.190008215576573261007464131305
 117   0.234967318904114363219953419842  -0.166696709615978774181824091223
 118   0.330006241897777284612774867314  -0.166696709615978774181824091223
 119   0.425045164616226838607453892395  -0.166696709139295244447635074462
 120  -0.234993365318373257124682718866  -0.166651644953668848041691033034
 121  -0.139954442324710335731861271391  -0.166651644953668848041691033029
 122  -0.330006327673724347234506443163  -0.166606728859118324992807915092
 123  -0.425045250636693366820829006622  -0.166606728806004562431684788495
 124  -0.047516659401518293617015577308  -0.162572841689631560311328747460
 125   0.047522263592144627775805870150  -0.162572841689631560311328747436
 126   0.142561186585807549168627317623  -0.162572841689631560311328747436
 127   0.282486780400945823916364143578  -0.139261335729037073485688707355
 128   0.377525703119395377911043168659  -0.139261335252353543751499690594
 129   0.472564626113058299303864616131  -0.139261335252353543751499690593
 130  -0.187473903821541796428271995129  -0.139216271066727147345555649165
 131  -0.282486866176893010580004848749  -0.139171354972176409449783651397
 132  -0.377525789139876342124843889356  -0.139171354919037857849354183474
 133  -0.472564626113057933503012713395  -0.139171205927782415847476283191
 134  -0.095036120898349754313426301045  -0.135137467802689859615193363592
 135   0.000002802095313167079395146414  -0.135137467802689859615193363568
 136   0.095041725088976088472216593886  -0.135137467802689859615193363568
 137   0.190080648082639009865038041359  -0.135137467802689859615193363568
 138   0.330006241622563917214632444923  -0.111825961365411843055364306725
 139   0.425045164616226838607453892395  -0.111825961365411843055364306725
 140  -0.234967404680061549883594125013  -0.111735981085234708753648267529
 141  -0.330006327643044897797189598786  -0.111735981032096128801701000643
 142  -0.425045164616226956738851778546  -0.111735832040792249080191089515
 143  -0.142555582395181215009837024783  -0.107702093915748158919057979727
 144  -0.047516659401518293617015577322  -0.107702093915748158919057979699
 145   0.047522263592144627775805870150  -0.107702093915748158919057979699
 146   0.142561186585807549168627317623  -0.107702093915748158919057979699
 147   0.237600109579470470561448765095  -0.107702093915748158919057979699
 148   0.377525703119395377911043168659  -0.084390587478470142359228922856
 149   0.472564626113058299303864616131  -0.084390587478470142359228922856
 150  -0.282486866146213437100778875050  -0.084300607145154428105565616774
 151  -0.472564626113058298512916701962  -0.084300458153850341357827118148
 152  -0.377525703119395379779017342866  -0.084300458153850293314972657955
 153  -0.095036120898349754313426301061  -0.080266720028806458222922595835
 154   0.000002802095313167079395146414  -0.080266720028806458222922595831
 155   0.095041725088976088472216593886  -0.080266720028806458222922595831
 156   0.190080648082639009865038041359  -0.080266720028806458222922595831
 157   0.285119570801088563859717066440  -0.080266719552122928488733579070
 158  -0.190049083253700968465159154667  -0.080221803934255720327150598091
 159   0.425045164616226838607453892395  -0.056955213591528441663093538988
 160  -0.330006241622563917292108182313  -0.056865084266908589517622382082
 161  -0.425045164616226838609685896419  -0.056865084266908589387277041505
 162  -0.047516659401518293617015577322  -0.052831346141864757526787211962
 163   0.047522263592144627775805870150  -0.052831346141864757526787211962
 164   0.142561186585807549168627317623  -0.052831346141864757526787211962
 165   0.237600109304257103163306342704  -0.052831345665181227792598195201
 166   0.332639032297920024556127790176  -0.052831345665181227792598195201
 167  -0.142529621756869507768748430944  -0.052786430047314019631015214199
 168  -0.237568544719852855682343904704  -0.052786429994175439679067947337
 169   0.472564626113058299303864616131  -0.029519839704586740966958155119
 170  -0.377525703119395377911045824724  -0.029429710379966888687299685135
 171  -0.472564626113058299303864616131  -0.029429710379966888687275713264
 172   0.000002802095313167079395146414  -0.025395972254923056830651828093
 173   0.095041725088976088472216593886  -0.025395972254923056830651828093
 174   0.190080647807425642466895618968  -0.025395971778239527096462811333
 175   0.285119570801088563859717066440  -0.025395971778239527096462811332
 176   0.380158493794751485252538513912  -0.025395971778239527096462811332
 177  -0.095010160260038047072337707208  -0.025351056160372318934879830330
 178  -0.190049083223021394985933180982  -0.025351056107233738982932563444
 179  -0.285087920196203335796194396554  -0.025350907115929600956931523530
 180  -0.425045164616226838607448300347  -0.001994336493025187991150015039
 181   0.047522263592144627775805870150   0.002039401632018643865483555775
 182   0.142561186310594181770484895232   0.002039402108702173599672572536
 183   0.237600109304257103163306342704   0.002039402108702173599672572536
 184   0.332639032297920024556127790176   0.002039402108702173599672572536
 185   0.427677955291582945948949237649   0.002039402108702173599672572536
 186  -0.047490698763206586375926983472   0.002084317726569381761255553538
 187  -0.142529621726189934289522457245   0.002084317779707961713202820424
 188  -0.332607381693034796492606203246   0.002084466771012099739201984604
 189  -0.237568458699371875099779874259   0.002084466771012099739210439636
 190  -0.472564626113058299303864616131   0.025441037393916512704995054473
 191   0.095041724813762721074074171496   0.029474775995643874295807956404
 192   0.190080647807425642466895618968   0.029474775995643874295807956405
 193   0.285119570801088563859717066440   0.029474775995643874295807956405
 194   0.380158493794751485252538513912   0.029474775995643874295807956405
 195   0.000028762733624874320483740264   0.029519691613511082457390937407
 196  -0.095010160229358473593111733509   0.029519691666649662409338204293
 197  -0.380126843189866257189012045467   0.029519840657953800435345823505
 198  -0.285087920196203335796190597995   0.029519840657953800435345823505
 199  -0.190048997202540414403369150523   0.029519840657953800435345823505
 200   0.472564626113058299303864616131   0.033598643921991088166303300192
 201   0.142561186310594181770484895231   0.056910149882585574991943340274
 202   0.237600109304257103163306342704   0.056910149882585574991943340274
 203   0.332639032297920024556127790176   0.056910149882585574991943340274
 204  -0.047490698732527012896701009773   0.056955065553591363105473588161
 205   0.047548223955242967618752041610   0.056955065977136312887715338036
 206  -0.332607381693034796492601321731   0.056955214544895501131481207374
 207  -0.237568458699371875099779874259   0.056955214544895501131481207373
 208  -0.142529535705708953706958426786   0.056955214544895501131481207373
 209  -0.427646304686697717885422226004   0.056955214544895501131482148222
 210   0.425045164616226838607453892395   0.061034017808932788862438684060
 211   0.190080647807425642466895618968   0.084345523769527275688078724142
 212   0.285119570801088563859717066440   0.084345523769527275688078724142
 213   0.095067685452074428315162765346   0.084390439864078013583850721905
 214   0.000028762489091080401567291572   0.084390439917216593535797988790
 215  -0.285087920196203335796190597995   0.084390588431837201827616591242
 216  -0.190048997202540414403369150523   0.084390588431837201827616591242
 217  -0.095010074208877493010547703050   0.084390588431837201827616591242
 218  -0.380126843189866257189011502268   0.084390588431837201827617532091
 219  -0.472564626113058299303864616131   0.088469391695874489557969241971
 220   0.377525703119395377911043168659   0.088469391695874489558574067929
 221   0.472564626113058299303864616131   0.088469391695874489558574067929
 222   0.237600109304257103163306342704   0.111780897656468976384214108011
 223   0.142587146948905889011573489082   0.111825813751019714279986105774
 224   0.047548223985922541097978015308   0.111825813804158294231933372660
 225  -0.237568458699371875099779874259   0.111825962318778902523751975111
 226  -0.142529535705708953706958426786   0.111825962318778902523751975111
 227  -0.332607381693034796492600778532   0.111825962318778902523752915959
 228  -0.047490612987259399712279401705   0.111825962795462432257940991871
 229  -0.425045164616226838607453892395   0.115904765582816190254104625840
 230   0.330006241622563917214632444923   0.115904765582816190254709451798
 231   0.425045164616226838607453892395   0.115904765582816190254709451798
 232   0.190106608445737349707984212818   0.139261187637961414976121489642
 233   0.095067685482754001794388739044   0.139261187691099994928068756528
 234  -0.190048997202540414403369150522   0.139261336205720603219887358979
 235  -0.285087920196203335796190054796   0.139261336205720603219888299828
 236  -0.095010074484090860408690125441   0.139261336682404132954076375740
 237   0.000037443374431169290100087489   0.139276217935097164616021827069
 238  -0.472564626113058299303864616131   0.143340139469757890950240009708
 239  -0.377525703119395377911043168659   0.143340139469757890950240009708
 240   0.282486780125732456518221721187   0.143340139469757890950844835666
 241   0.377525703119395377911043168659   0.143340139469757890950844835666
 242   0.472564626113058299303864616131   0.143340139469757890950844835666
 243   0.142587146979585462490799462781   0.166696561578041695624204140397
 244  -0.237568458699371875099779331060   0.166696710092662303916023683696
 245  -0.047490606711389355767352348856   0.166696710569345474747277077606
 246  -0.142529535980922321105100849177   0.166696710569345833650211759608
 247   0.047556904871262629986510811225   0.166711591822038865312157210938
 248  -0.425045164616226838607453892395   0.170775513356699591646375393577
 249  -0.330006241622563917214632444923   0.170775513356699591646375393577
 250   0.330006241622563917214632444923   0.170775513356699591646980219535
 251   0.425045164616226838607453892395   0.170775513356699591646980219535
 252   0.234727621612508972267093847227   0.171194933820267113029124774789
 253  -0.095010068208220816463763072592   0.194132084456287175443412461474
 254  -0.190048997477753781801511029714   0.194132084456287534346348084325
 255   0.000037443374431169290100087489   0.194146965708980566008292594806
 256   0.095076366368094090682921534961   0.194146965708980566008292594806
 257  -0.472564626113058299303864616131   0.198210887243641292342510777446
 258  -0.377525703119395377911043168659   0.198210887243641292342510777445
 259  -0.282486780125732456518221721187   0.198210887243641292342510777446
 260   0.282486780125732456518221721187   0.198210887243641292343115603403
 261   0.377525703119395377911043168659   0.198210887243641292343115603403
 262   0.472564626113058299303864616131   0.198210887243641292343115603403
 263   0.187208159828876010331567659042   0.198630308203963591587072934553
 264  -0.142529529705052277160173796328   0.221567458343228876139547845343
 265  -0.047490606711389355767352348856   0.221567458343228876139547845343
 266   0.047556904871262629986510811225   0.221582339595922266704427978675
 267  -0.425045164616226838607453892395   0.225646261130582993038646161314
 268  -0.330006241622563917214632444923   0.225646261130582993038646161314
 269   0.330006241622563917214632444923   0.225646261130582993039250987272
 270   0.425045164616226838607453892395   0.225646261130582993039250987272
 271  -0.234967315795790367871334531608   0.225646266037675129234008070830
 272   0.234727621612508972285774413810   0.226065681594150514421395542527
 273   0.139555173033586826240287805363   0.226278487908821165033408095588
 274  -0.095010068208220816463763072592   0.249002832230170576835683229212
 275   0.000037443374431169290100087489   0.249017713482863967400563362544
 276  -0.472564626113058299303864616131   0.253081635017524693734781545183
 277  -0.377525703119395377911043168659   0.253081635017524693734781545183
 278  -0.282486780125732456518221721187   0.253081635017524693734781545183
 279  -0.187447851465848279224447342030   0.253081635017524693734781545183
 280   0.377525703119395377911043168659   0.253081635017524693735386371141
 281   0.472564626113058299303864616131   0.253081635017524693735386371141
 282   0.282486780125732456527657445525   0.253081635017524693751729525101
 283   0.187208090250349742197898736914   0.253501055977802878660566807974
 284   0.092016919742440339811238236454   0.253739858762048672667925511817
 285  -0.047490606711389355767352348856   0.276438206117112277531818613080
 286  -0.425045164616226838607453892395   0.280517008904466394430916929051
 287  -0.330006241622563917214632444923   0.280517008904466394430916929051
 288  -0.139928389969016818528036618294   0.280517008904466394430916929051
 289   0.425045164616226838607453892395   0.280517008904466394431521755009
 290   0.330006241607590932557145352670   0.280517008930400364615581836692
 291  -0.234967315795790367871334531608   0.280517013811558530626278838567
 292   0.234727552033982704152105491682   0.280936429367989801494889415948
 293   0.139551381191674901422932924303   0.281149235551686987064032843461
 294   0.044492379090190321345864656563   0.281182253768290892441571864103
 295  -0.472564626113058299303864616131   0.307952382791408095127052312920
 296  -0.377525703119395377911043168659   0.307952382791408095127052312920
 297  -0.282486780125732456518221721187   0.307952382791408095127052312920
 298  -0.187447851465848279224447342030   0.307952382791408095127052312920
 299  -0.092408928472185357831625894558   0.307952382791408095127052312920
 300   0.377525703119395377911043168659   0.307952382791408095127657138878
 301   0.472564626113058299303864616131   0.307952382791408095127657138878
 302   0.282483290923216090207186321148   0.307958427155135226545311682668
 303   0.187208090295225145384521822477   0.308371803751686280034487162304
 304   0.092031939379809229829662004031   0.308610604480287490462913699880
 305  -0.004755973826801907740142888847   0.311228054454625209834481419451
 306  -0.425045164616226838607453892395   0.335387756678349795823187696788
 307  -0.330006241622563917214632444923   0.335387756678349795823187696788
 308  -0.139928389969016818528036618294   0.335387756678349795823187696788
 309   0.425045164616226838607453892395   0.335387756678349795823792522747
 310   0.330006241600918635343987944271   0.335387756715840523802052626032
 311  -0.234967315795790367871334531608   0.335387761585441932018549606304
 312   0.234727552079852774484330279360   0.335807177141873202867987277923
 313   0.139566400829043791441356691880   0.336019981269925804859021031525
 314   0.044516530337279796249350966697   0.336052996227113101024947474016
 315  -0.052330597703178337102946043295   0.345429393932041967184959573292
 316  -0.472564626113058299303864616131   0.362823130565291496519323080657
 317  -0.377525703119395377911043168659   0.362823130565291496519323080657
 318  -0.282486780125732456518221721187   0.362823130565291496519323080657
 319  -0.187447851465848279224447342030   0.362823130565291496519323080657
 320   0.377525703119395377911043168659   0.362823130565291496519927906615
 321   0.472564626113058299303864616131   0.362823130565291496519927906615
 322   0.282483290883558331756599880951   0.362829175080171206502992920194
 323   0.187208090869822820233113467043   0.363242551525569678418210558845
 324   0.092000235230295514241586049158   0.363550209374960018986554699711
 325  -0.001461582924910091002956289233   0.365999816794818926407473345815
 326  -0.099850059200009797799356767031   0.372864767818983667881094957161
 327  -0.425045164616226838607453892395   0.390258504452233197215458464526
 328  -0.330006241622563917214632444923   0.390258504452233197215458464526
 329   0.425045164616226838607453892394   0.390258504452233197216063290485
 330   0.330006241646356528162569451457   0.390258504493443208181342653826
 331  -0.234967315795790367871334531608   0.390258509359325333410820374042
 332   0.234735486334593844381599205731   0.390677924342113987936928279344
 333   0.139574335083784861338625618251   0.390890728470166589927962032945
 334   0.046022121968105626989278793229   0.393497029942665844369080571509
 335  -0.052558257736516774172695329554   0.400690735467974589508171776422
 336  -0.132582803557761963925959604764   0.416903005840902460164324166702
 337  -0.472564626113058299303864616131   0.417693878339174897911593848394
 338  -0.377525703119395377911043168659   0.417693878339174897911593848394
 339  -0.282486780125732456518221721187   0.417693878339174897911593848394
 340  -0.187447851465848279224447342030   0.417693878339174897911593848394
 341   0.472564626113058299303864616131   0.417693878339174897912198674352
 342   0.377525703143187988858980175192   0.417693878380384908877478037696
 343   0.282490752502760178022708527385   0.417700757547992275906723293905
 344   0.187216025124563890130382393414   0.418113298725810463487151560265
 345   0.093596221821594974086318362322   0.420837549037872415310487904743
 346  -0.001533015597713134388318277115   0.420870518071897447657441927160
 347  -0.085291002094268940299298167287   0.444728973489893381791400985963
 348  -0.425045164616226838607453892395   0.445129252226116598607729232263
 349  -0.330006241622563917214632444923   0.445129252226116598607729232263
 350  -0.234967315795790367871334531608   0.445129257133208734803091141779
 351   0.425044307648913233917243160073   0.445130736565927922837889396075
 352   0.329661300454168165970452572854   0.445731782631443111508074854198
 353   0.231202490157848988146230891719   0.450915583023412629879264180096
 354   0.126090608276146009404216124624   0.465051956307533064310175704847
 355  -0.472564626113058299303864616131   0.472564626113058299303864616131
 356  -0.377525703119395377911043168659   0.472564626113058299303864616131
 357  -0.282486780125732456518221721187   0.472564626113058299303864616131
 358  -0.187447851465848279224447342030   0.472564626113058299303864616131
 359  -0.132577103691964877832176574293   0.472564626113058299303864616131
 360  -0.038004900496573002766419760280   0.472564626113058299303864616131
 361   0.016865847277310398625851007457   0.472564626113058299303864616131
 362   0.071736595051193800018121775194   0.472564626113058299303864616131
 363   0.180444621501098218790310474053   0.472564626113058299303864616131
 364   0.281621909973707592859123992775   0.472564626113058299303864616131
 365   0.377523576538327362951383008560   0.472564626113058299303864616131
 366   0.472564626104911244304870805994   0.472564626113058299303864616131
