   1  -0.478189584246604717734259057374  -0.478189832659763297509082296168
   2  -0.024874017925717533416008053570  -0.478189832659763297509082296168
   3   0.201783889768693386130441638581  -0.478189832659763297509082296168
   4   0.277336525694630668524002060717  -0.478189832659763297509082296168
   5   0.352889161615284295452563863185  -0.478189832659763297509082296168
   6   0.428441797532714463603123279904  -0.478189832659763297509082296168
   7   0.050678617960179866363501583360  -0.478189832658794230757843464843
   8   0.126231253860818771195497882779  -0.478189832658608100517572080866
   9  -0.402634552694730042455983178778  -0.478189832657010662859920220321
  10  -0.100420231413436875043434388282  -0.478189777742968723464465196616
  11  -0.175973199894087280947961076888  -0.478189697216074651428943629705
  12  -0.327080523181000000000000000000  -0.478189605041000000000000000000
  13  -0.251526735691000000000000000000  -0.478189485962000000000000000000
  14   0.478152154294000000000000000000  -0.459894774382000000000000000000
  15  -0.440411921141504263211585058424  -0.456380270595617787938091284349
  16   0.239560207732061648476894566067  -0.456379665329607937252057529918
  17   0.315112843655897994981393563335  -0.456379665323613841739988205898
  18   0.390665479575689068893448017324  -0.456379665323261003291049206085
  19   0.164007571814340639885720857547  -0.456379665311416733262769019864
  20   0.088454935905245028664600359337  -0.456379665299162635952985191159
  21   0.012902300016271109653366136195  -0.456379665297216585484041018904
  22  -0.364857444390000000000000000000  -0.456379571917000000000000000000
  23  -0.138196869158359772601746105018  -0.456379332346377055063061557408
  24  -0.213750015436988562995935816966  -0.456379059761040026155054453107
  25  -0.289303533558000000000000000000  -0.456378847127000000000000000000
  26  -0.062646996744763298544256677321  -0.456373882788798914843125899221
  27   0.440413514704893964420987107478  -0.436244492208339454926340458962
  28  -0.478189364742757030155069140577  -0.434569497979842180118606493293
  29   0.352889161622975797426609039247  -0.434569497979289892527925003460
  30   0.201783889776286144269705463591  -0.434569497979289892527907703885
  31   0.277336525701430473627129857099  -0.434569497979289892527776886151
  32  -0.402634520524714820911920692690  -0.434569497971043851279655157406
  33   0.126231253858404883512720329814  -0.434569497951606215534411221617
  34   0.050678617959240335813464649527  -0.434569497936368293190948907307
  35  -0.175973603841950346501318664170  -0.434568834943155363331177137604
  36  -0.327080591946000000000000000000  -0.434568599052000000000000000000
  37  -0.251526797778126056862350705979  -0.434568412677633339504149738621
  38  -0.100423442640830745405557314563  -0.434563937050718780370020689937
  39  -0.024870560739891470420197575421  -0.434563511002511701434880893128
  40   0.402637196748321116389271960589  -0.414434324871053326869123770485
  41   0.478189832659763297509082296168  -0.414434324868102752435055060375
  42  -0.440412131005546893115539702106  -0.412759826082060077457232126480
  43   0.239560207739961893196661026965  -0.412759330649132913095348145172
  44   0.315112843666053125473568643877  -0.412759330642609677276267139035
  45   0.164007571822435475613879992724  -0.412759330624823708725885980461
  46   0.088454935912366387546816240657  -0.412759330593112138821638774215
  47  -0.364857721343000000000000000000  -0.412758813145000000000000000000
  48  -0.213750415350678910095349112994  -0.412758137340084932092575993988
  49  -0.289303874007000000000000000000  -0.412757919237000000000000000000
  50  -0.138199871875682155666255003950  -0.412753962454200457872745492941
  51  -0.062646940328399956644958910557  -0.412753450410849446819946117657
  52   0.012906160714030528026622878895  -0.412752645003798380670409239279
  53   0.364860878795155298244314085860  -0.392624157527866049945137848210
  54   0.440413514702629732137676562383  -0.392624157527866049944563816870
  55  -0.478189660479055221571877905067  -0.390949163300371288743207477654
  56   0.277336525713237131249603521701  -0.390949163298816487547539324597
  57   0.201783889787342516743634072156  -0.390949163298816487547473516239
  58  -0.402634917837144047135735427281  -0.390949163286874621694926360353
  59   0.126231253869900558848688351640  -0.390949163257491071511217295807
  60  -0.327081061265000000000000000000  -0.390947994391000000000000000000
  61  -0.251527362465840303982375098276  -0.390947600827471177335600144660
  62  -0.175976282805652192977635265302  -0.390943956152354711485541794515
  63  -0.100423367877134852616408971311  -0.390943472890467223722703670889
  64  -0.024870515821801023875119566280  -0.390943098744787210956435682736
  65   0.050682682508753230947312591906  -0.390942124746198059271313387686
  66   0.327084560838744918138942114928  -0.370813990190298519184846082273
  67   0.478189832659763297509082296168  -0.370813990187629347453219652711
  68   0.402637196748887666545814068503  -0.370813990185660066677171386785
  69  -0.440412120639936984142151857210  -0.369139381567998755986046266540
  70   0.239560207752548267341828699404  -0.369138995968659508115257616014
  71   0.164007571826990234207649994659  -0.369138995921100114643717529706
  72  -0.364858034876000000000000000000  -0.369138043866000000000000000000
  73  -0.289304614301907881961959530361  -0.369137160007073760839499697167
  74  -0.213752801632876914288780523920  -0.369134136736943518395957238582
  75  -0.138199795334096655591915262052  -0.369133495209851611805181469389
  76  -0.062646690162333614869818158199  -0.369132682631643397181725331736
  77   0.012906247708708764867301554734  -0.369132159783915413206669261974
  78   0.088459000575823502951736268613  -0.369131957192896052126871038771
  79   0.289308242885416632067141175222  -0.349003822847392644964704393296
  80   0.440413514704893964420494673508  -0.349003822847392644962787174778
  81   0.364860878793283159892502028470  -0.349003822846664227677002310669
  82  -0.478189629241748106398480180398  -0.347328828619909068560422277527
  83   0.201783889803498465074885241531  -0.347328828618343082568630000641
  84  -0.402635619332263423549124677018  -0.347328828606536612555042819801
  85  -0.327081491317983307561553820450  -0.347327200568799469625735818759
  86  -0.251529506795136327224575419251  -0.347324640073328516671857316333
  87  -0.175976201617868020810169749193  -0.347323480857086183191162783810
  88  -0.100423216624732950234095472197  -0.347322876411443155962907960637
  89  -0.024870040539475028540266008001  -0.347321940955977004582462848226
  90   0.126235318534180267390111221929  -0.347321789854694235721152924364
  91   0.050682872931070592636791032963  -0.347321460225492173011809418320
  92   0.251531924924727865913734424809  -0.327193655517235496216890418086
  93   0.478189832659763297509007582765  -0.327193655507155942471384245047
  94   0.327084560839139620021557217088  -0.327193655505170414457653837916
  95   0.402637196742587103905565833360  -0.327193655496772497759499148262
  96  -0.440412515502999820387865722733  -0.325518940081729361908665953308
  97  -0.364858952886576287070372835106  -0.325517584509978933472111719919
  98  -0.289306152992494930426541982820  -0.325515041275640773454228201178
  99  -0.213752652803844513745154575668  -0.325513544276857940763959460200
 100  -0.138199449370287873410823259885  -0.325512561455029109456259524943
 101  -0.062646401471150988970837241202  -0.325511848034841443991096003470
 102   0.164011636517570216139387222703  -0.325511622560572009330840911506
 103   0.012906723307969519725744412637  -0.325511001316304679060106615492
 104   0.088460560573707632392719625683  -0.325508920744645548221452422437
 105   0.213755606975677965892422791622  -0.305383488166919239985795039820
 106   0.289308242873778096337814772271  -0.305383488166919239984421650403
 107   0.440413514703684613360187934643  -0.305383488166919239980968531429
 108   0.364860878788220184288128801427  -0.305383488154907270256685086762
 109  -0.478189832659763297509082296168  -0.303708493939909970908042540975
 110  -0.402636016770937202063461415305  -0.303708493924564609154363510190
 111  -0.327083219528152131786096604292  -0.303706170566751702581432356757
 112  -0.251529390586346780620862614784  -0.303704104112184744865730891339
 113  -0.175975919553780596336800161178  -0.303702657754854368627626298828
 114  -0.100422752073458374481980603640  -0.303701737195337851171252369827
 115  -0.024869790019792675161390480528  -0.303701172339400996615027325902
 116   0.050683292722812696943894510983  -0.303700398729197315800328722481
 117   0.126237759763882557480871688338  -0.303697227460555086369445707518
 118   0.478189832659763297508620123245  -0.283573320826682537489548837383
 119   0.327084560827527349470128287500  -0.283573320824697009477352528716
 120   0.402637196739690070450977919173  -0.283573320808782552973992809260
 121   0.251528306973554446876584109718  -0.283567055541328662846853077631
 122   0.175941234902585544621338034410  -0.283554283750390094737972846708
 123  -0.440413388411024637239279039553  -0.281898545348534275797185912419
 124  -0.364859598368947833358379077030  -0.281896108684372879853136660781
 125  -0.289306044792204750764106911167  -0.281894519181446793973282369707
 126  -0.213752423420840025373329141768  -0.281892812397339947538661437190
 127  -0.138199148520190326027115092807  -0.281891705763055123722769796601
 128  -0.062645869045061622268743011059  -0.281890591124037409194024851608
 129   0.012907120978855783152032848594  -0.281889978101692084891364236345
 130   0.088461060357165933812960129330  -0.281887720812000995920582352892
 131   0.213728542366646378527873863856  -0.261763161882680502792245623377
 132   0.289308241499934825593742714280  -0.261763153486445856637511173906
 133   0.440413514704893964417806778635  -0.261763153486445834999149888079
 134   0.364860878778405069807064188231  -0.261763153472524638658939262886
 135   0.138167610883010749391888419795  -0.261739451042150430493812199361
 136  -0.402637196751358739612079025464  -0.260088159260051120638849204756
 137  -0.478189832659705227627330306533  -0.260088159258386687922933715415
 138  -0.327083136269119546964076082844  -0.260085691672174174944493033226
 139  -0.251529172360753594599753181245  -0.260083391532170650159637335684
 140  -0.175975692534252498599645892765  -0.260081929929006612987673711591
 141  -0.100422490423325084339909692694  -0.260080949292612758872750036104
 142  -0.024869319034184932299130641846  -0.260080022129271282000916175941
 143   0.050683717016787872427578868651  -0.260079329543477397896088574456
 144   0.478189832659763297508171480024  -0.239952986146209132507713429719
 145   0.327084559453657813547849662385  -0.239952986144223626131269294456
 146   0.402637196380956896865981782462  -0.239952985518161223909646459151
 147   0.251519961872522784001711801550  -0.239946721659109143155738295191
 148   0.100390870766933097630396532893  -0.239930014919290901470134179745
 149   0.175946578887000000000000000000  -0.239929539229000000000000000000
 150  -0.440413514704949315511492092325  -0.238277991917599545726372380102
 151  -0.364859519847205758565556519580  -0.238275637992144591353202865004
 152  -0.289305941956223567193922770364  -0.238274006445476836943362147414
 153  -0.213752310839897977491346128319  -0.238272282775341015877289291718
 154  -0.138198946618071487506512961213  -0.238271021348310466521488120041
 155  -0.062645568864086451365065654179  -0.238269736749053014205109465440
 156   0.012907539593383126565520735469  -0.238268918752910693162069713635
 157   0.213740022089264576048862042928  -0.218142828712787365453352779892
 158   0.289299896398955707408970079381  -0.218142819604232156665142724373
 159   0.440413514699846362520652764790  -0.218142818805972430017606526374
 160   0.364860877401227332177086368320  -0.218142818791154719279976232126
 161   0.062613431227916431881455329403  -0.218121790331141592966220091997
 162   0.138168552617000000000000000000  -0.218119000109000000000000000000
 163  -0.402637196745066737933298185586  -0.216467824579577715657467591009
 164  -0.478189832659763297509082296168  -0.216467824577266972334078285441
 165  -0.327083048876458974859497575695  -0.216465205663122104130161611784
 166  -0.251529086215926928797556001859  -0.216462907686474401156395435743
 167  -0.175975578376952155162169316265  -0.216461397497285879362652117634
 168  -0.100422291397774911862925832694  -0.216460270130391241613426835576
 169  -0.024869051503172381480617786038  -0.216459224470287974741481279666
 170   0.327076255425245227441567843232  -0.196332652254171580899703406139
 171   0.478189832658608100445291004995  -0.196332651465735727525893318594
 172   0.402637195143746041683423855141  -0.196332650763624942026114793445
 173   0.251517694089194995970484644401  -0.196325058697326815022063051469
 174   0.024834714618756891470073501709  -0.196310780213524964249216203335
 175   0.100390327605000000000000000000  -0.196309554687000000000000000000
 176   0.175944642947555118361646408879  -0.196307855399242053871848910190
 177  -0.440413514700754586753134912715  -0.194657657237099823441609705997
 178  -0.364859440474272689728207891774  -0.194655165866812119856920960880
 179  -0.289305856929202561851884093414  -0.194653524521092960402095325319
 180  -0.213752223323351730333921901152  -0.194651796488432835338466211106
 181  -0.138198867952523485502507427948  -0.194650550659912477543387689629
 182  -0.062645474083073947240206914001  -0.194649238302421519520960329861
 183   0.213735271933771615377541056309  -0.174522494290954539910951698719
 184   0.289298513214426580486722584031  -0.174522484945688884224833161147
 185   0.364852860680687797775995597100  -0.174522484846770299364535961367
 186   0.440413513776357928395454177981  -0.174522484125499034811382587651
 187   0.062612023552226462552489081673  -0.174501430375839851603036910046
 188  -0.012945751604434527038335189758  -0.174499993194944110835749264890
 189   0.138166666692000000000000000000  -0.174497930146000000000000000000
 190  -0.402637196714207985000477468810  -0.172847489899104310686547535549
 191  -0.478189832658720038449095057571  -0.172847489896793567352255353489
 192  -0.327082963282241649352189943148  -0.172844722739055858030574106003
 193  -0.251528996907623802085948239031  -0.172842418296254841550859590542
 194  -0.175975497807901391665170022211  -0.172840923518705991405422722525
 195  -0.100422196755507237970223044337  -0.172839771924082787983457068253
 196   0.327075350680920793214373628206  -0.152712317583080982109981097050
 197   0.478189832659763297509082287678  -0.152712316785262322544073207468
 198   0.402630477778617917864789491961  -0.152712316552242289545330055508
 199   0.251517347033994446523886985710  -0.152704322675736806107090228880
 200   0.024831314631000000000000000000  -0.152690138811000000000000000000
 201  -0.050727399837070956171093524679  -0.152688521086892645969110434299
 202   0.100387510227000000000000000000  -0.152688188734000000000000000000
 203   0.175942087107000000000000000000  -0.152685154416000000000000000000
 204  -0.440413514677160388814691676409  -0.151037322556618835207531480221
 205  -0.364859358885487435412499512718  -0.151034689881313172243377759821
 206  -0.289305770980247175502380964065  -0.151033040949798578832063077372
 207  -0.213752143373826272716168786419  -0.151031323514563615355473115438
 208  -0.138198776560571746498611418229  -0.151030058083470038830889171649
 209   0.213736398943780660854663356848  -0.130902159625040302918137220689
 210   0.289298347262413289661920180560  -0.130902150265531158511819434805
 211   0.364852623298572404770342781538  -0.130902150166133179407302169010
 212   0.440410460496021319559123826766  -0.130902149551885433790592930754
 213   0.062608940664040911278752340662  -0.130880972594331127595856867307
 214  -0.012950008403874922788660711157  -0.130879548888586244417438247359
 215  -0.088506720329582194614546226783  -0.130878305240642929571766555361
 216   0.138163623580000000000000000000  -0.130876613080000000000000000000
 217  -0.402637196695140098399959947396  -0.129227155218630905708879728869
 218  -0.478189832652766906722316193403  -0.129227155216320162370826175828
 219  -0.327082879613075155759871721824  -0.129224243126421394370047305945
 220  -0.251528917449732166069998578550  -0.129221946142963963213323721923
 221  -0.175975408951321834610157725518  -0.129220435236471425768384603126
 222   0.327074911002427436180157289347  -0.109091982904823483756805281564
 223   0.478189458771409541580886090492  -0.109091982106391295238852276587
 224   0.402630076839710269302169095370  -0.109091981829641374152060095217
 225   0.251516125097761421711153393487  -0.109083343911841353319716731534
 226   0.024827408228834417241277359842  -0.109069397513732967330251803232
 227  -0.050730289286450098523938314834  -0.109068076668529687626987015719
 228   0.100384031124000000000000000000  -0.109067068606000000000000000000
 229  -0.126289236793913168833935415629  -0.109066901362230001406384204689
 230   0.175938913476000000000000000000  -0.109063326610000000000000000000
 231  -0.440413514659790398844557019263  -0.107416987876126144991951405294
 232  -0.364859277405218004116571287932  -0.107414214060851929611788101539
 233  -0.289305692533064620727849376457  -0.107412570469988825754316048134
 234  -0.213752057474727933844371125073  -0.107410840295650390928321018521
 235   0.213734012803167808900715251754  -0.087281825009830806045535553987
 236   0.289297594535110623306140139884  -0.087281815591552412458806796185
 237   0.364852078920278695727200175472  -0.087281815488239267434401791754
 238   0.440411046830861585946327574549  -0.087281814875352720087768220482
 239   0.062604854792346547761330049089  -0.087260528271627783783158637572
 240  -0.012952324183349304959676239562  -0.087259104435995263191763566875
 241  -0.088512141303541935490527337350  -0.087257861063428832689418917428
 242  -0.164067433373164238931144369906  -0.087256827103494992490516395001
 243   0.138160282124000000000000000000  -0.087255110338000000000000000000
 244  -0.402637196688614964880762238905  -0.085606820538157500727532366147
 245  -0.478189832649190794273123634758  -0.085606820535846757389137357826
 246  -0.327082800198749676895249555389  -0.085603770961692585270420207138
 247  -0.251528833788890812620917653050  -0.085601466704156544472658199429
 248   0.327074152081125828284022815153  -0.065471648230952063219803099854
 249   0.478189479539439779213086229364  -0.065471647425922834179193425557
 250   0.402629397992235776683418061912  -0.065471647096012415119916422690
 251   0.251514742485414837632637502563  -0.065462956627987662627266755468
 252   0.024824663472828271000069711450  -0.065448953086025397852991115744
 253  -0.050735162331515603633071440432  -0.065447632426662529961373470443
 254  -0.126291105723743436563019019387  -0.065446456888204852251974595723
 255   0.100381239807558765913755228118  -0.065446165865406835036741490562
 256  -0.201850268183415722248545308226  -0.065445470303070791175744375122
 257   0.175935392986000000000000000000  -0.065441798532000000000000000000
 258  -0.440413514647906132410708579111  -0.063796653195634060733689785065
 259  -0.364859199193537626976337347381  -0.063793743947387123682590940981
 260  -0.289305612630795753649435146828  -0.063792097491053431931949532437
 261   0.213730794972994257907602705524  -0.043661490448045521131440410681
 262   0.289296647725056489814274779112  -0.043661480921354596663534279187
 263   0.364851215588230253279302494138  -0.043661480815506999869021863948
 264   0.440410783488528414902235089856  -0.043661480195674233175092483559
 265   0.062602436681552311401230523146  -0.043640083824589534141752520983
 266  -0.012957352091882124916700173260  -0.043638660211703534100044148824
 267  -0.088513562426432503910172192297  -0.043637416572515863410215062574
 268  -0.164073199883768764685794518343  -0.043636382970304690111457062977
 269  -0.239628827442429407572132103333  -0.043635580221904101581409981869
 270   0.138156682363000000000000000000  -0.043633255618000000000000000000
 271  -0.402637196655626491847377082045  -0.041986485857684095758170949811
 272  -0.478189832659763297509082296168  -0.041986485855373352408583208382
 273  -0.327082720142142784117017950495  -0.041983297587808538660890634456
 274   0.327073199949336907357505803227  -0.021851313560870084051437709247
 275   0.478189478891030216581994038022  -0.021851312745449434016612202796
 276   0.402628539616872486920144691332  -0.021851312381421019409011532427
 277   0.251513444624401641359120865579  -0.021842618456611582368070338260
 278   0.024819833189284297451068987821  -0.021828508839402109175291809507
 279  -0.050736605377778883072028440972  -0.021827187936469317766268224177
 280  -0.126296721891367323797842494471  -0.021826012735685369886479113099
 281  -0.201852606173879136308101689067  -0.021825025752245609750590912135
 282   0.100377542422000000000000000000  -0.021824789381000000000000000000
 283  -0.277412092401143894015984632283  -0.021824363166529607722949940701
 284   0.175931924482000000000000000000  -0.021819887233000000000000000000
 285  -0.440413514704884713130541412801  -0.020176318515152673622385337347
 286  -0.364859153571653994702281638730  -0.020173330169611479411053292004
 287   0.213729740868160131846107468436  -0.000041155780308572777338629824
 288   0.289295746988571317508392342405  -0.000041146250181054025146643668
 289   0.364850276629444859509085592422  -0.000041146144750795438456177929
 290   0.440410310516350486801718035089  -0.000041145517765029989727543656
 291   0.062597495009205713652257984516  -0.000019639590443037996801961035
 292  -0.012958621373927275510547142702  -0.000018215716107974298189369197
 293  -0.088518972939506943498004699858  -0.000016972394002983977133420345
 294  -0.164075410643795931147845200701  -0.000015938512264719516363196130
 295  -0.239635104793461805283888162999  -0.000015136062080358576937753854
 296  -0.315192898148988914236716516685  -0.000014510216582696173416770793
 297   0.138153202826000000000000000000  -0.000011899364000000000000000000
 298  -0.402637196748690522980330568147   0.001633848822789309124388352406
 299  -0.478189832659751056887377445374   0.001633848825100052573252197565
 300   0.327072292130882917371316196323   0.021769021110156644838490829141
 301   0.478189478905231114597989824394   0.021769021935023970962911605176
 302   0.402627596188366368907520131690   0.021769022304015425754159879057
 303   0.251512124206286992778440181550   0.021777716206492780686319521731
 304   0.024818239996066184864770091093   0.021791935645565547461742663485
 305  -0.050741858713908453270101299659   0.021793256261256012039919135038
 306  -0.126298761691482290474479772655   0.021794431730684128269121641877
 307  -0.201858883495409933885690978248   0.021795418356480900593630555560
 308   0.100375359999150457426610854436   0.021795914583448355299946231192
 309  -0.277416688339587942110105429038   0.021796080630297455983377051625
 310  -0.352979265608500235561277896245   0.021798132603911463966559691063
 311   0.175928284191000000000000000000   0.021801520129000000000000000000
 312  -0.440410834706194823253892729697   0.023448658709445200673010764234
 313   0.213726086130904688692414215551   0.043579178747058436671211046727
 314   0.289294756132545031167544677953   0.043579188419038475073497669857
 315   0.364849280786455787335440656935   0.043579188524357903959750515832
 316   0.440409796796544434558820484176   0.043579189159683317515214602393
 317   0.062595869025771800554766883086   0.043600804893314664244218388510
 318  -0.012964046793280007400033288561   0.043602228460553440444867555526
 319  -0.088520873270057203093815198927   0.043603472078665490672759218845
 320  -0.164081515165262796360077077524   0.043604505574645119534748084503
 321  -0.239639700761121073257187750326   0.043605308316306337295226869254
 322  -0.315201359496287273801227950002   0.043605889087241254438192470357
 323   0.138149880068538734992406303419   0.043609755306157265540791765825
 324  -0.390810591853702520937396363863   0.043620334914082501542658188934
 325  -0.478189832659763297509082296168   0.045254183505573457555087603511
 326   0.327071295277039391496100053772   0.065389355779239518400047028083
 327   0.478189478904996435244907868332   0.065389356615497375944746381547
 328   0.402626546643946167587836140173   0.065389357001197836343848926697
 329   0.251511064720023383132431050305   0.065398050875794477174028242635
 330   0.024813011155416274835511068172   0.065412379846234060823369136784
 331  -0.050743923985043921387474096949   0.065413700726426985567214577525
 332  -0.126304606761079608393431906711   0.065414875853131704332811869083
 333  -0.201863330907814060569999053016   0.065415862643820900007476261357
 334  -0.277425149855386263982041803323   0.065416485167712934423159867754
 335   0.100370966680475120715495561275   0.065417575971972533867445075011
 336  -0.353027312798356135974490601791   0.065418440828641547409780282672
 337   0.175925181405000000000000000000   0.065423592118000000000000000000
 338  -0.428583932247479190832020416064   0.065435658728603124945648715919
 339   0.213726276509304249957250755535   0.087199513427116393957778016229
 340   0.289293829224377128500282628303   0.087199523089663735169293646973
 341   0.364848271958642816959883458304   0.087199523193165493401497121646
 342   0.440409436305441996892481456348   0.087199523838667120962686764439
 343   0.062590730097070280720158898403   0.087221249104668377628621611665
 344  -0.012965957812318831744562795841   0.087222672932754960126833095125
 345  -0.088526811243142932815100310824   0.087223916188565214559098510088
 346  -0.164085859057327264139609819368   0.087224949872416911189520792373
 347  -0.239647684757048354331859919746   0.087225712994793600515031772776
 348  -0.315249603242907919367999294421   0.087226197668369639405351070851
 349   0.138146500915747346309601206062   0.087230158659402925426637685606
 350  -0.466363226955238189596759925265   0.087240669368839092920704613479
 351  -0.390795224107761393349306075321   0.087243414169283452587888666745
 352   0.327070360814274619195871558940   0.109009690449703593269647255337
 353   0.478189478905063745889879013932   0.109009691295970780926581737277
 354   0.402625485679923132281767089074   0.109009691683933851607463142412
 355   0.251509781634307141234807994681   0.109018385539573792758532777151
 356   0.024810760063881852290943017963   0.109032824302211315175290055241
 357  -0.050749704532979623514523840744   0.109034144857472641906756440834
 358  -0.126309317709271554383250822616   0.109035320112806284296939126252
 359  -0.201870601515669814003416993485   0.109036275300249616736995250817
 360  -0.277473566885333956862524784660   0.109036852742157794232685754471
 361   0.100368122436713258996197390117   0.109037991057882264980902365596
 362   0.175921871317713599680010447893   0.109044487568335872735556092871
 363  -0.353016289308984278857264533204   0.109053196045355694758618544946
 364  -0.428570231674037650599697028191   0.109056026592534767083816133055
 365  -0.478189832659763297509082296168   0.129227155232104728286321623446
 366   0.213721269293877943616604067863   0.130819847820198533011781442423
 367   0.289292661542602662645247623982   0.130819857754508182502686791379
 368   0.364847277745507236231368538624   0.130819857862308635028749398891
 369   0.440409019818721930953497751325   0.130819858517152219466982845754
 370   0.062587974022704786994837352994   0.130841697850418379660479314533
 371  -0.012971890912237654834300251346   0.130843117043317787304438798639
 372  -0.088531704500605711669051468028   0.130844355214519285723598272611
 373  -0.164092869874858976000878488235   0.130845356399990873342289645506
 374  -0.239696681064574593457160852084   0.130846036480248980028001636403
 375   0.138143121602770283810692707816   0.130850495397376680344766771914
 376  -0.390792442954209275268526299192   0.130863843701073120011289353601
 377  -0.315240161879318507620659292043   0.130863882322791209639907797844
 378  -0.440412904425935023330013089087   0.151038056863788847700178228250
 379   0.327069187984110700728055274556   0.152630025114409918474107918845
 380   0.478189478899528327612204061904   0.152630025976444185908065922791
 381   0.402624437718081414042897176233   0.152630026369614359824846028695
 382   0.251508669038667163922038989990   0.152638720206369624579418931386
 383   0.024804827523162797798941774382   0.152653268412850199161053662222
 384  -0.050754762207609631046794217641   0.152654585508702865751774854887
 385  -0.126315826934972261389287626158   0.152655728468301794909107477156
 386  -0.201920616420033042702203858633   0.152656642560959545887310869343
 387   0.100363065504897831044761886347   0.152659931814324981607132488772
 388   0.175918605245775291752825968883   0.152666416506429117701997628279
 389  -0.277463076689808277361542389076   0.152673502243434118492304517285
 390  -0.353016289762829678073295702080   0.152674521253665969716101118952
 391  -0.402635142062861519190725829337   0.172845907221418772847266740333
 392  -0.478189798252512298067660681778   0.172847489912564563233332553938
 393   0.213721602886709594904647900767   0.174440182499396338228668599921
 394   0.289291616878783149115212954568   0.174440192422472255495769600569
 395   0.364846252204797027636941017299   0.174440192530726495777091203153
 396   0.440408608375586215189248024314   0.174440193195685182506184941138
 397   0.062582035814547051830506003066   0.174462102804323958232504315778
 398  -0.012976787610654201989226454704   0.174463548078253807529319695918
 399  -0.088538027555016465390714292647   0.174464760114336634662364391372
 400  -0.164143644798310510691827849315   0.174465677677811491562475481040
 401   0.138138963693726090337635608737   0.174470829879766806369386229530
 402  -0.239686929666736127233017405130   0.174484155653171653042617171413
 403  -0.315239144337209986660857178416   0.174484305451215501180345614480
 404  -0.364858041109687946197920480278   0.194656852116108448858680543373
 405  -0.440412736264650711733296622075   0.194658503807070964970383341520
 406   0.327068131345033719966756322401   0.196250359782085552102915034057
 407   0.478189479255152565080496745981   0.196250360656917589440249474258
 408   0.402623380758870364321668185219   0.196250361038525595716145336254
 409   0.251507441422286062580132777955   0.196259054869894528770605582931
 410   0.024799716492222155526964580073   0.196273717162397724249949236993
 411  -0.050760707933818679761868571063   0.196274990461584336128658035362
 412  -0.126367469210974657632158837632   0.196276091603990920838057749034
 413   0.100358374596900223210803553492   0.196281006486105643374130098428
 414   0.175914476791796022347499965902   0.196286819538763969705034237374
 415  -0.201909720283761539289552408708   0.196293703117286768173268376960
 416  -0.277462973820901380353932933085   0.196294951533037389483269534008
 417  -0.402634875788023052689489895759   0.216466351734668607359517396482
 418  -0.327081226702292573365222978343   0.216466542943552780027538031779
 419  -0.478189704683277660275698073135   0.216467824592937611331906454955
 420   0.213715208352270725040207176248   0.218060516711165511467403875240
 421   0.289290453610840601632384244285   0.218060527087434634297824219006
 422   0.364845223214694147492759159383   0.218060527199063122812028246208
 423   0.440408301440784428855302908053   0.218060527875078713007014191142
 424   0.062576945345228440808145852025   0.218082479244908031816698289499
 425  -0.012982892808023330604066597937   0.218083953009106885854280199358
 426  -0.088590471233216720658407447181   0.218085081067626864607799696636
 427   0.138134698022111292626068446074   0.218091164351668286100283991259
 428  -0.164133476016711276005030235323   0.218104139442156075595702351404
 429  -0.239685748450150154705746025638   0.218104599806846792532678148356
 430  -0.364857332948945580524684865486   0.238277296631722144468178519419
 431  -0.289303034754825341728141188403   0.238277759165273915897212516935
 432  -0.440412178809968996362146357484   0.238278962217853724881832714481
 433   0.327067229348000721515822545849   0.239870694453233046891892754562
 434   0.478189464092300970900111592188   0.239870695337388359044913302522
 435   0.402622255137441917782142699760   0.239870695704487630580365196390
 436   0.251506441581302911522283093916   0.239879389538922158906642409740
 437   0.024794408296862530576054309969   0.239894096940938449921512748383
 438  -0.050814212143285288158879739186   0.239895350364609047654727544469
 439   0.100353272533158882827421231520   0.239901986246127384322201572977
 440   0.175910733600164959659024528618   0.239907154059295234404884659606
 441  -0.126356279514447780746844936677   0.239913555191339298688972406683
 442  -0.201909449514609839116871109404   0.239915080285433770715735832976
 443  -0.402634168175259935177168542264   0.260086796242991697798582885991
 444  -0.327080023623768919979255506540   0.260086987441024512550175956284
 445  -0.251525897492033456771301164705   0.260087341907274396557243511107
 446  -0.478189680444505285664028825323   0.260088159273404281861902692240
 447   0.213722701092593542887356682799   0.261680850748118430298193767802
 448   0.289289482376340975417955501107   0.261680861757095462298179466685
 449   0.364844162708364663682391475876   0.261680861866644906451663395673
 450   0.440406663557318027883323401401   0.261680862524801984248402560823
 451   0.062571563777063190846591372853   0.261702813778725154709478914085
 452  -0.013037175025924266443782522864   0.261704272031441604205245881101
 453   0.138129968535547382326739698127   0.261711498775747014289791735036
 454  -0.088579956419399270909223266296   0.261723855292315189435848978311
 455  -0.164132211840298073906164103434   0.261724582447435684433879412470
 456  -0.364856133464697054589228437315   0.281897741129292861213852885047
 457  -0.289301957395010718286960124871   0.281898223485870894645710046656
 458  -0.213747159691758722377505989985   0.281898550810942207255881324695
 459  -0.440411630773292516275525657057   0.281899406728473578066128299373
 460   0.327066329427811701478163818741   0.283491029124423437969497780868
 461   0.402628746261248194445027960644   0.283491029901990320065445246979
 462   0.478189832659763297509082296168   0.283491030016304669436767143890
 463   0.251504950716328272065939099537   0.283499724193918015520986819947
 464   0.024739121031831617885773180795   0.283514477298547370310208114083
 465   0.100345513622923473262086739438   0.283524115045180418536374929815
 466   0.175902924606816962586037702056   0.283527488041222010557112187743
 467  -0.050802592481707111888930428983   0.283533423239151624902541771010
 468  -0.126355721560267757530061192780   0.283535156488840336993397623870
 469  -0.402633151539748654594312070806   0.303707240745207194123086268090
 470  -0.327078945272284283146689611799   0.303707431941757972605913686893
 471  -0.251524137152330546585561890361   0.303707805228556862019183208207
 472  -0.175970033049005307898480648568   0.303707980983472612401842361827
 473  -0.478189372913858658600906966458   0.303708493952793615626623261719
 474   0.213700278360825731793214427534   0.305301179665466256031668711772
 475   0.364852427453015198990408712062   0.305301195764157735225948948014
 476   0.289289898045704316527263105704   0.305301196435588357262267683606
 477   0.440413514306964000810208498656   0.305301196667306442579558393130
 478   0.062516322959869565861836775892   0.305323113480683033971784097461
 479   0.138123245660954576696962174810   0.305331832938147330309020045928
 480  -0.013026229978123571586377399048   0.305343659465426749605466432026
 481  -0.088578597071450542110680431309   0.305344290520788108721574806706
 482  -0.364855051549507905324440210919   0.325518185629938076500634778882
 483  -0.289300196456042237276106630008   0.325518628808427451721481757107
 484  -0.213746017954706012433845692397   0.325519019425614199436774722540
 485  -0.138190822194407861314182530367   0.325519339365742206084154704390
 486  -0.440410947940000000000000000000   0.325519977177000000000000000000
 487   0.327076109269609778165970210919   0.327111362708558317605474930311
 488   0.402637196244849776876567926519   0.327111363821789544219492280604
 489   0.478189832659763297509082296168   0.327111364696778074418602551553
 490   0.251518455103599148249268410393   0.327120056783984718359384508229
 491   0.100283407034960881587140592900   0.327149266556786362880166188089
 492  -0.050801906517460174342314186275   0.327155205795128700359240235880
 493   0.024756398260436457575509739621   0.327162459576257928536014727054
 494   0.175887312749000000000000000000   0.327176221199000000000000000000
 495  -0.402632251600283097106643225282   0.347327685249986358971312552480
 496  -0.327077334874910385132013964654   0.347327876426093871906808728718
 497  -0.251522963404120020001541538190   0.347328241969179909148961153946
 498  -0.100413791715945454144996862516   0.347328429565574360210519420308
 499  -0.175967866988054484016957414062   0.347328455118941861923964209420
 500  -0.478189832659763297509082293735   0.347328828630844225157822937802
 501   0.213737100926034444985848377648   0.348921498803858656380760604478
 502   0.364860877403262983543908380903   0.348921529626186481507712858618
 503   0.289299791283025927036637116677   0.348921529994152145120023300961
 504   0.440413514306964000810208498656   0.348921531347779847561393800794
 505   0.138063942509853049089429665927   0.348952127306397303173379586438
 506  -0.013024825187323974584412101802   0.348964128146520847860351484660
 507   0.062523716310568073524916907249   0.348988207786496071585004003051
 508  -0.364853716580000000000000000000   0.369138692708000000000000000000
 509  -0.289299031200526700360847574219   0.369139093285584686505826817531
 510  -0.213743852061500880131553098682   0.369139425094884218741430966424
 511  -0.138189556077414094686188200032   0.369139809336813338424267067621
 512  -0.062634440236274250723539171771   0.369140137444620627696333755161
 513  -0.440410539908000000000000000000   0.369141509059000000000000000000
 514   0.327084559219857562719469879760   0.370731696570587063887238840915
 515   0.402637196245678205143570371857   0.370731698503697829066433406254
 516   0.478189832648637085394302480366   0.370731699377251479399018981154
 517   0.251505601679000000000000000000   0.370756634571000000000000000000
 518   0.100299252500798051896469817577   0.370799729126767961046859130189
 519   0.024748473166549732008974359516   0.370800236715864557606671521498
 520   0.175788892409425598844349032588   0.370851025742420333828585546371
 521  -0.402631212208000000000000000000   0.390948319993000000000000000000
 522  -0.327076057738407412835779481743   0.390948320921460172959538382581
 523  -0.251521024451574487347529757084   0.390948713775593361060383649656
 524  -0.175966628930494104510146240156   0.390948867122176333608494308551
 525  -0.100411721315968791100462160994   0.390948924412343847702617124946
 526  -0.024857284400455895984346124921   0.390948997643187798588444967878
 527  -0.478189194033161256992617636846   0.390949163306642701120392452018
 528   0.213633941609224295286748175264   0.392541711501550378354577179458
 529   0.289308241233440132494123552931   0.392541863856180859163419271158
 530   0.364860877403262983612355858478   0.392541864306659886489548266282
 531   0.440413514094379886119808127337   0.392541866028253252025213859083
 532   0.062524009283524993905148331286   0.392611758183700916113114441681
 533   0.138029215043789179618159622803   0.392689990069502228610461249149
 534  -0.364852660711000000000000000000   0.412759467891000000000000000000
 535  -0.289297247949000000000000000000   0.412759593685000000000000000000
 536  -0.213742611916448516223877248543   0.412759885108129240201752859193
 537  -0.138187451273157245390361124853   0.412760252240682954386512360256
 538  -0.440409802124000000000000000000   0.412763070594000000000000000000
 539  -0.062618409010852088527490607093   0.412785681162190802385616863852
 540   0.012982305980000000000000000000   0.412804722209000000000000000000
 541   0.327084559219857562787917357335   0.414352031251060468869074248579
 542   0.402637196068042644987420181530   0.414352033667204229888495460282
 543   0.478189832659763297509082296168   0.414352034057724884379435410755
 544   0.100253971919843854026319752344   0.414502018965580013438271017065
 545   0.182763441050807055325309188058   0.423359657456939289471734956160
 546   0.268573983311277518669644478398   0.430919254935483628228206454794
 547  -0.402630164942000000000000000000   0.434568924643000000000000000000
 548  -0.327074854344000000000000000000   0.434568981714000000000000000000
 549  -0.251519715110723168646776270554   0.434569119114043082989593845400
 550  -0.100410142794631973492356848315   0.434569330106735931014416921939
 551  -0.175964541139516399523392456133   0.434569352825684611424057732820
 552  -0.024822365547899757111111212994   0.434569437935053407167713126948
 553  -0.478189832659763297509082295474   0.434569497982441177082961966233
 554   0.050757663316000000000000000000   0.434617989887000000000000000000
 555   0.225111343268222983342034184540   0.434624996173668416734176071362
 556   0.364860876946190803992356775651   0.436162198987133289076686580115
 557   0.440413514306964000213694417390   0.436162200708726656489033920280
 558   0.141076949355407294133286713202   0.436203722536417733692060235455
 559   0.306350301249600647010387404040   0.452729422304379197989237894871
 560  -0.289296095400000000000000000000   0.456380255132000000000000000000
 561  -0.213740774578000000000000000000   0.456380408118000000000000000000
 562  -0.364851329648000000000000000000   0.456380522159000000000000000000
 563  -0.440409425365000000000000000000   0.456384548244000000000000000000
 564  -0.138176221703878961243787946743   0.456397478006694399626009599805
 565  -0.062554308792000000000000000000   0.456458016354000000000000000000
 566   0.091044324969562897394676950704   0.457139045136358992200262793783
 567   0.013983243218000000000000000000   0.458081657746000000000000000000
 568   0.478163526553000000000000000000   0.459395004730000000000000000000
 569   0.181986404271000000000000000000   0.467136088941000000000000000000
 570   0.385251604259653699421740243419   0.474723213461139404376104113933
 571  -0.251518434659000000000000000000   0.478189585706000000000000000000
 572  -0.327073600010000000000000000000   0.478189586359000000000000000000
 573  -0.402629210051000000000000000000   0.478189697669000000000000000000
 574  -0.175963270305823778485055560392   0.478189758165273194740031355435
 575  -0.024726803176779108921193433415   0.478189777767854441359189424423
 576  -0.100377260754052367812369120545   0.478189797320949614425730961540
 577   0.052839640148413007275515935595   0.478189832659706344302126844565
 578  -0.478189308331455862685697317405   0.478189832659763297509082296168
 579   0.129249009790681321379397169342   0.478189832659763297509082296168
 580   0.227311029513196822971145635419   0.478189832659763297509082296168
 581   0.270931364193670227952981043083   0.478189832659763297509082296168
 582   0.341769238305531066067793764997   0.478189832659763297509082296168
 583   0.428733970213776332775686721841   0.478189832659763297509082296168
