   1  -0.399610475996458422936558631874  -0.477511819248998985629303290033
   2  -0.321709132735406046135430564395  -0.477511819248998985629303290033
   3   0.067797583569842709380194306586  -0.477511819248998985629303290033
   4   0.145698926830908214671376812400  -0.477511819248998985629303290033
   5   0.223600270091960591472535001739  -0.477511819248998985629303290033
   6   0.301501613353012968273676521420  -0.477511819248998985629303290033
   7   0.379402956614065345074816942178  -0.477511819248998985629303290033
   8   0.457304299875117721875955554998  -0.477511819248998985629303290033
   9  -0.243807789474353669334297467808  -0.477511819248998985629303290030
  10  -0.010103759691220419420173331131  -0.477511819248998985629303033886
  11  -0.088005102952272796221314092795  -0.477511819248998985629301652723
  12  -0.165906446213325093213896876946  -0.477511819248998847396823320054
  13  -0.477511819248990813841502051932  -0.477511819248990813841502051932
  14   0.106748255200375462025788131602  -0.455023638498009340864492465352
  15   0.028846911939311456942383457267  -0.455023638498006742428399694260
  16   0.184649598461434403071956543848  -0.455023638497997971258621535210
  17   0.262550941722486779873105668143  -0.455023638497997971258608176942
  18   0.340452284983539156674247102742  -0.455023638497997971258607503295
  19   0.418353628244591533475386248588  -0.455023638497997971258606580067
  20  -0.049054431321746607820744148288  -0.455023638497997971258602903669
  21  -0.282758461104879857734864016506  -0.455023638497997971258601802167
  22  -0.360659804365932234535994598134  -0.455023638497997971258597447534
  23  -0.126955774582795481067815184108  -0.455023638497991902924946189047
  24  -0.204857117843839421178377505266  -0.455023638497977290148219126723
  25  -0.438561147622701552641882216943  -0.455023638490579495988272813917
  26   0.477511819248998985629303290033  -0.437330614006834041766793712533
  27   0.067797583569855837870237486237  -0.432535457746996956887909872016
  28   0.145698926830908214671394728404  -0.432535457746996956887909870100
  29   0.223600270091960591472536765431  -0.432535457746996956887909870100
  30   0.301501613353012968273678329358  -0.432535457746996956887909870100
  31   0.379402956614065345074816942178  -0.432535457746996956887909870100
  32  -0.010103759691209667420944515284  -0.432535457746996956887909575388
  33  -0.321709132735406046135428086633  -0.432535457746996956887895896644
  34  -0.088005102952268807612271478339  -0.432535457746990048414367441430
  35  -0.165906446213313232777811052623  -0.432535457746976275777517473879
  36  -0.243807789474365609578951202269  -0.432535457746976275777505257640
  37  -0.399610475992083860253102553722  -0.432535457739419992060952772744
  38  -0.477511819248998985629303290033  -0.432535457732254062390811824719
  39   0.438561147618472797228733983623  -0.414842433255833027396097002567
  40   0.028846911939324916674223110067  -0.410047276996004139959385846193
  41   0.106748255200382026270815884954  -0.410047276995995942517228855038
  42   0.184649598461434403071965656173  -0.410047276995995942517215250925
  43   0.262550941722486779873108217747  -0.410047276995995942517214554783
  44   0.340452284983539156674247635768  -0.410047276995995942517213160133
  45  -0.049054431321735855821511870018  -0.410047276995995942517209485019
  46  -0.126955774582787044377245991589  -0.410047276995975261406813410707
  47  -0.204857117843839421178384268250  -0.410047276995975261406804438573
  48  -0.282758461104891797979515490828  -0.410047276995975261406798973781
  49  -0.360659804361406585400813802968  -0.410047276988157288279652582198
  50  -0.438561147618472797228738571225  -0.410047276981253048020107168793
  51   0.399610475987946608828164677214  -0.392354252504832013025400292600
  52   0.477511819248998985629303290033  -0.392354252504832013025400292600
  53   0.067797583569855837870252755151  -0.387559096244994928146516452082
  54   0.145698926830908214671397059381  -0.387559096244994928146516450166
  55   0.223600270091960591472539716538  -0.387559096244994928146516450166
  56   0.301501613353012968273678329358  -0.387559096244994928146516450166
  57  -0.010103759691196538930900704119  -0.387559096244994928146515712041
  58  -0.088005102952255479977051773503  -0.387559096244983558540608521560
  59  -0.243807789474365609578948495275  -0.387559096244974247036098261292
  60  -0.165906446213313232777820674383  -0.387559096244974247036097834191
  61  -0.321709132730583749979222562867  -0.387559096236601103976088365452
  62  -0.399610475987946608828169049716  -0.387559096230252033649410831388
  63  -0.477511819248998985629303290033  -0.387559096230252033649402512868
  64   0.360659804357420420427595370804  -0.369866071753830998654703582633
  65   0.438561147618472797228733983623  -0.369866071753830998654703582633
  66   0.028846911939329649469676156297  -0.365070915493993913775831469102
  67   0.106748255200382026270825239552  -0.365070915493993913775823900895
  68   0.184649598461434403071969203038  -0.365070915493993913775821830941
  69   0.262550941722486779873109022948  -0.365070915493993913775819740200
  70  -0.049054431321722727331460620719  -0.365070915493993913775802731727
  71  -0.126955774582787044377249846767  -0.365070915493973232665403759030
  72  -0.204857117843839421178385099531  -0.365070915493973232665391313753
  73  -0.282758461100018390556992003460  -0.365070915485532243405715792926
  74  -0.438561147618472797228733806891  -0.365070915479251019278706109011
  75  -0.360659804357432360672243016987  -0.365070915479230338168337181962
  76   0.321709132726894232027026064394  -0.347377891002829984284006872666
  77   0.399610475987946608828164677214  -0.347377891002829984284006872666
  78   0.477511819248998985629303290033  -0.347377891002829984284006872666
  79   0.067797583569855837870258334215  -0.342582734742992899405123032149
  80   0.145698926830908214671401103719  -0.342582734742992899405123030233
  81   0.223600270091960591472539716539  -0.342582734742992899405123030233
  82  -0.010103759691196538930883802005  -0.342582734742992899405116929441
  83  -0.088005102952255479977046257280  -0.342582734742981529799215101626
  84  -0.165906446213313232777815823575  -0.342582734742972218294694551038
  85  -0.243807789469454699148543020582  -0.342582734734466271919946980159
  86  -0.477511819248998985629303290033  -0.342582734728250004908009092934
  87  -0.321709132726906172271673617625  -0.342582734728229323797640632993
  88  -0.399610475987958549072808028542  -0.342582734728229323797632018985
  89   0.282758461096368043626456757984  -0.324889710251828969913310162700
  90   0.360659804357420420427595370804  -0.324889710251828969913310162700
  91   0.438561147618472797228733983623  -0.324889710251828969913310162700
  92   0.106748255200382026270829883989  -0.320094553991991885034429634233
  93   0.028846911939329649469689027805  -0.320094553991991885034426322182
  94   0.184649598461434403071970410129  -0.320094553991991885034426320266
  95  -0.049054431321722727331455250390  -0.320094553991991885034409311792
  96  -0.126955774582787044377245758107  -0.320094553991971203923999155799
  97  -0.204857117838928177869708067188  -0.320094553983464680987181611544
  98  -0.282758461096379983871107773255  -0.320094553977228309426937926597
  99  -0.360659804357432360672238722131  -0.320094553977228309426935309019
 100  -0.438561147618484737473377334952  -0.320094553977228309426935309018
 101   0.243807789465841855225887451574  -0.302401529500827955542613452733
 102   0.321709132726894232027026064394  -0.302401529500827955542613452733
 103   0.399610475987946608828164677214  -0.302401529500827955542613452733
 104   0.477511819248998985629303290033  -0.302401529500827955542613452733
 105   0.067797583569855837870262489793  -0.297606373240990870663729612215
 106   0.145698926830908214671401103719  -0.297606373240990870663729610299
 107  -0.010103759691196538930879947679  -0.297606373240990870663722987722
 108  -0.088005102952255479977035711940  -0.297606373240979501057821681693
 109  -0.165906446208400414468055945386  -0.297606373232460938634590195294
 110  -0.243807789465853795470538477197  -0.297606373226227295056241198700
 111  -0.399610475987958549072808028542  -0.297606373226227295056238599051
 112  -0.321709132726906172271672992212  -0.297606373226227295056232404390
 113  -0.477511819248998985629303290033  -0.297606373226206613945861525101
 114   0.204857117835315666825318145164  -0.279913348749826941171916742766
 115   0.282758461096368043626456757984  -0.279913348749826941171916742766
 116   0.360659804357420420427595370804  -0.279913348749826941171916742766
 117   0.438561147618472797228733983623  -0.279913348749826941171916742766
 118   0.028846911939329649469693183383  -0.275118192489989856293032902248
 119   0.106748255200382026270831796203  -0.275118192489989856293032902249
 120  -0.049054431321722727331444734251  -0.275118192489989856293015841281
 121  -0.126955774577866332790320950890  -0.275118192481464875715846291792
 122  -0.204857117835327607069968680760  -0.275118192475226280685545337485
 123  -0.360659804357432360672242298623  -0.275118192475226280685535694420
 124  -0.282758461096379983871103773129  -0.275118192475226280685535543168
 125  -0.438561147618472797228733983623  -0.275118192475205599575164815133
 126   0.165906446204789478424748838754  -0.257425167998825926801220032799
 127   0.243807789465841855225887451574  -0.257425167998825926801220032799
 128   0.321709132726894232027026064394  -0.257425167998825926801220032799
 129   0.399610475987946608828164677214  -0.257425167998825926801220032799
 130   0.477511819248998985629303290033  -0.257425167998825926801220032799
 131   0.067797583569855837870262489793  -0.252630011738988841922336192282
 132  -0.010103759691196538930870850357  -0.252630011738988841922327059749
 133  -0.088005102947333580144727319836  -0.252630011730475230951035841056
 134  -0.165906446204796042669758079918  -0.252630011724234577819368824106
 135  -0.321709132726906172271673079541  -0.252630011724225266314838833197
 136  -0.243807789465853795470534558064  -0.252630011724225266314838674987
 137  -0.477511819248998985629303290033  -0.252630011724204585204468105168
 138  -0.399610475987688592193794010588  -0.252630011723757687284534267625
 139   0.126955774574263290024179531238  -0.234936987247824912430523324749
 140   0.204857117835315666825318145164  -0.234936987247824912430523322833
 141   0.282758461096368043626456757984  -0.234936987247824912430523322833
 142   0.360659804357420420427595370804  -0.234936987247824912430523322833
 143   0.438561147618472797228733983623  -0.234936987247824912430523322833
 144   0.028846911939329649469698456053  -0.230141830987987827551630349783
 145  -0.049054431316807391744153431245  -0.230141830979474216580347065952
 146  -0.126955774574263290024167106432  -0.230141830973244933054562976412
 147  -0.282758461096379983871103864477  -0.230141830973224251944141965014
 148  -0.204857117835328662370997657621  -0.230141830973222424109136558095
 149  -0.438561147618472797228733983623  -0.230141830973203570833771395200
 150  -0.360659804357162403793224791507  -0.230141830972756672913837406401
 151   0.088005102943737101623610224829  -0.212448806496823898059826614782
 152   0.165906446204789478424748838754  -0.212448806496823898059826612866
 153   0.243807789465841855225887451574  -0.212448806496823898059826612866
 154   0.321709132726894232027026064394  -0.212448806496823898059826612866
 155   0.399610475987946608828164677214  -0.212448806496823898059826612866
 156   0.477511819248998985629303290033  -0.212448806496823898059826612866
 157  -0.010103759686281203343584124835  -0.207653650228473202209650355986
 158  -0.088005102943737101623593218334  -0.207653650222243918683874202162
 159  -0.165906446204796042669748905412  -0.207653650222232549077975404172
 160  -0.243807789465855321138521755083  -0.207653650222220595038975948681
 161  -0.477511819248998985629303290033  -0.207653650222202556463074685234
 162  -0.321709132726636215392655576443  -0.207653650221755658543140538219
 163  -0.399610475987682160893103979748  -0.207653650221744519203586662662
 164   0.126955774574263290024179531238  -0.189960625745822883689129904815
 165   0.204857117835315666825318145164  -0.189960625745822883689129902899
 166   0.282758461096368043626456757984  -0.189960625745822883689129902899
 167   0.360659804357420420427595370804  -0.189960625745822883689129902899
 168   0.438561147618472797228733983623  -0.189960625745822883689129902899
 169   0.049054431313210913223031331065  -0.189960625745822883689113299032
 170  -0.049054431313210913223023911924  -0.185165469471242904313177492196
 171  -0.126955774574263290024157937491  -0.185165469471242904313169546840
 172  -0.204857117835328662370997657694  -0.185165469471220395367743138162
 173  -0.438561147618472797228733983623  -0.185165469471201542092377975266
 174  -0.282758461096111552660073467048  -0.185165469470752001637974521885
 175  -0.360659804357155972492534764684  -0.185165469470743504832889794479
 176   0.088005102943737101623610224828  -0.167472444994821869318433194849
 177   0.165906446204789478424748838754  -0.167472444994821869318433192932
 178   0.243807789465841855225887451574  -0.167472444994821869318433192932
 179   0.321709132726894232027026064394  -0.167472444994821869318433192932
 180   0.399610475987946608828164677214  -0.167472444994821869318433192932
 181   0.477511819248998985629303290033  -0.167472444994821869318433192932
 182   0.010103759672273981458436966008  -0.167472444978600624011111592657
 183  -0.088005102943737101623588631081  -0.162677288720241889942472836874
 184  -0.165906446204796042669748905486  -0.162677288720230520336581984239
 185  -0.477511819248998985629303290033  -0.162677288720200527721681265301
 186  -0.243807789465584893892549369660  -0.162677288719751801966741711366
 187  -0.321709132726631309759952655290  -0.162677288719739847927723778146
 188  -0.399610475987675596648084315934  -0.162677288719731120856305541439
 189   0.126955774574263290024179531238  -0.144984264243820854947736484882
 190   0.204857117835315666825318145164  -0.144984264243820854947736482966
 191   0.282758461096368043626456757984  -0.144984264243820854947736482966
 192   0.360659804357420420427595370804  -0.144984264243820854947736482966
 193   0.438561147618472797228733983623  -0.144984264243820854947736482966
 194   0.049054431312306582134780967823  -0.144984264243820854947728970705
 195  -0.028846911963318587510289665219  -0.144984264217013689930844454227
 196  -0.126955774574263290024157937565  -0.140189107969240875571776126906
 197  -0.438561147618472797228733983623  -0.140189107969199513350984555333
 198  -0.204857117835052274191300617451  -0.140189107968761926935580557443
 199  -0.360659804357150933915502206540  -0.140189107968727463951139525106
 200  -0.282758461096557515695604274478  -0.140189107967955263581654229419
 201   0.088005102943737101623610224829  -0.122496083492819840577039774915
 202   0.165906446204789478424748838754  -0.122496083492819840577039772999
 203   0.243807789465841855225887451574  -0.122496083492819840577039772999
 204   0.321709132726894232027026064394  -0.122496083492819840577039772999
 205   0.399610475987946608828164677214  -0.122496083492819840577039772999
 206   0.477511819248998985629303290033  -0.122496083492819840577039772999
 207   0.010103759673039529494440994485  -0.122496083476113872211694275270
 208  -0.067797583593844775910854384376  -0.122496083466012675560139798905
 209  -0.477511819248998985629303290033  -0.117700927218198498980287845367
 210  -0.165906446204519521545710048748  -0.117700927217772282170773609783
 211  -0.243807789465572031291190474876  -0.117700927217749773225348293272
 212  -0.321709132727077139851153825728  -0.117700927216942879605069976379
 213  -0.399610470536858149854728640848  -0.117700917776633688819736400415
 214   0.049054431313210913223040007690  -0.100007902741818826206344642377
 215   0.126955774574263290024179531238  -0.100007902741818826206343064948
 216   0.204857117835315666825318145164  -0.100007902741818826206343063032
 217   0.282758461096368043626456757984  -0.100007902741818826206343063032
 218   0.360659804357420420427595370804  -0.100007902741818826206343063032
 219   0.438561147618472797228733983623  -0.100007902741818826206343063032
 220  -0.028846911963318587510276392917  -0.100007902715011661189451034294
 221  -0.106748255224370964311423690802  -0.100007902715011661189443088967
 222  -0.438561147618472797228733983623  -0.095212746467197484609591135399
 223  -0.204857117835039145701261420066  -0.095212746466759898194187139426
 224  -0.282758461096550951455320125702  -0.095212746465941865226170955550
 225  -0.360659707727953935401104389241  -0.095212579099310010545005691936
 226   0.088005102943737101623608403370  -0.077519721990817811835646354982
 227   0.321709132726894232027026064394  -0.077519721990817811835646353065
 228   0.399610475987946608828164677214  -0.077519721990817811835646353065
 229   0.477511819248998985629303290033  -0.077519721990817811835646353065
 230   0.243807789465841855225887450706  -0.077519721990817811835646351562
 231   0.165906446204789478424747927147  -0.077519721990817811835644777158
 232   0.010103759672940035863892121552  -0.077519721973939515447035404574
 233  -0.067797583593844775910841638615  -0.077519721964010646818746378972
 234  -0.145698926903170315504540231317  -0.077519721939130260298356132686
 235  -0.477511819248998985629303290033  -0.072724565716196470238894425434
 236  -0.243807789465558902801151277491  -0.072724565715747744483954875255
 237  -0.399610470536858149854728640848  -0.072724556274631660078342980481
 238  -0.321709036097427747005270689215  -0.072724398348308996166106671107
 239   0.049054431313210913223013392949  -0.055031541239816797464951222444
 240   0.126955774574263290024177709780  -0.055031541239816797464949645015
 241   0.204857117835315666825318143408  -0.055031541239816797464949643099
 242   0.282758461096368043626456757984  -0.055031541239816797464949643099
 243   0.360659804357420420427595370804  -0.055031541239816797464949643099
 244   0.438561147618472797228733983623  -0.055031541239816797464949643099
 245  -0.106748255258279429252097108164  -0.055031541213009632460831761184
 246  -0.028846911963318587510261617472  -0.055031541213009632448057614360
 247  -0.184649598533689939660089200012  -0.055031541188117876321770870631
 248  -0.438561147618472797228733983623  -0.050236384965195455868197715466
 249  -0.282758364466435698351101841004  -0.050236217598114875423890590812
 250  -0.360659707727952923905242316156  -0.050236217597306229824982894106
 251   0.088005102943737101623581788629  -0.032543360488815783094252935048
 252   0.321709132726894232027026064394  -0.032543360488815783094252933131
 253   0.399610475987946608828164677214  -0.032543360488815783094252933132
 254   0.477511819248998985629303290033  -0.032543360488815783094252933132
 255   0.243807789465841855225886538889  -0.032543360488815783094251355259
 256   0.165906446204789478424739270176  -0.032543360488815783094239518559
 257   0.010103759672845703334832054968  -0.032543360471774097972382496548
 258  -0.067797583627740112361491098495  -0.032543360462008618090125155307
 259  -0.145698926903163751259519893603  -0.032543360437116861951074160663
 260  -0.223600270164209696759979057437  -0.032543360437105722611538606460
 261  -0.477511819248998985629303290033  -0.027748204214194441497501005500
 262  -0.399610470536858149854728640848  -0.027748194772629631336949560548
 263  -0.321709036097425420278760312643  -0.027748036846302937416181961454
 264   0.049054431313210913222988388108  -0.010055179737814768723557802510
 265   0.126955774574263290024152401438  -0.010055179737814768723556225081
 266   0.204857117835315666825316321494  -0.010055179737814768723556223165
 267   0.282758461096368043626456756284  -0.010055179737814768723556223165
 268   0.360659804357420420427595370804  -0.010055179737814768723556223165
 269   0.438561147618472797228733983623  -0.010055179737814768723556223165
 270  -0.106748255258266300762066119418  -0.010055179711007603719438343167
 271  -0.028846911997204120895804610058  -0.010055179711007603719429003923
 272  -0.184649598533683508359409751028  -0.010055179686104708240841896492
 273  -0.262550845165086492309929620950  -0.010055012319472853551474322017
 274  -0.438561147618472797228733983623  -0.005260023463193427126804295532
 275  -0.360659707727952923905242316156  -0.005259856095304201083589474172
 276   0.088005102943737101623556783788   0.012433001013186245647140484885
 277   0.321709132726894232027026062693   0.012433001013186245647140486802
 278   0.477511819248998985629303290033   0.012433001013186245647140486802
 279   0.399610475987946608828164676696   0.012433001013186245647140487699
 280   0.165906446204789478424714010511   0.012433001013186245647153901375
 281   0.243807789465841855225873263634   0.012433001013186245647161902345
 282   0.010103759638671348089699440153   0.012433001030728184891674091891
 283  -0.067797583627730309296373594586   0.012433001039993410651268263558
 284  -0.145698932354248067548360809266   0.012433010506459794957293899785
 285  -0.223600173534560303909360314541   0.012433168431528160819222387951
 286  -0.301501516795354149026075859202   0.012433168431975950832003560953
 287  -0.477511819248998985629303290033   0.017228157287807587243892414433
 288  -0.399610470536858149854728640848   0.017228166729372397404443859386
 289   0.049054431279325379837312135612   0.034921181764187260005070807927
 290   0.126955774574263290024127048065   0.034921181764187260017837194852
 291   0.204857117835315666825291061828   0.034921181764187260017837196768
 292   0.282758461096368043626454934313   0.034921181764187260017837196768
 293   0.360659804357420420427595369197   0.034921181764187260017837196768
 294   0.438561147618472797228733983623   0.034921181764187260017837196768
 295  -0.106748255258256497696948615509   0.034921181790994425021955075699
 296  -0.028846911997204120895803966295   0.034921181790994425021964416011
 297  -0.340452188425881652652557862715   0.034921349182974687164596048234
 298  -0.262550845164827960625506552793   0.034921349182976965202700270921
 299  -0.184649507355124863098311372779   0.034921358624092664017358184228
 300  -0.438561147618472797228733983623   0.039716338038808601614589124401
 301   0.088005102909851568237882996513   0.057409362515188274375769095323
 302   0.321709132726894232027024240723   0.057409362515188274388533906736
 303   0.477511819248998985629303290033   0.057409362515188274388533906735
 304   0.399610475987946608828163765375   0.057409362515188274388535486069
 305   0.243807789465841855225841875084   0.057409362515188274388571068005
 306   0.165906446204413118165795539797   0.057409362515840149478887295159
 307   0.010103759638671348089700083915   0.057409362532730213633067511825
 308  -0.067797583627730309296385023602   0.057409362541995439392661683492
 309  -0.379402951234786878602044187407   0.057409372007651285652629381792
 310  -0.301501516795354149026075859204   0.057409529933977979573396980886
 311  -0.223600178985392519814457611031   0.057409539375541468400836067197
 312  -0.145857862626744916303342315057   0.057682760013856047183996431792
 313  -0.477511819248998985629303290033   0.062204518789809615985285834367
 314  -0.106750619044776975039628073621   0.079897543230880638570071445142
 315   0.049054431279325379837312779374   0.079897543266189288746464227860
 316   0.126955774540393852285319427486   0.079897543266189288746477928992
 317   0.204857117835315666825251113481   0.079897543266189288759230616702
 318   0.282758461096368043626432636774   0.079897543266189288759230616702
 319   0.360659804357420420427593547135   0.079897543266189288759230616702
 320   0.438561147618472797228733983614   0.079897543266189288759230616702
 321  -0.028846911997204120895814256116   0.079897543292996453763357835944
 322  -0.418353628316401525976049530182   0.079897543317087489862774646808
 323  -0.340452188425881652652557862717   0.079897710684976715905989468168
 324  -0.262550850615918708215026917442   0.079897720126542482771532777163
 325  -0.184808534257012573019489210125   0.080170940765304851567475434156
 326  -0.067799947414250786639064481724   0.102385723981881652940778052935
 327   0.088005102909867553352319718666   0.102385724017190303117162512415
 328   0.321709132726894232027001943189   0.102385724017190303129927326669
 329   0.477511819248998985629303290031   0.102385724017190303129927326669
 330   0.399610475987946608828155202417   0.102385724017190303129942184166
 331   0.165906446180402172031579436054   0.102385724017842178213879676831
 332   0.243807789460898178601741390252   0.102385724025753002216865379465
 333   0.010103759638671348089689794558   0.102385724034732242374460931758
 334  -0.457304299946927714376618836592   0.102385724068088504233471356773
 335  -0.379402951234786878602044187408   0.102385733509653314394022801726
 336  -0.301501522246446211841508920955   0.102385900877541219104125264444
 337  -0.223759205887538761420058673460   0.102659121516305865938172411564
 338  -0.145885752747784702030166812770   0.102707359592254246108147010970
 339  -0.106751146954131894404266036481   0.124873904729784503323604563232
 340  -0.028849275783724598238494570023   0.124873904732882667311474205343
 341   0.049054431279325379837302490060   0.124873904768191317487857647794
 342   0.126955774540572835556325167961   0.124873904768191317487870992794
 343   0.204857117812765271791629987107   0.124873904768191317494970841277
 344   0.282758461096368043623891993294   0.124873904768191317500624036635
 345   0.360659804357420420427577229823   0.124873904768191317500624036635
 346   0.438561147618472797228733177247   0.124873904768191317500624036635
 347  -0.418353628316401525976049530183   0.124873904819089518604168066741
 348  -0.340452199328060859215514263730   0.124874072186977423314270529460
 349  -0.262709877518066265046540767087   0.125147302267304602270765052423
 350  -0.184836503302983401450236838671   0.125195676653970932070590636454
 351  -0.477511819248998985629303290033   0.142566929346367392481656879180
 352   0.010101395852150870747009536091   0.147362085474618455922577301160
 353  -0.067800475323605706003702444583   0.147362085480785517694311171025
 354   0.088005102909851568237870889020   0.147362085519192331858555929508
 355   0.321709132726894232024461319841   0.147362085519192331871320746603
 356   0.477511819248998985629303088846   0.147362085519192331871320746602
 357   0.399610475987946608827284833616   0.147362085519192331872836033840
 358   0.165906446171298624092873875059   0.147362085519844212879692994620
 359   0.243807789439258934306314575396   0.147362085527755030953053210532
 360  -0.379402962136966085165000588421   0.147362095011654021802303863018
 361  -0.301660554599680912420546109862   0.147635473576740806480910317439
 362  -0.223787695732226712874575429162   0.147684756848264493715602961223
 363  -0.145886492977138423891169735878   0.147685002779387402892381605504
 364  -0.438561147618472797228733983624   0.165055110097368406852353589148
 365   0.049052457662416352745430460612   0.169850266226891002782690143605
 366  -0.106751161241677049047622231283   0.169850266231784262717948457034
 367  -0.028849803693079517603131267819   0.169850266231786532065007323447
 368   0.126955774540377756638433642410   0.169850266270193346229263989663
 369   0.204857117802202801758469957206   0.169850266270193346235123989994
 370   0.282758461076885546062702488849   0.169850266270193346237797820981
 371   0.360659804357420420425065302988   0.169850266270193346242017456569
 372   0.438561147618472797228729087956   0.169850266270193346242017456569
 373  -0.340611317408586138370032434549   0.170123496401417404968943651004
 374  -0.262738522387951881353256342977   0.170173186470197806434186913888
 375  -0.184837184949255189736200344365   0.170173216193101553725508148729
 376  -0.477511819248998985629303290033   0.187543290848369421223050299116
 377  -0.399610481439037356417685041862   0.187543300289932910050489385424
 378   0.010100867942795951382372799419   0.192338446973522320676110419264
 379   0.088003193464222186743455963710   0.192338446980662151107584587600
 380  -0.067800489611150860647058639382   0.192338446982785277088655064827
 381   0.321709132707442799002768171003   0.192338447021194360608507976507
 382   0.477511819248998985629301652615   0.192338447021194360612714166536
 383   0.165906446170462439306369745602   0.192338447021959070960696992105
 384   0.243807789436899998459263245947   0.192338447029757059694384769321
 385   0.399610475981993235921511600503   0.192338447031505904955961586755
 386  -0.223787883309192871383284459869   0.192661423602419212506516546999
 387  -0.301689874140396339062339179116   0.192662226354097816393649865621
 388  -0.145893486682899673069870971216   0.192673470842723377783312957347
 389  -0.438550846860223977149691943938   0.210049322480076230012189537231
 390  -0.360818836710657409622716887997   0.210304701679696293217129173408
 391   0.049052508996261732902572098972   0.214826627728863736538967910730
 392  -0.106751300569598803132479795272   0.214826627733570486210405778971
 393  -0.028849817980624672246486605728   0.214826627733786291459351217249
 394   0.126954217477131939060631574205   0.214826627745242928493917778904
 395   0.204857117801430133436172796472   0.214826627772195374976510772926
 396   0.282758461072369863480937006081   0.214826627772195374978964550843
 397   0.360659804341316160127201147243   0.214826627772195374980527726431
 398   0.438561147618472797222798383878   0.214826627772195374983410876502
 399  -0.262738709798400175316740182268   0.215149553682208125799206426867
 400  -0.184844183485527160127605945929   0.215161675556630512779302113135
 401  -0.477511819248998985629303290033   0.232519652350371449964443719049
 402  -0.399759202131844030354723790073   0.232810723869839613178829325214
 403  -0.321904689758135841838008432314   0.232856026716516780800839683360
 404   0.010101837357163192946083635745   0.237314808465077036827737367615
 405   0.088003210100228844836185832613   0.237314808482661103158153252892
 406  -0.067800628939072614731916170898   0.237314808484571500581112386764
 407   0.165905410068925513957927707452   0.237314808512028498508148451163
 408   0.321709132702896051881500356596   0.237314808523196389349671576723
 409   0.477511819248998985627790559592   0.237314808523196389354107586469
 410   0.399610475972900500861295330809   0.237314808533507933696566207280
 411   0.243807482130797999332254083409   0.237315340776017482208876556364
 412  -0.223795015854825562912356963090   0.237649815813746954614640053373
 413  -0.145906996336786261629841249063   0.237673195960696889521346879310
 414  -0.438720174520619038834335136168   0.255281053740134833131083507032
 415  -0.282946250511554627156358785765   0.255330748192637696337038843798
 416  -0.360845055179322462570015334391   0.255362048906660100762539835167
 417  -0.028848834268654886064196731746   0.259802989225030566490795629647
 418   0.049052511862833856128342368817   0.259802989230865673929755554234
 419  -0.106751596407618095823787742022   0.259802989234599557927962647963
 420   0.126954081104173471510414047413   0.259802989247038208810359048262
 421   0.204856150583349022640940180106   0.259802989263797375955607690351
 422   0.282758461052785011539360396097   0.259802989274197403716093881678
 423   0.360659804334005454905659150327   0.259802989274197403721326985242
 424   0.438561147616515738564415994463   0.259802989274197403724761717640
 425  -0.184857759978667654635968084459   0.260161217342602874106875208092
 426  -0.244002556567980014751978550790   0.277831010324176525152470969519
 427  -0.321888195438900994977932294127   0.277839508129710627997967662073
 428  -0.399816692002986919699231316475   0.277850771105646131444800844871
 429  -0.477511819248998985629303290033   0.278042455129898216297723295016
 430   0.010101837367711108481510793344   0.282291169967079065567894705878
 431  -0.067799505901191223009507698865   0.282291169972552674354265963274
 432   0.088003211251020329400563906264   0.282291169984663117177134757769
 433   0.165905238670273076247540777657   0.282291170013703939047690249517
 434   0.321709132683311199939923746612   0.282291170025198418086800907558
 435   0.477511819248998985627790559627   0.282291170025198418095501006403
 436   0.399610475965945159448364461352   0.282291170062555091100589295875
 437   0.243806905474127374676748037000   0.282291702274330496578852328268
 438  -0.145955416975064868523494477595   0.282733319771173010341340918265
 439  -0.360866017013257074128593173983   0.300338946038334735053943810867
 440  -0.282944499609352826877757349262   0.300339766996985973327253136112
 441  -0.205065300691822106475591932096   0.300342411853032444644704987691
 442  -0.438608336731366866494199470341   0.300612172495409514611440632854
 443  -0.106750177537105634171602877301   0.304779350714221013136918717926
 444  -0.028848834272673582217474572670   0.304779350727032595232009511727
 445   0.049052508998996022265493245228   0.304779350732867611494730242528
 446   0.126954186670518866291992075217   0.304779350748916347435835359080
 447   0.204855926547646311048941596434   0.304779350765241422743663755700
 448   0.282757884396426683331993930465   0.304779350772502684382398859343
 449   0.360659804313846959211321724904   0.304779350776199432458202866016
 450   0.438561147618065434082026444406   0.304779350776199432466128439592
 451  -0.321908845493216615434049174544   0.322815864891169497286110694226
 452  -0.244005664522776805698015226730   0.322848436794626312161640095501
 453  -0.166167482335489212183473997137   0.322921889727343487284168994837
 454  -0.399657661741637020923561327849   0.323100347428098118220583598850
 455  -0.477511819248998985629303290033   0.323181889860920812925157970692
 456   0.010101837361476795919923792551   0.327267531471756328841080466437
 457  -0.067799505905208318226269338325   0.327267531474554703095479988371
 458   0.088003180627913658049515114581   0.327267531486654720723704855781
 459   0.165905194584193653556779324966   0.327267531515684361079092491639
 460   0.321708557756098990977145038574   0.327267531523525835451091722902
 461   0.477511819248868512904553762280   0.327267531527200446836894237091
 462   0.399610472489010482577916200422   0.327267537512103826637466637962
 463   0.243806867438332286856498832931   0.327268063887475102934453315965
 464  -0.126960053006433680562913936809   0.344959370966493443561060114288
 465  -0.282966656816268409641263263592   0.345318732153092746165092013605
 466  -0.205107846166443911405897291772   0.345427914668937354801104102647
 467  -0.360706307264197152954965838074   0.345587345412079780350298440564
 468  -0.438561144259269140058665147541   0.345670064793609416534300936688
 469  -0.028848834265425202742804810007   0.349755712229034623972818858125
 470   0.049052508985009946371726451808   0.349755712234869640233949072161
 471   0.126953852251500462898533833385   0.349755712249675099974612246784
 472   0.204855887576717619476449446646   0.349755712267226567801802625242
 473   0.282757847253449236230319525369   0.349755712274489376169806186729
 474   0.360659797403099023306681034810   0.349755712278200930271399354272
 475   0.438561147574921635325093965760   0.349755712278201461186828907616
 476  -0.165723430411261944748048698988   0.367896553790589501097565606262
 477  -0.244068842185115632705745402954   0.367898216444795405484716241847
 478  -0.321758851915845788054551451013   0.368081096007455084461468104139
 479  -0.477511819248998985629303097151   0.368158251362922841666551390626
 480  -0.399608005359819321634358631919   0.368160148453293031596358046627
 481  -0.080444949268383563924385759121   0.370429619655126983163823169850
 482   0.088003180613927582155748321161   0.372243892988656749462923685415
 483   0.165904523875093074446774097147   0.372243893012685421727450815578
 484   0.321709125768380792344412455626   0.372243893021941113936178848652
 485   0.477511819248998985629303290033   0.372243893029202475578287467779
 486   0.399610472504373184911474559091   0.372243899055076395009693872031
 487   0.243806642966110424369153191044   0.372245217677761140307396440526
 488   0.004809981632000000000000000000   0.379880994690000000000000000000
 489  -0.121150500770733242957384186796   0.389558947161558775525508250454
 490  -0.205128495718584230527597614496   0.390404271430626785697726762974
 491  -0.438561144259269140058664844458   0.390646426295611445275694356622
 492  -0.360659878849694269071982367036   0.390655045538956328484188234439
 493  -0.282860482737871198627807752840   0.390659624950961715200348483024
 494  -0.041494277638236062780094230884   0.392917800406783903102559094175
 495   0.049052508981792841138830863719   0.394732073736871668975227434254
 496   0.126953852237514387004767039965   0.394732073751677128713831076417
 497   0.204855195505493656256546611577   0.394732073763903993095171679466
 498   0.282758454137539839126340691482   0.394732073772396939650517344957
 499   0.360659797394714938181928991097   0.394732073780202959012011331676
 500   0.438561147618472797204573369036   0.394732073780203489907136765738
 501  -0.166167507115717922634236604748   0.412874573187525642450866325907
 502  -0.477511327680788297820070009302   0.413135552816947710528490686535
 503  -0.399612999725599743721464252367   0.413138983538912370309462680780
 504  -0.243920136271339796449659964383   0.413165679936793095413359004150
 505  -0.085194728130711781743107416014   0.416578486532500211101756094355
 506   0.477511819248998985629303290033   0.417220254531204504319680887712
 507   0.321511032419000000000000000000   0.419196307388000000000000000000
 508  -0.002411881698000000000000000000   0.424337294220000000000000000000
 509   0.090387619564000000000000000000   0.424465244583000000000000000000
 510   0.405182937661544757926502114220   0.424877856139100730594586247169
 511  -0.344246820250064598100164274695   0.432529675115456050741570649764
 512  -0.299270459120409645526702012187   0.432535462483879198033033639227
 513   0.180953627404000000000000000000   0.433955093757000000000000000000
 514   0.226684610515568410731689864325   0.434055727387094872709359830386
 515  -0.126572221944511606484884817396   0.434207329365985550823457619308
 516  -0.438565762399380279312819442263   0.435632575705995864649271971884
 517  -0.204959147668473488556298954634   0.435635981693691952166498567084
 518  -0.045494812797272416457264119714   0.437715889790150289738364777547
 519   0.271463376033963340876270171263   0.438267051716492385381078858228
 520   0.136208137253271962353307818556   0.438746063604971444665157106447
 521   0.044431966841819337763690387699   0.439470465351809048893652412229
 522   0.362705815301020347497617702657   0.439661873520306940652008157847
 523   0.444133609292070946321754525942   0.447366036890101744974492088873
 524  -0.383215971505056311697744769270   0.455019892787560166088363124953
 525  -0.260330112596743414836404725673   0.455041517492100128876163727100
 526  -0.165422547157000000000000000000   0.459110438612000000000000000000
 527  -0.477457982413000000000000000000   0.461700189683000000000000000000
 528   0.203735768816617568810738310269   0.472736779061464653501893425489
 529  -0.069481061020052978916333067692   0.475762348103033060558244600529
 530   0.390788050787000000000000000000   0.476332393948000000000000000000
 531  -0.422164480308500871924330383186   0.477511819248998985629303290032
 532  -0.344267462701611751471159155354   0.477511819248998985629303290033
 533  -0.299291101199609722729765735421   0.477511819248998985629303290033
 534  -0.221369123993877106943043715924   0.477511819248998985629303290033
 535  -0.114423384554425374110020772668   0.477511819248998985629303290033
 536  -0.024538737485680583722645362716   0.477511819248998985629303290033
 537   0.020437624016321445018748057217   0.477511819248998985629303290033
 538   0.068426309667317230508632718180   0.477511819248998985629303290033
 539   0.113402671169319259250026138113   0.477511819248998985629303290033
 540   0.159013603337224665456589498998   0.477511819248998985629303290033
 541   0.248457934296010472164887121539   0.477511819248998985629303290033
 542   0.293434295798012500906280541473   0.477511819248998985629303290033
 543   0.338410657300014529647673961406   0.477511819248998985629303290033
 544   0.477511819248998985629303290033   0.477511819248998985629303290033
