   1  -0.478501774862583591457938210455  -0.478501774862583591457938210455
   2  -0.404029738441464334573664259001  -0.478501774862583591457938210455
   3  -0.329557702020345077689390307546  -0.478501774862583591457938210455
   4  -0.255085665599225783406922619916  -0.478501774862583591457938210455
   5  -0.180613629178106563920842404637  -0.478501774862583591457938210455
   6  -0.106141592756987584506087366973  -0.478501774862583591457938210455
   7  -0.029938627212750585544550469036  -0.478501774862583591457938210455
   8   0.040914486988240234469000072198  -0.478501774862583591457938210455
   9   0.115393322830065861148468723211  -0.478501774862583591457938210455
  10   0.189821406402632550740397012050  -0.478501774862583591457938210455
  11   0.264300417323155176187968652301  -0.478501774862583591457938210455
  12   0.338736426926508857983064234070  -0.478501774862583591457938210455
  13   0.413208456452756775770145778006  -0.478501774862583591457938210455
  14   0.478111216559000000000000000000  -0.478119284377000000000000000000
  15  -0.068040109984869085025318918004  -0.458577625023703935613833229308
  16   0.227060911862893863464182832175  -0.457009590950488038506438057317
  17   0.078153904909153047808734397705  -0.457009439271778932926587495852
  18  -0.292321683809785430780716470660  -0.457003549725167214900856504282
  19  -0.441265756652023963015801234728  -0.457003549725167182915876420911
  20  -0.366793720230904706131527283273  -0.457003549725167182915876420911
  21  -0.217849647388666173663882512276  -0.457003549725167150528090589730
  22  -0.143377610967547074213464885805  -0.457003549725166942620224265723
  23   0.375972441689632816876605006038  -0.457003543754034553087415535520
  24   0.301518422124832017085516443186  -0.456972379728987045229676363516
  25   0.152607364616349205944432867630  -0.456965530292906914612962345210
  26   0.005487929887744824462224801583  -0.454136763304172434406597845833
  27   0.441265143702901474072162546850  -0.445920844292943028178046652053
  28  -0.478501774862583591457938210455  -0.435505324587750774373814631366
  29  -0.404029738441464334573664259001  -0.435505324587750774373814631366
  30  -0.329557702020345077689390307546  -0.435505324587750774373814631366
  31  -0.255085665599225820805116356091  -0.435505324587750774373814631366
  32  -0.106141592756987307036568453184  -0.435505324587750774373814631367
  33  -0.180613629178106683956504993444  -0.435505324587750501690376644998
  34   0.264278916664570704361730623060  -0.435480195816891492278176210378
  35   0.338754436887955975979057215154  -0.435474148620438006859153688581
  36   0.189846870076610518668218687756  -0.435473346380811361661462192072
  37   0.115368131378872101230042191754  -0.435472874707313227765016363968
  38  -0.032613552884373675018543647387  -0.434212613465292778562492864690
  39   0.042731398687404439500979544078  -0.432638538812289296620233516042
  40   0.478501774862583591457938210455  -0.424423680849503290459083405585
  41   0.404029115227433886808784613460  -0.424422601376174697416518179676
  42  -0.441265756652023963015801234728  -0.414007099450334365831752841822
  43  -0.366793720230904706131527283273  -0.414007099450334365831752841822
  44  -0.292321683809785449247253331819  -0.414007099450334365831752841822
  45  -0.217849647388666331097738837259  -0.414007099450334125536100686634
  46  -0.143377598320584625027383241854  -0.414007077545139624800410601351
  47   0.301518415229961635513588482376  -0.413975929454154780973021968602
  48   0.152601407038040606469380454954  -0.413968763633589843114004789581
  49   0.227064874878287359565766478641  -0.413943951247214815433200345133
  50  -0.069769333987411527616816578264  -0.412576008674815455397734883977
  51   0.005495380476844811059129783465  -0.411140313674872888077674255327
  52   0.079945424267422982242410686860  -0.411102266238654447789349879659
  53   0.441265143702901474072162546850  -0.402924394018110211093923072963
  54   0.366739953858280826713410479029  -0.402832065719069246022716556990
  55  -0.478501774862583591457938210455  -0.392508874312917957289691052277
  56  -0.404029738441464334573664259001  -0.392508874312917957289691052277
  57  -0.329557702020345077689390307546  -0.392508874312917957289691052277
  58  -0.180613629178106721354698729620  -0.392508874312917684606253065909
  59  -0.255085663992065345986803598100  -0.392508871529234118692189633543
  60   0.189825974944463498902447604433  -0.392450718173644327171523303326
  61   0.264300887922090098048104340085  -0.392445708895042818622683640001
  62  -0.107005339551000305819830635631  -0.391077761632217852297889202279
  63  -0.032533369927560147316687459186  -0.391077689745893888583133185676
  64   0.042709406056863353800560926247  -0.389604041101238039246790618944
  65   0.117178343133397871714691310360  -0.389598673772373326828841527045
  66   0.478501774862583591457938210455  -0.381427230574670473374959826496
  67   0.404029115227433886808784613460  -0.381426151101341880332394600587
  68   0.329503932200286486247941746254  -0.381333846552786020136584837008
  69  -0.441265756652023963015801234728  -0.371010649175501548747629262733
  70  -0.366793720230904706131527283273  -0.371010649175501548747629262733
  71  -0.292321683809785449247253331819  -0.371010649175501548747629262733
  72  -0.217849634269952623990461327840  -0.371010626453210550002176865474
  73   0.227064859772590470442850902831  -0.370947500972384651848110378441
  74  -0.144241370408521809272108046755  -0.369579558399996852568086767764
  75  -0.069741569653621836748228307772  -0.369531353412733351675258219926
  76   0.005451434115260230782238468320  -0.368143885858675476570491482976
  77   0.079942324922838243272841549742  -0.368100448634956918286282266321
  78   0.154402911039820764147758459812  -0.368080628312427810886360040743
  79   0.441265143702901474072162546849  -0.359927943743277394009799493874
  80   0.366739953858280826713410479029  -0.359835615444236428938592977900
  81   0.292213839102241874836091694234  -0.359741551779308516866713293818
  82  -0.478501774862583591457938210455  -0.349512424038085140205567473188
  83  -0.329557702020345077689390307546  -0.349512424038085140205567473188
  84  -0.404029738441464334573664258998  -0.349512424038085140205567473184
  85  -0.255085663992065345986803598100  -0.349512421254401301608066054454
  86  -0.107005364844936942218569356193  -0.348081311357392475167837142148
  87  -0.181477375500359263767891438678  -0.348081310540303119058688334813
  88  -0.032529725575336276256712734458  -0.347991311710602529275142884736
  89   0.042701168111071466297100641487  -0.346607591615583759682572395487
  90   0.117166892829261135705908699199  -0.346582403175011402343800780029
  91   0.191638670371615364816137178527  -0.346581954790072010766855196471
  92   0.478501774862583591457938210455  -0.338430780299837656290836247407
  93   0.404029115227433886808784613460  -0.338429700826509063248271021498
  94   0.329503971334224808839598946882  -0.338337328496101099426992705023
  95   0.254977749480383851361816150391  -0.338243291390180507439944412221
  96  -0.441265756652023963015801234728  -0.328014198900668731663505683643
  97  -0.292321683809785449247253331819  -0.328014198900668731663505683643
  98  -0.366793720230904706131514706198  -0.328014198900668731663483899510
  99  -0.218713405222471985764233708937  -0.326583105341493870664577523793
 100  -0.144235836846059295761847333396  -0.326573482763835766998110302624
 101  -0.069788206337899507902948420840  -0.326532029189714326881324200753
 102   0.005442442122582959876075197599  -0.325147436524105549508191838480
 103   0.079928740445326222638238285586  -0.325087805974899926570938034832
 104   0.154402652161055736374287417914  -0.325083729652655602224295935756
 105   0.441265143702901474072162546849  -0.316931493468444576925675914785
 106   0.366729568497363787119737820685  -0.316821063669605997834041367403
 107   0.292213788043523916342898802148  -0.316745101504506016153626184101
 108   0.214699941178893956155885137478  -0.310293216523365475136928787060
 109  -0.478501774862583591457938210455  -0.306515973763252323121443894099
 110  -0.404029738441464334573664258998  -0.306515973763252323121443894095
 111  -0.329557701368176923127702313666  -0.306515972633663910296632136367
 112  -0.255949425040192089024683442656  -0.305084882987761300720017152982
 113  -0.181477397492186282475635274849  -0.305084860265475926165079663016
 114  -0.107024003884846491708828141296  -0.305033421856239257917699399355
 115  -0.032540540280877768504318926100  -0.304994862795857080467092005209
 116   0.042680161197348592725707859380  -0.303611146472458882137141531875
 117   0.117166375077130434367124557949  -0.303585952903295903865538975180
 118   0.478501774862583591457938210455  -0.295434330025004839206712668318
 119   0.404029115227433886808784613460  -0.295433250551676246164147442409
 120   0.329493555075895734415404182884  -0.295322830237241791714734336447
 121   0.254977743046885500717603745600  -0.295246841115348171673473373961
 122   0.177463922968334327713128043822  -0.288794991385949066593792921756
 123  -0.441265756652023963015801234728  -0.285017748625835914579382104554
 124  -0.366793720230904706131514706092  -0.285017748625835914579360320238
 125  -0.293185442598583540721142961129  -0.283586656720756514543107770732
 126  -0.218713417825551100659623022844  -0.283586638804866380052345754257
 127  -0.144267848681927527859183056125  -0.283540459285430685049264630841
 128  -0.069791742613335105495670752387  -0.283522958804303464917363688782
 129   0.005422128234222556412988682958  -0.282150991047972168177152571640
 130   0.079929151279303347934563661810  -0.282089816039507770424968087202
 131   0.441265143702901474072162546849  -0.273935043193611759841552335696
 132   0.366728205133411241059639143701  -0.273822235563360524634371680497
 133   0.292213781610025565698686397357  -0.273748651229673680387155145841
 134   0.140227645884409025705965183857  -0.267297214636589368235035961179
 135   0.214699941178893956155885137478  -0.267296766248532658052805207970
 136  -0.478501774862583591457938210455  -0.263519523488419506037320315010
 137  -0.404029738441464334573664258998  -0.263519523488419506037320315005
 138  -0.330421461461311322060656237504  -0.262088432712928521465876257112
 139  -0.255949433733300753977789548875  -0.262088409678866587755944733477
 140  -0.181504311161500045030519735596  -0.262041868731843034970458301728
 141  -0.107034824491760759243778912981  -0.262036972942978560143002739546
 142   0.042679802773897855956188197570  -0.260614696199119995007922640468
 143  -0.031777565628541375044437667545  -0.260589972687217161296632694522
 144   0.478501774862583591457938210455  -0.252437879750172022122589089229
 145   0.404029115227433886808784613460  -0.252436800276843429080023863320
 146   0.329492186922851612617502167973  -0.252324010425944116092309890952
 147   0.254977743046885500717603745600  -0.252250390840515354589349794872
 148   0.102990422086581939273404287718  -0.245801077772801234794465073201
 149   0.177463922961393034137317154169  -0.245798541111116249510229639577
 150  -0.441265756652023963015801234728  -0.242021298351003097495258525465
 151  -0.367657479671870950502805790410  -0.240590207575512112923836251879
 152  -0.293185454246670071712015203450  -0.240590188530034054566541149161
 153  -0.144270981312675824265357277797  -0.240538987887527630509300148884
 154  -0.069805873971287291925082340333  -0.240526510851700525987416607192
 155  -0.217925323824756912074042913056  -0.239190072898275512820167747542
 156   0.005458556768223480067951076456  -0.239090905129207604918709679371
 157   0.441265143702901474072162546850  -0.230938592918778942757428756607
 158   0.366728205133411241059639143701  -0.230825785288527707550248101408
 159   0.292213781610025565698686397357  -0.230752200954840863303031566752
 160   0.065741203823315235414260229967  -0.224325732024439247733721922599
 161   0.140227645877467732130154294204  -0.224300764361756551151472679000
 162   0.214699941178605809355730644522  -0.224300315973699840968682594410
 163  -0.478501774862583591457938210455  -0.220523073213586688953196735921
 164  -0.404893497882430578944942766140  -0.219091982438095704381774462339
 165  -0.330421472457229700154164780855  -0.219091963392617646024501186363
 166  -0.255935331232974729136692479151  -0.219091961716788887932008661389
 167  -0.107042036692319187743202503461  -0.219028515584702904185351357472
 168  -0.180691993975932691308880455256  -0.217687192053960108359009594696
 169  -0.031777423277429372084410380536  -0.217592613888369098446207692342
 170   0.478501774862583591457938210455  -0.209441429475339205038465510140
 171   0.404029115227433886808784613460  -0.209440350002010611995900284230
 172   0.329492186922851612617502167973  -0.209327560151111299008186311863
 173   0.254977743046597353917449252644  -0.209253940565682537505227181311
 174   0.102990422079640645697593398065  -0.202804627497968417710901791023
 175   0.028519811961189038536689579979  -0.202802156939705530357061967851
 176   0.177463922968046180913593668794  -0.202802090836283432426620804865
 177  -0.442129516092990207387079741867  -0.197593757300679295839712672795
 178  -0.293183200910216927807702742820  -0.197593738314247102223554132860
 179  -0.367657490667789328596301756585  -0.197593738255201237482439396822
 180  -0.069806182413883643397608143880  -0.197530006511018645582009811401
 181  -0.217937092661784268081228703584  -0.196193539872918244800308133197
 182  -0.143432876189372560994411163740  -0.196128700368508009659329252755
 183   0.441265143702901474072162546849  -0.187942142643946125673305177518
 184   0.366728205133411241059639143701  -0.187829335013694890466124522318
 185   0.292213781609737418898531904401  -0.187755750680008046218908953191
 186   0.140227645884120878906430808830  -0.181304314086923734067863844288
 187   0.065755830263788320422132437341  -0.181303931961706478677930495448
 188  -0.008716168084463813615671877024  -0.181303865698867023884559980816
 189   0.214699941178893951255293662552  -0.181303865698867023884559980816
 190  -0.330421091506350241156083673007  -0.176095513119472451658483450256
 191  -0.404893508878348957038438732312  -0.176095513117784828940377607278
 192  -0.255947182757448545206674060932  -0.176095513075330850900243617082
 193  -0.180703625245566184532165027511  -0.174690743352355254249950913293
 194  -0.478501774862583591457938210455  -0.174664441387771902726228609669
 195  -0.106196681332340757531924676842  -0.174629650079252291124473922505
 196   0.478501774862583591457938210455  -0.166444979200506387954341931050
 197   0.404029115227433886808784613460  -0.166443899727177794911776705141
 198   0.329492186922851612617502167973  -0.166331109876278481924062732774
 199   0.254977743046885495817012270675  -0.166257490290849720421104567717
 200  -0.046550756035174654116255084763  -0.160874184695752172509868458712
 201   0.102991848385311340216807983179  -0.159805706670074140962343434858
 202   0.028519850218135468269770980346  -0.159805640720867972205428508425
 203   0.177463922968334322813156686825  -0.159805640561450615342498191271
 204  -0.293185073239138360579390868490  -0.154597288080180622468298934015
 205  -0.367657490667789328596301756585  -0.154597287980368420398315817733
 206  -0.441265767647942341109297200900  -0.153166197204877435826893544152
 207  -0.217904858562008888259812573131  -0.153132381263092433201250596133
 208  -0.143433168307521780599875339333  -0.153132236886420343909863111728
 209   0.441265143702901474072162546849  -0.144945692369113308589181598429
 210   0.366728205133411241059639143700  -0.144832884738862073382000943229
 211   0.292213781610025560798094922431  -0.144759300405175229134786339597
 212   0.140227866592946154305900511191  -0.138307481527591805358897803037
 213   0.065755868339658488064446526183  -0.138307415429235634489841447836
 214  -0.008716168084463814496641739868  -0.138307415424034206800436401727
 215   0.214699941178893956155886247276  -0.138307415424034206800436401727
 216  -0.083188204505583071381208904974  -0.138307415424034206800436395017
 217  -0.330421472455281011261400208679  -0.133099062846327240027020681350
 218  -0.255949055087179673492644280036  -0.133099062841264406404100472724
 219  -0.404029749437382712667160225173  -0.131667972067461027284831754607
 220  -0.478501774862583591457938210456  -0.131667953021982968927558478635
 221  -0.180669055113495502717063163239  -0.131633784151191161592265368115
 222   0.478501774862583591457938210455  -0.123448528925673570870218351961
 223   0.404029115227433886808784613460  -0.123447449452344977827653126052
 224   0.329492186922851612617502167973  -0.123334659601445664839939153685
 225   0.254977743046885500717604855398  -0.123261040016016903336980988628
 226  -0.120424630720149290505407855439  -0.116809896985774019912356663820
 227   0.028519850129098859621984388946  -0.116809190291819225948342854547
 228   0.102991886547293302153539054196  -0.116809190286753298886395816015
 229  -0.045952186295023442938925320484  -0.116809190286617798258628539298
 230   0.177463922968334327713749271548  -0.116809190286617798258374612182
 231  -0.293185454188069130688723729188  -0.111600837807035410836836200694
 232  -0.366793731224874395332258677268  -0.110169746933419846913536618224
 233  -0.441265756652023963015801234728  -0.110169727884566560385496689091
 234  -0.217904735950222008691930277527  -0.110134974675743236602375163680
 235   0.441265143702901474072162546849  -0.101949242094280491505058019340
 236   0.366728205133411241059639143700  -0.101836434464029256297877364140
 237   0.292213781610025565698687507155  -0.101762850130342412050662760508
 238  -0.157660571533310187865527899016  -0.095311537792687920541740877886
 239   0.065755868336733673711076916959  -0.095310965149336890344897222725
 240  -0.008716168084463814496934949645  -0.095310965149201389716312822638
 241   0.140227904757774699271612295821  -0.095310965149201389716312822638
 242   0.214699941178893956155886247276  -0.095310965149201389716312822638
 243  -0.083188204505600056567561028357  -0.095310965149201389716312819283
 244  -0.255949436036110443626725331023  -0.090102612568119194772483723724
 245  -0.329557712957662514759582197776  -0.088671521894128017723352137568
 246  -0.404029738439515645680899686823  -0.088671502750525380014201552707
 247  -0.478501774862583591457938210455  -0.088671502747150151843434899546
 248   0.478501774862583591457938210455  -0.080452078650840753786094772872
 249   0.404029115227433886808784613460  -0.080450999177512160743529546963
 250   0.329492186922851612617502167973  -0.080338209326612847755815574595
 251   0.254977743046885500717604855398  -0.080264589741184086252857409539
 252  -0.120424547452408914484721380593  -0.073813302481278412670420338393
 253   0.028519850126174045269265102741  -0.073812740011920481802272236926
 254   0.102991886547215070829150158584  -0.073812740011784981174814229348
 255  -0.045952186295023442939218661418  -0.073812740011784981174504960209
 256  -0.194896259137261956704184390160  -0.073812740011784981174251033093
 257   0.177463922968334327713749271548  -0.073812740011784981174251033093
 258  -0.292321694805703827697583799611  -0.067173296655211801658999660598
 259  -0.366793720172303765108223208881  -0.067173277711233550824017069367
 260  -0.441265756652023963015801234728  -0.067173277609733743301373110001
 261   0.441265143702901474072162546849  -0.058952791819447674420934440250
 262   0.366728205133411241059639143700  -0.058839984189196439213753785051
 263   0.292213781610025565698687507155  -0.058766399855509594966539181419
 264  -0.232729506566587156254934179265  -0.053377724872528514952372691958
 265  -0.157660240921046655955695635468  -0.052314514884164484420726523134
 266  -0.083188204505583071381209558543  -0.052314514874368572632189243549
 267  -0.008716168084463814496935607088  -0.052314514874368572632189243549
 268   0.065755868336655442387338344366  -0.052314514874368572632189243549
 269   0.140227904757774699271612295821  -0.052314514874368572632189243549
 270   0.214699941178893956155886247276  -0.052314514874368572632189243548
 271  -0.404029738439515645680899686823  -0.045675052475692562930077973618
 272  -0.329557702020345078046224809166  -0.045675052472317334759664595081
 273  -0.478501774862583591457938210455  -0.045675052472317334759311320457
 274   0.478501774862583591457938210455  -0.037455628376007936701971193783
 275   0.404029115227433886808784613460  -0.037454548902679343659405967874
 276   0.329492186922851612617502167973  -0.037341759051780030671691995506
 277   0.254977743046885500717604855398  -0.037268139466351269168733830450
 278  -0.194896259137261956707620485725  -0.030816289736952164090127454004
 279  -0.120424222716142699823346534270  -0.030816289736952164090127454004
 280  -0.045952186295023442939072582816  -0.030816289736952164090127454004
 281   0.028519850126095813945201368639  -0.030816289736952164090127454004
 282   0.102991886547215070829475320094  -0.030816289736952164090127454004
 283   0.177463922968334327713749271548  -0.030816289736952164090127454004
 284  -0.269368270844108877724022998757  -0.030816246930633628396449238380
 285  -0.441265756652023963015801234728  -0.024176827334900926217249530912
 286  -0.366793720230904706310046515686  -0.024176827334900925908751699503
 287   0.441265143702901474072162546849  -0.015956341544614857336810861161
 288   0.366728205133411241059639143700  -0.015843533914363622129630205962
 289   0.292213781610025565698687507155  -0.015769949580676777882415602330
 290  -0.157660240926702328265483509998  -0.009318064599535755548065664459
 291  -0.083188204505583071381209558543  -0.009318064599535755548065664459
 292  -0.008716168084463814496935607088  -0.009318064599535755548065664459
 293   0.065755868336655442387338344366  -0.009318064599535755548065664459
 294   0.140227904757774699271612295821  -0.009318064599535755548065664459
 295   0.214699941178893956155886247276  -0.009318064599535755548065664459
 296  -0.232132252633549249103570753822  -0.009318021793217220163238554869
 297  -0.306604278058750128072664008312  -0.009318002747739161497114172864
 298  -0.478501774862583591457938210455  -0.002678602197484517675187741368
 299  -0.404029738441464334751979528211  -0.002678602197484517366336635330
 300   0.478501774862583591457938210455   0.005540821898824880382152385306
 301   0.404029115227433886808784613460   0.005541901372153473424717611215
 302   0.329492186922851612617502167973   0.005654691223052786412431583583
 303   0.254977743046885500717604855398   0.005728310808481547915389748639
 304  -0.120424222716142699823346534270   0.012180160537880652993996125085
 305  -0.045952186295023442939072582816   0.012180160537880652993996125085
 306   0.028519850126095813945201368639   0.012180160537880652993996125085
 307   0.102991886547215070829475320093   0.012180160537880652993996125085
 308   0.177463922968334327713749271548   0.012180160537880652993996125085
 309  -0.194896234422989620661433778094   0.012180203344199188378823234675
 310  -0.269368259848190499452211763377   0.012180222389677246736096510648
 311  -0.343840296269309756336485714832   0.012180222389677247353798722714
 312  -0.441265756652023963194116503938   0.018819622939931891175725154214
 313   0.441265143702901474072162546849   0.027040108730217959747312717928
 314   0.366728205133411241059639143700   0.027152916360469194954493373127
 315   0.292213781610025565698687507155   0.027226500694156039201707976760
 316  -0.083188204505583071381209558543   0.033678385675297061536057914630
 317  -0.008716168084463814496935607088   0.033678385675297061536057914630
 318   0.065755868336655442387338344366   0.033678385675297061536057914630
 319   0.140227904757774699271612295821   0.033678385675297061536057914630
 320   0.214699941178893956155886247276   0.033678385675297061536057914630
 321  -0.157660216212429992219296802367   0.033678428481615596920885024220
 322  -0.232132241637630871010074787649   0.033678447527093655278158300192
 323  -0.306604278058750127716033469896   0.033678447527093655587009406226
 324  -0.381076314479869384778418727357   0.033678447527093655896213786887
 325  -0.478501774862583591457938210455   0.040317848077348300026638049796
 326   0.478501774862583591457938210455   0.048537272173657697466275964395
 327   0.404029115227433886808784613460   0.048538351646986290508841190304
 328   0.329492186922851612617502167973   0.048651141497885603496555162672
 329   0.254977743046885500717604855398   0.048724761083314364999513327728
 330  -0.045952186295023442939072582816   0.055176610812713470078119704174
 331   0.028519850126095813945201368639   0.055176610812713470078119704174
 332   0.102991886547215070829475320094   0.055176610812713470078119704174
 333   0.177463922968334327713749271548   0.055176610812713470078119704174
 334  -0.120424198001870363777159826640   0.055176653619032005462946813765
 335  -0.194896223427071242567937811922   0.055176672664510063820220089737
 336  -0.269368259848190499273896494169   0.055176672664510064129071195770
 337  -0.343840296269309755979855176416   0.055176672664510064437922301803
 338  -0.418312332690429013220555703084   0.055176672664510064438275576432
 339   0.441265143702901474072162546849   0.070036559005050776831436297017
 340   0.366728205133411241059639143700   0.070149366635302012038616952217
 341   0.292213781610025565698687507155   0.070222950968988856285831555849
 342  -0.008716168084463814496935607088   0.076674835950129878620181493719
 343   0.065755868336655442387338344366   0.076674835950129878620181493719
 344   0.140227904757774699271612295821   0.076674835950129878620181493719
 345   0.214699941178893956155886247275   0.076674835950129878620181493719
 346  -0.083188179791310735335022850912   0.076674878756448414005008603309
 347  -0.157660205216511614125800836195   0.076674897801926472362281879281
 348  -0.232132241637630870831759518442   0.076674897801926472671132985314
 349  -0.306604278058750127537718200689   0.076674897801926472979984091348
 350  -0.381076314479869384421788188941   0.076674897801926472980337365976
 351  -0.455548350900988641484377409602   0.076674897801926473289188472014
 352   0.478501774862583591457938210455   0.091533722448490514550399543484
 353   0.404029115227433886808784613460   0.091534801921819107592964769393
 354   0.329492186922851612617502167972   0.091647591772718420580678741762
 355   0.254977743046885500717604855398   0.091721211358147182083636906817
 356   0.028519850126095813945201368639   0.098173061087546287162243283263
 357   0.102991886547215070829475320093   0.098173061087546287162243283263
 358   0.177463922968334327713749271548   0.098173061087546287162243283263
 359  -0.045952161580751106892885875185   0.098173103893864822547070392854
 360  -0.120424187005951985683663860468   0.098173122939342880904343668826
 361  -0.194896223427071242389622542714   0.098173122939342881213194774859
 362  -0.269368259848190499095581224961   0.098173122939342881522045880892
 363  -0.343840296269309755979651213214   0.098173122939342881522399155521
 364  -0.418312332690429012863925164666   0.098173122939342881522399155525
 365  -0.478501774862583591457938210455   0.113031947526504646551738894231
 366   0.441265143702901474072162546849   0.113033009279883593915559876106
 367   0.366728205133411241059639143699   0.113145816910134829122740531309
 368   0.292213781610025565698687507155   0.113219401243821673369955134938
 369   0.065755868336655442387338344366   0.119671286224962695704305072808
 370   0.140227904757774699271612295821   0.119671286224962695704305072808
 371   0.214699941178893956155886247275   0.119671286224962695704305072808
 372  -0.008716143370191478450748899458   0.119671329031281231089132182398
 373  -0.083188168795392357241526884740   0.119671348076759289446405458370
 374  -0.157660205216511613947485566987   0.119671348076759289755256564404
 375  -0.232132241637630870653444249234   0.119671348076759290064107670437
 376  -0.306604278058750127537514237487   0.119671348076759290064460945065
 377  -0.381076314479869384421788188939   0.119671348076759290064460945069
 378  -0.441265756652023962837485965520   0.134530172663921054784949577742
 379   0.478501774862583591457938210455   0.134530172723323331634523122573
 380   0.404029115227433886808784613460   0.134531252196651924677088348483
 381   0.329492186922851612617502167971   0.134644042047551237664802320853
 382   0.254977743046885500717604855398   0.134717661632979999167760485907
 383   0.102991886547215070829475320093   0.141169511362379104246366862353
 384   0.177463922968334327713749271548   0.141169511362379104246366862353
 385   0.028519874840368149991388076270   0.141169554168697639631193971943
 386  -0.045952150584832728799389909013   0.141169573214175697988467247915
 387  -0.120424187005951985505348591260   0.141169573214175698297318353948
 388  -0.194896223427071242211307273507   0.141169573214175698606169459981
 389  -0.269368259848190499095377261759   0.141169573214175698606522734610
 390  -0.343840296269309755979651213212   0.141169573214175698606522734614
 391  -0.404029738441464334395348989793   0.156028397801337463327011367287
 392  -0.478501774862583591457938210455   0.156028397801337463635862473320
 393   0.441265143702901474072162546849   0.156029459554716410999683455195
 394   0.366728205133411241059639143698   0.156142267184967646206864110399
 395   0.292213781610025565698687507155   0.156215851518654490454078714027
 396   0.140227904757774699271612295821   0.162667736499795512788428651897
 397   0.214699941178893956155886247275   0.162667736499795512788428651897
 398   0.065755893050927778433525051997   0.162667779306114048173255761487
 399  -0.008716132374273100357252933286   0.162667798351592106530529037460
 400  -0.083188168795392357063211615532   0.162667798351592106839380143493
 401  -0.157660205216511613769170297779   0.162667798351592107148231249526
 402  -0.232132241637630870653240286032   0.162667798351592107148584524154
 403  -0.306604278058750127537514237484   0.162667798351592107148584524159
 404  -0.441265756652023962837485965520   0.177526622938753871869073156832
 405  -0.366793720230904705953212014066   0.177526622938753871869073156831
 406   0.478501774862583591457938210455   0.177526622998156148718646701662
 407   0.404029115227433886808784613460   0.177527702471484741761211927572
 408   0.329492186922851612617502167969   0.177640492322384054748925899945
 409   0.254977743046885500717604855398   0.177714111907812816251884064996
 410   0.177463922968334327713749271548   0.184165961637211921330490441442
 411   0.102991911261487406875662027724   0.184166004443530456715317551032
 412   0.028519885836286528084884042442   0.184166023489008515072590827004
 413  -0.045952150584832728621074639805   0.184166023489008515381441933037
 414  -0.120424187005951985327033322052   0.184166023489008515690293039071
 415  -0.194896223427071242211103310305   0.184166023489008515690646313699
 416  -0.269368259848190499095377261757   0.184166023489008515690646313703
 417  -0.404029738441464334395348989793   0.199024848076170280411134946376
 418  -0.329557702020345077511075038338   0.199024848076170280411134946376
 419  -0.478501774862583591457938210455   0.199024848076170280719986052409
 420   0.441265143702901474072162546849   0.199025909829549228083807034284
 421   0.366728205133411241059639143697   0.199138717459800463290987689490
 422   0.292213781610025565698687507155   0.199212301793487307538202293116
 423   0.214699941178893956155886247275   0.205664186774628329872552230986
 424   0.140227929472047035317799003452   0.205664229580946865257379340577
 425   0.065755904046846156527021018169   0.205664248626424923614652616549
 426  -0.008716132374273100178937664078   0.205664248626424923923503722582
 427  -0.083188168795392356884896346325   0.205664248626424924232354828615
 428  -0.157660205216511613768966334577   0.205664248626424924232708103244
 429  -0.232132241637630870653240286030   0.205664248626424924232708103248
 430  -0.441265756652023962837485965520   0.220523073213586688953196735921
 431  -0.366793720230904705953212014066   0.220523073213586688953196735921
 432  -0.292321683809785449068938062611   0.220523073213586688953196735921
 433   0.478501774862583591457938210455   0.220523073272988965802770280751
 434   0.404029115227433886808784613460   0.220524152746317558845335506661
 435   0.329492186922851612617502167969   0.220636942597216871833049479035
 436   0.254977743046885500717604855398   0.220710562182645633336007644085
 437   0.177463947682606663759935979179   0.227162454718363273799441130121
 438   0.102991922257405784969157993896   0.227162473763841332156714406093
 439   0.028519885836286528263199311649   0.227162473763841332465565512126
 440  -0.045952150584832728442759370597   0.227162473763841332774416618160
 441  -0.120424187005951985326829358850   0.227162473763841332774769892788
 442  -0.194896223427071242211103310302   0.227162473763841332774769892792
 443  -0.404029738441464334395348989793   0.242021298351003097495258525465
 444  -0.329557702020345077511075038338   0.242021298351003097495258525465
 445  -0.255085665599225820626801086884   0.242021298351003097495258525465
 446  -0.478501774862583591457938210455   0.242021298351003097804109631499
 447   0.441265143702901474072162546849   0.242022360104382045167930613373
 448   0.366728205133411241059639143697   0.242135167734633280375111268579
 449   0.292213781610025565698687507155   0.242208752068320124622325872205
 450   0.214699965893166292202072954906   0.248660679855779682341502919666
 451   0.140227940467965413411294969624   0.248660698901257740698776195638
 452   0.065755904046846156705336287377   0.248660698901257741007627301671
 453  -0.008716132374273100000622394870   0.248660698901257741316478407704
 454  -0.083188168795392356884692383123   0.248660698901257741316831682333
 455  -0.157660205216511613768966334575   0.248660698901257741316831682337
 456  -0.441265756652023962837485965520   0.263519523488419506037320315010
 457  -0.366793720230904705953212014066   0.263519523488419506037320315010
 458  -0.292321683809785449068938062611   0.263519523488419506037320315010
 459  -0.217849647388666192184664111156   0.263519523488419506037320315010
 460   0.478501774862583591457938210455   0.263519523547821782886893859840
 461   0.404029115227433886808784613460   0.263520603021150375929459085750
 462   0.329492186922851612617502167969   0.263633392872049688917173058124
 463   0.254977783752079746983304390896   0.263707012457459182401166452529
 464   0.177463958678525041853431945351   0.270158924038674149240837985182
 465   0.102991922257405785147473263104   0.270158924038674149549689091216
 466   0.028519885836286528441514580857   0.270158924038674149858540197249
 467  -0.045952150584832728442555407395   0.270158924038674149858893471877
 468  -0.120424187005951985326829358848   0.270158924038674149858893471881
 469  -0.404029738441464334395348989793   0.285017748625835914579382104554
 470  -0.329557702020345077511075038338   0.285017748625835914579382104554
 471  -0.255085665599225820626801086884   0.285017748625835914579382104554
 472  -0.180613629178106563742527135429   0.285017748625835914579382104554
 473  -0.478501774862583591457938210455   0.285017748625835914888233210588
 474   0.441265143702901474072162546849   0.285018810379214862252054192463
 475   0.366728205133411241059639143697   0.285131618009466097459234847668
 476   0.292213811017943491298169994387   0.285205221910621155858309764234
 477   0.214699976889084670295568921078   0.291657149176090557782899774727
 478   0.140227940467965413589610238831   0.291657149176090558091750880760
 479   0.065755904046846156883651556585   0.291657149176090558400601986794
 480  -0.008716132374273100000418431668   0.291657149176090558400955261422
 481  -0.083188168795392356884692383120   0.291657149176090558400955261426
 482  -0.441265756652023962837485965520   0.306515973763252323121443894099
 483  -0.366793720230904705953212014066   0.306515973763252323121443894099
 484  -0.292321683809785449068938062611   0.306515973763252323121443894099
 485  -0.217849647388666192184664111156   0.306515973763252323121443894099
 486  -0.143377610967546935300390159702   0.306515973763252323121443894099
 487   0.478501774862583591457938210455   0.306515973822654599971017438929
 488   0.404029115227433886808784613460   0.306517053295983193013582664839
 489   0.329492207296135934752137265649   0.306629878434407454631416928126
 490   0.254977801862694585121957893327   0.306703462732288185282399805957
 491   0.177463958678525042031747214559   0.313155374313506966633812670305
 492   0.102991922257405785325788532312   0.313155374313506966942663776338
 493   0.028519885836286528441718544059   0.313155374313506966943017050967
 494  -0.045952150584832728442555407393   0.313155374313506966943017050971
 495  -0.404029738441464334395348989793   0.328014198900668731663505683643
 496  -0.329557702020345077511075038338   0.328014198900668731663505683643
 497  -0.255085665599225820626801086884   0.328014198900668731663505683643
 498  -0.180613629178106563742527135429   0.328014198900668731663505683643
 499  -0.106141592756987306858253183974   0.328014198900668731663505683643
 500  -0.478501774862583591457938210455   0.328014198900668731972356789677
 501   0.441265143702901474072162546849   0.328015260654047679336177771552
 502   0.366722849483717546453033989899   0.328137412429183316301891589750
 503   0.292213820073254213710940208823   0.328201687869704593570118006166
 504   0.214699976889084670473884190286   0.334653599450923375175874459849
 505   0.140227940467965413767925508039   0.334653599450923375484725565883
 506   0.065755904046846156883855519787   0.334653599450923375485078840511
 507  -0.008716132374273100000418431666   0.334653599450923375485078840515
 508  -0.441265756652023962837485965520   0.349512424038085140205567473188
 509  -0.366793720230904705953212014066   0.349512424038085140205567473188
 510  -0.292321683809785449068938062611   0.349512424038085140205567473188
 511  -0.217849647388666192184664111156   0.349512424038085140205567473188
 512  -0.143377610967546935300390159702   0.349512424038085140205567473188
 513  -0.068905574546427678416116208247   0.349512424038085140205567473188
 514   0.478501774862583591457938210455   0.349512424097487417055141018019
 515   0.404029115227433886808784613460   0.349513503570816010097706243928
 516   0.329486852595852985144615188435   0.349635674498548638294136968305
 517   0.254977801862694585415648572865   0.349699913007121002366523385046
 518   0.177463958678525042210062483767   0.356151824588339784026787355427
 519   0.102991922257405785325992495514   0.356151824588339784027140630056
 520   0.028519885836286528441718544062   0.356151824588339784027140630060
 521  -0.404029738441464334395348989793   0.371010649175501548747629262733
 522  -0.329557702020345077511075038338   0.371010649175501548747629262733
 523  -0.255085665599225820626801086884   0.371010649175501548747629262733
 524  -0.180613629178106563742527135429   0.371010649175501548747629262733
 525  -0.106141592756987306858253183974   0.371010649175501548747629262733
 526  -0.031669556335868049973979232520   0.371010649175501548747629262733
 527  -0.478501774862583591457938210455   0.371010649175501549056480368766
 528   0.441265143702901474072162546849   0.371011710928880496420301350641
 529   0.366717634960754705555034416494   0.371142965837382873060244100202
 530   0.292213746526283288293472911663   0.371198265531124580828120794941
 531   0.214699976889084670652200308194   0.377650049725756192568847674980
 532   0.140227940467965413768129471241   0.377650049725756192569202419600
 533   0.065755904046846156883855519789   0.377650049725756192569202419604
 534  -0.441265756652023962837485965520   0.392508874312917957289691052277
 535  -0.366793720230904705953212014066   0.392508874312917957289691052277
 536  -0.292321683809785449068938062611   0.392508874312917957289691052277
 537  -0.217849647388666192184664111156   0.392508874312917957289691052277
 538  -0.143377610967546935300390159702   0.392508874312917957289691052277
 539  -0.068905574546427678416116208247   0.392508874312917957289691052277
 540   0.005566461874691578468157743208   0.392508874312917957289691052277
 541   0.478501774862583591457938210455   0.392508874372320234139264597108
 542   0.404029115227433886808784613460   0.392509953845648827181829823017
 543   0.329481627055704235663631071975   0.392641208824454861874021881812
 544   0.254977744077240779169075159140   0.392696517968266333175058939062
 545   0.177463958678525042210267295669   0.399148274863172601111262739153
 546   0.102991922257405785325992495516   0.399148274863172601111264209149
 547  -0.404029738441464334395348989793   0.414007099450334365831752841822
 548  -0.329557702020345077511075038338   0.414007099450334365831752841822
 549  -0.255085665599225820626801086884   0.414007099450334365831752841822
 550  -0.180613629178106563742527135429   0.414007099450334365831752841822
 551  -0.106141592756987306858253183974   0.414007099450334365831752841822
 552  -0.031669556335868049973979232520   0.414007099450334365831752841822
 553   0.042802480085251206910294718935   0.414007099450334365831752841822
 554  -0.478501774862583591457938210455   0.414007099450334366140603947855
 555   0.441265143702901474072162546849   0.414008161203713313504424929730
 556   0.366717645567001383334368945295   0.414139433440978598955922443005
 557   0.292206431131271412738751823870   0.414207436044192868061387112549
 558   0.214699976889084670652404271400   0.420646500000589009653324528690
 559   0.140227940467965413768129471249   0.420646500000589009653325998689
 560  -0.441265756652023962837485965520   0.435505324587750774373814631366
 561  -0.366793720230904705953212014066   0.435505324587750774373814631366
 562  -0.292321683809785449068938062611   0.435505324587750774373814631366
 563  -0.217849647388666192184664111156   0.435505324587750774373814631366
 564  -0.143377610967546935300390159702   0.435505324587750774373814631366
 565  -0.068905574546427678416116208247   0.435505324587750774373814631366
 566   0.005566461874691578468157743208   0.435505324587750774373814631366
 567   0.080038498295810835352431694662   0.435505324587750774373814631366
 568   0.478501774862583591457938210455   0.435505324647153051223388176197
 569   0.404029135757258293685154142937   0.435506404120476743004483174382
 570   0.329481627657179281407572589309   0.435637659099287674751144320804
 571   0.254971983140072511022851550652   0.435708380651974059787093958989
 572   0.177463958678525042210267295676   0.442144725138005418195386318242
 573  -0.404029738441464334395348989793   0.457003549725167182915876420911
 574  -0.329557702020345077511075038338   0.457003549725167182915876420911
 575  -0.255085665599225820626801086884   0.457003549725167182915876420911
 576  -0.180613629178106563742527135429   0.457003549725167182915876420911
 577  -0.106141592756987306858253183974   0.457003549725167182915876420911
 578  -0.031669556335868049973979232520   0.457003549725167182915876420911
 579   0.042802480085251206910295458782   0.457003549725167182915877702364
 580   0.117274516506370463794570998793   0.457003549725167182915877890903
 581  -0.478501774862583591457938210455   0.457003549725167183224727526944
 582   0.441118617262359344036484263293   0.457256463842669189353847182963
 583   0.364917639081460526984239881672   0.459988918421433215096247551961
 584   0.284762328548576023076089225704   0.466712091021512489426279400296
 585  -0.441265756652023962837485965520   0.478501774862583591457938210455
 586  -0.366793720230904705953212014066   0.478501774862583591457938210455
 587  -0.292321683809785449068938062611   0.478501774862583591457938210455
 588  -0.217849647388666192184664111156   0.478501774862583591457938210455
 589  -0.143377610967546935300390159702   0.478501774862583591457938210455
 590  -0.068905574546427678416116208247   0.478501774862583591457938210455
 591   0.005566461874691578468157743208   0.478501774862583591457938210455
 592   0.080038498295810835352433174366   0.478501774862583591457938210455
 593   0.154510534716930092236708823221   0.478501774862583591457938210455
 594   0.200417382640119992183825768132   0.478501774862583591457938210455
 595   0.243413832914952809267949347221   0.478501774862583591457938210455
 596   0.326110824182199236884229104187   0.478501774862583591457938210455
 597   0.403724453980721817084250659157   0.478501774862583591457938210455
 598   0.478499514735577863582351778411   0.478501774862583591457938210455
