   1  -0.478422456281268171008376884499  -0.478422456281268171008376884499
   2  -0.403675652234503730821958632089  -0.478422456281268171008376884500
   3  -0.328928848187739290635540379678  -0.478422456281268171008376884500
   4  -0.254182044140974850449122127267  -0.478422456281268171008376884499
   5  -0.179435240094210410262703874856  -0.478422456281268171008376884499
   6  -0.104688436047445970076285622446  -0.478422456281268171008376884500
   7  -0.029941632000681529889867370035  -0.478422456281268171008376884499
   8   0.044805172046082910296550882376  -0.478422456281268171008376884500
   9   0.119551976092847350482969134787  -0.478422456281268171008376884499
  10   0.194298780139611790669387387198  -0.478422456281268171008376884500
  11   0.269045584186376230855805639608  -0.478422456281268171008376884499
  12   0.343792388233140671042223892019  -0.478422456281268171008376884500
  13   0.418539192279905111228642144430  -0.478422456281268171008376884499
  14   0.477884773593000000000000000000  -0.477884773593000000000000000000
  15  -0.441049054257885950915167758294  -0.456844912562536342016753768999
  16  -0.366302250211121510728749505883  -0.456844912562536342016753768999
  17  -0.291555446164357070542331253472  -0.456844912562536342016753768999
  18  -0.216808642117592630355913001062  -0.456844912562536342016753768999
  19  -0.142061838070828190169494748651  -0.456844912562536342016753768999
  20  -0.067315034024063749983076496240  -0.456844912562536342016753768999
  21   0.007431770022700690203341756171  -0.456844912562536342016753768999
  22   0.082178574069465130389760008581  -0.456844912562536342016753768999
  23   0.156925378116229570576178260992  -0.456844912562536342016753768999
  24   0.231672182162994010762596513403  -0.456844912562536342016753768999
  25   0.306418986209758450949014765814  -0.456844912562536342016753768999
  26   0.381165790256522891135433018225  -0.456844912562536342016753768999
  27   0.441049054257885950915167758294  -0.441603063490683123798747059662
  28  -0.478422456281268171008376884499  -0.435267368843804513025130653498
  29  -0.403675652234503730821958632089  -0.435267368843804513025130653498
  30  -0.328928848187739290635540379678  -0.435267368843804513025130653498
  31  -0.254182044140974850449122127267  -0.435267368843804513025130653498
  32  -0.179435240094210410262703874856  -0.435267368843804513025130653498
  33  -0.104688436047445970076285622446  -0.435267368843804513025130653498
  34  -0.029941632000681529889867370035  -0.435267368843804513025130653498
  35   0.044805172046082910296550882376  -0.435267368843804513025130653498
  36   0.119551976092847350482969134787  -0.435267368843804513025130653498
  37   0.194298780139611790669387387198  -0.435267368843804513025130653498
  38   0.269045584186376230855805639608  -0.435267368843804513025130653498
  39   0.343792388233140671042223892019  -0.435267368843804513025130653498
  40   0.403675652234503730821958632089  -0.420025519771951294807123944161
  41   0.478422456281268171008376884500  -0.420025519771951294807123944161
  42  -0.441049054257885950915167758294  -0.413689825125072684033507537998
  43  -0.366302250211121510728749505883  -0.413689825125072684033507537998
  44  -0.291555446164357070542331253473  -0.413689825125072684033507537998
  45  -0.216808642117592630355913001062  -0.413689825125072684033507537998
  46  -0.142061838070828190169494748651  -0.413689825125072684033507537998
  47  -0.067315034024063749983076496240  -0.413689825125072684033507537998
  48   0.007431770022700690203341756171  -0.413689825125072684033507537998
  49   0.082178574069465130389760008581  -0.413689825125072684033507537998
  50   0.156925378116229570576178260992  -0.413689825125072684033507537998
  51   0.231672182162994010762596513403  -0.413689825125072684033507537998
  52   0.306418986209758450949014765814  -0.413689825125072684033507537998
  53   0.366302250211121510728749505883  -0.398447976053219465815500828661
  54   0.441049054257885950915167758294  -0.398447976053219465815500828661
  55  -0.478422456281268171008376884499  -0.392112281406340855041884422497
  56  -0.403675652234503730821958632089  -0.392112281406340855041884422497
  57  -0.328928848187739290635540379678  -0.392112281406340855041884422497
  58  -0.254182044140974850449122127267  -0.392112281406340855041884422497
  59  -0.179435240094210410262703874856  -0.392112281406340855041884422497
  60  -0.104688436047445970076285622446  -0.392112281406340855041884422497
  61  -0.029941632000681529889867370035  -0.392112281406340855041884422497
  62   0.044805172046082910296550882376  -0.392112281406340855041884422497
  63   0.119551976092847350482969134787  -0.392112281406340855041884422497
  64   0.194298780139611790669387387198  -0.392112281406340855041884422497
  65   0.269045584186376230855805639608  -0.392112281406340855041884422497
  66   0.328928848187739290635540379678  -0.376870432334487636823877713160
  67   0.403675652234503730821958632089  -0.376870432334487636823877713160
  68   0.478422456281268171008376884499  -0.376870432334487636823877713160
  69  -0.441049054257885950915167758294  -0.370534737687609026050261306997
  70  -0.366302250211121510728749505883  -0.370534737687609026050261306997
  71  -0.291555446164357070542331253472  -0.370534737687609026050261306997
  72  -0.216808642117592630355913001062  -0.370534737687609026050261306997
  73  -0.142061838070828190169494748651  -0.370534737687609026050261306997
  74  -0.067315034024063749983076496240  -0.370534737687609026050261306997
  75   0.007431770022700690203341756171  -0.370534737687609026050261306997
  76   0.082178574069465130389760008581  -0.370534737687609026050261306997
  77   0.156925378116229570576178260992  -0.370534737687609026050261306997
  78   0.231672182162994010762596513403  -0.370534737687609026050261306997
  79   0.291555446164357070542331253473  -0.355292888615755807832254597660
  80   0.366302250211121510728749505883  -0.355292888615755807832254597660
  81   0.441049054257885950915167758294  -0.355292888615755807832254597660
  82  -0.478422456281268171008376884499  -0.348957193968877197058638191496
  83  -0.403675652234503730821958632089  -0.348957193968877197058638191496
  84  -0.328928848187739290635540379678  -0.348957193968877197058638191496
  85  -0.254182044140974850449122127267  -0.348957193968877197058638191496
  86  -0.179435240094210410262703874856  -0.348957193968877197058638191496
  87  -0.104688436047445970076285622446  -0.348957193968877197058638191496
  88  -0.029941632000681529889867370035  -0.348957193968877197058638191496
  89   0.044805172046082910296550882376  -0.348957193968877197058638191496
  90   0.119551976092847350482969134787  -0.348957193968877197058638191496
  91   0.194298780139611790669387387198  -0.348957193968877197058638191496
  92   0.254182044140974850449122127267  -0.333715344897023978840631482159
  93   0.328928848187739290635540379678  -0.333715344897023978840631482159
  94   0.403675652234503730821958632089  -0.333715344897023978840631482159
  95   0.478422456281268171008376884500  -0.333715344897023978840631482159
  96  -0.441049054257885950915167758294  -0.327379650250145368067015075996
  97  -0.366302250211121510728749505883  -0.327379650250145368067015075996
  98  -0.291555446164357070542331253473  -0.327379650250145368067015075996
  99  -0.216808642117592630355913001062  -0.327379650250145368067015075996
 100  -0.142061838070828190169494748651  -0.327379650250145368067015075996
 101  -0.067315034024063749983076496240  -0.327379650250145368067015075996
 102   0.007431770022700690203341756171  -0.327379650250145368067015075996
 103   0.082178574069465130389760008581  -0.327379650250145368067015075996
 104   0.156925378116229570576178260992  -0.327379650250145368067015075996
 105   0.216808642117592630355913001062  -0.312137801178292149849008366659
 106   0.291555446164357070542331253472  -0.312137801178292149849008366659
 107   0.366302250211121510728749505883  -0.312137801178292149849008366659
 108   0.441049054257885950915167758294  -0.312137801178292149849008366659
 109  -0.478422456281268171008376884499  -0.305802106531413539075391960495
 110  -0.403675652234503730821958632089  -0.305802106531413539075391960495
 111  -0.328928848187739290635540379678  -0.305802106531413539075391960495
 112  -0.254182044140974850449122127267  -0.305802106531413539075391960495
 113  -0.179435240094210410262703874856  -0.305802106531413539075391960495
 114  -0.104688436047445970076285622446  -0.305802106531413539075391960495
 115  -0.029941632000681529889867370035  -0.305802106531413539075391960495
 116   0.044805172046082910296550882376  -0.305802106531413539075391960495
 117   0.119551976092847350482969134787  -0.305802106531413539075391960495
 118   0.179435240094210410262703874856  -0.290560257459560320857385251158
 119   0.254182044140974850449122127267  -0.290560257459560320857385251158
 120   0.328928848187739290635540379678  -0.290560257459560320857385251158
 121   0.403675652234503730821958632089  -0.290560257459560320857385251158
 122   0.478422456281268171008376884500  -0.290560257459560320857385251158
 123  -0.441049054257885950915167758294  -0.284224562812681710083768844995
 124  -0.366302250211121510728749505883  -0.284224562812681710083768844995
 125  -0.291555446164357070542331253472  -0.284224562812681710083768844995
 126  -0.216808642117592630355913001062  -0.284224562812681710083768844995
 127  -0.142061838070828190169494748651  -0.284224562812681710083768844995
 128  -0.067315034024063749983076496240  -0.284224562812681710083768844995
 129   0.007431770022700690203341756171  -0.284224562812681710083768844995
 130   0.082178574069465130389760008581  -0.284224562812681710083768844995
 131   0.142061838070828190169494748651  -0.268982713740828491865762135658
 132   0.216808642117592630355913001062  -0.268982713740828491865762135658
 133   0.291555446164357070542331253473  -0.268982713740828491865762135658
 134   0.366302250211121510728749505883  -0.268982713740828491865762135658
 135   0.441049054257885950915167758294  -0.268982713740828491865762135658
 136  -0.478422456281268171008376884500  -0.262647019093949881092145729494
 137  -0.403675652234503730821958632089  -0.262647019093949881092145729494
 138  -0.328928848187739290635540379678  -0.262647019093949881092145729494
 139  -0.254182044140974850449122127267  -0.262647019093949881092145729494
 140  -0.179435240094210410262703874856  -0.262647019093949881092145729494
 141  -0.104688436047445970076285622446  -0.262647019093949881092145729494
 142  -0.029941632000681529889867370035  -0.262647019093949881092145729494
 143   0.044805172046082910296550882376  -0.262647019093949881092145729494
 144   0.104688436047445970076285622446  -0.247405170022096662874139020157
 145   0.179435240094210410262703874856  -0.247405170022096662874139020157
 146   0.254182044140974850449122127267  -0.247405170022096662874139020157
 147   0.328928848187739290635540379678  -0.247405170022096662874139020157
 148   0.403675652234503730821958632089  -0.247405170022096662874139020157
 149   0.478422456281268171008376884500  -0.247405170022096662874139020157
 150  -0.441049054257885950915167758294  -0.241069475375218052100522613994
 151  -0.366302250211121510728749505883  -0.241069475375218052100522613994
 152  -0.291555446164357070542331253472  -0.241069475375218052100522613994
 153  -0.216808642117592630355913001062  -0.241069475375218052100522613994
 154  -0.142061838070828190169494748651  -0.241069475375218052100522613994
 155  -0.067315034024063749983076496240  -0.241069475375218052100522613994
 156   0.007431770022700690203341756171  -0.241069475375218052100522613994
 157   0.067315034024063749983076496240  -0.225827626303364833882515904657
 158   0.142061838070828190169494748651  -0.225827626303364833882515904657
 159   0.216808642117592630355913001062  -0.225827626303364833882515904657
 160   0.291555446164357070542331253472  -0.225827626303364833882515904657
 161   0.366302250211121510728749505883  -0.225827626303364833882515904657
 162   0.441049054257885950915167758294  -0.225827626303364833882515904657
 163  -0.478422456281268171008376884499  -0.219491931656486223108899498493
 164  -0.403675652234503730821958632089  -0.219491931656486223108899498493
 165  -0.328928848187739290635540379678  -0.219491931656486223108899498493
 166  -0.254182044140974850449122127267  -0.219491931656486223108899498493
 167  -0.179435240094210410262703874856  -0.219491931656486223108899498493
 168  -0.104688436047445970076285622446  -0.219491931656486223108899498493
 169  -0.029941632000681529889867370035  -0.219491931656486223108899498493
 170   0.029941632000681529889867370035  -0.204250082584633004890892789156
 171   0.104688436047445970076285622446  -0.204250082584633004890892789156
 172   0.179435240094210410262703874856  -0.204250082584633004890892789156
 173   0.254182044140974850449122127267  -0.204250082584633004890892789156
 174   0.328928848187739290635540379678  -0.204250082584633004890892789156
 175   0.403675652234503730821958632089  -0.204250082584633004890892789156
 176   0.478422456281268171008376884500  -0.204250082584633004890892789156
 177  -0.441049054257885950915167758294  -0.197914387937754394117276382993
 178  -0.366302250211121510728749505883  -0.197914387937754394117276382992
 179  -0.291555446164357070542331253473  -0.197914387937754394117276382993
 180  -0.216808642117592630355913001062  -0.197914387937754394117276382993
 181  -0.142061838070828190169494748651  -0.197914387937754394117276382992
 182  -0.067315034024063749983076496240  -0.197914387937754394117276382992
 183  -0.007431770022700690203341756171  -0.182672538865901175899269673655
 184   0.067315034024063749983076496240  -0.182672538865901175899269673655
 185   0.142061838070828190169494748651  -0.182672538865901175899269673655
 186   0.216808642117592630355913001062  -0.182672538865901175899269673655
 187   0.291555446164357070542331253473  -0.182672538865901175899269673655
 188   0.366302250211121510728749505883  -0.182672538865901175899269673655
 189   0.441049054257885950915167758294  -0.182672538865901175899269673655
 190  -0.478422456281268171008376884500  -0.176336844219022565125653267492
 191  -0.403675652234503730821958632089  -0.176336844219022565125653267492
 192  -0.328928848187739290635540379678  -0.176336844219022565125653267492
 193  -0.254182044140974850449122127267  -0.176336844219022565125653267492
 194  -0.179435240094210410262703874856  -0.176336844219022565125653267492
 195  -0.104688436047445970076285622446  -0.176336844219022565125653267492
 196  -0.044805172046082910296550882376  -0.161094995147169346907646558155
 197   0.029941632000681529889867370035  -0.161094995147169346907646558155
 198   0.104688436047445970076285622446  -0.161094995147169346907646558155
 199   0.179435240094210410262703874856  -0.161094995147169346907646558155
 200   0.254182044140974850449122127267  -0.161094995147169346907646558155
 201   0.328928848187739290635540379678  -0.161094995147169346907646558155
 202   0.403675652234503730821958632089  -0.161094995147169346907646558155
 203   0.478422456281268171008376884500  -0.161094995147169346907646558155
 204  -0.441049054257885950915167758294  -0.154759300500290736134030151991
 205  -0.366302250211121510728749505883  -0.154759300500290736134030151991
 206  -0.291555446164357070542331253473  -0.154759300500290736134030151991
 207  -0.216808642117592630355913001062  -0.154759300500290736134030151991
 208  -0.142061838070828190169494748651  -0.154759300500290736134030151991
 209  -0.082178574069465130389760008581  -0.139517451428437517916023442654
 210  -0.007431770022700690203341756171  -0.139517451428437517916023442654
 211   0.067315034024063749983076496240  -0.139517451428437517916023442654
 212   0.142061838070828190169494748651  -0.139517451428437517916023442654
 213   0.216808642117592630355913001062  -0.139517451428437517916023442654
 214   0.291555446164357070542331253472  -0.139517451428437517916023442654
 215   0.366302250211121510728749505883  -0.139517451428437517916023442654
 216   0.441049054257885950915167758294  -0.139517451428437517916023442654
 217  -0.478422456281268171008376884499  -0.133181756781558907142407036491
 218  -0.403675652234503730821958632089  -0.133181756781558907142407036491
 219  -0.328928848187739290635540379678  -0.133181756781558907142407036491
 220  -0.254182044140974850449122127267  -0.133181756781558907142407036491
 221  -0.179435240094210410262703874856  -0.133181756781558907142407036491
 222  -0.119551976092847350482969134787  -0.117939907709705688924400327154
 223  -0.044805172046082910296550882376  -0.117939907709705688924400327154
 224   0.029941632000681529889867370035  -0.117939907709705688924400327154
 225   0.104688436047445970076285622446  -0.117939907709705688924400327154
 226   0.179435240094210410262703874856  -0.117939907709705688924400327154
 227   0.254182044140974850449122127267  -0.117939907709705688924400327154
 228   0.328928848187739290635540379678  -0.117939907709705688924400327154
 229   0.403675652234503730821958632089  -0.117939907709705688924400327154
 230   0.478422456281268171008376884500  -0.117939907709705688924400327154
 231  -0.441049054257885950915167758294  -0.111604213062827078150783920990
 232  -0.366302250211121510728749505883  -0.111604213062827078150783920990
 233  -0.291555446164357070542331253473  -0.111604213062827078150783920990
 234  -0.216808642117592630355913001062  -0.111604213062827078150783920990
 235  -0.156925378116229570576178260992  -0.096362363990973859932777211653
 236  -0.082178574069465130389760008581  -0.096362363990973859932777211653
 237  -0.007431770022700690203341756171  -0.096362363990973859932777211653
 238   0.067315034024063749983076496240  -0.096362363990973859932777211653
 239   0.142061838070828190169494748651  -0.096362363990973859932777211653
 240   0.216808642117592630355913001062  -0.096362363990973859932777211653
 241   0.291555446164357070542331253473  -0.096362363990973859932777211653
 242   0.366302250211121510728749505883  -0.096362363990973859932777211653
 243   0.441049054257885950915167758294  -0.096362363990973859932777211653
 244  -0.478422456281268171008376884499  -0.090026669344095249159160805490
 245  -0.403675652234503730821958632089  -0.090026669344095249159160805490
 246  -0.328928848187739290635540379678  -0.090026669344095249159160805490
 247  -0.254182044140974850449122127267  -0.090026669344095249159160805490
 248  -0.194298780139611790669387387197  -0.074784820272242030941154096153
 249  -0.119551976092847350482969134787  -0.074784820272242030941154096153
 250  -0.044805172046082910296550882376  -0.074784820272242030941154096153
 251   0.029941632000681529889867370035  -0.074784820272242030941154096153
 252   0.104688436047445970076285622446  -0.074784820272242030941154096153
 253   0.179435240094210410262703874856  -0.074784820272242030941154096153
 254   0.254182044140974850449122127267  -0.074784820272242030941154096153
 255   0.328928848187739290635540379678  -0.074784820272242030941154096153
 256   0.403675652234503730821958632089  -0.074784820272242030941154096153
 257   0.478422456281268171008376884500  -0.074784820272242030941154096153
 258  -0.441049054257885950915167758294  -0.068449125625363420167537689989
 259  -0.366302250211121510728749505883  -0.068449125625363420167537689989
 260  -0.291555446164357070542331253473  -0.068449125625363420167537689989
 261  -0.231672182162994010762596513403  -0.053207276553510201949530980652
 262  -0.156925378116229570576178260992  -0.053207276553510201949530980652
 263  -0.082178574069465130389760008581  -0.053207276553510201949530980652
 264  -0.007431770022700690203341756171  -0.053207276553510201949530980652
 265   0.067315034024063749983076496240  -0.053207276553510201949530980652
 266   0.142061838070828190169494748651  -0.053207276553510201949530980652
 267   0.216808642117592630355913001062  -0.053207276553510201949530980652
 268   0.291555446164357070542331253473  -0.053207276553510201949530980652
 269   0.366302250211121510728749505883  -0.053207276553510201949530980652
 270   0.441049054257885950915167758294  -0.053207276553510201949530980652
 271  -0.478422456281268171008376884499  -0.046871581906631591175914574489
 272  -0.403675652234503730821958632089  -0.046871581906631591175914574489
 273  -0.328928848187739290635540379678  -0.046871581906631591175914574489
 274  -0.269045584186376230855805639608  -0.031629732834778372957907865152
 275  -0.194298780139611790669387387197  -0.031629732834778372957907865152
 276  -0.119551976092847350482969134787  -0.031629732834778372957907865152
 277  -0.044805172046082910296550882376  -0.031629732834778372957907865152
 278   0.029941632000681529889867370035  -0.031629732834778372957907865152
 279   0.104688436047445970076285622446  -0.031629732834778372957907865152
 280   0.179435240094210410262703874856  -0.031629732834778372957907865152
 281   0.254182044140974850449122127267  -0.031629732834778372957907865152
 282   0.328928848187739290635540379678  -0.031629732834778372957907865152
 283   0.403675652234503730821958632089  -0.031629732834778372957907865152
 284   0.478422456281268171008376884500  -0.031629732834778372957907865152
 285  -0.441049054257885950915167758294  -0.025294038187899762184291458988
 286  -0.366302250211121510728749505883  -0.025294038187899762184291458988
 287  -0.306418986209758450949014765814  -0.010052189116046543966284749651
 288  -0.231672182162994010762596513403  -0.010052189116046543966284749651
 289  -0.156925378116229570576178260992  -0.010052189116046543966284749651
 290  -0.082178574069465130389760008581  -0.010052189116046543966284749651
 291  -0.007431770022700690203341756171  -0.010052189116046543966284749651
 292   0.067315034024063749983076496240  -0.010052189116046543966284749651
 293   0.142061838070828190169494748651  -0.010052189116046543966284749651
 294   0.216808642117592630355913001062  -0.010052189116046543966284749651
 295   0.291555446164357070542331253473  -0.010052189116046543966284749651
 296   0.366302250211121510728749505883  -0.010052189116046543966284749651
 297   0.441049054257885950915167758294  -0.010052189116046543966284749651
 298  -0.478422456281268171008376884499  -0.003716494469167933192668343488
 299  -0.403675652234503730821958632089  -0.003716494469167933192668343488
 300  -0.343792388233140671042223892019   0.011525354602685285025338365849
 301  -0.269045584186376230855805639608   0.011525354602685285025338365849
 302  -0.194298780139611790669387387197   0.011525354602685285025338365849
 303  -0.119551976092847350482969134787   0.011525354602685285025338365849
 304  -0.044805172046082910296550882376   0.011525354602685285025338365849
 305   0.029941632000681529889867370035   0.011525354602685285025338365849
 306   0.104688436047445970076285622446   0.011525354602685285025338365849
 307   0.179435240094210410262703874856   0.011525354602685285025338365849
 308   0.254182044140974850449122127267   0.011525354602685285025338365849
 309   0.328928848187739290635540379678   0.011525354602685285025338365849
 310   0.403675652234503730821958632089   0.011525354602685285025338365849
 311   0.478422456281268171008376884500   0.011525354602685285025338365849
 312  -0.441049054257885950915167758294   0.017861049249563895798954772013
 313  -0.381165790256522891135433018224   0.033102898321417114016961481350
 314  -0.306418986209758450949014765814   0.033102898321417114016961481350
 315  -0.231672182162994010762596513403   0.033102898321417114016961481350
 316  -0.156925378116229570576178260992   0.033102898321417114016961481350
 317  -0.082178574069465130389760008581   0.033102898321417114016961481350
 318  -0.007431770022700690203341756171   0.033102898321417114016961481350
 319   0.067315034024063749983076496240   0.033102898321417114016961481350
 320   0.142061838070828190169494748651   0.033102898321417114016961481350
 321   0.216808642117592630355913001062   0.033102898321417114016961481350
 322   0.291555446164357070542331253472   0.033102898321417114016961481350
 323   0.366302250211121510728749505883   0.033102898321417114016961481350
 324   0.441049054257885950915167758294   0.033102898321417114016961481350
 325  -0.478422456281268171008376884499   0.039438592968295724790577887513
 326  -0.418539192279905111228642144430   0.054680442040148943008584596850
 327  -0.343792388233140671042223892019   0.054680442040148943008584596850
 328  -0.269045584186376230855805639608   0.054680442040148943008584596850
 329  -0.194298780139611790669387387197   0.054680442040148943008584596850
 330  -0.119551976092847350482969134787   0.054680442040148943008584596850
 331  -0.044805172046082910296550882376   0.054680442040148943008584596850
 332   0.029941632000681529889867370035   0.054680442040148943008584596850
 333   0.104688436047445970076285622446   0.054680442040148943008584596851
 334   0.179435240094210410262703874856   0.054680442040148943008584596851
 335   0.254182044140974850449122127267   0.054680442040148943008584596851
 336   0.328928848187739290635540379678   0.054680442040148943008584596851
 337   0.403675652234503730821958632089   0.054680442040148943008584596851
 338   0.478422456281268171008376884500   0.054680442040148943008584596851
 339  -0.455912594303287331321851270635   0.076257985758880772000207712351
 340  -0.381165790256522891135433018224   0.076257985758880772000207712351
 341  -0.306418986209758450949014765814   0.076257985758880772000207712351
 342  -0.231672182162994010762596513403   0.076257985758880772000207712351
 343  -0.156925378116229570576178260992   0.076257985758880772000207712351
 344  -0.082178574069465130389760008581   0.076257985758880772000207712351
 345  -0.007431770022700690203341756171   0.076257985758880772000207712351
 346   0.067315034024063749983076496240   0.076257985758880772000207712351
 347   0.142061838070828190169494748651   0.076257985758880772000207712351
 348   0.216808642117592630355913001062   0.076257985758880772000207712351
 349   0.291555446164357070542331253473   0.076257985758880772000207712351
 350   0.366302250211121510728749505883   0.076257985758880772000207712351
 351   0.441049054257885950915167758294   0.076257985758880772000207712351
 352  -0.418539192279905111228642144430   0.097835529477612600991830827851
 353  -0.343792388233140671042223892019   0.097835529477612600991830827851
 354  -0.269045584186376230855805639608   0.097835529477612600991830827851
 355  -0.194298780139611790669387387197   0.097835529477612600991830827851
 356  -0.119551976092847350482969134787   0.097835529477612600991830827851
 357  -0.044805172046082910296550882376   0.097835529477612600991830827851
 358   0.029941632000681529889867370035   0.097835529477612600991830827852
 359   0.104688436047445970076285622446   0.097835529477612600991830827852
 360   0.179435240094210410262703874856   0.097835529477612600991830827852
 361   0.254182044140974850449122127267   0.097835529477612600991830827852
 362   0.328928848187739290635540379678   0.097835529477612600991830827852
 363   0.403675652234503730821958632089   0.097835529477612600991830827852
 364   0.478422456281268171008376884500   0.097835529477612600991830827852
 365  -0.478422456281268171008376884499   0.113077378549465819209837537188
 366  -0.381165790256522891135433018224   0.119413073196344429983453943352
 367  -0.306418986209758450949014765814   0.119413073196344429983453943352
 368  -0.231672182162994010762596513403   0.119413073196344429983453943352
 369  -0.156925378116229570576178260992   0.119413073196344429983453943352
 370  -0.082178574069465130389760008581   0.119413073196344429983453943352
 371  -0.007431770022700690203341756171   0.119413073196344429983453943352
 372   0.067315034024063749983076496240   0.119413073196344429983453943352
 373   0.142061838070828190169494748651   0.119413073196344429983453943352
 374   0.216808642117592630355913001062   0.119413073196344429983453943352
 375   0.291555446164357070542331253472   0.119413073196344429983453943352
 376   0.366302250211121510728749505883   0.119413073196344429983453943352
 377   0.441049054257885950915167758294   0.119413073196344429983453943352
 378  -0.441049054257885950915167758294   0.134654922268197648201460652689
 379  -0.343792388233140671042223892019   0.140990616915076258975077058852
 380  -0.269045584186376230855805639608   0.140990616915076258975077058852
 381  -0.194298780139611790669387387197   0.140990616915076258975077058853
 382  -0.119551976092847350482969134787   0.140990616915076258975077058852
 383  -0.044805172046082910296550882376   0.140990616915076258975077058853
 384   0.029941632000681529889867370035   0.140990616915076258975077058853
 385   0.104688436047445970076285622446   0.140990616915076258975077058853
 386   0.179435240094210410262703874856   0.140990616915076258975077058853
 387   0.254182044140974850449122127267   0.140990616915076258975077058853
 388   0.328928848187739290635540379678   0.140990616915076258975077058853
 389   0.403675652234503730821958632089   0.140990616915076258975077058853
 390   0.478422456281268171008376884500   0.140990616915076258975077058853
 391  -0.478422456281268171008376884499   0.156232465986929477193083768189
 392  -0.403675652234503730821958632089   0.156232465986929477193083768189
 393  -0.306418986209758450949014765814   0.162568160633808087966700174353
 394  -0.231672182162994010762596513403   0.162568160633808087966700174353
 395  -0.156925378116229570576178260992   0.162568160633808087966700174353
 396  -0.082178574069465130389760008581   0.162568160633808087966700174353
 397  -0.007431770022700690203341756171   0.162568160633808087966700174353
 398   0.067315034024063749983076496240   0.162568160633808087966700174353
 399   0.142061838070828190169494748651   0.162568160633808087966700174353
 400   0.216808642117592630355913001062   0.162568160633808087966700174353
 401   0.291555446164357070542331253472   0.162568160633808087966700174353
 402   0.366302250211121510728749505883   0.162568160633808087966700174353
 403   0.441049054257885950915167758294   0.162568160633808087966700174353
 404  -0.441049054257885950915167758294   0.177810009705661306184706883690
 405  -0.366302250211121510728749505883   0.177810009705661306184706883690
 406  -0.269045584186376230855805639608   0.184145704352539916958323289854
 407  -0.194298780139611790669387387197   0.184145704352539916958323289853
 408  -0.119551976092847350482969134787   0.184145704352539916958323289854
 409  -0.044805172046082910296550882376   0.184145704352539916958323289854
 410   0.029941632000681529889867370035   0.184145704352539916958323289854
 411   0.104688436047445970076285622446   0.184145704352539916958323289854
 412   0.179435240094210410262703874856   0.184145704352539916958323289854
 413   0.254182044140974850449122127267   0.184145704352539916958323289854
 414   0.328928848187739290635540379678   0.184145704352539916958323289854
 415   0.403675652234503730821958632089   0.184145704352539916958323289854
 416   0.478422456281268171008376884500   0.184145704352539916958323289854
 417  -0.478422456281268171008376884499   0.199387553424393135176329999190
 418  -0.403675652234503730821958632089   0.199387553424393135176329999190
 419  -0.328928848187739290635540379678   0.199387553424393135176329999190
 420  -0.231672182162994010762596513403   0.205723248071271745949946405354
 421  -0.156925378116229570576178260992   0.205723248071271745949946405354
 422  -0.082178574069465130389760008581   0.205723248071271745949946405354
 423  -0.007431770022700690203341756171   0.205723248071271745949946405354
 424   0.067315034024063749983076496240   0.205723248071271745949946405354
 425   0.142061838070828190169494748651   0.205723248071271745949946405354
 426   0.216808642117592630355913001062   0.205723248071271745949946405354
 427   0.291555446164357070542331253472   0.205723248071271745949946405354
 428   0.366302250211121510728749505883   0.205723248071271745949946405354
 429   0.441049054257885950915167758294   0.205723248071271745949946405354
 430  -0.441049054257885950915167758294   0.220965097143124964167953114691
 431  -0.366302250211121510728749505883   0.220965097143124964167953114691
 432  -0.291555446164357070542331253473   0.220965097143124964167953114691
 433  -0.194298780139611790669387387198   0.227300791790003574941569520855
 434  -0.119551976092847350482969134787   0.227300791790003574941569520855
 435  -0.044805172046082910296550882376   0.227300791790003574941569520855
 436   0.029941632000681529889867370035   0.227300791790003574941569520855
 437   0.104688436047445970076285622446   0.227300791790003574941569520855
 438   0.179435240094210410262703874856   0.227300791790003574941569520855
 439   0.254182044140974850449122127267   0.227300791790003574941569520855
 440   0.328928848187739290635540379678   0.227300791790003574941569520855
 441   0.403675652234503730821958632089   0.227300791790003574941569520855
 442   0.478422456281268171008376884499   0.227300791790003574941569520855
 443  -0.478422456281268171008376884499   0.242542640861856793159576230191
 444  -0.403675652234503730821958632089   0.242542640861856793159576230191
 445  -0.328928848187739290635540379678   0.242542640861856793159576230192
 446  -0.254182044140974850449122127267   0.242542640861856793159576230191
 447  -0.156925378116229570576178260992   0.248878335508735403933192636355
 448  -0.082178574069465130389760008581   0.248878335508735403933192636355
 449  -0.007431770022700690203341756171   0.248878335508735403933192636355
 450   0.067315034024063749983076496240   0.248878335508735403933192636355
 451   0.142061838070828190169494748651   0.248878335508735403933192636355
 452   0.216808642117592630355913001062   0.248878335508735403933192636355
 453   0.291555446164357070542331253472   0.248878335508735403933192636355
 454   0.366302250211121510728749505883   0.248878335508735403933192636355
 455   0.441049054257885950915167758294   0.248878335508735403933192636355
 456  -0.441049054257885950915167758294   0.264120184580588622151199345692
 457  -0.366302250211121510728749505883   0.264120184580588622151199345692
 458  -0.291555446164357070542331253473   0.264120184580588622151199345692
 459  -0.216808642117592630355913001062   0.264120184580588622151199345692
 460  -0.119551976092847350482969134787   0.270455879227467232924815751856
 461  -0.044805172046082910296550882376   0.270455879227467232924815751856
 462   0.029941632000681529889867370035   0.270455879227467232924815751856
 463   0.104688436047445970076285622446   0.270455879227467232924815751856
 464   0.179435240094210410262703874856   0.270455879227467232924815751856
 465   0.254182044140974850449122127267   0.270455879227467232924815751856
 466   0.328928848187739290635540379678   0.270455879227467232924815751856
 467   0.403675652234503730821958632089   0.270455879227467232924815751856
 468   0.478422456281268171008376884500   0.270455879227467232924815751856
 469  -0.478422456281268171008376884499   0.285697728299320451142822461193
 470  -0.403675652234503730821958632089   0.285697728299320451142822461193
 471  -0.328928848187739290635540379678   0.285697728299320451142822461193
 472  -0.254182044140974850449122127267   0.285697728299320451142822461193
 473  -0.179435240094210410262703874856   0.285697728299320451142822461193
 474  -0.082178574069465130389760008581   0.292033422946199061916438867356
 475  -0.007431770022700690203341756171   0.292033422946199061916438867356
 476   0.067315034024063749983076496240   0.292033422946199061916438867357
 477   0.142061838070828190169494748651   0.292033422946199061916438867356
 478   0.216808642117592630355913001062   0.292033422946199061916438867357
 479   0.291555446164357070542331253472   0.292033422946199061916438867356
 480   0.366302250211121510728749505883   0.292033422946199061916438867356
 481   0.441049054257885950915167758294   0.292033422946199061916438867356
 482  -0.441049054257885950915167758294   0.307275272018052280134445576693
 483  -0.366302250211121510728749505883   0.307275272018052280134445576693
 484  -0.291555446164357070542331253473   0.307275272018052280134445576693
 485  -0.216808642117592630355913001062   0.307275272018052280134445576693
 486  -0.142061838070828190169494748650   0.307275272018052280134445576694
 487  -0.044805172046082910296550882376   0.313610966664930890908061982857
 488   0.029941632000681529889867370035   0.313610966664930890908061982857
 489   0.104688436047445970076285622446   0.313610966664930890908061982857
 490   0.179435240094210410262703874856   0.313610966664930890908061982857
 491   0.254182044140974850449122127267   0.313610966664930890908061982857
 492   0.328928848187739290635540379678   0.313610966664930890908061982857
 493   0.403675652234503730821958632089   0.313610966664930890908061982857
 494   0.478422456281268171008376884499   0.313610966664930890908061982857
 495  -0.478422456281268171008376884500   0.328852815736784109126068692194
 496  -0.403675652234503730821958632089   0.328852815736784109126068692194
 497  -0.328928848187739290635540379678   0.328852815736784109126068692194
 498  -0.254182044140974850449122127267   0.328852815736784109126068692194
 499  -0.179435240094210410262703874856   0.328852815736784109126068692194
 500  -0.094515829111795175030812214065   0.333387427706991401881778342763
 501  -0.007431770022700690203341756171   0.335188510383662719899685098358
 502   0.067315034024063749983076496240   0.335188510383662719899685098358
 503   0.142061838070828190169494748651   0.335188510383662719899685098358
 504   0.216808642117592630355913001062   0.335188510383662719899685098358
 505   0.291555446164357070542331253472   0.335188510383662719899685098358
 506   0.366302250211121510728749505883   0.335188510383662719899685098358
 507   0.441049054257885950915167758294   0.335188510383662719899685098358
 508  -0.134447281148317475879982554021   0.349753267434608577305778345687
 509  -0.441049054257885950915167758294   0.350430359455515938117691807694
 510  -0.366302250211121510728749505883   0.350430359455515938117691807694
 511  -0.291555446164357070542331253473   0.350430359455515938117691807694
 512  -0.216808642117592630355913001062   0.350430359455515938117691807694
 513  -0.057142427088412954937603087859   0.354964971425723230873401458264
 514   0.029941632000681529889867370035   0.356766054102394548891308213858
 515   0.104688436047445970076285622445   0.356766054102394548891308213858
 516   0.179435240094210410262703874856   0.356766054102394548891308213858
 517   0.254182044140974850449122127267   0.356766054102394548891308213858
 518   0.328928848187739290635540379678   0.356766054102394548891308213858
 519   0.403675652234503730821958632089   0.356766054102394548891308213858
 520   0.478422456281268171008376884499   0.356766054102394548891308213858
 521  -0.171820683171699695973191680227   0.371330811153340406297401461186
 522  -0.478422456281268171008376884499   0.372007903174247767109314923195
 523  -0.403675651389205838413199999509   0.372007904638346672457757937658
 524  -0.328924567566448406592299005348   0.372015316053950421147117469236
 525  -0.253894752735445193674594046546   0.372498027455908208719321278633
 526  -0.094515829111795175030812214065   0.376542515144455059865024573764
 527  -0.019769025065030734844393961654   0.376542515144455059865024573764
 528   0.142061838070828190169494748651   0.378343597821126377882931329359
 529   0.216808642117592630355913001062   0.378343597821126377882931329359
 530   0.291555446164357070542331253472   0.378343597821126377882931329359
 531   0.366302250211121510728749505883   0.378343597821126377882931329359
 532   0.441049054257885950915167758294   0.378343597821126377882931329359
 533   0.058575079199718971543921270553   0.389053625600341998542808293451
 534  -0.209194085195081916066400806433   0.392908354872072235289024576687
 535  -0.134447281148317475879982554022   0.392908354872072235289024576688
 536  -0.291546875505801566699197447764   0.393585446041907414799012017074
 537  -0.366302248520525627790452192285   0.393585446892979562986482604563
 538  -0.441049054257885923600808156164   0.393585446892979596100938038695
 539  -0.057142427088412954937603087860   0.398120058863186888856647689265
 540   0.016723212596441812394890459397   0.399578968044017055308764854037
 541   0.100394540979378824779381002557   0.399706990711643796567905630710
 542   0.254182044140974850449122127267   0.399921141539858206874554444859
 543   0.328928848187739290635540379678   0.399921141539858206874554444859
 544   0.403675652234503730821958632089   0.399921141539858206874554444859
 545   0.478422456281268171008376884499   0.399921141539858206874554444859
 546  -0.171820683171699695973191680228   0.414485898590804064280647692188
 547  -0.478422456281268171008376884500   0.415162990611711425092561154196
 548  -0.403627241285481575764042490123   0.415247023587691773056315365186
 549  -0.249911637126309799775688609537   0.415468905756883391703572717737
 550   0.195158929567194921650446224603   0.415675240139946019785299626685
 551  -0.327966900231287856208832297127   0.416735896809227280379402291729
 552  -0.095391042059063893221511507652   0.419688726728232225068486862060
 553   0.152250086536879862393027539549   0.420278799799048570531928293285
 554   0.368852029155000000000000000000   0.433272656494000000000000000000
 555  -0.015359476805000000000000000000   0.434580116283000000000000000000
 556   0.071390460012765732747187055207   0.434977511169276172360865482783
 557  -0.209194085195081916066400806433   0.436063442309535893272270807687
 558   0.454925492825630742318788956900   0.436118576256970037260947408454
 559  -0.289707972710156640860938504530   0.436701336479694999782743695419
 560  -0.366205367776661357240116509726   0.436740425584395944407560200733
 561  -0.441049054257885950915167758294   0.436740534330443254084184269696
 562  -0.134956050230845155438337007951   0.436921593584968964023013755833
 563   0.232532331590577141743655350809   0.437252783858677848776922742186
 564   0.277737057670000000000000000000   0.437558196775000000000000000000
 565   0.114179589030581038722980639610   0.440601171495236707100747059606
 566   0.028664465510161318645850641244   0.441049054257885950915167758294
 567  -0.058017640035681673128302381447   0.441266270446964054060109977560
 568   0.412204620907498312846560135712   0.442225021564156340621983920905
 569   0.321690260219329173565119797709   0.442464818108282825394488788760
 570   0.174245102403969579308118251899   0.457408044993929723932372260285
 571  -0.478278066008000000000000000000   0.460733815187000000000000000000
 572  -0.173781579627000000000000000000   0.465529727063000000000000000000
 573  -0.259092529826971834205372407498   0.467116073512942260848567552803
 574   0.478422456281268171008376884500   0.472316010974081867647340372048
 575   0.254882985564189907984391951679   0.474169038255446780640972152484
 576  -0.386882464616061662347912958986   0.474619433465136373637950960224
 577  -0.429869655605879950356212937481   0.478422456281268171008376884499
 578  -0.343895273626243374339612980492   0.478422456281268171008376884499
 579  -0.300740186188779716356366749491   0.478422456281268171008376884499
 580  -0.217444873465163952054378065506   0.478422456281268171008376884500
 581  -0.123122201862792835910832288637   0.478422456281268171008376884499
 582  -0.079967114425329177927586057636   0.478422456281268171008376884499
 583  -0.036068165646034168329018705258   0.478422456281268171008376884500
 584   0.007086921791429489654227525743   0.478422456281268171008376884499
 585   0.050242009228893147637473756744   0.478422456281268171008376884499
 586   0.093397096666356805620719987745   0.478422456281268171008376884499
 587   0.136552184103820463603966218747   0.478422456281268171008376884499
 588   0.211938020704118695012270285051   0.478422456281268171008376884499
 589   0.297827950424261120956513618307   0.478422456281268171008376884500
 590   0.345552570014397226173725977112   0.478422456281268171008376884500
 591   0.388707657451860884156972208113   0.478422456281268171008376884499
 592   0.435701584363135741536148063312   0.478422456281268171008376884499
