   1  -0.325597067151791269548030929899  -0.477883542041918200862553052428
   2   0.057469143099574381414164743412  -0.477883542041918200862553052428
   3   0.134082847718577567365244286249  -0.477883542041918200862553052428
   4   0.210696597180162675532078177321  -0.477883542041918200862553052428
   5   0.287310211191694653481511336150  -0.477883542041918200862553052428
   6   0.363923851713595658210227642322  -0.477883542041918200862553052428
   7   0.440537505783562460445858398861  -0.477883542041918200862553052428
   8  -0.477883542041918200862552969271  -0.477883542041918200862552969271
   9  -0.019144546871712250525241984308  -0.477883541964720574404044398559
  10  -0.095758161097923415215362718176  -0.477883541654110716854244428631
  11  -0.172371770507336464989317090724  -0.477883541355217047484630624029
  12  -0.248984506743794692814307003468  -0.477883537080941135834763787768
  13  -0.401237766883000000000000000000  -0.477877194750000000000000000000
  14  -0.439568989369483370099502072543  -0.455780467505609548568962096990
  15   0.172389741603455905247873201747  -0.455767130346714831133131907969
  16   0.095775995409075984412247676978  -0.455767124687734559170798103202
  17   0.019162298135878842208203442274  -0.455767111962329834575665428899
  18   0.402230678748579059328043020592  -0.455767080910935609001065876684
  19   0.325617031452645155845869579523  -0.455767069177972850173890224908
  20   0.249003404185928664506794756735  -0.455767046219356329140738086138
  21  -0.057451353941163860547713349203  -0.455767044671432010157979983932
  22  -0.134064965903381737932440795010  -0.455767040339704947012091722827
  23  -0.210678134375136864558336896202  -0.455766275925595574568743220631
  24  -0.287290838749936246547662025620  -0.455766044080545749386429990918
  25  -0.363375263804443034946384321304  -0.454875745360793562485290177660
  26   0.477883542041918200862553052428  -0.454180706215039229186017188123
  27   0.134082939446464852358878670318  -0.433650626125849712814189609642
  28   0.057469187820311490192352413260  -0.433650626125777209556769486066
  29   0.210696553458014674514911385729  -0.433650626125776211226680904093
  30  -0.477883542041918200862552969271  -0.433650625718692603804275819141
  31   0.363923858487628556963684957792  -0.433650608046990258312403049164
  32   0.287310224446879166871152909821  -0.433650573355410978452075414998
  33  -0.019144536247600862054323287390  -0.433650566991112910254454598805
  34  -0.095758157243457082108004567149  -0.433650541401385996467541733521
  35  -0.172371317202686028409543613470  -0.433649754068535783397369311452
  36  -0.248984423830947423497599652039  -0.433648869159216635438912593689
  37  -0.401738935572114130588683479753  -0.432858035694509135608371475087
  38  -0.325008377519860853562488046556  -0.432658943016465185251469006480
  39   0.439576715006934799744737674159  -0.432064245084056637324530012379
  40   0.095776087136963310352367420799  -0.411534208771666071122519573077
  41   0.019162342856213042997312294456  -0.411534196046188842862532251552
  42   0.172389746452218545307792780600  -0.411534130303266543799569682144
  43   0.249003386782387519166439239145  -0.411534130303196154582865983905
  44   0.325617051481862567988968288091  -0.411534112224428386590588239254
  45  -0.057451352394920066953284858384  -0.411534037506174395726743903953
  46  -0.134064448839059998326988409581  -0.411533144644814331816247010474
  47  -0.210677623152581105235326978153  -0.411532362377305691998145854888
  48  -0.440045577661146283187451417583  -0.410741254230896728326162076116
  49  -0.363373243715595739787175713547  -0.410642829490758044041584772010
  50  -0.286680688216143459036928402086  -0.410507077918091847925149969138
  51   0.477883542041918200862553052428  -0.409947783953074045463042836635
  52   0.401269894745984297380379611360  -0.409947772220111286635867184859
  53   0.057469281712789156705822678962  -0.389417710209713263285137998403
  54   0.134082895724292259332208799843  -0.389417710209707723202625507911
  55   0.287310218579948915554762928431  -0.389417657439247769263791128079
  56   0.210696566617282712602046842667  -0.389417657273241339093526625961
  57  -0.019144491178919240259407938210  -0.389417632903033043142084627693
  58  -0.095757550980604622967798022102  -0.389416476651664902619673662278
  59  -0.172370827324291442231623413787  -0.389415847194842414791717340490
  60  -0.401737087209992922339254049306  -0.388625119816964317735431960826
  61  -0.325007932792898191232822697479  -0.388426018758712197691220779752
  62  -0.248333804924293515220015826179  -0.388325405988710633487987710988
  63  -0.477883542041918200862553052428  -0.387831882743100852848048616232
  64   0.439576721780967698498194989629  -0.387831311089128694774380009115
  65   0.362963087290015933238853030994  -0.387831275688213452058861341441
  66   0.019162436750288289861041957593  -0.367301280130124899982086951417
  67   0.095776088718539108731300035431  -0.367301214387123614815849276830
  68   0.172389725851304497313112447148  -0.367301214387107742830605349335
  69   0.249003392646537757090605773129  -0.367301194400286559618990443718
  70  -0.057450631595402220430030026561  -0.367299971937484698409173423208
  71  -0.134064011914820105424104988767  -0.367299365927898337118866010851
  72  -0.363372525576363561231234858214  -0.366409913580424085822587927819
  73  -0.286678209898530524343022150320  -0.366274159819432419921066107294
  74  -0.210013981170381575115121345478  -0.366187764644489951124532926884
  75  -0.439575806516285565225970304808  -0.365716995238422420195299804769
  76   0.477883542041918200862553052428  -0.365714838225183344085717181580
  77   0.324656255541799374333398148141  -0.365714822720790604714038571867
  78   0.401269914754868189582800170265  -0.365714815301785432329164780211
  79   0.057469243766658213845326600283  -0.345184784289140889599840286116
  80   0.210696558628268441718409453954  -0.345184741357078462276258781876
  81   0.134082907284917221169801539324  -0.345184738588095684900015723787
  82  -0.019143618523016966536971460701  -0.345183482322818641511841712346
  83  -0.095757146982532978105607879074  -0.345182970437088589956261237437
  84  -0.325005454215924776902574280316  -0.344193099997391843316351475741
  85  -0.248333030568226731479037025771  -0.344092486784913219021677302695
  86  -0.171683467171425826987843378583  -0.344032921492990816843731231042
  87  -0.477883542041918200862552969271  -0.343598966826937254573154673124
  88  -0.401269895852957610779314746783  -0.343598946981409852372045245188
  89   0.362963081527299571466311916618  -0.343598359772050229170703527446
  90   0.286349429608388215869240992839  -0.343598359681829395069237887506
  91   0.439576735015818691947158233060  -0.343598342437840081640501952683
  92   0.095776057426279288149737296952  -0.323068298470971085283591915449
  93   0.172389733755929574085396036664  -0.323068276480286799168679925915
  94   0.019163269547554674743464184530  -0.323066846103772571136447112573
  95  -0.057450234983095615489982884315  -0.323066656469481764130233263078
  96  -0.286677436640239934453188461897  -0.322041242524532899454571437113
  97  -0.210012594601670907072158266401  -0.321954848750058729633478738139
  98  -0.133375422283930835561609983423  -0.321914618243720042069471565249
  99  -0.362963058230261721653052223446  -0.321482503838876349521667954871
 100  -0.439576724815951740006996340377  -0.321482488706250900655459391715
 101   0.248042596801746238519850380771  -0.321481908547653801369448466608
 102   0.324656255591396915059326739106  -0.321481896728773619800913570768
 103   0.401269903267602575188263133231  -0.321481889470416468475142833591
 104   0.477883542041918200862553052428  -0.321481846650496819195286723786
 105   0.134082887680382706133014692994  -0.300951822671936431102142965325
 106   0.057470172993648614499822417363  -0.300950204785475899959367658423
 107  -0.019143409449684135388332364348  -0.300950128565925730777577589490
 108  -0.248331668202269074953074416011  -0.299859570459360726788991317250
 109  -0.171683316471043977010788284962  -0.299800005577083934688715563105
 110  -0.095067619223684044288198996838  -0.299796863747106081255563217036
 111  -0.324656214363772503714514126738  -0.299366071239438147041684650514
 112  -0.401269888226912724032471010429  -0.299366030820121605258760244280
 113  -0.477883541007095960930843522384  -0.299365996646835013721846439479
 114   0.286349422092288058433908098089  -0.299365443765666435365873887327
 115   0.209735771929407370886836963481  -0.299365443670862138261869610647
 116   0.362963077334191417276001568926  -0.299365426431455257874431119101
 117   0.439576710293702084103657952599  -0.299365393683073206029927604694
 118   0.019163407361047918981678440836  -0.278833637302808043341324122835
 119   0.095777077327805522973521182367  -0.278833600689173221766476153271
 120  -0.210012307501661888146608816504  -0.277721926866215096928284595247
 121  -0.133375196618205580693205670726  -0.277681702327637727013338622543
 122  -0.056760812853887586477421544830  -0.277680366823015220566144259027
 123  -0.286349348071880970362360073035  -0.277249676969160265866816548509
 124  -0.362963048516671284783064100111  -0.277249587585191041692371878018
 125  -0.439576704185048139925187055552  -0.277249549881992743406645684089
 126   0.171428933610617026138893397278  -0.277249002084014251070937336609
 127   0.248042597038215368704740554219  -0.277248979203646857275273679474
 128   0.324656244707427711318006473042  -0.277248974979293140963595039260
 129   0.477883542041918200862553052428  -0.277248930734333220920392828643
 130   0.401269884360290926191396422604  -0.277248930644111995429215949632
 131   0.057470245848342624280753678710  -0.256717147256255246690630590165
 132  -0.171683090805604110148902577198  -0.255567089661495981153670557778
 133  -0.095067698537303368748986334637  -0.255563947831013591227549015005
 134  -0.018453999753101054081916174307  -0.255563881557317864114799198454
 135  -0.248042544820591080273595578474  -0.255133165554400298956326493529
 136  -0.324656203615724895294697176896  -0.255133153925029576142536365679
 137  -0.401269863458566473396128888215  -0.255133104373531857832736606456
 138  -0.477883540138338784197296034123  -0.255133079061045573326094903858
 139   0.209735760616934043065741185862  -0.255132527754699986557365006776
 140   0.286349419649780546123131483063  -0.255132510411082393798760188985
 141   0.362963051735382852521080835137  -0.255132479195163920591134655113
 142   0.439576713227149188009780834107  -0.255132472686029431945975548882
 143   0.133123123335572768699918635652  -0.255130779966974356248328918033
 144  -0.133375268132951234016795825976  -0.233448772902449398999074444194
 145  -0.056760851790284955238280087190  -0.233447450906868759337369274039
 146   0.019852831837050125024398428156  -0.233447402660548706423256407606
 147  -0.286349372163158073753305455020  -0.233016692271114895983073239603
 148  -0.362963021737956178171819885012  -0.233016665513705082690873859836
 149  -0.439576702515652054233096156974  -0.233016632836309349676816161498
 150  -0.209735854771887542665377340865  -0.233016302425288014436564313353
 151   0.248042584593239238432787748244  -0.233016061325933197737979117801
 152   0.401269884360290043600897214298  -0.233016014727948397154322054497
 153   0.477883542041918200862553052428  -0.233016014637725642971558269120
 154   0.324656226681310165700173993987  -0.233016014633144337463281153981
 155   0.094816291778581273135132129651  -0.233014326668339887171536389986
 156   0.171429960655593480651122306866  -0.233014287775710692130887632749
 157  -0.095067703154184354269613353708  -0.211331031914850233899804917337
 158  -0.018454009118758303361855524088  -0.211330965641155257358708599498
 159  -0.324656188793582303309145531027  -0.210900206907790500577765116271
 160  -0.401269864853470304179183811927  -0.210900184385648686699684312347
 161  -0.477883541373041883718663647325  -0.210900161527808670038824899497
 162  -0.248042706912938654136958423251  -0.210899884779338956860229120570
 163  -0.171429079052029329006072863014  -0.210899752414156526634144156789
 164   0.286349392158216582744407157675  -0.210899566471951622895887046255
 165   0.439576713175059056453669432619  -0.210899556679644608179904774736
 166   0.362963055548167679420193852308  -0.210899556675060478235664288044
 167   0.133123114989758941243570191677  -0.210897858914334076572477696730
 168   0.209736776294716697741902849662  -0.210897806906534784979686033618
 169   0.057198877767288773878776970493  -0.209744582072633346904162059679
 170  -0.056760853751672568367940437601  -0.189214534990705204548658566885
 171  -0.362963024546950536727894414833  -0.188783742365952126267138821598
 172  -0.439576702913482233015331281593  -0.188783711755860990612650738702
 173  -0.286349530142692150428769193988  -0.188783417057507405497612417128
 174  -0.209735931562500898501657672549  -0.188783334128356029670126968491
 175  -0.133122262091808665605318664008  -0.188783273833185515508446238601
 176   0.477883542041918200862553052428  -0.188783098721562044696664373977
 177   0.324656226681307786912945679411  -0.188783098716980739188387258901
 178   0.401269884362936692272966070629  -0.188783098626756689261247008283
 179   0.171429943103375529355677161592  -0.188781356438678023287883114224
 180   0.248043592196879535059656808697  -0.188781326492956241432674835825
 181   0.018892036811480345492522908918  -0.187628145053239897839614440938
 182   0.095505711271118036919136419310  -0.187628097679736493371329131778
 183  -0.401269865168418081281411106574  -0.166667265384620920918196407518
 184  -0.477883540857014210258760148454  -0.166667241411814105175354824228
 185  -0.324656359903161813505955202508  -0.166666960647205263429776532968
 186  -0.248042755532193434619743853534  -0.166666865124919678176812657440
 187  -0.171429118984723534831516522084  -0.166666836498010953624299016702
 188  -0.094815434484491187554832656105  -0.166666813693514463796830907155
 189   0.362963055496076799765717897733  -0.166666640668676950213969979138
 190   0.439576713229795395386598825169  -0.166666640668674890123797876370
 191   0.209736759005790632830024537956  -0.166664876024662541743322892310
 192   0.286350421115133075262774831283  -0.166664868444808929303641695138
 193  -0.019414807821433919513562100635  -0.165511714402789845029564257006
 194   0.057198868677041753349533866246  -0.165511663497910030541756785061
 195   0.133812527215159623735331044312  -0.165511614877169427002505205941
 196  -0.439576704228307574787337113136  -0.144550793829842814880892359588
 197  -0.362963190385788956983990885185  -0.144550505487716732357147556629
 198  -0.286349585646882687239862263753  -0.144550408101094697211550424100
 199  -0.209735945522344354772679127480  -0.144550374505571288534317663074
 200  -0.133122264610890991489228551007  -0.144550357917021988964927419522
 201   0.401269884363172156741842865160  -0.144550182710185254562881929505
 202   0.477883542041917352113523694079  -0.144550182615783259096594852102
 203   0.248043592196275024119916738932  -0.144548410576792643157785071469
 204   0.324657251618191957402283582611  -0.144548407472613989151737392772
 205   0.018892026186303152859620080245  -0.143395229137077575700241306186
 206   0.095505685695230308254510051294  -0.143395178834863278179765381433
 207   0.172119343117313762153534730745  -0.143395134463575816539900197770
 208  -0.057469390738144146461165817513  -0.142963989664670726876470047885
 209  -0.477883540092920819199476413496  -0.122434324157897879212277471237
 210  -0.401270020207046089005333949667  -0.122434049182701585122679877482
 211  -0.324656416952054570822534655239  -0.122433951516925070111988108042
 212  -0.248042775542182350977798470719  -0.122433917646033180166267134672
 213  -0.171429099588579761183791090094  -0.122433910543211718440605160875
 214   0.439576713175588227476827434538  -0.122433724656018806091103857734
 215   0.286350421011134378992568177940  -0.122431952528645331151006626955
 216   0.362964085831451759288608667096  -0.122431940255287387629661429520
 217   0.057198841419769593675950345197  -0.121278747565284506971141091533
 218   0.133812504544894753560396616086  -0.121278693316026100776399731319
 219   0.210426175559429249132824870911  -0.121278670225504713930999851665
 220  -0.095776220864543950395561712415  -0.120847533888178252044566560252
 221  -0.019162565235362099583943134933  -0.120847525879838261982696590275
 222  -0.439576850692257851036445498711  -0.100317594027689745458068588970
 223  -0.362963247357627806757545043900  -0.100317494199850632220433276872
 224  -0.286349606473776985815175511181  -0.100317461708917073394405275309
 225  -0.209735930295848010227217366388  -0.100317455772813065885816100441
 226   0.477883542040249737626273806490  -0.100317266688029110403205086931
 227   0.324657251618864286294602882732  -0.100315491556282005621503688816
 228   0.401270920879263929290596352064  -0.100315471396530034887979973339
 229   0.095505661456871833857979687444  -0.099162259989741556351062854778
 230   0.172119343066817717492713661371  -0.099162218547412218293829300993
 231   0.248733009114902585768469439145  -0.099162204513773366505701526142
 232  -0.134083056231643084432569929747  -0.098731085900815089245764000280
 233  -0.057469395361761903518339029835  -0.098731070103345787150793102642
 234   0.019144249796476297183332330584  -0.098731043958815677568990081816
 235  -0.401270078886470071122486495648  -0.078201037237228410002338686374
 236  -0.324656436761828663053066363309  -0.078201004595395556550693940642
 237  -0.248042759496318627226877471803  -0.078200998392564061673882957559
 238  -0.477883542041918200862553052428  -0.078200897884543592834358371081
 239   0.362964085718181941663986469630  -0.078199024336276617223157213775
 240   0.439577987013379423100960255879  -0.078198602514417419841702283206
 241   0.133812504494398708899575546713  -0.077045777399862502530328834542
 242   0.210426175771473274727919451982  -0.077045754309341116164354936487
 243   0.287039844614233091038247313643  -0.077045735633493714266797462706
 244  -0.172389887751371104121842150006  -0.076614629850309228849944505846
 245  -0.095776227764532610273582174058  -0.076614617972015191941784093196
 246  -0.019162580532080591535629759692  -0.076614587832177370315055502006
 247   0.057451065846675214419295935305  -0.076614563801642800660165121993
 248  -0.362963267742696863617953376393  -0.056084548581890470431815973225
 249  -0.286349588345808791912288450434  -0.056084540404399071552821006584
 250  -0.439576774956515942786762973348  -0.056084332918185431760539751678
 251   0.401270920902754156929268168417  -0.056082555473009043522589391628
 252   0.477883541886543648697328102969  -0.056079908761613457945360268359
 253   0.172119343278861743087808242441  -0.054929302631248620527184385815
 254   0.248733009372831563301381537158  -0.054929288597609768982819521615
 255   0.325346687654562199809276207991  -0.054929253951105943708772995101
 256  -0.210696717250411846700344125916  -0.054498171999634778591565340928
 257  -0.134083061186919583690458300017  -0.054498167904341688973882105494
 258  -0.057469413910366841799695699015  -0.054498134011206852841981304760
 259   0.019144235720275397602828509540  -0.054498108025150348140666967108
 260   0.095757894583424486624220610996  -0.054498105347741878538531422498
 261  -0.324656417057201773073164016450  -0.033968082177042745343485827011
 262  -0.401269962171846276808911094105  -0.033967847104958511975285643111
 263  -0.477883542041918200862553052427  -0.033967767951827270686721132272
 264   0.439576711733163361011611080861  -0.033963448306094103003863394266
 265   0.210426176029402252260831549995  -0.032812838393177518641472931960
 266   0.287039845088890721633474507238  -0.032812819715991117846341556739
 267   0.363653522362319326298888964929  -0.032812785861092074075732906259
 268  -0.249003546631664789771720518457  -0.032381713173627314969058646341
 269  -0.172389890400875116881021277698  -0.032381710547449194497647375113
 270  -0.095776248732709419887517591122  -0.032381681518743092638082109961
 271  -0.019162596596577243093759248051  -0.032381656042634411045774060742
 272   0.057451065430304501078869501355  -0.032381647885479172223008498271
 273   0.134064724016637947592467935624  -0.032381646361614194348947291174
 274  -0.362963121754659467946656274230  -0.011851409152643900422147864066
 275  -0.439576728755077258867065580290  -0.011851281268819820683471988869
 276   0.477883542041918200862553052428  -0.011846992845449859943354232410
 277   0.248733009762831608355433766916  -0.010696372681446172427233883589
 278   0.325346687648286985137976135979  -0.010696338020639557009939012343
 279   0.401959059241414186797770972414  -0.010694089237645395063496248594
 280  -0.287310375580171300566136105448  -0.010265254572676244783865187752
 281  -0.210696719449337773940534462402  -0.010265252297851303108186227366
 282  -0.134083078464487463346165285700  -0.010265223264957262426318660582
 283  -0.057469430017950764646610161832  -0.010265205972489136585596629480
 284   0.019144235303904665716793551752  -0.010265192108986751825450788678
 285   0.095757894556236694393081467300  -0.010265189431578280271993024964
 286   0.172371553318607987280707256877  -0.010265187943840223574683963752
 287  -0.401269899826973709295810592041   0.010265176754350595053182307882
 288  -0.477883542041918200862553052428   0.010265203674622372764635000892
 289   0.287039845073493985094719729323   0.011420096206864319625332080270
 290   0.363652225568461434400394638724   0.011422360424798633030717918818
 291   0.440265891047562494179262709171   0.011422368643711119799056956311
 292  -0.249003548484411497413860914108   0.011851206453038550654769500988
 293  -0.172389908108444647248530301642   0.011851236016065549581073685358
 294  -0.095776259235784166492052379059   0.011851251386891401263299279105
 295  -0.019162597005388212525687871496   0.011851259886623082644993544526
 296   0.057451065403116778379748967948   0.011851268030684546476522485016
 297   0.134064724186345888617851592500   0.011851269554549403600388310439
 298   0.210678383297245241590504547432   0.011851271430768581169451358332
 299  -0.325617086770161143814172845468   0.011851428681316535196051420131
 300  -0.439576713204684478647026173041   0.032381661684016143911495692880
 301   0.325345381727269969740448980831   0.033538810246498143933140381708
 302   0.401959062225001096602512291910   0.033538826678518102587341285105
 303  -0.210696737348599601506490761401   0.033967695122165860881509911699
 304  -0.134083088110405744121500766063   0.033967709335645517615669655568
 305  -0.057469430425318519861313715054   0.033967709958551658106394993076
 306   0.019144235276716873485661505787   0.033967723807176846441087662891
 307   0.095757894725944635418465003803   0.033967726484585317677342576649
 308   0.172371553612554324832221603026   0.033967727972323373723511384955
 309   0.248985213009954962057148966308   0.033967730883188425774457727687
 310  -0.287310255957924033596799394655   0.033967883269903751048791327410
 311  -0.363923852502281520788954368067   0.033967995991612384440608713644
 312   0.477883542041918200862552969271   0.034691730132872099541468321934
 313  -0.477883542041918200862553052428   0.054498119693409915058356384868
 314   0.363652228568654890284793513284   0.055655276340962129558297779863
 315  -0.172389916834734662353096107534   0.056084167548050959389802061687
 316  -0.095776258802976789229305570595   0.056084168763953441934490978272
 317  -0.019162597031103588376897313875   0.056084175805336981807987334837
 318   0.057451065573332853454369752162   0.056084183947728258442477198716
 319   0.134064724480259121810519233531   0.056084185470713000898803639151
 320   0.210678383265032197634421578137   0.056084187346932179432615531558
 321  -0.249003446272913679439458473260   0.056084374451888200451683518243
 322  -0.325617021166749061512109332555   0.056084451486567732210768786941
 323  -0.402230666092477830510375895898   0.056084480409628514714400721008
 324   0.287290745273355148229271469998   0.056086437500973860834714536440
 325   0.439576713159750147724851286291   0.056808188264040229173334238670
 326  -0.134083087314932489809208618202   0.078200627336745261828842833866
 327  -0.057469427576859783076027591141   0.078200630855482769923519456135
 328   0.019144235446424814562713233744   0.078200639723340444390423264337
 329   0.095757895019857868611132634773   0.078200642400748914975757905362
 330   0.172371553573588911965768755730   0.078200643888486971981242766902
 331  -0.210696621853019948058429954483   0.078200840112337481803701657054
 332  -0.363923835475673097128326398415   0.078200936428375505641485751894
 333  -0.440537494929711552725902775285   0.078200938419022285861261412996
 334  -0.287310211090117417670985223984   0.078200943346855630005771667413
 335   0.325597586864693314935051643337   0.078202894734697362931590453714
 336   0.248983915605043395045538306181   0.078202895457609568736585313229
 337   0.401269879254203466989292943212   0.078924638329346032681275210681
 338   0.477883541288201867597876025779   0.078924647501080390640471549767
 339  -0.095776255186604496340874966576   0.100317090990949727474335822608
 340  -0.019162595616146970892748885372   0.100317093878335190089053500429
 341   0.057451065867246090797489100533   0.100317099863891862929686022759
 342   0.134064724325241707842636807130   0.100317101386876598902062733202
 343  -0.172389793160558421939984739880   0.100317298372484049443013898294
 344  -0.402230665522460841869385182835   0.100317396325792109316471328227
 345  -0.249003386659966539247530277419   0.100317409025070692347837389411
 346  -0.325617026888118866040654418361   0.100317429511205803029136663627
 347   0.210677085017271794421328864599   0.100319353004675101225632025398
 348   0.287290758416041951458087343033   0.100319353417135506601924615858
 349   0.439576703515585971675647302843   0.101041104264344682478808478508
 350   0.363215225200785163102288761168   0.101472276687413509478265468127
 351  -0.477883542041918200862553052428   0.101903757144634656664166441124
 352  -0.057469423911582846552864409325   0.122433552826150329452962106840
 353   0.019144236266682071119195650520   0.122433556551158727312928100485
 354   0.095757894864840454643250133596   0.122433558316912512979016999412
 355  -0.134082964307314806444345637243   0.122433756354147872067566819595
 356  -0.210696557922112619169435067457   0.122433867363838666507153510984
 357  -0.363923856769264916121767026984   0.122433889121723180747869491644
 358  -0.287310201003247209722501342945   0.122433892634239870599441578463
 359   0.248983929548348205655116826319   0.122435811373770969374888732889
 360   0.172370254742933318332732582675   0.122435811447663711244696100487
 361   0.477883540698519360412541299441   0.123157563499153925629854716029
 362   0.401522054485851192155501506592   0.123588733921138956174806160569
 363   0.324908396752133799625324404695   0.123588735369851653148599721074
 364  -0.439576712902130949081040203722   0.124020214629990335936652719639
 365   0.057451065712599144468061042169   0.144550015780697129724442174048
 366  -0.019162591049941497630604417778   0.144550017194326467768713894915
 367  -0.095776135360608735856554426298   0.144550214173929973312602680336
 368  -0.172389728865506836342613259942   0.144550325697733733756001520803
 369  -0.325617029900232395301011570240   0.144550350540141071372314989976
 370  -0.249003372167737864881341777120   0.144550350646620350960620574025
 371   0.210677100444188868915719681787   0.144552268920836009311946962675
 372   0.134063423587040941642005032527   0.144552270991442307968341376512
 373   0.439828884276147089927764041945   0.145705190523524478659312485335
 374   0.363215226037199828678537144185   0.145705192603577099845140342875
 375   0.286601567813130189597613770244   0.145705193441767731387227759121
 376  -0.477883541988597792181999866016   0.146136673060798254906922889267
 377  -0.401269429099104588229981194158   0.146137455895588932055520355508
 378   0.019144241734247550852532572002   0.166666482205919454614616692007
 379  -0.057469306376253654342640770721   0.166666671928502074106999214513
 380  -0.134082899501096820498607359142   0.166666784240995416686186998125
 381  -0.287310201064723050459852004414   0.166666808552521551733493985538
 382  -0.210696542368771303777665591979   0.166666810266319990794124327019
 383   0.172370271857290889322557427941   0.166668727363823998622840357250
 384   0.095756581850175392921270108924   0.166668751863074118935254642639
 385   0.401522056192000010067335967046   0.167821649837302521544976052555
 386   0.324908396745711144168074213983   0.167821651286015251423027328812
 387   0.248294738308663232435849732982   0.167821651635976168865321295802
 388   0.477883541783693573833531753139   0.168252783533985632587901837041
 389  -0.439576711412935781769545202752   0.168253130546153909143085713999
 390  -0.362962593606641115217806545482   0.168253930900436154243782634778
 391  -0.019162477575974015852317294440   0.188783130001902195491574349869
 392  -0.095776070472840404057839147805   0.188783242088679454259799674031
 393  -0.249003372194965466462132715215   0.188783266562783949227134484801
 394  -0.172389712915821643877229076546   0.188783268962936588983042218826
 395   0.134063443905933920043736967223   0.188785186907601239385949056678
 396   0.057449759392991544218628042196   0.188785254796179483087973926336
 397   0.363215227743348646590371621542   0.189938108519740665215310136411
 398   0.286601567311849714427890915142   0.189938109357931326821679083593
 399   0.209987896994207157378676045790   0.189938130654515496316487372313
 400   0.439576712891428884462306834476   0.190369242922485961234928448965
 401  -0.477883542041918200862553037988   0.190369588976961853149679337410
 402  -0.401269431031404980609590403728   0.190370374035784783037327599193
 403  -0.324655764449328782799782527538   0.190370389419825010997240433676
 404  -0.057469241682126216342443665248   0.210899700178647422260392275761
 405  -0.210696542202549225753403590601   0.210899726193784141644828835960
 406  -0.134082883600326910140336334698   0.210899727308131175793935369033
 407   0.095756628268217254348864310212   0.210901667779213361653142827350
 408   0.019143023223623050502621595415   0.210901888080475854113891293622
 409   0.324908399294697264273174229827   0.212054567202178776253404782816
 410   0.248294738020318965139743041813   0.212054567552139766200390009172
 411   0.171681055562696751260361427104   0.212054611990472971936159978231
 412   0.477883541797597402480070216641   0.212485701188055905217114426248
 413   0.401269884133118147207753655088   0.212485702127551106990724497963
 414  -0.439576713158259641335241370785   0.212486046905945447393252339288
 415  -0.362962593462468154718038058528   0.212486847124541257664894542564
 416  -0.286348935596865321711907535336   0.212486847402840100691813482132
 417  -0.172389712689270016860519869617   0.233016184881551499856045138583
 418  -0.095776051856515086232150267734   0.233016190513005094394733128447
 419   0.057449889341591697568681274161   0.233018281517617106324413072684
 420  -0.019163742994128612024812583705   0.233018461914111114143848863963
 421   0.286601570493560787763574477753   0.234171025274094810664987986985
 422   0.209987897926768763591449992533   0.234171046570679084760793215896
 423   0.133374222694350876323285435439   0.234171120717289057475038761629
 424   0.439576712895275905736052512690   0.234602160266980260759101816022
 425   0.362963042691748686949811139928   0.234602182738408977233310874841
 426  -0.477883542040249737483464865298   0.234602504893125451424541765376
 427  -0.401269430670642685540674518487   0.234603290635033949302581270427
 428  -0.248042106699644571312678020054   0.234603305308333291225436693148
 429  -0.324655764192244770828639200441   0.234603305831137754287982526438
 430  -0.134082883739412856378702326068   0.255132643247153169219015792602
 431   0.019143102739884631324124142448   0.255134890657398542915103246716
 432  -0.057471440135732159487810912207   0.255136493315878234631216754362
 433   0.248294741763029839574540304756   0.256287483468303206132968012659
 434   0.171681077670612867342814016950   0.256287533452496160043146363853
 435   0.095067433170019238249275298307   0.256287816252173618775249976423
 436   0.477883541886543657833508837914   0.256718618854014553730228999679
 437   0.401269884084148827104078748636   0.256718619001602427542114143008
 438   0.324656212822909814344762482585   0.256718642612335147869187913316
 439  -0.439576713169791596616710579408   0.256718962860331522974701421538
 440  -0.209735277745481526084860636645   0.256719763115199533410477974856
 441  -0.362962593284538702951243919305   0.256719763398754278370200014568
 442  -0.286348935006183394665784619567   0.256719764260477207699753406171
 443  -0.019163706068569761096330404261   0.277251383357619343261946370627
 444  -0.095778579702436823756035914459   0.277254512373731628737993175814
 445   0.209987925055434962008470951380   0.278403962486834363840417460422
 446   0.133374330365509248221086305346   0.278404155861172178943750984059
 447   0.056760669854300045865626727705   0.278404387747770971476348831608
 448   0.439576712678335734086793306801   0.278835077431965624645885396897
 449   0.362963042406388803219823705583   0.278835099329194155893269219291
 450   0.286349371161214981171995856030   0.278835122631044438549528411442
 451  -0.477883542041918200862553052428   0.278835420809289049699404193342
 452  -0.171428448962295532571934407115   0.278836221218206716150192751209
 453  -0.324655763995611697408313918038   0.278836222010351953573208396553
 454  -0.248042105761538217628734644188   0.278836222612709823036114376462
 455  -0.401269268202371466127413349484   0.278836488002227579364423557033
 456  -0.057470849574340360045690960996   0.299369409228099488723323105481
 457   0.171681183533018840549698216673   0.300520571729238579761603409201
 458   0.095067563631389582251418465512   0.300520733277654020605541300893
 459   0.018453861046612411910874362659   0.300520880449319833661244977269
 460   0.477883541886543657833508837914   0.300951535904579750544430462520
 461   0.401269883419726501680098028613   0.300951536248943860184820793826
 462   0.324656212554651759693367237009   0.300951558892442376188952722804
 463   0.248042553125418247568712823440   0.300951603891239374805071594000
 464  -0.439576713184300121677100570393   0.300951878783376078966376484719
 465  -0.286348934719420982680170144196   0.300952680469997169645543388759
 466  -0.209735274445102963825169000351   0.300952685117534830839224532287
 467  -0.362961777284057409050192974208   0.300954092539494674218407449200
 468  -0.133124460245359384526545154022   0.300957597730965302610148050229
 469   0.133374407278264951878535299995   0.322637165635976262184616002384
 470   0.056760720835087602289914619504   0.322637303836028916111633355668
 471  -0.019852651501793686431264859769   0.322637886277984913202147106450
 472   0.439576712381528970334244573572   0.323067994268909881193109759312
 473   0.362963041839658875323612278722   0.323068016126269863931776931351
 474   0.286349394904580798920533690866   0.323068039484539788769936607323
 475   0.209735792131515271765789534134   0.323068245996480433361668146464
 476  -0.477883542038848476668876729758   0.323068336784238919753343123690
 477  -0.248042105711180901918294871985   0.323069138945776659851448946719
 478  -0.401269198606253472416919180959   0.323069524318123590381441440839
 479  -0.324654528876275492141957440094   0.323071276944167105152179560046
 480  -0.094816728851189801426313992540   0.323072492392223653392361293833
 481  -0.171431284610005384696721151752   0.323074063556747293238903306038
 482   0.095067603951535278354362659583   0.344753667830800184971604668131
 483   0.018477311071980617231008471743   0.344794275371613000528737261785
 484   0.401269883097397861592090013336   0.345184452771165117308446241610
 485   0.477883541783693573833531753139   0.345184452798616361525602713513
 486   0.324656224508623629849482881265   0.345184496165781174854372832465
 487   0.248042649200575969757113762376   0.345184655106843566794263493835
 488  -0.439576713126680326146030833115   0.345184794699539677203741304871
 489   0.171429028983468055831947015841   0.345184817782492177895287229054
 490  -0.362961710515394339459897573620   0.345187123945095458894396957771
 491  -0.286347652971726771046461978563   0.345187816616198935147037266348
 492  -0.133124451081989093649632627336   0.345190524222469478217549131172
 493  -0.209738685220102206463857390633   0.345191500678389298085098100565
 494  -0.057198530778643127811887891313   0.346340969442109077871185294803
 495   0.056785567951925786672178288541   0.366913096110019798060490212626
 496   0.439576699715685387541269078397   0.367300932565878517783501593519
 497   0.362963065495360844396659490157   0.367300933131604327161945752310
 498   0.286349478821600440785379641837   0.367301111758671887140633006116
 499   0.209735898701687108647102130291   0.367301248801675439953874732574
 500  -0.477883542030797895345788981419   0.367301252711557356657764483704
 501   0.133122219325577529107750847616   0.367301333193515569521472029354
 502  -0.401269120336096375566996751844   0.367302575689848378606761404379
 503  -0.324653439942230669883710084769   0.367306079141811226623514651528
 504  -0.171431291049583567041914895011   0.367306979472910422765961986823
 505  -0.248044289907604873206613330276   0.367310317270433089309055397471
 506  -0.018892734532133214136847830928   0.368459241049429847178172145735
 507  -0.096262956602399242208579554234   0.369640093549507662247645271964
 508   0.477883541671479307187638396203   0.389417369231229213716201298565
 509   0.401269882388780214144850785662   0.389417412521323673892951654771
 510   0.324656321255806133569380919175   0.389417546217402730449451937625
 511   0.248042729212641522245950530265   0.389417707200914354928604246031
 512  -0.439576713096254020715846672797   0.389417710615703275468170594155
 513   0.171429083401853533660979803297   0.389417733698622301543687728434
 514  -0.362961635680084134739397503045   0.389420169485396213476954944045
 515  -0.209821085480093346018071492784   0.389585741361412574601086831008
 516  -0.286154380039978567409163802640   0.389764173067936182043740855446
 517   0.094172594558514250111280770862   0.390552503069951142537205840935
 518  -0.057297162054528451383409594921   0.390573775393323796278827288206
 519   0.019414065515561501681265955304   0.390575775375237463031963762271
 520  -0.134587827296230203164978002732   0.391783703704345801527765406766
 521   0.439576723734164550308897294152   0.411533849487449764711035784573
 522   0.362963137907616797228068095318   0.411534025332554857946582216757
 523   0.286349572236305624237880058056   0.411534143065839619220732251167
 524  -0.477883542031427891669758043743   0.411534168642928788724578699484
 525   0.209735893536492819637521771559   0.411534224254049143845042845282
 526   0.133122142927945732448310960687   0.411534249722745828357852730326
 527  -0.401269008105680661316674639354   0.411535686047277028425644186177
 528  -0.324656304991245441622162524467   0.411539357534602500235425171129
 529  -0.247921661790124978145791835725   0.412055884057130710514479142649
 530  -0.018991380849605452270464669355   0.412692047855859537516450253158
 531  -0.096269396521137668841004912688   0.413880054384511074821907636010
 532  -0.172883312174993117505627100093   0.413919958425365942349777053599
 533   0.055332264630382599884062617663   0.416391157705043946616285536336
 534   0.477883541654110588018504728346   0.433650329884504945437728715032
 535   0.401269980000773446981241007691   0.433650460382000798006982220469
 536   0.324656389801879161102192891803   0.433650624105399577025377793916
 537   0.248042756294804451229498953982   0.433650624962511099112834852636
 538  -0.439576713106189634038970763459   0.433650626531866873741948618797
 539   0.171429007265584380617737267773   0.433650649614720374729849787394
 540  -0.362963736070022734918880510547   0.433654871455181389317459360652
 541  -0.286329302277393508850480996128   0.433996874626571519766653970963
 542  -0.057299835055336033015378028159   0.434806691228722502890269691452
 543   0.095531115665272196888988682240   0.434846597496653853794175676819
 544  -0.134564609493843071852357733504   0.436016619470845828637391548625
 545  -0.210983843475093714499790238426   0.436390013988930534893125148298
 546   0.016981447098756862110936011814   0.438431249472147524859284937602
 547   0.439576796674579194249923942159   0.455766939459056371723105149456
 548   0.362963232083150930754627836195   0.455767060590543129554987671530
 549   0.286349547015860462101083948828   0.455767150599794411788662590004
 550  -0.477883212788000000000000000000   0.455773528785000000000000000000
 551   0.209713818292891408676082513083   0.455805201465806003391712040104
 552  -0.400958858020899723912560415188   0.456304032941239694144617993509
 553  -0.321574145055147482890472278705   0.460724538920331297604576400038
 554   0.129792910212160494186255382371   0.462824312201423409903750577808
 555  -0.236937650633742364358957359229   0.472208343184407614545246452217
 556   0.041147300529230255045634057288   0.475479530800879561945926596543
 557  -0.102374243258000000000000000000   0.477828611260000000000000000000
 558  -0.193070308843186314774010001651   0.477883524474095394318179402553
 559  -0.280805003202131493140656297400   0.477883526885585005430646181670
 560  -0.362343284953428788711751248789   0.477883527124987767728031144282
 561  -0.148837386817735993819466407211   0.477883538670623693516593340734
 562   0.324656415503869965678729235077   0.477883541483123232844304667067
 563   0.401270050007602811656588472158   0.477883541540373534925578549760
 564   0.248042630338362374101983476473   0.477883541654110588018504728346
 565   0.085314840432363418843831867898   0.477883541897263830381215949674
 566  -0.003020239366029463162573228211   0.477883542041918200862553038365
 567  -0.439570719187628287658967757438   0.477883542041918200862553052428
 568  -0.047253155282193061437467123354   0.477883542041918200862553052428
 569   0.171383422505585208662786030148   0.477883542041918200862553052428
 570   0.477883542041918200862553052428   0.477883542041918200862553052428
