   1  -0.444844370354874098356994828131  -0.479813159687287471253273664065
   2  -0.374379517217254434227954080490  -0.479813159687287471253273664065
   3  -0.299134345763235554193415515488  -0.479813159687287471253273664065
   4  -0.219479501630666585881620349440  -0.479813159687287471253273664065
   5  -0.149550235498871180168130948090  -0.479813159687287471253273664065
   6  -0.079620969367075774454641546739  -0.479813159687287471253273664065
   7  -0.009691703235280368741152145389  -0.479813159687287471253273664065
   8   0.060237562896515036972337255962  -0.479813159687287471253273664065
   9   0.130166829028310442685826657312  -0.479813159687287471253273664065
  10   0.200096095160105848399316058663  -0.479813159687287471253273664065
  11   0.270025361291901254112805460013  -0.479813159687287471253273664065
  12   0.339954627423696659826294861364  -0.479813159687287471253273664065
  13   0.409883893555492065539784262714  -0.479813159687287471253273664065
  14   0.479813159687287471253273664065  -0.479813159687287471253273664065
  15  -0.259306923696951070037517932464  -0.473194206688673686554471981172
  16  -0.336756931490244994210684797989  -0.465164776484433709639980971392
  17  -0.409612625966729764130300703465  -0.460096205698086125199067288506
  18  -0.479812845908443068157863537609  -0.459630832881870773448026839478
  19  -0.184514868564768883024875648765  -0.459626319374574942506547328129
  20  -0.114585602432973477311386247415  -0.459626319374574942506547328129
  21  -0.044656336301178071597896846064  -0.459626319374574942506547328129
  22   0.025272929830617334115592555286  -0.459626319374574942506547328129
  23   0.095202195962412739829081956637  -0.459626319374574942506547328129
  24   0.165131462094208145542571357987  -0.459626319374574942506547328129
  25   0.235060728226003551256060759338  -0.459626319374574942506547328129
  26   0.304989994357798956969550160688  -0.459626319374574942506547328129
  27   0.374919260489594362683039562039  -0.459626319374574942506547328129
  28   0.444848526621389768396528963389  -0.459626319374574942506547328129
  29  -0.233661031220554104091208894991  -0.442012123911333296730350655388
  30  -0.305259766648699656653909364648  -0.439906853090212581935419909171
  31  -0.374921359930528206241611681093  -0.439443115177553588889136658376
  32  -0.444848526621389768396528963389  -0.439439479275795737740306734306
  33  -0.149550235498871180168130948090  -0.439439479061862413759820992194
  34  -0.079620969367075774454641546739  -0.439439479061862413759820992194
  35  -0.009691703235280368741152145389  -0.439439479061862413759820992194
  36   0.060237562896515036972337255962  -0.439439479061862413759820992194
  37   0.130166829028310442685826657312  -0.439439479061862413759820992194
  38   0.200096095160105848399316058663  -0.439439479061862413759820992194
  39   0.270025361291901254112805460013  -0.439439479061862413759820992194
  40   0.339954627423696659826294861364  -0.439439479061862413759820992194
  41   0.409883893555492065539784262714  -0.439439479061862413759820992194
  42   0.479813159687287471253273664065  -0.439439479061862413759820992194
  43  -0.268662091435674427333163588174  -0.421829225072196780738420331904
  44  -0.198696398154656401234464194316  -0.421825283598620767983624319452
  45  -0.339952528360875618014146778323  -0.419256275083144588014751838525
  46  -0.479813159687287471253273664065  -0.419252638963083208993580398370
  47  -0.409883893555492065539784262714  -0.419252638963083208993580398371
  48  -0.114585602432973477311386247415  -0.419252638749149885013094656258
  49  -0.044656336301178071597896846064  -0.419252638749149885013094656258
  50   0.025272929830617334115592555286  -0.419252638749149885013094656258
  51   0.095202195962412739829081956637  -0.419252638749149885013094656258
  52   0.165131462094208145542571357987  -0.419252638749149885013094656258
  53   0.235060728226003551256060759338  -0.419252638749149885013094656258
  54   0.304989994357798956969550160688  -0.419252638749149885013094656258
  55   0.374919260489594362683039562039  -0.419252638749149885013094656258
  56   0.444848526621389768396528963389  -0.419252638749149885013094656258
  57  -0.233661031220554104091208894991  -0.401638443285908239236897983517
  58  -0.163731765088758698377719493640  -0.401638443285908239236897983517
  59  -0.304722222347834529583726835078  -0.399536751116494084981178220674
  60  -0.374917161426773320870891478997  -0.399069434770432059268025502588
  61  -0.444848526621389768396528963389  -0.399065798650370680246854062435
  62  -0.079620969367075774454641546739  -0.399065798436437356266368320323
  63  -0.009691703235280368741152145389  -0.399065798436437356266368320323
  64   0.060237562896515036972337255962  -0.399065798436437356266368320323
  65   0.130166829028310442685826657312  -0.399065798436437356266368320323
  66   0.200096095160105848399316058663  -0.399065798436437356266368320323
  67   0.270025361291901254112805460013  -0.399065798436437356266368320323
  68   0.339954627423696659826294861364  -0.399065798436437356266368320323
  69   0.409883893555492065539784262714  -0.399065798436437356266368320323
  70   0.479813159687287471253273664065  -0.399065798436437356266368320323
  71  -0.268625664286451806947953595666  -0.381451602973195710490171647581
  72  -0.198696398154656401234464194316  -0.381451602973195710490171647581
  73  -0.128767132022860995520974792965  -0.381451602973195710490171647581
  74  -0.339952528360875618014146778321  -0.378882594457719530521299166654
  75  -0.479813159687287471253273664065  -0.378878958337658151500127726500
  76  -0.409883893555492065539784262714  -0.378878958337658151500127726500
  77  -0.044656336301178071597896846064  -0.378878958123724827519641984387
  78   0.025272929830617334115592555286  -0.378878958123724827519641984387
  79   0.095202195962412739829081956637  -0.378878958123724827519641984387
  80   0.165131462094208145542571357987  -0.378878958123724827519641984387
  81   0.235060728226003551256060759338  -0.378878958123724827519641984387
  82   0.304989994357798956969550160688  -0.378878958123724827519641984387
  83   0.374919260489594362683039562039  -0.378878958123724827519641984387
  84   0.444848526621389768396528963389  -0.378878958123724827519641984387
  85  -0.233661031220554104091208894991  -0.361264762660483181743445311646
  86  -0.163731765088758698377719493640  -0.361264762660483181743445311646
  87  -0.093802498956963292664230092290  -0.361264762660483181743445311646
  88  -0.304722222347834529583726835078  -0.359163070491069027487725548803
  89  -0.374917161426773320870891478997  -0.358695754145007001774572830717
  90  -0.444848526621389768396528963389  -0.358692118024945622753401390564
  91  -0.009691703235280368741152145389  -0.358692117811012298772915648452
  92   0.060237562896515036972337255962  -0.358692117811012298772915648452
  93   0.130166829028310442685826657312  -0.358692117811012298772915648452
  94   0.200096095160105848399316058663  -0.358692117811012298772915648452
  95   0.270025361291901254112805460013  -0.358692117811012298772915648452
  96   0.339954627423696659826294861364  -0.358692117811012298772915648452
  97   0.409883893555492065539784262714  -0.358692117811012298772915648452
  98   0.479813159687287471253273664065  -0.358692117811012298772915648452
  99  -0.268625664286451806947953595666  -0.341077922347770652996718975711
 100  -0.198696398154656401234464194316  -0.341077922347770652996718975711
 101  -0.128767132022860995520974792965  -0.341077922347770652996718975711
 102  -0.058837865891065589807485391615  -0.341077922347770652996718975711
 103  -0.339952528360875618014146778321  -0.338508913832294473027846494783
 104  -0.479813159687287471253273664065  -0.338505277712233094006675054629
 105  -0.409883893555492065539784262714  -0.338505277712233094006675054629
 106   0.025272929830617334115592555286  -0.338505277498299770026189312517
 107   0.095202195962412739829081956637  -0.338505277498299770026189312517
 108   0.165131462094208145542571357987  -0.338505277498299770026189312517
 109   0.235060728226003551256060759338  -0.338505277498299770026189312517
 110   0.304989994357798956969550160688  -0.338505277498299770026189312517
 111   0.374919260489594362683039562039  -0.338505277498299770026189312517
 112   0.444848526621389768396528963389  -0.338505277498299770026189312517
 113  -0.233661031220554104091208894991  -0.320891082035058124249992639775
 114  -0.163731765088758698377719493640  -0.320891082035058124249992639775
 115  -0.093802498956963292664230092290  -0.320891082035058124249992639775
 116  -0.023873232825167886950740690939  -0.320891082035058124249992639775
 117  -0.304722222347834529583726835078  -0.318789389865643969994272876932
 118  -0.374917161426773320870891478997  -0.318322073519581944281120158846
 119  -0.444848526621389768396528963389  -0.318318437399520565259948718693
 120   0.060237562896515036972337255962  -0.318318437185587241279462976581
 121   0.130166829028310442685826657312  -0.318318437185587241279462976581
 122   0.200096095160105848399316058663  -0.318318437185587241279462976581
 123   0.270025361291901254112805460013  -0.318318437185587241279462976581
 124   0.339954627423696659826294861364  -0.318318437185587241279462976581
 125   0.409883893555492065539784262714  -0.318318437185587241279462976581
 126   0.479813159687287471253273664065  -0.318318437185587241279462976581
 127  -0.268625664286451806947953595666  -0.300704241722345595503266303840
 128  -0.198696398154656401234464194316  -0.300704241722345595503266303840
 129  -0.128767132022860995520974792965  -0.300704241722345595503266303840
 130  -0.058837865891065589807485391615  -0.300704241722345595503266303840
 131   0.011091400240729815906004009736  -0.300704241722345595503266303840
 132  -0.339952528360875618014146778321  -0.298135233206869415534393822912
 133  -0.479813159687287471253273664065  -0.298131597086808036513222382758
 134  -0.409883893555492065539784262714  -0.298131597086808036513222382758
 135   0.095202195962412739829081956637  -0.298131596872874712532736640646
 136   0.165131462094208145542571357987  -0.298131596872874712532736640646
 137   0.235060728226003551256060759338  -0.298131596872874712532736640646
 138   0.304989994357798956969550160688  -0.298131596872874712532736640646
 139   0.374919260489594362683039562039  -0.298131596872874712532736640646
 140   0.444848526621389768396528963389  -0.298131596872874712532736640646
 141  -0.233661031220554104091208894991  -0.280517401409633066756539967904
 142  -0.163731765088758698377719493640  -0.280517401409633066756539967904
 143  -0.093802498956963292664230092290  -0.280517401409633066756539967904
 144  -0.023873232825167886950740690939  -0.280517401409633066756539967904
 145   0.046056033306627518762748710411  -0.280517401409633066756539967904
 146  -0.304722222347834529583726835078  -0.278415709240218912500820205062
 147  -0.374917161426773320870891478997  -0.277948392894156886787667486975
 148  -0.444848526621389768396528963389  -0.277944756774095507766496046822
 149   0.130166829028310442685826657312  -0.277944756560162183786010304710
 150   0.200096095160105848399316058663  -0.277944756560162183786010304710
 151   0.270025361291901254112805460013  -0.277944756560162183786010304710
 152   0.339954627423696659826294861364  -0.277944756560162183786010304710
 153   0.409883893555492065539784262714  -0.277944756560162183786010304710
 154   0.479813159687287471253273664065  -0.277944756560162183786010304710
 155  -0.268625664286451806947953595666  -0.260330561096920538009813631969
 156  -0.198696398154656401234464194316  -0.260330561096920538009813631969
 157  -0.128767132022860995520974792965  -0.260330561096920538009813631969
 158  -0.058837865891065589807485391615  -0.260330561096920538009813631969
 159   0.011091400240729815906004009736  -0.260330561096920538009813631969
 160   0.081020666372525221619493411086  -0.260330561096920538009813631969
 161  -0.339952528360875618014146778321  -0.257761552581444358040941151041
 162  -0.479813159687287471253273664065  -0.257757916461382979019769710887
 163  -0.409883893555492065539784262714  -0.257757916461382979019769710887
 164   0.165131462094208145542571357987  -0.257757916247449655039283968775
 165   0.235060728226003551256060759338  -0.257757916247449655039283968775
 166   0.304989994357798956969550160688  -0.257757916247449655039283968775
 167   0.374919260489594362683039562039  -0.257757916247449655039283968775
 168   0.444848526621389768396528963389  -0.257757916247449655039283968775
 169  -0.233661031220554104091208894991  -0.240143720784208009263087296033
 170  -0.163731765088758698377719493640  -0.240143720784208009263087296033
 171  -0.093802498956963292664230092290  -0.240143720784208009263087296033
 172  -0.023873232825167886950740690939  -0.240143720784208009263087296033
 173   0.046056033306627518762748710411  -0.240143720784208009263087296033
 174   0.115985299438422924476238111762  -0.240143720784208009263087296033
 175  -0.304722222347834529583726835078  -0.238042028614793855007367533191
 176  -0.374917161426773320870891478997  -0.237574712268731829294214815104
 177  -0.444848526621389768396528963389  -0.237571076148670450273043374952
 178   0.200096095160105848399316058663  -0.237571075934737126292557632839
 179   0.270025361291901254112805460013  -0.237571075934737126292557632839
 180   0.339954627423696659826294861364  -0.237571075934737126292557632840
 181   0.409883893555492065539784262714  -0.237571075934737126292557632839
 182   0.479813159687287471253273664065  -0.237571075934737126292557632839
 183  -0.268625664286451806947953595666  -0.219956880471495480516360960098
 184  -0.198696398154656401234464194316  -0.219956880471495480516360960098
 185  -0.128767132022860995520974792965  -0.219956880471495480516360960098
 186  -0.058837865891065589807485391615  -0.219956880471495480516360960098
 187   0.011091400240729815906004009736  -0.219956880471495480516360960098
 188   0.081020666372525221619493411086  -0.219956880471495480516360960098
 189   0.150949932504320627332982812437  -0.219956880471495480516360960098
 190  -0.339952528360875618014146778321  -0.217387871956019300547488479170
 191  -0.479813159687287471253273664065  -0.217384235835957921526317039016
 192  -0.409883893555492065539784262714  -0.217384235835957921526317039016
 193   0.235060728226003551256060759338  -0.217384235622024597545831296904
 194   0.304989994357798956969550160688  -0.217384235622024597545831296904
 195   0.374919260489594362683039562039  -0.217384235622024597545831296904
 196   0.444848526621389768396528963389  -0.217384235622024597545831296904
 197  -0.233661031220554104091208894991  -0.199770040158782951769634624163
 198  -0.163731765088758698377719493640  -0.199770040158782951769634624163
 199  -0.093802498956963292664230092290  -0.199770040158782951769634624163
 200  -0.023873232825167886950740690939  -0.199770040158782951769634624163
 201   0.046056033306627518762748710411  -0.199770040158782951769634624163
 202   0.115985299438422924476238111762  -0.199770040158782951769634624163
 203   0.185914565570218330189727513112  -0.199770040158782951769634624163
 204  -0.304722222347834529583726835078  -0.197668347989368797513914861320
 205  -0.374917161426773320870891478997  -0.197201031643306771800762143234
 206  -0.444848526621389768396528963389  -0.197197395523245392779590703081
 207   0.270025361291901254112805460013  -0.197197395309312068799104960969
 208   0.339954627423696659826294861364  -0.197197395309312068799104960969
 209   0.409883893555492065539784262714  -0.197197395309312068799104960969
 210   0.479813159687287471253273664065  -0.197197395309312068799104960969
 211  -0.268625664286451806947953595666  -0.179583199846070423022908288227
 212  -0.198696398154656401234464194316  -0.179583199846070423022908288227
 213  -0.128767132022860995520974792965  -0.179583199846070423022908288227
 214  -0.058837865891065589807485391615  -0.179583199846070423022908288227
 215   0.011091400240729815906004009736  -0.179583199846070423022908288227
 216   0.081020666372525221619493411086  -0.179583199846070423022908288227
 217   0.150949932504320627332982812437  -0.179583199846070423022908288227
 218   0.220879198636116033046472213787  -0.179583199846070423022908288227
 219  -0.339952528360875618014146778321  -0.177014191330594243054035807299
 220  -0.479813159687287471253273664065  -0.177010555210532864032864367145
 221  -0.409883893555492065539784262714  -0.177010555210532864032864367146
 222   0.304989994357798956969550160688  -0.177010554996599540052378625033
 223   0.374919260489594362683039562039  -0.177010554996599540052378625033
 224   0.444848526621389768396528963389  -0.177010554996599540052378625033
 225  -0.233661031220554104091208894991  -0.159396359533357894276181952292
 226  -0.163731765088758698377719493640  -0.159396359533357894276181952292
 227  -0.093802498956963292664230092290  -0.159396359533357894276181952292
 228  -0.023873232825167886950740690939  -0.159396359533357894276181952292
 229   0.046056033306627518762748710411  -0.159396359533357894276181952292
 230   0.115985299438422924476238111762  -0.159396359533357894276181952292
 231   0.185914565570218330189727513112  -0.159396359533357894276181952292
 232   0.255843831702013735903216914462  -0.159396359533357894276181952292
 233  -0.304722222347834529583726835078  -0.157294667363943740020462189449
 234  -0.374917161426773320870891478997  -0.156827351017881714307309471363
 235  -0.444848526621389768396528963389  -0.156823714897820335286138031210
 236   0.339954627423696659826294861364  -0.156823714683887011305652289098
 237   0.409883893555492065539784262714  -0.156823714683887011305652289098
 238   0.479813159687287471253273664065  -0.156823714683887011305652289098
 239  -0.268625664286451806947953595666  -0.139209519220645365529455616356
 240  -0.198696398154656401234464194316  -0.139209519220645365529455616356
 241  -0.128767132022860995520974792965  -0.139209519220645365529455616356
 242  -0.058837865891065589807485391615  -0.139209519220645365529455616356
 243   0.011091400240729815906004009736  -0.139209519220645365529455616356
 244   0.081020666372525221619493411086  -0.139209519220645365529455616356
 245   0.150949932504320627332982812437  -0.139209519220645365529455616356
 246   0.220879198636116033046472213787  -0.139209519220645365529455616356
 247   0.290808464767911438759961615138  -0.139209519220645365529455616356
 248  -0.339952528360875618014146778321  -0.136640510705169185560583135429
 249  -0.479813159687287471253273664065  -0.136636874585107806539411695274
 250  -0.409883893555492065539784262714  -0.136636874585107806539411695275
 251   0.374919260489594362683039562039  -0.136636874371174482558925953162
 252   0.444848526621389768396528963389  -0.136636874371174482558925953162
 253  -0.233661031220554104091208894991  -0.119022678907932836782729280421
 254  -0.163731765088758698377719493640  -0.119022678907932836782729280421
 255  -0.093802498956963292664230092290  -0.119022678907932836782729280421
 256  -0.023873232825167886950740690939  -0.119022678907932836782729280421
 257   0.046056033306627518762748710411  -0.119022678907932836782729280421
 258   0.115985299438422924476238111762  -0.119022678907932836782729280421
 259   0.185914565570218330189727513112  -0.119022678907932836782729280421
 260   0.255843831702013735903216914463  -0.119022678907932836782729280421
 261   0.325773097833809141616706315813  -0.119022678907932836782729280421
 262  -0.304722222347834529583726835078  -0.116920986738518682527009517578
 263  -0.374917161426773320870891478997  -0.116453670392456656813856799492
 264  -0.444848526621389768396528963389  -0.116450034272395277792685359339
 265   0.409883893555492065539784262714  -0.116450034058461953812199617227
 266   0.479813159687287471253273664065  -0.116450034058461953812199617227
 267  -0.268625664286451806947953595666  -0.098835838595220308036002944485
 268  -0.198696398154656401234464194316  -0.098835838595220308036002944485
 269  -0.128767132022860995520974792965  -0.098835838595220308036002944485
 270  -0.058837865891065589807485391615  -0.098835838595220308036002944485
 271   0.011091400240729815906004009736  -0.098835838595220308036002944485
 272   0.081020666372525221619493411086  -0.098835838595220308036002944485
 273   0.150949932504320627332982812437  -0.098835838595220308036002944485
 274   0.220879198636116033046472213787  -0.098835838595220308036002944485
 275   0.290808464767911438759961615138  -0.098835838595220308036002944485
 276   0.360737730899706844473451016488  -0.098835838595220308036002944485
 277  -0.339952528360875618014146778321  -0.096266830079744128067130463558
 278  -0.479813159687287471253273664065  -0.096263193959682749045959023404
 279  -0.409883893555492065539784262714  -0.096263193959682749045959023404
 280   0.444848526621389768396528963389  -0.096263193745749425065473281291
 281  -0.233661031220554104091208894991  -0.078648998282507779289276608550
 282  -0.163731765088758698377719493640  -0.078648998282507779289276608550
 283  -0.093802498956963292664230092290  -0.078648998282507779289276608550
 284  -0.023873232825167886950740690939  -0.078648998282507779289276608550
 285   0.046056033306627518762748710411  -0.078648998282507779289276608550
 286   0.115985299438422924476238111762  -0.078648998282507779289276608550
 287   0.185914565570218330189727513112  -0.078648998282507779289276608550
 288   0.255843831702013735903216914463  -0.078648998282507779289276608550
 289   0.325773097833809141616706315813  -0.078648998282507779289276608550
 290   0.395702363965604547330195717163  -0.078648998282507779289276608550
 291  -0.304722222347834529583726835078  -0.076547306113093625033556845707
 292  -0.374917161426773320870891478997  -0.076079989767031599320404127621
 293  -0.444848526621389768396528963389  -0.076076353646970220299232687468
 294   0.479813159687287471253273664065  -0.076076353433036896318746945356
 295  -0.268625664286451806947953595666  -0.058462157969795250542550272615
 296  -0.198696398154656401234464194316  -0.058462157969795250542550272615
 297  -0.128767132022860995520974792965  -0.058462157969795250542550272615
 298  -0.058837865891065589807485391615  -0.058462157969795250542550272615
 299   0.011091400240729815906004009736  -0.058462157969795250542550272615
 300   0.081020666372525221619493411086  -0.058462157969795250542550272615
 301   0.150949932504320627332982812437  -0.058462157969795250542550272615
 302   0.220879198636116033046472213787  -0.058462157969795250542550272615
 303   0.290808464767911438759961615138  -0.058462157969795250542550272615
 304   0.360737730899706844473451016488  -0.058462157969795250542550272615
 305   0.430666997031502250186940417839  -0.058462157969795250542550272615
 306  -0.339952528360875618014146778321  -0.055893149454319070573677791687
 307  -0.479813159687287471253273664065  -0.055889513334257691552506351533
 308  -0.409883893555492065539784262714  -0.055889513334257691552506351533
 309  -0.233661031220554104091208894991  -0.038275317657082721795823936679
 310  -0.163731765088758698377719493640  -0.038275317657082721795823936679
 311  -0.093802498956963292664230092290  -0.038275317657082721795823936679
 312  -0.023873232825167886950740690939  -0.038275317657082721795823936679
 313   0.046056033306627518762748710411  -0.038275317657082721795823936679
 314   0.115985299438422924476238111762  -0.038275317657082721795823936679
 315   0.185914565570218330189727513112  -0.038275317657082721795823936679
 316   0.255843831702013735903216914463  -0.038275317657082721795823936679
 317   0.325773097833809141616706315813  -0.038275317657082721795823936679
 318   0.395702363965604547330195717164  -0.038275317657082721795823936679
 319   0.467047516122718812305190676588  -0.037773971893161214005974612024
 320  -0.304722222347834529583726835078  -0.036173625487668567540104173837
 321  -0.374917161426773320870891478997  -0.035706309141606541826951455750
 322  -0.444848526621389768396528963389  -0.035702673021545162805780015597
 323   0.431789473105019985629166802562  -0.018104083998058159369903175624
 324  -0.268625664286451806947953595666  -0.018088477344370193049097600744
 325  -0.198696398154656401234464194316  -0.018088477344370193049097600744
 326  -0.128767132022860995520974792965  -0.018088477344370193049097600744
 327  -0.058837865891065589807485391615  -0.018088477344370193049097600744
 328   0.011091400240729815906004009736  -0.018088477344370193049097600744
 329   0.081020666372525221619493411086  -0.018088477344370193049097600744
 330   0.150949932504320627332982812437  -0.018088477344370193049097600744
 331   0.220879198636116033046472213787  -0.018088477344370193049097600744
 332   0.290808464767911438759961615138  -0.018088477344370193049097600744
 333   0.360737730899706844473451016488  -0.018088477344370193049097600744
 334  -0.339952528360875618014146778321  -0.015519468828894013080225119816
 335  -0.479813159687287471253273664065  -0.015515832708832634059053679662
 336  -0.409883893555492065539784262714  -0.015515832708832634059053679662
 337   0.479813159687287471253273664065   0.000528409646714468306797721308
 338   0.396824840039122282772422101887   0.002082756314654369376823160311
 339  -0.233661031220554104091208894991   0.002098362968342335697628735192
 340  -0.163731765088758698377719493640   0.002098362968342335697628735192
 341  -0.093802498956963292664230092290   0.002098362968342335697628735192
 342  -0.023873232825167886950740690939   0.002098362968342335697628735192
 343   0.046056033306627518762748710411   0.002098362968342335697628735192
 344   0.115985299438422924476238111762   0.002098362968342335697628735192
 345   0.185914565570218330189727513112   0.002098362968342335697628735192
 346   0.255843831702013735903216914463   0.002098362968342335697628735192
 347   0.325773097833809141616706315813   0.002098362968342335697628735192
 348  -0.304722222347834529583726835078   0.004200055137756489953348498034
 349  -0.374917161426773320870891478997   0.004667371483818515666501216120
 350  -0.444848526621389768396528963389   0.004671007603879894687672656274
 351   0.444555116669588644577249790039   0.020198297541817522942869157708
 352   0.361860206973224579915677401212   0.022269596627366898123549496246
 353  -0.268625664286451806947953595666   0.022285203281054864444355071127
 354  -0.198696398154656401234464194316   0.022285203281054864444355071127
 355  -0.128767132022860995520974792965   0.022285203281054864444355071127
 356  -0.058837865891065589807485391615   0.022285203281054864444355071127
 357   0.011091400240729815906004009736   0.022285203281054864444355071127
 358   0.081020666372525221619493411086   0.022285203281054864444355071127
 359   0.150949932504320627332982812437   0.022285203281054864444355071127
 360   0.220879198636116033046472213787   0.022285203281054864444355071127
 361   0.290808464767911438759961615138   0.022285203281054864444355071127
 362  -0.339952528360875618014146778321   0.024854211796531044413227552055
 363  -0.479813159687287471253273664065   0.024857847916592423434398992209
 364  -0.409883893555492065539784262714   0.024857847916592423434398992209
 365   0.409590483603690941720505089364   0.040385137854530051689595493643
 366   0.479813159687287471253273664065   0.040902090272139525800250393179
 367   0.326895573907326877058932700536   0.042456436940079426870275832182
 368  -0.233661031220554104091208894991   0.042472043593767393191081407063
 369  -0.163731765088758698377719493640   0.042472043593767393191081407063
 370  -0.093802498956963292664230092290   0.042472043593767393191081407063
 371  -0.023873232825167886950740690939   0.042472043593767393191081407063
 372   0.046056033306627518762748710411   0.042472043593767393191081407062
 373   0.115985299438422924476238111762   0.042472043593767393191081407063
 374   0.185914565570218330189727513112   0.042472043593767393191081407063
 375   0.255843831702013735903216914463   0.042472043593767393191081407063
 376  -0.304722222347834529583726835078   0.044573735763181547446801169905
 377  -0.374917161426773320870891478997   0.045041052109243573159953887991
 378  -0.444848526621389768396528963389   0.045044688229304952181125328144
 379   0.444555116669588644577249790039   0.060571978167242580436321829578
 380   0.291930940841429174202187999861   0.062643277252791955617002168117
 381   0.361860206973224579915677401212   0.062643277252791955617002168117
 382  -0.268625664286451806947953595666   0.062658883906479921937807742998
 383  -0.198696398154656401234464194316   0.062658883906479921937807742998
 384  -0.128767132022860995520974792965   0.062658883906479921937807742998
 385  -0.058837865891065589807485391615   0.062658883906479921937807742998
 386   0.011091400240729815906004009736   0.062658883906479921937807742998
 387   0.081020666372525221619493411086   0.062658883906479921937807742998
 388   0.150949932504320627332982812437   0.062658883906479921937807742998
 389   0.220879198636116033046472213787   0.062658883906479921937807742998
 390  -0.339952528360875618014146778321   0.065227892421956101906680223926
 391  -0.479813159687287471253273664065   0.065231528542017480927851664080
 392  -0.409883893555492065539784262714   0.065231528542017480927851664080
 393   0.398659896593401174919840092790   0.079251014338334032397248798872
 394   0.479813159687287471253273664065   0.081275770897564583293703065050
 395   0.256966307775531471345443299186   0.082830117565504484363728504053
 396   0.326895573907326877058932700537   0.082830117565504484363728504053
 397  -0.233661031220554104091208894991   0.082845724219192450684534078933
 398  -0.163731765088758698377719493640   0.082845724219192450684534078933
 399  -0.093802498956963292664230092290   0.082845724219192450684534078933
 400  -0.023873232825167886950740690939   0.082845724219192450684534078933
 401   0.046056033306627518762748710411   0.082845724219192450684534078933
 402   0.115985299438422924476238111762   0.082845724219192450684534078933
 403   0.185914565570218330189727513112   0.082845724219192450684534078933
 404  -0.304722222347834529583726835078   0.084947416388606604940253841776
 405  -0.374917161426773320870891478997   0.085414732734668630653406559862
 406  -0.444848526621389768396528963389   0.085418368854730009674578000015
 407   0.433624529659298877776584793465   0.099437854651046561143975134807
 408   0.222001674709633768488698598511   0.103016957878217013110454839988
 409   0.291930940841429174202187999861   0.103016957878217013110454839988
 410   0.361860206973224579915677401212   0.103016957878217013110454839988
 411  -0.268625664286451806947953595666   0.103032564531904979431260414869
 412  -0.198696398154656401234464194316   0.103032564531904979431260414869
 413  -0.128767132022860995520974792965   0.103032564531904979431260414869
 414  -0.058837865891065589807485391615   0.103032564531904979431260414869
 415   0.011091400240729815906004009736   0.103032564531904979431260414869
 416   0.081020666372525221619493411086   0.103032564531904979431260414869
 417   0.150949932504320627332982812437   0.103032564531904979431260414869
 418  -0.339952528360875618014146778321   0.105601573047381159400132895797
 419  -0.479813159687287471253273664065   0.105605209167442538421304335951
 420  -0.409883893555492065539784262714   0.105605209167442538421304335950
 421   0.398659896593401174919840092790   0.119624694963759089890701470743
 422   0.469563913076343135548677468384   0.120326853227659721265798974665
 423   0.187037041643736065631953897836   0.123203798190929541857181175924
 424   0.256966307775531471345443299186   0.123203798190929541857181175924
 425   0.326895573907326877058932700537   0.123203798190929541857181175924
 426  -0.233661031220554104091208894991   0.123219404844617508177986750804
 427  -0.163731765088758698377719493640   0.123219404844617508177986750804
 428  -0.093802498956963292664230092290   0.123219404844617508177986750804
 429  -0.023873232825167886950740690939   0.123219404844617508177986750804
 430   0.046056033306627518762748710411   0.123219404844617508177986750804
 431   0.115985299438422924476238111762   0.123219404844617508177986750804
 432  -0.304722222347834529583726835078   0.125321097014031662433706513646
 433  -0.374917161426773320870891478997   0.125788413360093688146859231733
 434  -0.444848526621389768396528963389   0.125792049480155067168030671886
 435   0.434200915796491774663840101422   0.139807420740672475187933553617
 436   0.152072408577838362775209197160   0.143390638503642070603907511859
 437   0.222001674709633768488698598511   0.143390638503642070603907511859
 438   0.291930940841429174202187999861   0.143390638503642070603907511859
 439   0.362432904062187789167696148451   0.143394607632370459324767373215
 440  -0.268625664286451806947953595666   0.143406245157330036924713086740
 441  -0.198696398154656401234464194316   0.143406245157330036924713086740
 442  -0.128767132022860995520974792965   0.143406245157330036924713086740
 443  -0.058837865891065589807485391615   0.143406245157330036924713086740
 444   0.011091400240729815906004009736   0.143406245157330036924713086740
 445   0.081020666372525221619493411086   0.143406245157330036924713086740
 446  -0.339952528360875618014146778321   0.145975253672806216893585567667
 447  -0.479813159687287471253273664065   0.145978889792867595914757007821
 448  -0.409883893555492065539784262714   0.145978889792867595914757007821
 449   0.479813159687287471253273664065   0.159377935557754859237894884279
 450   0.399236282730594071807095400747   0.159994261053385003934659889553
 451   0.117107775511940659918464496485   0.163577478816354599350633847795
 452   0.187037041643736065631953897836   0.163577478816354599350633847794
 453   0.256966307775531471345443299186   0.163577478816354599350633847794
 454   0.326895573907326877058932700537   0.163577478816354599350633847794
 455  -0.233661031220554104091208894991   0.163593085470042565671439422675
 456  -0.163731765088758698377719493640   0.163593085470042565671439422675
 457  -0.093802498956963292664230092290   0.163593085470042565671439422675
 458  -0.023873232825167886950740690939   0.163593085470042565671439422675
 459   0.046056033306627518762748710411   0.163593085470042565671439422675
 460  -0.304722222347834529583726835078   0.165694777639456719927159185517
 461  -0.374917161426773320870891478997   0.166162093985518745640311903603
 462  -0.444848526621389768396528963389   0.166165730105580124661483343757
 463   0.434200915796491774663840101422   0.180181101366097532681386225488
 464   0.082143142446042957061719795810   0.183764319129067128097360183730
 465   0.152072408577838362775209197160   0.183764319129067128097360183730
 466   0.222001674709633768488698598511   0.183764319129067128097360183730
 467   0.291930940841429174202187999861   0.183764319129067128097360183730
 468   0.361860206973224579915677401212   0.183764319129067128097360183730
 469  -0.268625664286451806947953595666   0.183779925782755094418165758610
 470  -0.198696398154656401234464194316   0.183779925782755094418165758611
 471  -0.128767132022860995520974792965   0.183779925782755094418165758611
 472  -0.058837865891065589807485391615   0.183779925782755094418165758611
 473   0.011091400240729815906004009736   0.183779925782755094418165758611
 474  -0.339952528360875618014146778321   0.186348934298231274387038239538
 475  -0.479813159687287471253273664065   0.186352570418292653408209679692
 476  -0.409883893555492065539784262714   0.186352570418292653408209679692
 477   0.470140683923272077199415209693   0.198575860245655843579202696439
 478   0.398663585594230927604477476520   0.200363879645016806913166056394
 479   0.047178509380145254204975095135   0.203951159441779656844086519665
 480   0.117107775511940659918464496485   0.203951159441779656844086519665
 481   0.187037041643736065631953897836   0.203951159441779656844086519665
 482   0.256966307775531471345443299186   0.203951159441779656844086519665
 483   0.326895573907326877058932700537   0.203951159441779656844086519665
 484  -0.233661031220554104091208894991   0.203966766095467623164892094546
 485  -0.163731765088758698377719493640   0.203966766095467623164892094546
 486  -0.093802498956963292664230092290   0.203966766095467623164892094546
 487  -0.023873232825167886950740690939   0.203966766095467623164892094546
 488  -0.304722222347834529583726835078   0.206068458264881777420611857388
 489  -0.374917161426773320870891478997   0.206535774610943803133764575474
 490  -0.444848526621389768396528963389   0.206539410731005182154936015628
 491   0.433628218660128630461222177195   0.220550719957729335659892392330
 492   0.012213876314247551348230394459   0.224137999754492185590812855601
 493   0.082143142446042957061719795810   0.224137999754492185590812855601
 494   0.152072408577838362775209197160   0.224137999754492185590812855601
 495   0.222001674709633768488698598511   0.224137999754492185590812855601
 496   0.291930940841429174202187999861   0.224137999754492185590812855601
 497   0.361860206973224579915677401212   0.224137999754492185590812855601
 498  -0.268625664286451806947953595666   0.224153606408180151911618430481
 499  -0.198696398154656401234464194316   0.224153606408180151911618430481
 500  -0.128767132022860995520974792965   0.224153606408180151911618430481
 501  -0.058837865891065589807485391615   0.224153606408180151911618430481
 502  -0.339952528360875618014146778321   0.226722614923656331880490911409
 503  -0.479813159687287471253273664065   0.226726251043717710901662351563
 504  -0.409883893555492065539784262714   0.226726251043717710901662351563
 505   0.479813159687287471253273664065   0.237773784933556827920510508599
 506   0.398663585594230927604477476520   0.240737560270441864406618728265
 507  -0.022750756751650151508514306216   0.244324840067204714337539191536
 508   0.047178509380145254204975095135   0.244324840067204714337539191536
 509   0.117107775511940659918464496485   0.244324840067204714337539191536
 510   0.187037041643736065631953897836   0.244324840067204714337539191536
 511   0.256966307775531471345443299186   0.244324840067204714337539191536
 512   0.326895573907326877058932700537   0.244324840067204714337539191536
 513  -0.233661031220554104091208894991   0.244340446720892680658344766417
 514  -0.163731765088758698377719493640   0.244340446720892680658344766417
 515  -0.093802498956963292664230092290   0.244340446720892680658344766417
 516  -0.304722222347834529583726835078   0.246442138890306834914064529259
 517  -0.374917161426773320870891478997   0.246909455236368860627217247345
 518  -0.444848526621389768396528963389   0.246913091356430239648388687499
 519   0.443962650614582714766799122887   0.259579345393716458017973383508
 520  -0.057715389817547854365259006891   0.264511680379917243084265527472
 521   0.012213876314247551348230394459   0.264511680379917243084265527472
 522   0.082143142446042957061719795810   0.264511680379917243084265527472
 523   0.152072408577838362775209197160   0.264511680379917243084265527472
 524   0.222001674709633768488698598511   0.264511680379917243084265527472
 525   0.291930940841429174202187999861   0.264511680379917243084265527472
 526   0.361860206973224579915677401212   0.264511680379917243084265527472
 527  -0.268625664286451806947953595666   0.264527287033605209405071102352
 528  -0.198696398154656401234464194316   0.264527287033605209405071102352
 529  -0.128767132022860995520974792965   0.264527287033605209405071102352
 530  -0.339952528360875618014146778321   0.267096295549081389373943583280
 531  -0.479813159687287471253273664065   0.267099931669142768395115023434
 532  -0.409883893555492065539784262714   0.267099931669142768395115023434
 533   0.479813159687287471253273664065   0.278147465558981885413963180470
 534   0.408998017548685011910054422211   0.279766185706428986764699719443
 535  -0.092680022883445557222003707566   0.284698520692629771830991863407
 536  -0.022750756751650151508514306216   0.284698520692629771830991863407
 537   0.047178509380145254204975095135   0.284698520692629771830991863407
 538   0.117107775511940659918464496485   0.284698520692629771830991863407
 539   0.187037041643736065631953897836   0.284698520692629771830991863407
 540   0.256966307775531471345443299186   0.284698520692629771830991863407
 541   0.326895573907326877058932700537   0.284698520692629771830991863407
 542  -0.233661031220554104091208894991   0.284714127346317738151797438288
 543  -0.163731765088758698377719493640   0.284714127346317738151797438288
 544  -0.304722222347834529583726835078   0.286815819515731892407517201130
 545  -0.374917161426773320870891478996   0.287283135861793918120669919216
 546  -0.444848526621389768396528963389   0.287286771981855297141841359369
 547   0.443962650614582714766799122887   0.299953026019141515511426055379
 548   0.372194638927678664221254346903   0.303540305815904365442346518650
 549  -0.127644655949343260078748408242   0.304885361005342300577718199342
 550  -0.057715389817547854365259006891   0.304885361005342300577718199342
 551   0.012213876314247551348230394459   0.304885361005342300577718199342
 552   0.082143142446042957061719795810   0.304885361005342300577718199343
 553   0.152072408577838362775209197160   0.304885361005342300577718199343
 554   0.222001674709633768488698598511   0.304885361005342300577718199343
 555   0.291930945715727705916108014466   0.304885369447877362654144604575
 556  -0.268625664286451806947953595666   0.304900967659030266898523774223
 557  -0.198696398154656401234464194316   0.304900967659030266898523774223
 558  -0.339952528360875618014146778321   0.307469976174506446867396255151
 559  -0.479813159687287471253273664065   0.307473612294567825888567695305
 560  -0.409883893555492065539784262714   0.307473612294567825888567695305
 561   0.479813159687287471253273664065   0.318521146184406942907415852341
 562   0.408998017548685011910054422211   0.320139866331854044258152391314
 563   0.337230005861780961364509646228   0.323727146128616894189072854585
 564  -0.162609289015240962935493108917   0.325072201318054829324444535278
 565  -0.092680022883445557222003707566   0.325072201318054829324444535278
 566  -0.022750756751650151508514306216   0.325072201318054829324444535278
 567   0.047178509380145254204975095135   0.325072201318054829324444535278
 568   0.117107775511940659918464496485   0.325072201318054829324444535278
 569   0.187037041643736065631953897836   0.325072201318054829324444535278
 570   0.256966307775531471345443299186   0.325072201318054829324444535278
 571  -0.233661031220554104091208894991   0.325087807971742795645250110158
 572  -0.304722222347834529583726835078   0.327189500141156949900969873000
 573  -0.374917161426773320870891478996   0.327656816487218975614122591086
 574  -0.444848526621389768396528963389   0.327660452607280354635294031240
 575   0.443962650614582714766799122887   0.340326706644566573004878727250
 576   0.372194638927678664221254346903   0.343913986441329422935799190521
 577   0.302265383771692059816628861054   0.343914005451975985637875706114
 578  -0.197573922081138665792237809592   0.345259041630767358071170871213
 579  -0.127644655949343260078748408242   0.345259041630767358071170871213
 580  -0.057715389817547854365259006891   0.345259041630767358071170871213
 581   0.012213876314247551348230394459   0.345259041630767358071170871213
 582   0.082143142446042957061719795810   0.345259041630767358071170871213
 583   0.152072408577838362775209197161   0.345259041630767358071170871213
 584  -0.268625664286451806947953595666   0.345274648284455324391976446094
 585   0.222053322312447538331468368631   0.345348763359617027998711234712
 586  -0.339952528360875618014146778321   0.347843656799931504360848927022
 587  -0.479813159687287471253273664065   0.347847292919992883382020367176
 588  -0.409883893555492065539784262714   0.347847292919992883382020367176
 589   0.479813159687287471253273664065   0.358894826809832000400868524212
 590   0.408998017548685011910054422211   0.360513546957279101751605063185
 591   0.267300739729997509852137378574   0.364100826754038786316678410528
 592   0.337230030081945009705258027145   0.364100868704538532493632124908
 593  -0.232538555147036368648982510267   0.365445881943479886817897207149
 594  -0.162609289015240962935493108917   0.365445881943479886817897207149
 595  -0.092680022883445557222003707566   0.365445881943479886817897207149
 596  -0.022750756751650151508514306216   0.365445881943479886817897207149
 597   0.047178509380145254204975095135   0.365445881943479886817897207149
 598   0.117107775511940659918464496485   0.365445881943479886817897207149
 599   0.187037041643736065631953897836   0.365445881943479886817897207149
 600  -0.304722222347834529583726835078   0.367563180766582007394422544871
 601  -0.374917161426773320870891478996   0.368030497112644033107575262957
 602  -0.444848526621389768396528963389   0.368034133232705412128746703111
 603   0.443962650614582714766799122887   0.380700387269991630498331399120
 604   0.302265383804565995099601268254   0.384287686134276893250447087006
 605   0.372194435919664590981542474189   0.384288110572307444985528427619
 606   0.232091383679000000000000000000   0.384655237594000000000000000000
 607  -0.267503188212934071505727210943   0.385632722256192415564623543084
 608  -0.197573922081138665792237809592   0.385632722256192415564623543084
 609  -0.127644655949343260078748408241   0.385632722256192415564623543084
 610  -0.057715389817547854365259006891   0.385632722256192415564623543084
 611   0.012213876314247551348230394459   0.385632722256192415564623543084
 612   0.082939984894882526565483169633   0.387080540282438950504234520296
 613  -0.479813159687287471253273664065   0.388220973545417940875473039047
 614  -0.409883893555492065539784262714   0.388220973545417940875473039046
 615  -0.339202184184841644294257754500   0.388567140368579808255095906025
 616   0.156930541999133871495444679343   0.392511785581428377739739951519
 617   0.479813159687287471253273664065   0.399268507435257057894321196082
 618   0.408998017514501256541986698446   0.400887227582704159230586313167
 619   0.267300739730034199052128095893   0.404474507379463843810131065728
 620   0.337229787335909773008646244601   0.404474924007279168213413759212
 621   0.195338251181746893684623645664   0.404956943780006891452262674142
 622   0.118718280389162062445345619844   0.405787428285734403038410618326
 623  -0.232538555147036368648982510267   0.405819562568904944311349879020
 624  -0.162609289015240962935493108917   0.405819562568904944311349879020
 625  -0.092680022883445557222003707566   0.405819562568904944311349879020
 626  -0.022750756751650151508514306216   0.405819562568904944311349879020
 627   0.047178509380145254204975095135   0.405819562568904944311349879020
 628  -0.301255083692821474673361759591   0.407787713539390406122025803724
 629  -0.374917161426773320870891478997   0.408404177738069090601027934828
 630  -0.444848526621389768396528963389   0.408407813858130469622199374982
 631   0.443962650614582714766799122887   0.421074067895416687991784070991
 632   0.372178890569856080304901299818   0.424689034987998032779980764440
 633  -0.479813159687287471253273664065   0.428594654170842998368925710918
 634  -0.196534780094000000000000000000   0.430305723838000000000000000000
 635   0.297263076029953834753596209980   0.435165391271443817579362075021
 636   0.093391496398736039393972026358   0.437229249160901966302699683711
 637   0.217765095454137799994128113987   0.438528818068252250926015690197
 638   0.173395689935389920210573378078   0.438847327271400076990805305529
 639   0.011614305243000000000000000000   0.439148940097000000000000000000
 640   0.479813159687287471253273664065   0.439642188060682115387773867953
 641  -0.403995960102000000000000000000   0.440485912493000000000000000000
 642  -0.276996840801000000000000000000   0.440615927394000000000000000000
 643  -0.070580297949000000000000000000   0.441024956687000000000000000000
 644   0.408998017548685011893344263574   0.441260908208129216709567563163
 645  -0.111553426158593607827596285745   0.441510299967527762600405334822
 646   0.133284304013084032007246581942   0.443441977055188137585635175280
 647   0.257804239665137351288659366654   0.443715437207402896200236129022
 648  -0.151799384847570610099289324126   0.444719177722908792089271452955
 649   0.336460161230934449548011383843   0.444841268440511702057738960321
 650  -0.317271644526687388976917956801   0.444848526621389768396528963389
 651  -0.358052817792678034246601895444   0.445086980262344310471486863417
 652   0.053901388333872352348947382118   0.445629573694466764477739313326
 653  -0.029445662867633055434108239890   0.445634287474924292185017992285
 654  -0.234422657104191212620802141915   0.446149256927514556121080884895
 655  -0.444848526621389768396528963389   0.448781494483555527115652046853
 656   0.436390290632583739569911771430   0.470920602450331713642974753683
 657   0.195822534207780826520077846401   0.472419201559645436464558321583
 658  -0.091161463444341382769722354024   0.476355700580870833876152391309
 659  -0.477633241837000000000000000000   0.479566477408000000000000000000
 660   0.316260744157617003152282583278   0.479813090577279282279784782854
 661  -0.419020831371381208263012170022   0.479813159687287471253273664065
 662  -0.378647150745956150769559498151   0.479813159687287471253273664065
 663  -0.337458484839399917723644292736   0.479813159687287471253273664065
 664  -0.297084804213974860230191620866   0.479813159687287471253273664065
 665  -0.256711123588549802736738948995   0.479813159687287471253273664065
 666  -0.212134190619832622504865334835   0.479813159687287471253273664065
 667  -0.171760509994407565011412662964   0.479813159687287471253273664065
 668  -0.131386829368982507517959991093   0.479813159687287471253273664065
 669  -0.050936097519700258021484716955   0.479813159687287471253273664065
 670  -0.007955228215565852846731762824   0.479813159687287471253273664065
 671   0.032418452409859204646720909047   0.479813159687287471253273664065
 672   0.075384324257885500051173855190   0.479813159687287471253273664065
 673   0.115758004883310557544626527061   0.479813159687287471253273664065
 674   0.156131685508735615038079198932   0.479813159687287471253273664065
 675   0.235513382906826038002076493869   0.479813159687287471253273664065
 676   0.275887063532251095495529165740   0.479813159687287471253273664065
 677   0.356634424782982910809036000816   0.479813159687287471253273664065
 678   0.397008105408407968302488672687   0.479813159687287471253273664065
 679   0.475772475856759510837334870174   0.479813159687287471253273664065
