   1  -0.443212513639031251161396123935  -0.479580063862981333823436341406
   2  -0.371198171599960291940683823916  -0.479580063862981333823436341406
   3  -0.294620587296283842326312833513  -0.479580063862981333823436341406
   4  -0.214139983619371063709906311251  -0.479580063862981333823436341406
   5  -0.173300111345333731356778994063  -0.479580063862981333823436341406
   6  -0.093707760747975015067377885911  -0.479580063862981333823436341406
   7  -0.018790787696290958604596888968  -0.479580063862981333823436341406
   8   0.052877898134816174167582771657  -0.479580063862981333823436341406
   9   0.124261786620372928259986614661  -0.479580063862981333823436341406
  10   0.195354939944897163926339183597  -0.479580063862981333823436341406
  11   0.266092240355225658624564756682  -0.479580063862981333823436341406
  12   0.336828974109230902196164705626  -0.479580063862981333823436341406
  13   0.408195858177158622757265681321  -0.479580063862981333823436341406
  14   0.479580063862981333823436202189  -0.479580063862981333823436341406
  15  -0.254380285457827453018109572382  -0.472607741774207281579269672628
  16  -0.133503936046654373212078439987  -0.470406209767974910204808895689
  17  -0.332909379448122067133498328715  -0.465372194110164242682911815796
  18  -0.056249274222132986835987387439  -0.463308710060885011445076783103
  19  -0.407205342619495771551039973925  -0.460308872863730469723588913870
  20  -0.479562621922000000000000000000  -0.460154003721000000000000000000
  21   0.017043555219262607781492941345  -0.459989376402603656829281313830
  22   0.443887961020069978290350941755  -0.459731412472755287527478486962
  23   0.372512416143194762476715193474  -0.459715846486793961105999673026
  24   0.088640866382032916723318145305  -0.459603947905831350262887279830
  25   0.159812945059712746446209209525  -0.459463857286594281027592682813
  26   0.230723606398874549477631609346  -0.459160590328112037432077882970
  27   0.301460607232239401347233200689  -0.459160127726592128720195649628
  28  -0.301460607232602820867350026194  -0.439317062302858644121921221598
  29  -0.230723873479346658209702549017  -0.439317062302858644121921221598
  30  -0.159987139723798514587023997917  -0.439317062298888816639905034432
  31  -0.089069923231633929541749592639  -0.439004386043236875740680549829
  32  -0.372512416143194762476715708308  -0.438761343542027350662801297858
  33  -0.017839649256802492023208615747  -0.438751268840000179564414078778
  34  -0.443887961020069978290351240969  -0.438745777556066024241322491433
  35   0.053529391606123194629065321903  -0.438745388357762395489737004984
  36   0.124619678287527139356086206551  -0.438741759773385928496442962916
  37   0.195355506604988286280045642604  -0.438740191592875253467519364739
  38   0.266092240355974739538538986527  -0.438740191588944001470315894002
  39   0.336828974109230902196165284537  -0.438740191588944001470309024218
  40   0.408195858177158622757266140693  -0.438740191588944001470309024218
  41   0.479580063862981333823436341406  -0.438740191588944001470309024218
  42  -0.124617777054965791605388456945  -0.418898215587816075267874125329
  43  -0.266092240355974739538526287606  -0.418897126165839977945379339592
  44  -0.479580063862981333823436341406  -0.418897126165839977945364636734
  45  -0.408195858177158622757266140533  -0.418897126165839977945364636734
  46  -0.336828974109230902196165276083  -0.418897126165839977945364636734
  47  -0.195355506602718576880903955868  -0.418897126165839977945335786415
  48  -0.053525806252354097461775362405  -0.418891929318039071767368654172
  49   0.443887961020069978290351241049  -0.418891540198717955174351169376
  50   0.017843234613737436930233080610  -0.418886048830112430854424058107
  51   0.372512416143194762476715712615  -0.418875974212756628752872355645
  52   0.089073508461110498043761972032  -0.418632931412906286862622700637
  53   0.159987139728360204951234476735  -0.418320255455856587290955706145
  54   0.230723873479346658209727820658  -0.418320255451925335293752235408
  55   0.301460607232602820867350152396  -0.418320255451925335293752235408
  56  -0.301460607232602820867350026194  -0.398477190028821311768793904410
  57  -0.230723873479346658209727694456  -0.398477190028821311768793904410
  58  -0.159987139722855459396406122798  -0.398477190024851484286788605538
  59  -0.089071715782490816179920729681  -0.398164513808539022151243330865
  60  -0.372512416143194762476715708308  -0.397921471267990018309673980670
  61  -0.017841441807571644544174391076  -0.397911396605302322124135647034
  62  -0.443887961020069978290351240969  -0.397905905282028691888195174245
  63   0.053527599055358791943806297053  -0.397905516123064537840977959264
  64   0.124618772848425489858337514043  -0.397900319320982719694369153785
  65   0.195355506602718576880916654789  -0.397900319314906669117188576814
  66   0.266092240355974739538538986527  -0.397900319314906669117188576814
  67   0.336828974109230902196165284537  -0.397900319314906669117181707030
  68   0.408195858177158622757266140693  -0.397900319314906669117181707030
  69   0.479580063862981333823436341406  -0.397900319314906669117181707030
  70  -0.479580063862981333823436341406  -0.378057253891802645592237319546
  71  -0.408195858177158622757266140533  -0.378057253891802645592237319546
  72  -0.336828974109230902196165276083  -0.378057253891802645592237319546
  73  -0.266092240355974739538538860325  -0.378057253891802645592230245816
  74  -0.195355506601775521690286080749  -0.378057253891802645592219357521
  75  -0.124618772845860066676664456561  -0.378057253888469020101528582003
  76  -0.053527598803123249982741137734  -0.378052057083341214327090222429
  77   0.443887961020069978290351241049  -0.378051667924680622821223852187
  78   0.017841442062973034244974055760  -0.378046176595414573205665012388
  79   0.372512416143194762476715712615  -0.378036101938719296399745038457
  80   0.089071715910884081904079221113  -0.377793059178208405600468312877
  81   0.159987139723820786153413466213  -0.377480383181819254938080670879
  82   0.230723873479346658209727820658  -0.377480383177888002940624918220
  83   0.301460607232602820867350152396  -0.377480383177888002940624918220
  84  -0.301460607232602820867350026194  -0.357637317754783979415666587222
  85  -0.230723873479346658209727694456  -0.357637317754783979415666587222
  86  -0.159987139723798514587036570636  -0.357637317750814151933672176644
  87  -0.089071715784161051618662699191  -0.357324641534501689798150167634
  88  -0.372512416143194762476715708308  -0.357081598993952685956546663481
  89  -0.017841441809329616279098435394  -0.357071524331264989771046166211
  90  -0.443887961020069978290351240969  -0.357066033007991359535067857056
  91   0.053527599053596070257111195004  -0.357065643849027205487888683181
  92   0.124618772847192704824602300344  -0.357060447044800588761517012286
  93   0.195355506602718576880916654789  -0.357060447040869336764061259626
  94   0.266092240355974739538538986527  -0.357060447040869336764061259625
  95   0.336828974109230902196165284537  -0.357060447040869336764054389841
  96   0.408195858177158622757266140693  -0.357060447040869336764054389841
  97   0.479580063862981333823436341406  -0.357060447040869336764054389841
  98  -0.479580063862981333823436341406  -0.337217381617765313239110002358
  99  -0.408195858177158622757266140533  -0.337217381617765313239110002358
 100  -0.336828974109230902196165276083  -0.337217381617765313239110002358
 101  -0.266092240355974739538538860325  -0.337217381617765313239102928628
 102  -0.195355506602718576880916528587  -0.337217381617765313239102928627
 103  -0.124618772847170433258225404767  -0.337217381613795485757108518050
 104  -0.053527598804881221717665182051  -0.337212184809303881974000741606
 105   0.443887961020069978290351241049  -0.337211795650643290468096534999
 106   0.017841442061210312558278953711  -0.337206304321377240852575736305
 107   0.372512416143194762476715712615  -0.337196229664681964046617721269
 108   0.089071715908583360310303864803  -0.336953186904171073247405801473
 109   0.159987139723820786153413466213  -0.336640510907781922584953353691
 110   0.230723873479346658209727820658  -0.336640510903850670587497601031
 111   0.301460607232602820867350152396  -0.336640510903850670587497601031
 112  -0.301460607232602820867350026194  -0.316797445480746647062539270034
 113  -0.230723873479346658209727694456  -0.316797445480746647062539270033
 114  -0.159987139723798514587036570636  -0.316797445476776819580544859456
 115  -0.089071715784161051618662699191  -0.316484769260464357445022850445
 116  -0.372512416143194762476715708308  -0.316241726719915353603419346293
 117  -0.017841441809329616279098435394  -0.316231652057227657417918849023
 118  -0.443887961020069978290351240969  -0.316226160733954027181940539868
 119   0.053527599053596070257111195003  -0.316225771574989873134761365993
 120   0.124618772847192704824602300344  -0.316220574770763256408389695097
 121   0.195355506602718576880916654789  -0.316220574766832004410933942438
 122   0.266092240355974739538538986527  -0.316220574766832004410933942437
 123   0.336828974109230902196165284537  -0.316220574766832004410927072653
 124   0.408195858177158622757266140693  -0.316220574766832004410927072653
 125   0.479580063862981333823436341406  -0.316220574766832004410927072653
 126  -0.479580063862981333823436341406  -0.296377509343727980885982685170
 127  -0.408195858177158622757266140533  -0.296377509343727980885982685170
 128  -0.336828974109230902196165276084  -0.296377509343727980885982685170
 129  -0.266092240355974739538538860325  -0.296377509343727980885975611439
 130  -0.195355506602718576880916528587  -0.296377509343727980885975611439
 131  -0.124618772847170433258225404767  -0.296377509339758153403981200862
 132  -0.053527598804881221717665182051  -0.296372312535266549620873424418
 133   0.443887961020069978290351241049  -0.296371923376605958114969217811
 134   0.017841442061210312558278953711  -0.296366432047339908499448419117
 135   0.372512416143194762476715712615  -0.296356357390644631693490404081
 136   0.089071715908583360310303864802  -0.296113314630133740894278484285
 137   0.159987139723820786153413466213  -0.295800638633744590231826036503
 138   0.230723873479346658209727820658  -0.295800638629813338234370283843
 139   0.301460607232602820867350152396  -0.295800638629813338234370283843
 140  -0.301460607232602820867350026195  -0.275957573206709314709411952845
 141  -0.230723873479346658209727694456  -0.275957573206709314709411952845
 142  -0.159987139723798514587036570636  -0.275957573202739487227417542268
 143  -0.089071715784161051618662699191  -0.275644896986427025091895533257
 144  -0.372512416143194762476715708308  -0.275401854445878021250292029105
 145  -0.017841441809329616279098435394  -0.275391779783190325064791531835
 146  -0.443887961020069978290351240969  -0.275386288459916694828813222680
 147   0.053527599053596070257111195003  -0.275385899300952540781634048805
 148   0.124618772847192704824602300344  -0.275380702496725924055262377909
 149   0.195355506602718576880916654789  -0.275380702492794672057806625249
 150   0.266092240355974739538538986527  -0.275380702492794672057806625249
 151   0.336828974109230902196165284537  -0.275380702492794672057799755465
 152   0.408195858177158622757266140693  -0.275380702492794672057799755465
 153   0.479580063862981333823436341406  -0.275380702492794672057799755465
 154  -0.479580063862981333823436341406  -0.255537637069690648532855367982
 155  -0.408195858177158622757266140533  -0.255537637069690648532855367981
 156  -0.336828974109230902196165276084  -0.255537637069690648532855367981
 157  -0.266092240355974739538538860326  -0.255537637069690648532848294251
 158  -0.195355506602718576880916528587  -0.255537637069690648532848294251
 159  -0.124618772847170433258225404767  -0.255537637065720821050853883674
 160  -0.053527598804881221717665182051  -0.255532440261229217267746107229
 161   0.443887961020069978290351241049  -0.255532051102568625761841900623
 162   0.017841442061210312558278953711  -0.255526559773302576146321101928
 163   0.372512416143194762476715712615  -0.255516485116607299340363086892
 164   0.089071715908583360310303864802  -0.255273442356096408541151167096
 165   0.159987139723820786153413466213  -0.254960766359707257878698719315
 166   0.230723873479346658209727820658  -0.254960766355776005881242966655
 167   0.301460607232602820867350152396  -0.254960766355776005881242966655
 168  -0.301460607232602820867350026195  -0.235117700932671982356284635657
 169  -0.230723873479346658209727694457  -0.235117700932671982356284635657
 170  -0.159987139723798514587036570636  -0.235117700928702154874290225080
 171  -0.089071715784161051618662699191  -0.234805024712389692738768216069
 172  -0.372512416143194762476715708308  -0.234561982171840688897164711917
 173  -0.017841441809329616279098435394  -0.234551907509152992711664214647
 174  -0.443887961020069978290351240969  -0.234546416185879362475685905492
 175   0.053527599053596070257111195003  -0.234546027026915208428506731617
 176   0.124618772847192704824602300344  -0.234540830222688591702135060721
 177   0.195355506602718576880916654789  -0.234540830218757339704679308061
 178   0.266092240355974739538538986527  -0.234540830218757339704679308061
 179   0.336828974109230902196165284537  -0.234540830218757339704672438277
 180   0.408195858177158622757266140693  -0.234540830218757339704672438277
 181   0.479580063862981333823436341406  -0.234540830218757339704672438277
 182  -0.479580063862981333823436341406  -0.214697764795653316179728050793
 183  -0.408195858177158622757266140533  -0.214697764795653316179728050793
 184  -0.336828974109230902196165276084  -0.214697764795653316179728050793
 185  -0.266092240355974739538538860326  -0.214697764795653316179720977063
 186  -0.195355506602718576880916528587  -0.214697764795653316179720977063
 187  -0.124618772847170433258225404767  -0.214697764791683488697726566485
 188  -0.053527598804881221717665182051  -0.214692567987191884914618790041
 189   0.443887961020069978290351241049  -0.214692178828531293408714583435
 190   0.017841442061210312558278953711  -0.214686687499265243793193784740
 191   0.372512416143194762476715712615  -0.214676612842569966987235769704
 192   0.089071715908583360310303864802  -0.214433570082059076188023849908
 193   0.159987139723820786153413466213  -0.214120894085669925525571402127
 194   0.230723873479346658209727820658  -0.214120894081738673528115649467
 195   0.301460607232602820867350152396  -0.214120894081738673528115649467
 196  -0.301460607232602820867350026195  -0.194277828658634650003157318469
 197  -0.230723873479346658209727694457  -0.194277828658634650003157318469
 198  -0.159987139723798514587036570636  -0.194277828654664822521162907891
 199  -0.089071715784161051618662699191  -0.193965152438352360385640898881
 200  -0.372512416143194762476715708308  -0.193722109897803356544037394729
 201  -0.017841441809329616279098435394  -0.193712035235115660358536897459
 202  -0.443887961020069978290351240969  -0.193706543911842030122558588304
 203   0.053527599053596070257111195003  -0.193706154752877876075379414429
 204   0.124618772847192704824602300344  -0.193700957948651259349007743533
 205   0.195355506602718576880916654789  -0.193700957944720007351551990873
 206   0.266092240355974739538538986527  -0.193700957944720007351551990873
 207   0.336828974109230902196165284537  -0.193700957944720007351545121089
 208   0.408195858177158622757266140693  -0.193700957944720007351545121089
 209   0.479580063862981333823436341406  -0.193700957944720007351545121089
 210  -0.479580063862981333823436341406  -0.173857892521615983826600733605
 211  -0.408195858177158622757266140533  -0.173857892521615983826600733605
 212  -0.336828974109230902196165276084  -0.173857892521615983826600733605
 213  -0.266092240355974739538538860326  -0.173857892521615983826593659875
 214  -0.195355506602718576880916528588  -0.173857892521615983826593659875
 215  -0.124618772847170433258225404767  -0.173857892517646156344599249297
 216  -0.053527598804881221717665182051  -0.173852695713154552561491472853
 217   0.443887961020069978290351241049  -0.173852306554493961055587266246
 218   0.017841442061210312558278953711  -0.173846815225227911440066467552
 219   0.372512416143194762476715712615  -0.173836740568532634634108452516
 220   0.089071715908583360310303864802  -0.173593697808021743834896532720
 221   0.159987139723820786153413466213  -0.173281021811632593172444084938
 222   0.230723873479346658209727820658  -0.173281021807701341174988332279
 223   0.301460607232602820867350152396  -0.173281021807701341174988332278
 224  -0.301460607232602820867350026195  -0.153437956384597317650030001281
 225  -0.230723873479346658209727694457  -0.153437956384597317650030001281
 226  -0.159987139723798514587036570636  -0.153437956380627490168035590703
 227  -0.089071715784161051618662699191  -0.153125280164315028032513581693
 228  -0.372512416143194762476715708308  -0.152882237623766024190910077541
 229  -0.017841441809329616279098435394  -0.152872162961078328005409580270
 230  -0.443887961020069978290351240969  -0.152866671637804697769431271116
 231   0.053527599053596070257111195003  -0.152866282478840543722252097240
 232   0.124618772847192704824602300344  -0.152861085674613926995880426344
 233   0.195355506602718576880916654789  -0.152861085670682674998424673685
 234   0.266092240355974739538538986527  -0.152861085670682674998424673684
 235   0.336828974109230902196165284537  -0.152861085670682674998417803900
 236   0.408195858177158622757266140693  -0.152861085670682674998417803900
 237   0.479580063862981333823436341406  -0.152861085670682674998417803900
 238  -0.479580063862981333823436341406  -0.133018020247578651473473416417
 239  -0.408195858177158622757266140533  -0.133018020247578651473473416417
 240  -0.336828974109230902196165276084  -0.133018020247578651473473416417
 241  -0.266092240355974739538538860326  -0.133018020247578651473466342687
 242  -0.195355506602718576880916528587  -0.133018020247578651473466342686
 243  -0.124618772847170433258225404767  -0.133018020243608823991471932109
 244  -0.053527598804881221717665182051  -0.133012823439117220208364155665
 245   0.443887961020069978290351241049  -0.133012434280456628702459949058
 246   0.017841442061210312558278953711  -0.133006942951190579086939150364
 247   0.372512416143194762476715712615  -0.132996868294495302280981135328
 248   0.089071715908583360310303864802  -0.132753825533984411481769215532
 249   0.159987139723820786153413466213  -0.132441149537595260819316767750
 250   0.230723873479346658209727820658  -0.132441149533664008821861015090
 251   0.301460607232602820867350152396  -0.132441149533664008821861015090
 252  -0.301460607232602820867350026195  -0.112598084110559985296902684093
 253  -0.230723873479346658209727694457  -0.112598084110559985296902684092
 254  -0.159987139723798514587036570636  -0.112598084106590157814908273515
 255  -0.089071715784161051618662699191  -0.112285407890277695679386264504
 256  -0.372512416143194762476715708308  -0.112042365349728691837782760352
 257  -0.017841441809329616279098435394  -0.112032290687040995652282263082
 258  -0.443887961020069978290351240969  -0.112026799363767365416303953927
 259   0.053527599053596070257111195003  -0.112026410204803211369124780052
 260   0.124618772847192704824602300344  -0.112021213400576594642753109156
 261   0.195355506602718576880916654789  -0.112021213396645342645297356497
 262   0.266092240355974739538538986527  -0.112021213396645342645297356496
 263   0.336828974109230902196165284537  -0.112021213396645342645290486712
 264   0.408195858177158622757266140693  -0.112021213396645342645290486712
 265   0.479580063862981333823436341406  -0.112021213396645342645290486712
 266  -0.479580063862981333823436341406  -0.092178147973541319120346099229
 267  -0.408195858177158622757266140533  -0.092178147973541319120346099229
 268  -0.336828974109230902196165276084  -0.092178147973541319120346099229
 269  -0.266092240355974739538538860326  -0.092178147973541319120339025498
 270  -0.195355506602718576880916528587  -0.092178147973541319120339025498
 271  -0.124618772847170433258225404767  -0.092178147969571491638344614921
 272  -0.053527598804881221717665182051  -0.092172951165079887855236838477
 273   0.443887961020069978290351241049  -0.092172562006419296349332631870
 274   0.017841442061210312558278953710  -0.092167070677153246733811833176
 275   0.372512416143194762476715712615  -0.092156996020457969927853818140
 276   0.089071715908583360310303864802  -0.091913953259947079128641898344
 277   0.159987139723820786153413466213  -0.091601277263557928466189450562
 278   0.230723873479346658209727820658  -0.091601277259626676468733697902
 279   0.301460607232602820867350152396  -0.091601277259626676468733697902
 280  -0.301460607232602820867350026195  -0.071758211836522652943775366904
 281  -0.230723873479346658209727694457  -0.071758211836522652943775366904
 282  -0.159987139723798514587036570636  -0.071758211832552825461780956327
 283  -0.089071715784161051618662699191  -0.071445535616240363326258947316
 284  -0.372512416143194762476715708308  -0.071202493075691359484655443164
 285  -0.017841441809329616279098435394  -0.071192418413003663299154945894
 286  -0.443887961020069978290351240969  -0.071186927089730033063176636739
 287   0.053527599053596070257111195003  -0.071186537930765879015997462864
 288   0.124618772847192704824602300344  -0.071181341126539262289625791968
 289   0.195355506602718576880916654789  -0.071181341122608010292170039308
 290   0.266092240355974739538538986527  -0.071181341122608010292170039308
 291   0.336828974109230902196165284537  -0.071181341122608010292163169524
 292   0.408195858177158622757266140693  -0.071181341122608010292163169524
 293   0.479580063862981333823436341406  -0.071181341122608010292163169524
 294  -0.479580063862981333823436341406  -0.051338275699503986767218782041
 295  -0.408195858177158622757266140533  -0.051338275699503986767218782040
 296  -0.336828974109230902196165276084  -0.051338275699503986767218782040
 297  -0.266092240355974739538538860326  -0.051338275699503986767211708310
 298  -0.195355506602718576880916528587  -0.051338275699503986767211708310
 299  -0.124618772847170433258225404767  -0.051338275695534159285217297733
 300  -0.053527598804881221717665182051  -0.051333078891042555502109521289
 301   0.443887961020069978290351241049  -0.051332689732381963996205314682
 302   0.017841442061210312558278953710  -0.051327198403115914380684515987
 303   0.372512416143194762476715712615  -0.051317123746420637574726500952
 304   0.089071715908583360310303864802  -0.051074080985909746775514581155
 305   0.159987139723820786153413466213  -0.050761404989520596113062133374
 306   0.230723873479346658209727820658  -0.050761404985589344115606380714
 307   0.301460607232602820867350152396  -0.050761404985589344115606380714
 308  -0.301460607232602820867350026195  -0.030918339562485320590648049716
 309  -0.230723873479346658209727694457  -0.030918339562485320590648049716
 310  -0.159987139723798514587036570636  -0.030918339558515493108653639139
 311  -0.089071715784161051618662699191  -0.030605663342203030973131630128
 312  -0.372512416143194762476715708308  -0.030362620801654027131528125976
 313  -0.017841441809329616279098435394  -0.030352546138966330946027628706
 314  -0.443887961020069978290351240969  -0.030347054815692700710049319551
 315   0.053527599053596070257111195003  -0.030346665656728546662870145676
 316   0.124618772847192704824602300344  -0.030341468852501929936498474780
 317   0.195355506602718576880916654789  -0.030341468848570677939042722120
 318   0.266092240355974739538538986527  -0.030341468848570677939042722120
 319   0.336828974109230902196165284537  -0.030341468848570677939035852336
 320   0.408195858177158622757266140693  -0.030341468848570677939035852336
 321   0.479580063862981333823436341406  -0.030341468848570677939035852336
 322  -0.479580063862981333823436341406  -0.010498403425466654414091464852
 323  -0.408195858177158622757266140533  -0.010498403425466654414091464852
 324  -0.336828974109230902196165276084  -0.010498403425466654414091464852
 325  -0.266092240355974739538538860326  -0.010498403425466654414084391122
 326  -0.195355506602718576880916528587  -0.010498403425466654414084391122
 327  -0.124618772847170433258225404767  -0.010498403421496826932089980544
 328  -0.053527598804881221717665182051  -0.010493206617005223148982204100
 329   0.443887961020069978290351241049  -0.010492817458344631643077997494
 330   0.017841442061210312558278953710  -0.010487326129078582027557198799
 331   0.372512416143194762476715712615  -0.010477251472383305221599183763
 332   0.089071715908583360310303864802  -0.010234208711872414422387263967
 333   0.159987139723820786153413466213  -0.009921532715483263759934816186
 334   0.230723873479346658209727820658  -0.009921532711552011762479063526
 335   0.301460607232602820867350152396  -0.009921532711552011762479063526
 336  -0.301460607232602820867350026195   0.009921532711552011762479267472
 337  -0.230723873479346658209727694457   0.009921532711552011762479267472
 338  -0.159987139723798514587036570636   0.009921532715521839244473678050
 339  -0.089071715784161051618662699191   0.010234208931834301379995687060
 340  -0.372512416143194762476715708308   0.010477251472383305221599191212
 341  -0.017841441809329616279098435394   0.010487326135071001407099688482
 342  -0.443887961020069978290351240969   0.010492817458344631643077997637
 343   0.053527599053596070257111195003   0.010493206617308785690257171512
 344   0.124618772847192704824602300344   0.010498403421535402416628842408
 345   0.195355506602718576880916654789   0.010498403425466654414084595068
 346   0.266092240355974739538538986527   0.010498403425466654414084595068
 347   0.336828974109230902196165284537   0.010498403425466654414091464852
 348   0.408195858177158622757266140693   0.010498403425466654414091464852
 349   0.479580063862981333823436341406   0.010498403425466654414091464852
 350  -0.479580063862981333823436341406   0.030341468848570677939035852336
 351  -0.408195858177158622757266140533   0.030341468848570677939035852336
 352  -0.336828974109230902196165276084   0.030341468848570677939035852336
 353  -0.266092240355974739538538860326   0.030341468848570677939042926066
 354  -0.195355506602718576880916528588   0.030341468848570677939042926066
 355  -0.124618772847170433258225404767   0.030341468852540505421037336644
 356  -0.053527598804881221717665182051   0.030346665657032109204145113088
 357   0.443887961020069978290351241049   0.030347054815692700710049319694
 358   0.017841442061210312558278953710   0.030352546144958750325570118389
 359   0.372512416143194762476715712615   0.030362620801654027131528133425
 360   0.089071715908583360310303864802   0.030605663562164917930740053221
 361   0.159987139723820786153413466213   0.030918339558554068593192501003
 362   0.230723873479346658209727820658   0.030918339562485320590648253662
 363   0.301460607232602820867350152396   0.030918339562485320590648253663
 364  -0.301460607232602820867350026195   0.050761404985589344115606584660
 365  -0.230723873479346658209727694457   0.050761404985589344115606584660
 366  -0.159987139723798514587036570636   0.050761404989559171597600995238
 367  -0.089071715784161051618662699191   0.051074081205871633733123004248
 368  -0.372512416143194762476715708309   0.051317123746420637574726508400
 369  -0.017841441809329616279098435394   0.051327198409108333760227005671
 370  -0.443887961020069978290351240969   0.051332689732381963996205314825
 371   0.053527599053596070257111195003   0.051333078891346118043384488700
 372   0.124618772847192704824602300344   0.051338275695572734769756159597
 373   0.195355506602718576880916654789   0.051338275699503986767211912256
 374   0.266092240355974739538538986527   0.051338275699503986767211912257
 375   0.336828974109230902196165284537   0.051338275699503986767218782040
 376   0.408195858177158622757266140693   0.051338275699503986767218782040
 377   0.479580063862981333823436341406   0.051338275699503986767218782041
 378  -0.479580063862981333823436341406   0.071181341122608010292163169524
 379  -0.408195858177158622757266140533   0.071181341122608010292163169524
 380  -0.336828974109230902196165276084   0.071181341122608010292163169524
 381  -0.266092240355974739538538860326   0.071181341122608010292170243254
 382  -0.195355506602718576880916528587   0.071181341122608010292170243255
 383  -0.124618772847170433258225404767   0.071181341126577837774164653832
 384  -0.053527598804881221717665182051   0.071186537931069441557272430276
 385   0.443887961020069978290351241049   0.071186927089730033063176636883
 386   0.017841442061210312558278953710   0.071192418418996082678697435577
 387   0.372512416143194762476715712615   0.071202493075691359484655450613
 388   0.089071715908583360310303864802   0.071445535836202250283867370409
 389   0.159987139723820786153413466213   0.071758211832591400946319818191
 390   0.230723873479346658209727820658   0.071758211836522652943775570851
 391   0.301460607232602820867350152396   0.071758211836522652943775570851
 392  -0.301460607232602820867350026195   0.091601277259626676468733901849
 393  -0.230723873479346658209727694457   0.091601277259626676468733901849
 394  -0.159987139723798514587036570636   0.091601277263596503950728312426
 395  -0.089071715784161051618662699191   0.091913953479908966086250321436
 396  -0.372512416143194762476715708309   0.092156996020457969927853825589
 397  -0.017841441809329616279098435394   0.092167070683145666113354322859
 398  -0.443887961020069978290351240969   0.092172562006419296349332632014
 399   0.053527599053596070257111195003   0.092172951165383450396511805889
 400   0.124618772847192704824602300344   0.092178147969610067122883476785
 401   0.195355506602718576880916654789   0.092178147973541319120339229445
 402   0.266092240355974739538538986527   0.092178147973541319120339229445
 403   0.336828974109230902196165284537   0.092178147973541319120346099229
 404   0.408195858177158622757266140693   0.092178147973541319120346099229
 405   0.479580063862981333823436341406   0.092178147973541319120346099229
 406  -0.479580063862981333823436341406   0.112021213396645342645290486712
 407  -0.408195858177158622757266140533   0.112021213396645342645290486712
 408  -0.336828974109230902196165276084   0.112021213396645342645290486712
 409  -0.266092240355974739538538860326   0.112021213396645342645297560443
 410  -0.195355506602718576880916528587   0.112021213396645342645297560443
 411  -0.124618772847170433258225404767   0.112021213400615170127291971020
 412  -0.053527598804881221717665182051   0.112026410205106773910399747464
 413   0.443887961020069978290351241049   0.112026799363767365416303954071
 414   0.017841442061210312558278953710   0.112032290693033415031824752765
 415   0.372512416143194762476715712615   0.112042365349728691837782767801
 416   0.089071715908583360310303864802   0.112285408110239582636994687597
 417   0.159987139723820786153413466213   0.112598084106628733299447135379
 418   0.230723873479346658209727820658   0.112598084110559985296902888039
 419   0.301460607232602820867350152396   0.112598084110559985296902888039
 420  -0.301460607232602820867350026195   0.132441149533664008821861219037
 421  -0.230723873479346658209727694457   0.132441149533664008821861219037
 422  -0.159987139723798514587036570636   0.132441149537633836303855629614
 423  -0.089071715784161051618662699191   0.132753825753946298439377638625
 424  -0.372512416143194762476715708309   0.132996868294495302280981142777
 425  -0.017841441809329616279098435394   0.133006942957182998466481640047
 426  -0.443887961020069978290351240969   0.133012434280456628702459949202
 427   0.053527599053596070257111195003   0.133012823439420782749639123077
 428   0.124618772847192704824602300344   0.133018020243647399476010793973
 429   0.195355506602718576880916654789   0.133018020247578651473466546633
 430   0.266092240355974739538538986527   0.133018020247578651473466546633
 431   0.336828974109230902196165284537   0.133018020247578651473473416417
 432   0.408195858177158622757266140693   0.133018020247578651473473416417
 433   0.479580063862981333823436341406   0.133018020247578651473473416417
 434  -0.479580063862981333823436341406   0.152861085670682674998417803900
 435  -0.408195858177158622757266140533   0.152861085670682674998417803901
 436  -0.336828974109230902196165276084   0.152861085670682674998417803901
 437  -0.266092240355974739538538860326   0.152861085670682674998424877631
 438  -0.195355506602718576880916528588   0.152861085670682674998424877631
 439  -0.124618772847170433258225404767   0.152861085674652502480419288209
 440  -0.053527598804881221717665182052   0.152866282479144106263527064652
 441   0.443887961020069978290351241049   0.152866671637804697769431271259
 442   0.017841442061210312558278953710   0.152872162967070747384952069953
 443   0.372512416143194762476715712615   0.152882237623766024190910084989
 444   0.089071715908583360310303864802   0.153125280384276914990122004785
 445   0.159987139723820786153413466213   0.153437956380666065652574452567
 446   0.230723873479346658209727820658   0.153437956384597317650030205227
 447   0.301460607232602820867350152396   0.153437956384597317650030205227
 448  -0.301460607232602820867350026195   0.173281021807701341174988536225
 449  -0.230723873479346658209727694457   0.173281021807701341174988536225
 450  -0.159987139723798514587036570636   0.173281021811671168656982946802
 451  -0.089071715784161051618662699191   0.173593698027983630792504955813
 452  -0.372512416143194762476715708309   0.173836740568532634634108459965
 453  -0.017841441809329616279098435394   0.173846815231220330819608957235
 454  -0.443887961020069978290351240969   0.173852306554493961055587266390
 455   0.053527599053596070257111195003   0.173852695713458115102766440265
 456   0.124618772847192704824602300344   0.173857892517684731829138111161
 457   0.195355506602718576880916654789   0.173857892521615983826593863821
 458   0.266092240355974739538538986527   0.173857892521615983826593863821
 459   0.336828974109230902196165284537   0.173857892521615983826600733605
 460   0.408195858177158622757266140693   0.173857892521615983826600733605
 461   0.479580063862981333823436341406   0.173857892521615983826600733605
 462  -0.479580063862981333823436341406   0.193700957944720007351545121089
 463  -0.408195858177158622757266140533   0.193700957944720007351545121089
 464  -0.336828974109230902196165276084   0.193700957944720007351545121089
 465  -0.266092240355974739538538860326   0.193700957944720007351552194819
 466  -0.195355506602718576880916528587   0.193700957944720007351552194819
 467  -0.124618772847170433258225404767   0.193700957948689834833546605397
 468  -0.053527598804881221717665182051   0.193706154753181438616654381841
 469   0.443887961020069978290351241049   0.193706543911842030122558588447
 470   0.017841442061210312558278953710   0.193712035241108079738079387142
 471   0.372512416143194762476715712615   0.193722109897803356544037402178
 472   0.089071715908583360310303864802   0.193965152658314247343249321974
 473   0.159987139723820786153413466213   0.194277828654703398005701769756
 474   0.230723873479346658209727820658   0.194277828658634650003157522415
 475   0.301460607232602820867350152396   0.194277828658634650003157522415
 476  -0.301460607232602820867350026195   0.214120894081738673528115853413
 477  -0.230723873479346658209727694457   0.214120894081738673528115853413
 478  -0.159987139723798514587036570636   0.214120894085708501010110263991
 479  -0.089071715784161051618662699191   0.214433570302020963145632273001
 480  -0.372512416143194762476715708309   0.214676612842569966987235777153
 481  -0.017841441809329616279098435394   0.214686687505257663172736274423
 482  -0.443887961020069978290351240969   0.214692178828531293408714583578
 483   0.053527599053596070257111195003   0.214692567987495447455893757453
 484   0.124618772847192704824602300344   0.214697764791722064182265428349
 485   0.195355506602718576880916654789   0.214697764795653316179721181009
 486   0.266092240355974739538538986527   0.214697764795653316179721181009
 487   0.336828974109230902196165284536   0.214697764795653316179728050793
 488   0.408195858177158622757266140692   0.214697764795653316179728050793
 489   0.479580063862981333823436341406   0.214697764795653316179728050793
 490  -0.479580063862981333823436341406   0.234540830218757339704672438277
 491  -0.408195858177158622757266140533   0.234540830218757339704672438277
 492  -0.336828974109230902196165276084   0.234540830218757339704672438277
 493  -0.266092240355974739538538860326   0.234540830218757339704679512007
 494  -0.195355506602718576880916528587   0.234540830218757339704679512008
 495  -0.124618772847170433258225404767   0.234540830222727167186673922585
 496  -0.053527598804881221717665182052   0.234546027027218770969781699029
 497   0.443887961020069978290351241049   0.234546416185879362475685905635
 498   0.017841442061210312558278953710   0.234551907515145412091206704330
 499   0.372512416143194762476715712614   0.234561982171840688897164719366
 500   0.089071715908583360310303864802   0.234805024932351579696376639162
 501   0.159987139723820786153413466213   0.235117700928740730358829086944
 502   0.230723873479346658209727820658   0.235117700932671982356284839603
 503   0.301460607232602820867350152396   0.235117700932671982356284839604
 504  -0.301460607232602820867350026195   0.254960766355776005881243170601
 505  -0.230723873479346658209727694457   0.254960766355776005881243170602
 506  -0.159987139723798514587036570636   0.254960766359745833363237581179
 507  -0.089071715784161051618662699191   0.255273442576058295498759590189
 508  -0.372512416143194762476715708309   0.255516485116607299340363094341
 509  -0.017841441809329616279098435394   0.255526559779294995525863591611
 510  -0.443887961020069978290351240969   0.255532051102568625761841900766
 511   0.053527599053596070257111195003   0.255532440261532779809021074641
 512   0.124618772847192704824602300344   0.255537637065759396535392745538
 513   0.195355506602718576880916654789   0.255537637069690648532848498197
 514   0.266092240355974739538538986527   0.255537637069690648532848498198
 515   0.336828974109230902196165284536   0.255537637069690648532855367981
 516   0.408195858177158622757266140692   0.255537637069690648532855367981
 517   0.479580063862981333823436341406   0.255537637069690648532855367982
 518  -0.479580063862981333823436341406   0.275380702492794672057799755465
 519  -0.408195858177158622757266140533   0.275380702492794672057799755465
 520  -0.336828974109230902196165276084   0.275380702492794672057799755465
 521  -0.266092240355974739538538860326   0.275380702492794672057806829195
 522  -0.195355506602718576880916528587   0.275380702492794672057806829196
 523  -0.124618772847170433258225404767   0.275380702496764499539801239773
 524  -0.053527598804881221717665182052   0.275385899301256103322909016217
 525   0.443887961020069978290351241049   0.275386288459916694828813222823
 526   0.017841442061210312558278953710   0.275391779789182744444334021518
 527   0.372512416143194762476715712614   0.275401854445878021250292036554
 528   0.089071715908583360310303864802   0.275644897206388912049503956350
 529   0.159987139723820786153413466213   0.275957573202778062711956404132
 530   0.230723873479346658209727820658   0.275957573206709314709412156792
 531   0.301460607232602820867350152396   0.275957573206709314709412156792
 532  -0.301460607232602820867350026195   0.295800638629813338234370487789
 533  -0.230723873479346658209727694457   0.295800638629813338234370487790
 534  -0.159987139723798514587036570636   0.295800638633783165716364898367
 535  -0.089071715784161051618662699192   0.296113314850095627851886907377
 536  -0.372512416143194762476715708309   0.296356357390644631693490411529
 537  -0.017841441809329616279098435394   0.296366432053332327878990908800
 538  -0.443887961020069978290351240969   0.296371923376605958114969217955
 539   0.053527599053596070257111195003   0.296372312535570112162148391830
 540   0.124618772847192704824602300344   0.296377509339796728888520062726
 541   0.195355506602718576880916654789   0.296377509343727980885975815386
 542   0.266092240355974739538538986527   0.296377509343727980885975815386
 543   0.336828974109230902196165284536   0.296377509343727980885982685170
 544   0.408195858177158622757266140692   0.296377509343727980885982685170
 545   0.479580063862981333823436341406   0.296377509343727980885982685170
 546  -0.479580063862981333823436341406   0.316220574766832004410927072653
 547  -0.408195858177158622757266140533   0.316220574766832004410927072653
 548  -0.336828974109230902196165276084   0.316220574766832004410927072653
 549  -0.266092240355974739538538860326   0.316220574766832004410934146384
 550  -0.195355506602718576880916528587   0.316220574766832004410934146384
 551  -0.124618772847170433258225404767   0.316220574770801831892928556961
 552  -0.053527598804881221717665182052   0.316225771575293435676036333405
 553   0.443887961020069978290351241049   0.316226160733954027181940540012
 554   0.017841442061210312558278953710   0.316231652063220076797461338706
 555   0.372512416143194762476715712614   0.316241726719915353603419353742
 556   0.089071715908583360310303864802   0.316484769480426244402631273538
 557   0.159987139723820786153413466213   0.316797445476815395065083721320
 558   0.230723873479346658209727820658   0.316797445480746647062539473980
 559   0.301460607232602820867350152396   0.316797445480746647062539473980
 560  -0.301460607232602820867350026195   0.336640510903850670587497804978
 561  -0.230723873479346658209727694457   0.336640510903850670587497804978
 562  -0.159987139723798514587036570636   0.336640510907820498069492215555
 563  -0.089071715784161051618662699192   0.336953187124132960205014224566
 564  -0.372512416143194762476715708309   0.337196229664681964046617728718
 565  -0.017841441809329616279098435394   0.337206304327369660232118225988
 566  -0.443887961020069978290351240969   0.337211795650643290468096535143
 567   0.053527599053596070257111195003   0.337212184809607444515275709018
 568   0.124618772847192704824602300344   0.337217381613834061241647379914
 569   0.195355506602718576880916654788   0.337217381617765313239103132574
 570   0.266092240355974739538538986527   0.337217381617765313239103132574
 571   0.336828974109230902196165284536   0.337217381617765313239110002358
 572   0.408195858177158622757266140692   0.337217381617765313239110002358
 573   0.479580063862981333823436341406   0.337217381617765313239110002358
 574  -0.479580063862981333823436341406   0.357060447040869336764054389841
 575  -0.408195858177158622757266140533   0.357060447040869336764054389841
 576  -0.336828974109230902196165276084   0.357060447040869336764054389841
 577  -0.266092240355974739538538860326   0.357060447040869336764061463572
 578  -0.195355506602718576880916528588   0.357060447040869336764061463572
 579  -0.124618772847170433258225404767   0.357060447044839164246055874150
 580  -0.053527598804881221717665182052   0.357065643849330768029163650593
 581   0.443887961020069978290351241049   0.357066033007991359535067857200
 582   0.017841442061210312558278953710   0.357071524337257409150588655894
 583   0.372512416143194762476715712614   0.357081598993952685956546670930
 584   0.089071715908583360310303864802   0.357324641754463576755758590726
 585   0.159987139723820786153413466213   0.357637317750852727418211038508
 586   0.230723873479346658209727820657   0.357637317754783979415666791168
 587   0.301460607232602820867350152396   0.357637317754783979415666791168
 588  -0.301460607232602820867350026195   0.377480383177888002940625122166
 589  -0.230723873479346658209727694457   0.377480383177888002940625122166
 590  -0.159987139723798514587036570637   0.377480383181857830422619532743
 591  -0.089071715786494352883273185015   0.377793059398170292558074887593
 592  -0.372512416143194762476715708309   0.378036101938719296399745045906
 593  -0.017841441811086162488551110599   0.378046176601406992585207768149
 594  -0.443887961020069978290351240969   0.378051667924680622821223852331
 595   0.053527599051841176796589886444   0.378052057083644776868365322231
 596   0.124618772845886480486249084760   0.378057253888505269065958554766
 597   0.195355506601778320716482815808   0.378057253891802645592219626006
 598   0.266092240355974739538538986526   0.378057253891802645592230449762
 599   0.336828974109230902196165284536   0.378057253891802645592237319546
 600   0.408195858177158622757266140692   0.378057253891802645592237319546
 601   0.479580063862981333823436341406   0.378057253891802645592237319546
 602  -0.479580063862981333823436341406   0.397900319314906669117181707030
 603  -0.408195858177158622757266140533   0.397900319314906669117181707030
 604  -0.336828974109230902196165276084   0.397900319314906669117181707030
 605  -0.266092240355974739538538860326   0.397900319314906669117188780760
 606  -0.195355506602718576880916528588   0.397900319314906669117188780760
 607  -0.124618772848420617431956891188   0.397900319321050280208549921646
 608  -0.053527598806637767927117857256   0.397905516123368100382253192754
 609   0.443887961020069978290351241049   0.397905905282028691888195174388
 610   0.017841442059455419097757645151   0.397911396611294741503678269107
 611   0.372512416143194762476715712614   0.397921471267990018309673988118
 612   0.089071715906918583110084002637   0.398164514028500909108851976820
 613   0.159987139722880529988979627232   0.398477190024890059771327531940
 614   0.230723873479346658209727820657   0.398477190028821311768794108356
 615   0.301460607232602820867350152395   0.398477190028821311768794108356
 616  -0.301460607232602820867350026195   0.418320255451925335293752439354
 617  -0.230723873479346658209727694457   0.418320255451925335293752439354
 618  -0.159987139728382476517619737439   0.418320255455895162775489592675
 619  -0.089073510384741114741373116454   0.418632931632778230430911474120
 620  -0.372512416143194762476715708309   0.418875974212756628752872363094
 621  -0.017843236409909665061435982923   0.418886048836014905114722123930
 622  -0.443887961020069978290351240970   0.418891540198717955174351169519
 623   0.053525804453016021515204441710   0.418891929318252689325255828578
 624   0.195355506602718576880904156591   0.418897126165839977945336119437
 625   0.336828974109230902196165284536   0.418897126165839977945364636734
 626   0.408195858177158622757266140692   0.418897126165839977945364636734
 627   0.479580063862981333823436341406   0.418897126165839977945364636734
 628   0.266092240355974739538526488329   0.418897126165839977945379414463
 629   0.124617774770621107536028377383   0.418898215422914366504705197264
 630  -0.479580063862981333823436341406   0.438740191588944001470309024218
 631  -0.408195858177158622757266140533   0.438740191588944001470309024218
 632  -0.336828974109230902196165276084   0.438740191588944001470309024218
 633  -0.266092240355974739538538860326   0.438740191588944001470316097948
 634  -0.195355506605010557846430903309   0.438740191592913828952053251269
 635  -0.124619679322014550243557151586   0.438741761564987124346422552310
 636  -0.053529393405461270500002729580   0.438745388357976012911767548535
 637   0.443887961020069978290351241049   0.438745777556066024241322491576
 638   0.017839647460630263816372200418   0.438751268845902653960568775454
 639   0.372512416143194762476715712614   0.438761343542027350662801305306
 640   0.089069921308003313809038548478   0.439004386263108817605923095311
 641   0.159987139723820786153400968015   0.439317062298927392124444025372
 642   0.230723873479346658209702824262   0.439317062302858644121921425544
 643   0.301460607232602820867350152395   0.439317062302858644121921425544
 644  -0.301460607232233873243120035890   0.459160127726601703677389553032
 645  -0.230723604985768509682183708121   0.459160592775743890818256663267
 646  -0.159812847163953480657094799380   0.459464025352959495528550920959
 647  -0.088637229639849547184969561627   0.459610071492379392028138629165
 648  -0.372512416143194762476715184565   0.459715846486793961105999680473
 649  -0.443887961020069978290350940079   0.459731412472755287527478487115
 650  -0.017043556883637649744294193540   0.459989376624980605302413447001
 651   0.479562621835000000000000000000   0.460173170517000000000000000000
 652   0.407205342619495771551039856105   0.460308872863730469723589117950
 653   0.056249273450728588922763074031   0.463308711836727420656109342271
 654   0.332909379448122067133497678039   0.465372194110164242682912957439
 655   0.133503936046650595930493586031   0.470406209767991296050766947691
 656   0.254380285457827453018108268284   0.472607741774207281579270998858
 657  -0.479580063862981333823436202189   0.479580063862981333823436341406
 658  -0.408195858177158622757265677968   0.479580063862981333823436341406
 659  -0.336828974109230902196164691163   0.479580063862981333823436341406
 660  -0.266092240355214620793463410206   0.479580063862981333823436341406
 661  -0.195354937171524895969083293087   0.479580063862981333823436341406
 662  -0.124261583277182863230458717380   0.479580063862981333823436341406
 663  -0.052877899920765016829904823252   0.479580063862981333823436341406
 664   0.018790786153489717341316436172   0.479580063862981333823436341406
 665   0.093707760747967460504209711890   0.479580063862981333823436341406
 666   0.173300111345333731356777460172   0.479580063862981333823436341406
 667   0.214139983619371063709904777361   0.479580063862981333823436341406
 668   0.294620587296283842326311759207   0.479580063862981333823436341406
 669   0.371198171599960291940683596872   0.479580063862981333823436341406
 670   0.443212513639031251161396115339   0.479580063862981333823436341406
