   1  -0.479844654226538534722609219637  -0.479844654226538534722609219637
   2  -0.340204245886277657711177970501  -0.479844654226538534722609219637
   3  -0.270383898684277043695386926421  -0.479844654226538534722609219637
   4  -0.200563110067997593466365652621  -0.479844654226538534722609219637
   5  -0.130738208333468590737948820226  -0.479844654226538534722609219637
   6  -0.060905358734070377327259712650  -0.479844654226538534722609219637
   7   0.008927312123307925423794677541  -0.479844654226538534722609219589
   8  -0.410024488378967760291031965629  -0.479844654226538534722609219381
   9   0.079561691369766310906891597969  -0.479844654226536388747510938061
  10   0.340160292765011951215660870888  -0.479844654226532611886343676026
  11   0.150440689466556639858172502341  -0.479844654226531935677338872067
  12   0.270035951783049379628483974364  -0.479844654226530434949531327036
  13   0.479844035693919493579702334783  -0.479844649808692272570613377353
  14   0.410014336826510093965137604656  -0.479844619810158646918860510559
  15   0.190769683016000000000000000000  -0.479831286714000000000000000000
  16   0.230420809434998255034337856122  -0.472388626481441054643497417396
  17   0.115001190418163318977029968678  -0.460635443930665549341496187913
  18   0.044151359515890313951971982587  -0.460243166061687445061800626025
  19   0.305123034673353714168029963244  -0.459911204991373986341604155944
  20   0.375087297400611692571886189798  -0.459718646172853274523679108472
  21  -0.095821783533769484032604266438  -0.459700296897546353540142473650
  22  -0.025989023305385710437268212142  -0.459700141990611051263937169409
  23   0.444929706966000000000000000000  -0.459694884132000000000000000000
  24  -0.165650659200733092102157236424  -0.459693410408054128957390318429
  25  -0.235473504376137318580876289521  -0.459689847796275571480333966132
  26  -0.305294072285277350703282448461  -0.459689465511490861784773700010
  27  -0.375114367132622709001104965232  -0.459689374829897771442519825302
  28  -0.444934571302764400870348907576  -0.459689308453112135128074981267
  29   0.169360647407570246229784908496  -0.444249892750966100280040947785
  30   0.078740764458294300963081330289  -0.439542322631487601711479554298
  31   0.270341329865721433919651923647  -0.439535119408840839513009682646
  32  -0.060918045944101460984457693712  -0.439533964676174037948436556065
  33   0.008914803752113845995916975033  -0.439533964620283795297039160072
  34  -0.200563732845101772803815093035  -0.439533962684426379009803187635
  35  -0.130738831110572770075398260640  -0.439533962684426379009803187635
  36  -0.270384080039476475118234026591  -0.439533962680023556836199682618
  37  -0.340204322531543226238221035063  -0.439533962679688469411620825359
  38  -0.410024488379030757380961652862  -0.439533962679615604167827707032
  39  -0.479844654226538534722609219284  -0.439533962679615604167827658912
  40   0.479844467321925117190817497431  -0.439533958264070179368194447661
  41   0.410022666929433342352931702355  -0.439533823363828790097707361703
  42   0.340193286908306277113800782317  -0.439533589545213043287016770930
  43   0.209201722140606926596559224711  -0.438114697798183929663237906319
  44   0.131912920322857413341585062271  -0.424043843191940798626670978857
  45   0.305266867557965837265471875260  -0.419406565812032394677087630862
  46  -0.026001710515439770859694190144  -0.419389452440223814374070819574
  47   0.043830196054105655191410377994  -0.419387817758182627800941038714
  48   0.375109769677564535196375031946  -0.419383352935757962887403010562
  49  -0.165651281977837271439606676837  -0.419382718865941973244584286426
  50  -0.095828437952389492427078934307  -0.419379154262309486919471658767
  51   0.444933978094013062524267870023  -0.419378852184634556016192397452
  52  -0.235473906441018151882214814311  -0.419378773960572993108859884589
  53  -0.305294201285414981478416616815  -0.419378683282672184557032892406
  54  -0.375114405455265957425532057277  -0.419378616906173037789750032746
  55  -0.444934571302784646051785422579  -0.419378616906154138890436884659
  56   0.240381598428764211016975475785  -0.412565389243028946141235110005
  57   0.166895532056357694870535416977  -0.404014646271084092191430684023
  58   0.096991630691250125036037181452  -0.403599900137477592432239546704
  59   0.008902116542070441456001244103  -0.399223275069919302400687209267
  60  -0.060918227289132957318071609672  -0.399223273129659014318425713326
  61  -0.200563914190133269137429008995  -0.399223271137911355379792344895
  62  -0.130739012455604266409012176600  -0.399223271137911355379792344895
  63  -0.270384156683968190670801808512  -0.399223271133173490053843146553
  64  -0.340204322531485307921776918726  -0.399223271132757923634649276352
  65  -0.410024488379008934811750031110  -0.399223271132692673613046141288
  66  -0.479844654226538534722609216434  -0.399223271132692673613046098187
  67   0.479844591537546195049367074533  -0.399223266717326751276859689034
  68   0.410024056613692075593060385972  -0.399223045661785812506992938557
  69   0.340202636403357956353877259065  -0.399222899082526253376538532871
  70   0.275331233063176273612801956386  -0.392410091220233286082989078802
  71   0.205487371999955033458416164836  -0.392368971419065907223934522227
  72   0.132062725117310297902342909522  -0.383726043220642785221977663683
  73   0.062079354489658143328264699110  -0.383444528128750164407776708331
  74  -0.165651463322868767773220592797  -0.379072027319426949614573443686
  75  -0.095828619297420988760692850268  -0.379068462715794463289460816028
  76   0.375113592267222646729823547813  -0.379068228109792244562207616478
  77  -0.026008054813432069344798285697  -0.379068082465515448786079172364
  78  -0.235474035435684863992598333740  -0.379067991739889932967200515968
  79  -0.305294239607606785604295552898  -0.379067925359512330165603540530
  80  -0.375114405455226630486706093140  -0.379067925359250107234968485454
  81  -0.444934571302772195322176604483  -0.379067925359231208335655325514
  82   0.444934325059927595977934098747  -0.379067920917869815491041392643
  83   0.310241382365026273227856648874  -0.372254860417437588503021902564
  84   0.240421146860889294903869796281  -0.372254717096404049462817685516
  85   0.166848538221866355275380040362  -0.363356972067382231208345596134
  86   0.096989452594362441400179962222  -0.363289208649398927177117969392
  87   0.027169270409865814968773621634  -0.363289127764585169377527593538
  88  -0.060918303932850906891462802509  -0.358912581582808946064881297610
  89  -0.200563990833851218710820201834  -0.358912579591061287126247929183
  90  -0.130739089099322215982403369439  -0.358912579591061287126247929183
  91  -0.270384156683756857368023309562  -0.358912579586217210295107227907
  92  -0.340204322531445517707014398758  -0.358912579585806395361445209920
  93  -0.410024488378988045677285922495  -0.358912579585769743058264585964
  94  -0.479844654226532911025347129671  -0.358912579585769743058264537854
  95   0.479844654197334857618495141018  -0.358912575170444349455287108581
  96   0.410024298847442057289063121917  -0.358912291123115135244368000087
  97   0.345152051707769593871577541589  -0.352100507762924347817562932162
  98   0.275331246152721526142139153735  -0.352099399673312480723637596548
  99   0.205540515292460903443906672008  -0.352048445931770022906186676757
 100   0.131938513356018799750975865580  -0.343201525735005448204819624760
 101  -0.007740959130202255418083269795  -0.343133905582067979098788370170
 102   0.062079384851526772501723645061  -0.343133836581838668078398873259
 103  -0.165651539966586717346611785636  -0.338761335772576881361029027975
 104  -0.095828695941138938334084043106  -0.338757771168944395035916400316
 105  -0.235474073757406867540021138252  -0.338757233817252324124206534095
 106  -0.305294239607537555568820538139  -0.338757233812589399610822039253
 107  -0.375114405455205599514529108222  -0.338757233812327176680186925800
 108  -0.444934571302760535654070904542  -0.338757233812308277780873765737
 109   0.444934571288174557088185510478  -0.338757229371693853753843552466
 110   0.380062170399967179856856411826  -0.331945223942351626428792163638
 111   0.310241395454567820422224098895  -0.331944168870516783142467237134
 112   0.240450614584295219330341871276  -0.331893128508674855588920268339
 113   0.166848485478579483490070095580  -0.323045988049466029242910481339
 114  -0.042651010531324144002308040770  -0.322978505209904902872221936553
 115   0.027169052438335234996102740157  -0.322978436218251556275764895717
 116   0.096989358789008426928170533772  -0.322978302039785012935135586666
 117  -0.130739089098923350894353306689  -0.318601888044138356571468341798
 118  -0.200563990833462148840537181747  -0.318601888044121386152068595510
 119  -0.270384156683698478197915246361  -0.318601888039275485490203871646
 120  -0.340204322531303908375865931531  -0.318601888038871478561316193895
 121  -0.410024488378979990023976761901  -0.318601888038846812503483023398
 122  -0.479844654226532593950393929248  -0.318601888038846812503482977131
 123   0.479844654226538534722609217073  -0.318601883623521321992118168975
 124   0.414972427285306255367570450857  -0.311790179482197253493432487618
 125   0.345152051736977374392955756221  -0.311789816216000137799001989997
 126   0.275360763886141513610426817528  -0.311737897705879158007749906332
 127   0.205540548028640618810892226117  -0.311737754384860384823218818138
 128   0.131938417739821642792882161251  -0.302890615974840985961768511079
 129  -0.077561402539612175444929281367  -0.302823694796040351843257039259
 130   0.062079166879997265514390096639  -0.302823145035505054970834234397
 131  -0.007741236700346520994537067123  -0.302822624081530640135313463647
 132  -0.165651539966187852258561722887  -0.298450644225653950806249440589
 133  -0.235474073757443350836948181811  -0.298446542270146292706619054531
 134  -0.305294239607391170379108441748  -0.298446542265666469056040740078
 135  -0.375114405455199698886668212969  -0.298446542265404246125405357224
 136  -0.444934571302753398090111372625  -0.298446542265385347226092205358
 137   0.449882510223664772884535491695  -0.291634833734031747424409498961
 138   0.380062170429175699080074129637  -0.291634532395428695884592623396
 139   0.310271420168568751785755656210  -0.291583545051331985694706341716
 140   0.240450628454866096965067065665  -0.291582404285553438141315776423
 141   0.166848444229122359614209155541  -0.282735172454355358195650873062
 142  -0.042651628708635567103895049688  -0.282667813667664331714247081322
 143   0.027169115474235811968656154751  -0.282667744671377911960056250527
 144   0.096988866169744517807582876987  -0.282667134803056173900364033261
 145  -0.113470839935028351245850785994  -0.282177179070629680732667008810
 146  -0.200563990833392918805037296469  -0.278291196497198455597287087699
 147  -0.270384156683459171889583306936  -0.278291196492329779284377039071
 148  -0.340204322531435305454357619588  -0.278291196491938752860490779054
 149  -0.410024488378984440842046009636  -0.278291196491923881948701458563
 150  -0.479844654226533027405473932793  -0.278291196491923881948701416408
 151   0.414972427314514774590788172017  -0.271479487935274322949232953176
 152   0.345181538862239899248868127434  -0.271428261228218115828497384638
 153   0.275360796622168183399849682462  -0.271427206158969519800494530945
 154   0.205540543033584333810135636590  -0.271427062837937763746969282708
 155   0.479844654226538534722609219637  -0.264667783844542172856700831798
 156   0.131938198529032290742725615643  -0.262579924428511769304898629539
 157  -0.078278189382846623655088097279  -0.262519376545851206601886979835
 158   0.062078814763986137706482547468  -0.262511734438923707546550744861
 159  -0.007777712188585546536202652532  -0.262449955236471722551343571299
 160  -0.148391942720861942569638086205  -0.262021834803435633159498160394
 161  -0.235474073757194217412019611211  -0.258135850723201187488626776934
 162  -0.305294239607517409568080196704  -0.258135850718729185862428544539
 163  -0.375114405455209100497600007667  -0.258135850718481304148849964346
 164  -0.444934571302764074056815219038  -0.258135850718462416671310645309
 165   0.380091654452688389703549692229  -0.251272915569715287718796551552
 166   0.310271452904560113757800512240  -0.251272853504422347458777754765
 167   0.240450516351440065030663430544  -0.251271527222636134749956858794
 168   0.444934571235920274015990558774  -0.244512437955268217553487136040
 169   0.166848225018326166995884898135  -0.242424480908014293403774995709
 170  -0.043368415551877110462865852040  -0.242363495417462897749861347666
 171   0.027168348218869618964596992853  -0.242357053131756776219685573098
 172   0.096988511849437005449930625812  -0.242355720388689792361380235280
 173  -0.113481859797108053898814340447  -0.241866489029974167882107298244
 174  -0.183300674687401007358382979478  -0.241864149284520088614914609409
 175  -0.270384156683678255973472581225  -0.237980504945398522776787916142
 176  -0.340204322531444168934017656653  -0.237980504945008390616016788792
 177  -0.410024488378996241465013390223  -0.237980504945000951393919895302
 178  -0.479844654226537102432287817834  -0.237980504945000951393919855889
 179   0.345181571595290571619575756968  -0.231117569681308475204565471581
 180   0.275360791624748247419597474965  -0.231116514612046899017203586575
 181   0.205540323822792283021386348343  -0.231116371291610870738404880667
 182   0.479844654226538534722609219637  -0.224357092297619242301919271073
 183   0.410053990495344396726640557705  -0.224306079050425143580807897144
 184   0.131938172862494776110578050267  -0.222269081843041755242670392838
 185  -0.078289209244926326308051651733  -0.222208686505195693751327269269
 186   0.062078045304320389294615480128  -0.222201039081516093546210316437
 187  -0.008744966732429638389780340623  -0.221719642946611793056841144494
 188  -0.148390591763647118687559233721  -0.221708803511058623337523747259
 189  -0.218210757610915752945579279418  -0.221708803510644415366407993035
 190  -0.305294239607529644179947582756  -0.217825159171798012063334956769
 191  -0.375114405455222900048371084069  -0.217825159171556881987713154732
 192  -0.444934571302778087639984945839  -0.217825159171539486116529086733
 193   0.310271447907147466571786444182  -0.210962161957486254658558666077
 194   0.240450180682789773684908386086  -0.210960633969308569274138080530
 195   0.444964073553052960307373059741  -0.204150733276963679380896718542
 196   0.375143907637951243226758418048  -0.204150733162023513796703788350
 197   0.166847776770098127201824462378  -0.202112906412031658506749907616
 198   0.026442684907265338479123553605  -0.202052893721723730390134563405
 199   0.096962249282396720379847860727  -0.202000935967737236519819438372
 200  -0.043666153525555873480632967049  -0.201564174749173639955992310288
 201  -0.113479455431322988112526841534  -0.201555282404883606846476894576
 202  -0.183300674687159600545775672547  -0.201553457737179029195409553318
 203  -0.253120840533290579052578175160  -0.201553457734794343661845008575
 204  -0.340204322531470886026804453895  -0.197669813398083367835398742663
 205  -0.410024488379020261343880402251  -0.197669813398078020839138337418
 206  -0.479844654226538534722609218364  -0.197669813398078020839138295189
 207   0.275360572408345541212101706400  -0.190805823065720036519947991561
 208   0.205540045592866305124585409161  -0.190805378550566737629106889584
 209   0.410053990629299072130131886127  -0.183995387503502213248595763708
 210   0.340233798262461330851690414924  -0.183995341340724868280550926290
 211   0.479844654226538534722609219637  -0.183944374256308116459874166012
 212   0.131937214849907715637933483243  -0.181958390307502753887262137380
 213   0.061352381992696312880349727803  -0.181896879671455360448718483884
 214  -0.008755999048968681428318379223  -0.181408952909362919508519825152
 215  -0.078570236470452519010830169632  -0.181398440277874586354301784911
 216  -0.148390448762829698828329007283  -0.181398111964386648810407165746
 217  -0.218210757609534628794884605190  -0.181398111961329307611251446631
 218  -0.288030923457001986992538799099  -0.181398111961259299600256739220
 219  -0.375114405455255119402574797302  -0.177514467624630332954948900932
 220  -0.444934571302784646051785414402  -0.177514467624616555561747525804
 221   0.240450076350220538476083486382  -0.170649942422520656063211261553
 222   0.375143907771905918630249746469  -0.163840041615100583464491654914
 223   0.305323754898540307092226683640  -0.163839927047778233356774004096
 224   0.444934571302784353406843657456  -0.163789028482846144306575663345
 225   0.166833696369288479372148520885  -0.161757895600949195132101908825
 226   0.026431652590726295440585515005  -0.161742203684474856841813244063
 227   0.095980958730503674007188732619  -0.161261630070228078291210209549
 228  -0.043660081993865326958515581805  -0.161243218438063865906829299776
 229  -0.113480247840952976041900456135  -0.161242970571050768209674947986
 230  -0.183300531686336469727045325787  -0.161242766190497162996279072087
 231  -0.253120840533246235925547964128  -0.161242766187794608558080707966
 232  -0.322941006380683453083177518086  -0.161242766187672394734370700140
 233  -0.410024488379030757380961601339  -0.157359121851155090284356773517
 234  -0.479844654226538534722609219635  -0.157359121851155090284356734464
 235   0.205511578651436569720302024599  -0.150401255465792180389488558654
 236   0.340233864407984894870786016098  -0.143684627322153948540714731138
 237   0.270413698208663931835802170316  -0.143684534617049271094630182459
 238   0.479844654226538534722609219637  -0.143633682709385185905092605287
 239   0.410024449086197715299184903471  -0.143633614652048780480030496985
 240   0.131201814366161913170815602224  -0.141654407388693473411550384757
 241   0.061059866230108520275623681098  -0.141106344770039851935862216710
 242  -0.008743492438258066980894520196  -0.141098263302561942069536230563
 243  -0.078570093364345938549159335364  -0.141087748731205674732894814836
 244  -0.148390305656723853363440187545  -0.141087420417716464120018127154
 245  -0.218210614608712303374954240210  -0.141087420414648836403762665508
 246  -0.357851089304449142198221200253  -0.141087420414231368425920664156
 247  -0.288030923456921327820180188200  -0.141087420414196663260854112704
 248  -0.444934571302784646051785420599  -0.137203776077693625006965964594
 249   0.305323808069982444255205883994  -0.123529235500890370449686553839
 250   0.235525319198919301456305489800  -0.123491643217757933053358885392
 251   0.444934571302784353406843657419  -0.123478336935923213751794102556
 252   0.375114248485598475717758457542  -0.123477928937971420370940599125
 253   0.165789833286912211768201011776  -0.120951248206361344190796977270
 254   0.095969915112932758143208705249  -0.120950940036073679617644002078
 255  -0.043659645422018037224045773504  -0.120932526893505010123993805160
 256   0.026160522060634743963522126090  -0.120932410361209715605298237257
 257  -0.113480104734846395580229621867  -0.120932279024381856588267977910
 258  -0.183300388580230680509306080589  -0.120932074643827075728810874771
 259  -0.253120697532424722313486279832  -0.120932074641115510408510368012
 260  -0.392761172228202389153351477038  -0.120932074640768791664344699489
 261  -0.322941006380680221634625555413  -0.120932074640743867146515080696
 262  -0.479844654226538534722609219637  -0.117048430304232159729575173739
 263   0.270435429060237813875709203478  -0.103336344101599032408415256772
 264   0.479844654226538534722609219637  -0.103322991162462255350311044561
 265   0.410024527671995892051805400945  -0.103322923105202451534376559627
 266   0.340192837818149306930058833629  -0.103302950191604876607562138718
 267   0.201392538970328395370590768324  -0.102046243551212253568553322817
 268   0.130879963162284038087266282509  -0.100795533858495697051707481071
 269  -0.008749595320664523920925977287  -0.100777124270085368708717899095
 270  -0.078569868814671300599681396262  -0.100777057184908168283300170373
 271   0.061070571031586564882381103042  -0.100777005474789650362764041195
 272  -0.148390293128582519143724140723  -0.100776728870751469542445248944
 273  -0.218210527893040366379140149250  -0.100776728867819111951839514268
 274  -0.288030780456100037227394550089  -0.100776728867516877701558583034
 275  -0.427671255151956277824175263539  -0.100776728867307326386953907907
 276  -0.357851089304447662436884429014  -0.100776728867305874849320729518
 277   0.444934610595750365959574513013  -0.083167577331740986350959092716
 278   0.375114248485599061008959308155  -0.083167237391048489816159038404
 279   0.304899005944203656982703450261  -0.082426687926660645920894538181
 280   0.236302648831646907789994482003  -0.081890944435053352923609694197
 281   0.165789898327056784426689241101  -0.080639932161138035389275409684
 282  -0.043659714337192952365611993012  -0.080621835346640988274959201038
 283   0.026160453145469195351100946160  -0.080621718814345693740250612129
 284   0.095980619080942762543921717475  -0.080621599297203160526517211677
 285  -0.113480092206678754716919674714  -0.080621587477460872849311381112
 286  -0.183300444967789695112340073848  -0.080621383096943013811722123931
 287  -0.253120679733481699632185199250  -0.080621383094194338260182039022
 288  -0.322940913969280832989376533348  -0.080621383093920118194908278531
 289  -0.392761172228202389153351473061  -0.080621383093845861109563121818
 290  -0.462581338075710166494999053063  -0.080621383093845861109563121562
 291   0.410024527671996477343006237851  -0.063012231558279520979594998906
 292   0.479844654226538534722609219637  -0.063012163501019717351607140871
 293   0.340215504343284849173368893480  -0.062992265017326306826375379468
 294   0.201392771399614146085928805061  -0.061735242743680425701334218516
 295   0.270491129052143954288325333096  -0.060534454245795989120629846846
 296  -0.008749664235839439062492196795  -0.060466432723221346859683294973
 297  -0.078569937729864091951225381840  -0.060466365638044146464826746175
 298   0.061070501611578945859936635315  -0.060466313358611689488625073353
 299  -0.148390362043805405138176930657  -0.060466037323876430846177383491
 300  -0.218210596809596178214105891427  -0.060466037320951742494406326290
 301  -0.288030831045416545430139567259  -0.060466037320623599339685973132
 302  -0.357851059441035713031025662861  -0.060466037320392178260589953137
 303  -0.427671255151956277824175262988  -0.060466037320384395832172336171
 304   0.130890554245715508883344676076  -0.060465997599845498864085140305
 305  -0.479844654226538534722609219637  -0.044194335883459562489551069386
 306   0.444934571302760544170454380260  -0.042856817727516506391192934703
 307   0.375125783529682265507415823175  -0.042837259184557337989811339970
 308   0.306064958139855215192543422356  -0.041575167945160302832020466496
 309   0.235581251620111192584259653050  -0.040378752554423061898354366196
 310   0.165814216129631526424107391732  -0.040329247949186959355817002700
 311  -0.043659783252385743717155978589  -0.040311143799776966456485776840
 312   0.026160384230267037470411919525  -0.040311027267481671937790215267
 313  -0.113480161121892666930592098470  -0.040310895930596851066946206430
 314   0.095980436776351692199359593916  -0.040310711661254027826193001982
 315  -0.183300513884340526723757224033  -0.040310691550076037606020200018
 316  -0.253120748121558501180360158528  -0.040310691547327326504296386355
 317  -0.322940976517204347539486577328  -0.040310691547042642812610289699
 318  -0.392761172228202389153351477095  -0.040310691546922930554781543537
 319  -0.444934571302784646051785421569  -0.024038990109998097212160280206
 320   0.479844654226538534722609219637  -0.022701471954096786796825580146
 321   0.409585512321122998077989537379  -0.021921261847315337935374863979
 322   0.340975237326252631526590352051  -0.021420162112391333995456426998
 323   0.270491300086217669117163768282  -0.020223347098683386976461284606
 324  -0.008749733151032230414036182372  -0.020155741176357325041209870775
 325  -0.078570006645078004164897805595  -0.020155674091180124682461571493
 326   0.061070319395047741115856619825  -0.020155425570137792500343359912
 327  -0.148390430960362165362326969398  -0.020155345776994661023537256187
 328  -0.218210665197667573239564580227  -0.020155345774083752009834042842
 329  -0.288030893593343270914087002498  -0.020155345773745634870810968006
 330  -0.357851089304439527900201091521  -0.020155345773477006245855524104
 331   0.130892965069276430747561772156  -0.020155306125013495356879086736
 332   0.200712068091387458860176327205  -0.020152732356881844347070849384
 333  -0.479844654226538534722609219637  -0.003883644336536631934769508661
 334  -0.410024488379030757380961614069  -0.003883644336536631934769477328
 335   0.444934571302760544170454380260  -0.002546126180593575836411373978
 336   0.306065350668452461016014836456  -0.001264476400148511651765311838
 337   0.375194886925987859197119199652  -0.000113650566328602691556209508
 338  -0.043659852167599655930828402343  -0.000000452252912944674120602159
 339  -0.113480230038440153329774039545  -0.000000204383732831564483359035
 340   0.026160202013748473231408519016  -0.000000139479013445603763017304
 341   0.095980367861176018043895930735  -0.000000020114390005978456008340
 342  -0.183300582272413756348816828383  -0.000000000003207152058765814577
 343  -0.253120810669483328735363349528  -0.000000000000449361970529991452
 344  -0.322941006380623773132324379922  -0.000000000000122696191826765770
 345   0.165801773552232775768175250775   0.000002246883510107017105026629
 346   0.235622116557493935393080442437   0.000002673098857830574822232206
 347  -0.375114405455265161876089263785   0.016271701436911300796494200147
 348  -0.444934571302784646051785420276   0.016271701436924833342621280519
 349   0.479844654226538534722609219637   0.017609219592826143757955980579
 350   0.410768455545385474003985136520   0.018846124450062627828833032714
 351   0.340285000268187627760081008097   0.020042035145914317504014581749
 352   0.270574779897717002467944850733   0.020087258008561478639063453398
 353  -0.078570075561625490564079746674   0.020155017455683894820001275902
 354  -0.008749915367550740714880950258   0.020155146612110994716817393814
 355   0.061070250479855057640949344594   0.020155265976726229318314490276
 356  -0.148390499348442636034496837450   0.020155345769879833235844274865
 357  -0.218210727745594698824944534369   0.020155345772799734973164030198
 358  -0.288030923456791226220035712080   0.020155345773202529014912216392
 359   0.130890416327266569817114126065   0.020155385341377251327411777229
 360   0.200711999176194667508632341628   0.020157959189982177471402574814
 361  -0.340204322531439627836218072741   0.036427047210272499198091221033
 362  -0.479844654226538534722609219372   0.036427047210386298620012052065
 363  -0.410024488379012412609728272407   0.036427047210386298620012080809
 364   0.445678538469163464556139975897   0.039001470223482347423200387272
 365   0.375195048651855136328369165799   0.040197440744441909040539682895
 366  -0.043660032748849168055444015229   0.040310432703236797483860604961
 367  -0.113480298426517632481042667730   0.040310487163132087964416226106
 368   0.026160133098555789756501243785   0.040310552067850576214894832884
 369   0.095980298945954114099072637137   0.040310671432478756135982597253
 370  -0.183300644820337450493000644433   0.040310691543682163830166471843
 371  -0.253120840532985081640654182065   0.040310691546573484403685051951
 372   0.165801704637039984416631265198   0.040312938430374128835578450828
 373   0.235629721436901002658641083384   0.040313363928425276874095396943
 374   0.305443026952820463437517317006   0.040314892578511387382174331725
 375  -0.305294239607591269293655178143   0.056582392983617570137405516841
 376  -0.375114405455227183920178001296   0.056582392983834321455709565641
 377  -0.444934571302772006367465512605   0.056582392983847763897402839263
 378   0.410768650430805558100178818571   0.059157153544582611472310945100
 379   0.479844654226538534722609219637   0.060393720854138551088444793964
 380  -0.078570149866555711300142622271   0.060465719250918931626107004146
 381  -0.008749984282742637584061824749   0.060465838158976378981938037860
 382   0.061070181564654846214624536328   0.060465957523603103032562939861
 383  -0.148390561896363294294549311420   0.060466037316767115510469746171
 384  -0.218210757609169763834945891873   0.060466037319928551298390506976
 385   0.130890347412073778465570140487   0.060466076888241273145885201427
 386   0.200719193736125952923527397977   0.060468650094870811035603225439
 387   0.340353075336487972005805474708   0.060470298177038978918699432871
 388   0.270535932738163340949638118359   0.060475414061851421683324411422
 389  -0.270384156683774822676672969600   0.076737738756998358675190842191
 390  -0.340204322531410411098149889763   0.076737738757199431790671260777
 391  -0.479844654226535937816504327580   0.076737738757309229174793612706
 392  -0.410024488378988257846298764875   0.076737738757309229174793634944
 393   0.375344454472020093467050732898   0.080507855414748448128890219291
 394   0.444934766188180628266648062311   0.080549404175238815137555351792
 395  -0.043660101400449180828760429832   0.080621124706658513124184440437
 396  -0.113480360974430855827787632914   0.080621178710006492417331692115
 397   0.026160064183356418874061469197   0.080621243614728905799606147267
 398   0.095980230030761322747528651560   0.080621362979342777954456021451
 399  -0.183300674684687368031675036841   0.080621383092128205208654003244
 400   0.165808899196971269831526321547   0.080623629335262762399779101452
 401   0.235625610264771866685753133077   0.080630344917475362191565249012
 402   0.305447355416549322436718381255   0.080633199006581387880640188464
 403  -0.235474073759935671916058385614   0.096893084530365378443268734825
 404  -0.305294239607588838668154008122   0.096893084530555946539062502432
 405  -0.375114405455156040604689752381   0.096893084530757404330236343505
 406  -0.444934571302762758539083011934   0.096893084530770694452184398927
 407   0.479844654226538534722609219637   0.100705087496339079186665909621
 408  -0.078570215598099980775637029098   0.100776416312044525306043625370
 409  -0.008750052934350124370637136389   0.100776530162411039941852548974
 410   0.061070112649463362101339151911   0.100776649070469389063057308020
 411  -0.148390591760559255356857712321   0.100776728864941495497702232116
 412   0.130897541972005063880465196837   0.100776767793129906710085852052
 413   0.340364404241101951692536402985   0.100780988132025907364538448144
 414   0.200715315725617183593752056647   0.100785324157867313555741125025
 415   0.270535864350185668610901891888   0.100786105608716341381548579824
 416   0.410127458555327405860689650871   0.100881722988966914138309760979
 417  -0.200563990835296302218967395718   0.117048430302677179066481769585
 418  -0.270384156683774497180203032732   0.117048430303929907988223250752
 419  -0.340204322531341263916180586587   0.117048430304124454571289256454
 420  -0.479844654226538534722609104219   0.117048430304232159729575173347
 421  -0.410024488378996994027851839876   0.117048430304232159729575195008
 422  -0.043660167132000924317513735744   0.120931821767797052123711733751
 423  -0.113480390837901695479207187204   0.120931870256924908298231106273
 424   0.026159995531759307738503321899   0.120931935618155834092033901640
 425   0.095980161115588505093216601679   0.120932054526206799807076490594
 426   0.165803960755289155026201823476   0.120938466521452111681093029029
 427   0.235625541876794194347016906606   0.120941036464340281889789417413
 428   0.305493829080179209393933891103   0.121004608998171555937311571809
 429   0.375216756763214525779242680325   0.121035996812980776408485579870
 430   0.445040154395371390778972603615   0.121042212280670075090731855122
 431  -0.165653907911104485315952357896   0.137203776075520518989355618842
 432  -0.235474073759951297227370525078   0.137203776077300889206152518892
 433  -0.305294239607522432766852625503   0.137203776077487495852094857620
 434  -0.375114405455224549601752850401   0.137203776077680368185540381012
 435  -0.444934571302784646051785276568   0.137203776077693625006965953710
 436  -0.078570264987392197661771767670   0.141087141678881803383873605489
 437  -0.008750118665894330188965919144   0.141087227223536930729701536297
 438   0.061070043997885249801778549325   0.141087341073894628873735496936
 439   0.130890210337227561774393821982   0.141087458673330769117354915957
 440   0.200715247337639511255015830177   0.141096015704732233253965293427
 441   0.270535685282220166882882406449   0.141096797155241544496802575397
 442   0.410127102364242405348155133367   0.141192414534316166790683772460
 443   0.340383798595741592478246237871   0.141324340222294521467297478447
 444   0.479844654226538534722609219637   0.141379337065001070994797800624
 445  -0.130743706988075922064756723445   0.157358917467629678356216327247
 446  -0.200563990835521554441428061305   0.157359121849608495710932448187
 447  -0.270384156683706473535921111020   0.157359121850866598214047090735
 448  -0.340204322531413237230223825767   0.157359121851051219282760822543
 449  -0.479844654226538534722609184605   0.157359121851155090284356734073
 450  -0.410024488379030757380961473359   0.157359121851155090284356742331
 451  -0.043660216521285721129479242667   0.161242547134621478306825988247
 452   0.026159929800233459034073775131   0.161242632679278924897429460563
 453   0.095980092727610832754480375208   0.161242746073071719505300658996
 454   0.165803892367311482687465597005   0.161249158068317031379317197431
 455   0.235625362808828692618997421167   0.161251728010865485005043412986
 456   0.305394162500539726690369245373   0.161341263535244255051798421468
 457   0.375293701481140415386744185825   0.161479997828249264376329962300
 458   0.444937409707199125944541879319   0.161539598299871332867902263018
 459  -0.095833561430111424684115397684   0.177514198229225827714394792976
 460  -0.165653907911397035807344560688   0.177514467622455205837718149583
 461  -0.235474073759886067781298015571   0.177514467624236573518118741357
 462  -0.305294239607593094338281313458   0.177514467624422976711201472340
 463  -0.375114405455269214880719004686   0.177514467624603298740321924628
 464  -0.444934571302784646051785271497   0.177514467624616555561747514435
 465  -0.008750168055169257730707569819   0.181397952590343855537922090249
 466   0.061069978529955761544881172098   0.181398037678450333616601814420
 467   0.130890141949249889435657595511   0.181398150220195688815579084359
 468   0.200746488394342829585896802020   0.181461032119856651678523469107
 469   0.270483840027148252426484260091   0.181496194390868195560039259058
 470   0.340383617436218717851513269503   0.181635341659790996156994498790
 471   0.479844467079000000000000000000   0.181702124034000000000000000000
 472   0.410098176728816544263296371255   0.181817164684157770577658481951
 473  -0.060923512963983557405976467715   0.197669603684975640013837277740
 474  -0.130743706988806167311954731973   0.197669609014557542420323681081
 475  -0.200563990835501562358808239228   0.197669813396629519968057796023
 476  -0.270384156683780347895308749867   0.197669813397801354061791981648
 477  -0.340204322531463010088581615095   0.197669813397974149837542356990
 478  -0.479844654226538534722609074681   0.197669813398078020839138294798
 479  -0.410024488379015449722124135840   0.197669813398078020839138300435
 480   0.026159880674545555886460998414   0.201553357589502293090627530268
 481   0.095980027751595086977142091256   0.201553441825574768419079825063
 482   0.165803829819466358154124063336   0.201559849615191435937897837115
 483   0.305393804059264117695605020826   0.201651955080573561891229080912
 484   0.235617808131316719277204971585   0.201727646954389728190271532463
 485   0.375188092683894846728065454932   0.201972508515699502358323018441
 486   0.445003045979318908885176161210   0.201981538108504441869787892033
 487  -0.095833608437879572945846726570   0.217824927720937670116499306345
 488  -0.026013464497866657987421893633   0.217825009140698223880865017524
 489  -0.165653907911361305807236102707   0.217825159169445451902499364594
 490  -0.235474073759963810892023867296   0.217825159171185354446159449969
 491  -0.305294239607657328567018180800   0.217825159171345907265982986568
 492  -0.375114405455176700918980690679   0.217825159171530162283581212385
 493  -0.444934571302784646051779775964   0.217825159171539486116529075160
 494   0.061069929896184612567386599330   0.221708761736626262401341771509
 495   0.130890079401404764902316061843   0.221708841767070093374159724043
 496   0.200662363445386824268628393592   0.221804218867942581340996712341
 497   0.270563817622417753631608522073   0.221945399780778160918880067451
 498   0.340277998140164259762935245069   0.222127834162757545092895796745
 499   0.410092649308318291040789676943   0.222137423091357423021951944180
 500   0.479844654226538534722609219637   0.222255022952961774586908669732
 501  -0.130743706988734873543343721305   0.237980300561495585611434209029
 502  -0.060923559971757275762029430005   0.237980333176669603200653550580
 503   0.008896584231848155629746677245   0.237980414139856661433570458797
 504  -0.200563990835687468210615253312   0.237980504943758209010841520666
 505  -0.270384156683858275441710785376   0.237980504944729145413511833139
 506  -0.340204322531366221413642087668   0.237980504944918820002185173691
 507  -0.479844654226538534722607475528   0.237980504945000951393919855523
 508  -0.410024488379030757380950786266   0.237980504945000951393919858741
 509   0.095979981545973914207008338148   0.241864161678086294534194175618
 510   0.165748613027325231016820392099   0.241953211019821238777258599268
 511   0.235617778267943635554786441071   0.242038338501301596902428790763
 512   0.305367924798052360862004829122   0.242283196532100646568476561457
 513   0.375182324787313172405431628468   0.242293184089472775171702279097
 514   0.444934571302787156971896629535   0.242410368726427588905505799557
 515  -0.095833642895444608888245839165   0.258135678950246346062829302145
 516  -0.026013511242034628140868372733   0.258135738175841609665812713717
 517   0.043806633453495120598490035688   0.258135818286984378593545135391
 518  -0.165653907911566352665915077733   0.258135850716606664845439918620
 519  -0.235474073760059706896154895616   0.258135850718113222877790610920
 520  -0.305294239607550374800359122790   0.258135850718302928094880350857
 521  -0.375114405455271555139462269358   0.258135850718453213296952129417
 522  -0.444934571302784646051775469340   0.258135850718462416671310635885
 523   0.130838515171894380321512668404   0.262108530930837439937293050843
 524   0.200662333582013740546209863078   0.262114910414854450053153970642
 525   0.270421885443578242785182748028   0.262376135252624082552025284928
 526   0.340271904877789131319223309308   0.262449109047642870822772156229
 527   0.410024488379032566917218407664   0.262565714499887839350425104557
 528   0.479844654226538534722609218417   0.262565714499893403224102931283
 529  -0.130743725819108178960531982566   0.278291024723864247741755727118
 530  -0.060923594165725460834671148198   0.278291083949415935402201820407
 531   0.008896537979607300782243008757   0.278291142322960604126340366550
 532  -0.200563990835839292681857894104   0.278291196490766642210835514210
 533  -0.270384156683745221922568342425   0.278291196491693114781198294746
 534  -0.340204322531477546612837196565   0.278291196491845188945704312312
 535  -0.479844654226538534722609219637   0.278291196491923881948701416248
 536  -0.410024488379020691265636902784   0.278291196491923881948701418218
 537   0.078716685103284422238111774506   0.278291218228444410726397539500
 538   0.165748583163952147294401884698   0.282263902566733107489415897621
 539   0.235469615053272148050855726473   0.282458992261757037952862294644
 540   0.305361766396860220843007266847   0.282605281428218637273092800898
 541   0.444934571302785175117681529019   0.282721060273355784870506317294
 542   0.375114405455288569046358021016   0.282721060273366435995879995367
 543  -0.095833677089389762866359686248   0.298446429723037954259040774757
 544  -0.026013544944082479889847153463   0.298446488096533107714708948815
 545  -0.165653907911771387732992924345   0.298446542263684215340245516598
 546   0.043806589629693969169262733106   0.298446542264935691314805697852
 547  -0.235474073759940521746641531528   0.298446542265083169210367581127
 548  -0.305294239607679127816033377439   0.298446542265229525782433720119
 549  -0.375114405455241174451823879705   0.298446542265378536870095971433
 550  -0.444934571302784646051785426659   0.298446542265385347226092196610
 551   0.113716045790926016149479246064   0.298601994664620845383544090519
 552   0.200550081970830086714457973764   0.302606162367110182777448805962
 553   0.270407278848524601324217358395   0.302686824153194173737910341329
 554   0.479844654226538534722609067697   0.302876406046818764251670838796
 555   0.410024488379039946797070609729   0.302876406046832250314477127385
 556   0.340204570713545449508289510843   0.302876835904568250659676479054
 557  -0.130743760013039441177070482171   0.318601775496763540450734990784
 558  -0.060923627867745227411944773113   0.318601833870152434092352828574
 559  -0.200563990835745667607751417376   0.318601888037780859892664823281
 560   0.008896506705865242869979148499   0.318601888038267810045436262934
 561  -0.270384156683889814473477065287   0.318601888038629633728543919605
 562  -0.340204322531451665673625616699   0.318601888038782644408728328955
 563  -0.479844654226538534722609219637   0.318601888038846812503482976973
 564  -0.410024488379030757380961634093   0.318601888038846812503482977687
 565   0.078716685103134906346061064657   0.318601909775367341281178822941
 566   0.148626154741456093876376381695   0.318757385517907596879559492652
 567   0.235455444832485479868574275100   0.322769681318110085832482986052
 568   0.305251002056927289230490289465   0.322956673831161292416171482292
 569   0.444934571302793133850835598265   0.323031751820294930828261214034
 570   0.375114653637297181394614653297   0.323032181678034678341705345187
 571  -0.095833710791375836035029150346   0.338757179643844990743740070896
 572  -0.165653907911674297860858549691   0.338757233810692431815852333728
 573  -0.026013576217937636730746500201   0.338757233811644420543126745674
 574   0.043806589629544453277212023259   0.338757233811858621869586981296
 575  -0.235474073760096941522439005227   0.338757233812023576251910627598
 576  -0.305294239607654278755235515084   0.338757233812168768511294486759
 577  -0.375114405455273042109881929500   0.338757233812301649914810261611
 578  -0.444934571302781946404812246982   0.338757233812312953706593804775
 579   0.113716045790891749250585086494   0.338912686211543775938325636680
 580   0.183731634092314697934351030849   0.339240731614595883580118289089
 581   0.270304561551496391346425728023   0.343048914845859621199709751156
 582   0.479844654226538534722609215341   0.343187097593771097404851330794
 583   0.340204997551899038462189291185   0.343188266739136901598237611330
 584   0.409958795032558662416231730871   0.343301312478791505529798135422
 585  -0.130743793714932260145940955809   0.358912525417652471995702463260
 586  -0.200563990835998166193417178659   0.358912579584887680314439685385
 587   0.008896506705748779626074752987   0.358912579585247713438081380419
 588  -0.060923659141595553357630308149   0.358912579585320644121417341990
 589  -0.270384156683863445332324569956   0.358912579585566243600997159219
 590  -0.340204322531489301269931885810   0.358912579585711409718558148294
 591  -0.479844654226538534722609219631   0.358912579585769743058264537698
 592  -0.410024488379023443261208579361   0.358912579585769743058264559905
 593   0.078716685103100639447166905088   0.358912601322290271835960369102
 594   0.148634223113613680804229065922   0.359068076257369436751482525162
 595   0.218636996953970091088467332184   0.359404250565595786635152469179
 596   0.305251004205807809133148908733   0.363267365378084165694740311192
 597   0.444934571302773550000092666878   0.363342443367217861383042773403
 598   0.375049138947155426127292377202   0.363457397539902484644501849151
 599  -0.165653907911966480210178715292   0.379067925357867986532516555857
 600   0.043806589629510186378317863690   0.379067925358781552424368527456
 601  -0.026013576217902333590949480060   0.379067925358887191023222898260
 602  -0.235474073760070656702904172943   0.379067925358960332173686159440
 603  -0.305294239607693652519044242073   0.379067925359100544415550021930
 604  -0.095833742065152003894356271950   0.379067925359128171144068474541
 605  -0.375114405455244752350881257435   0.379067925359234933179565705504
 606  -0.444934571302772752529808406326   0.379067925359242226324145094292
 607   0.113723826011307043458489857970   0.379223377007650633245832689144
 608   0.183933861137886559869447975604   0.379913863373292797397346415294
 609   0.256840324585669412186191693411   0.381044522169854616265662400423
 610   0.479844654226535354707145852981   0.383497789140694027959632897552
 611   0.340111610764372461087073311000   0.383565131809791319202729139674
 612   0.409899768520647142785241791658   0.383715370570846444712316586033
 613  -0.200563990835988936657456771927   0.399223271131853976853903053734
 614   0.008896506705834421630427051174   0.399223271132378332305565219732
 615  -0.270384156683916042779660672932   0.399223271132520923596985389449
 616  -0.130743824988924500060570449978   0.399223271132562513538943571270
 617  -0.340204322531462843013581715991   0.399223271132647865238960151295
 618  -0.479844654226537488609691499810   0.399223271132692673613046098410
 619  -0.410024488379004554075163073845   0.399223271132692673613046118752
 620  -0.060923659141457603773832076344   0.399223271132692673613046423148
 621   0.078724465323497327439669046332   0.399223292118397132734585663168
 622   0.148634153653439948105356275691   0.399378767804232523186133274328
 623   0.221075557282597073510702762833   0.399641115211276250879720830096
 624   0.291982900418132951319309132776   0.401331906290469433809025772813
 625   0.444934571302772772422616109201   0.403653134914140791937824343614
 626   0.374975946669439883149413421050   0.403846901071440293529830104151
 627   0.043806589629666434224183300124   0.419378616905704482979149785366
 628  -0.235474073760125916339681954589   0.419378616905919623217046756477
 629  -0.305294239607669083543120369011   0.419378616906040272265640142962
 630  -0.165653907912668477747381377941   0.419378616906066164498403843059
 631  -0.095833742065228625894111862747   0.419378616906124462885470480429
 632  -0.375114405455192117452606529144   0.419378616906172323173714677930
 633  -0.444934571302752395925932233232   0.419378616906176163994006287181
 634  -0.026013576217662696674144989019   0.419378616906284536903175562616
 635   0.113716021561029938179983120406   0.419534067799073690675289910023
 636   0.184016942392945524414507588893   0.420224469303951547971671657126
 637   0.256996743641843241402946804711   0.421354910236332337740111000665
 638   0.326815967768259474628147172554   0.421620062243456225544922070173
 639   0.479844654226538534722609215090   0.423808480687616958514414464451
 640   0.409446825569471107979135637672   0.424843895609738631793864596893
 641  -0.270384156683888208365269950672   0.439533962679454995541741935397
 642  -0.200563990836442151059666869513   0.439533962679502545770116739410
 643  -0.340204322531404051117561918012   0.439533962679600445786943377575
 644  -0.479844654226533390014652387266   0.439533962679615604167827658927
 645  -0.410024488378970259711879947320   0.439533962679615604167827670407
 646  -0.130743824988965381115479807876   0.439533962679615604167827673471
 647  -0.060923659141491870672724749568   0.439533962679615604167827969315
 648   0.008896506706172641158374973599   0.439533962679616447059246007299
 649   0.078716660873238832487603296263   0.439533982909820193767140891389
 650   0.148626078521415826889745390024   0.439689458542340777549298631245
 651   0.221231976338770902727457874134   0.439951503277753972354169430338
 652   0.291829810991969764711784844489   0.441643066189319129476007298024
 653   0.361657413489337505249791869276   0.441893826399535806386500064243
 654   0.444934571302776158252735247571   0.443963826461063722492605906445
 655  -0.305294239607600849097799421395   0.459689308452994247023717864780
 656  -0.235474073760183126203647111296   0.459689308453000996172808622721
 657  -0.165653907912736403235749674458   0.459689308453047393440268912425
 658  -0.444934571302733023917641441175   0.459689308453126489587646978847
 659  -0.375114405455125484058218903177   0.459689308453136320033680702886
 660  -0.095833742065177463108741584527   0.459689308453195361993869592137
 661  -0.026013572096513131597218787215   0.459689315590975585323990110127
 662   0.043823195832715592477554532910   0.459718084337848796803167062626
 663   0.114294934353033909260436932926   0.460818084141107465711010680144
 664   0.189633954582729110246667549179   0.464981822374718624613866215785
 665   0.479779376797000000000000000000   0.465448040390000000000000000000
 666   0.266881402122674291742556787450   0.473305800560842110559364112354
 667   0.386765909271268433576932642409   0.473429762925345858632202799216
 668  -0.340204322531322898078692653237   0.479844654226531792235784410626
 669  -0.270384156683893213222027892662   0.479844654226538328137685996260
 670  -0.410024488378933454790000902162   0.479844654226538534722609216877
 671  -0.200563990836473158457127368757   0.479844654226538534722609219410
 672   0.426562906929195423773199572748   0.479844654226538534722609219633
 673  -0.479844654226534458178042581769   0.479844654226538534722609219637
 674  -0.130743824988999648014371980291   0.479844654226538534722609219637
 675  -0.060923659141333676890903308838   0.479844654226538534722609219637
 676   0.008896514949659278812354080363   0.479844654226538534722609219637
 677   0.078757046349155599734259163526   0.479844654226538534722609219637
 678   0.152163324986528149834105674805   0.479844654226538534722609219637
 679   0.227104584178930070659229423554   0.479844654226538534722609219637
 680   0.306658220066418512825884151345   0.479844654226538534722609219637
 681   0.346968911613341443380665712070   0.479844654226538534722609219637
