   1  -0.479555200069656938529251360400  -0.479555200069656938529251360400
   2  -0.408732335609787286812562415580  -0.479555200069656938529251360400
   3  -0.337909471149917635095873470760  -0.479555200069656938529251360400
   4  -0.267086606690047983379184525941  -0.479555200069656938529251360400
   5  -0.196263742230178331662495581121  -0.479555200069656938529251360400
   6  -0.125440877770308679945806636301  -0.479555200069656938529251360400
   7  -0.054618013310439028229117691481  -0.479555200069656938529251360400
   8   0.016204851149430623487571253339  -0.479555200069656938529251360400
   9   0.087027715609300275204260198159  -0.479555200069656938529251360400
  10   0.157850580069169926920949142979  -0.479555200069656938529251360400
  11   0.229710268411745737404539598748  -0.479555200069656938529251360400
  12   0.301621062365553747208025703699  -0.479555200069656938529251360400
  13   0.372443926825423398924714648519  -0.479555200069656938529251360400
  14   0.443266791285293050641403593339  -0.479555200069656938529251360400
  15   0.479555200069656938529251360400  -0.460710817228451328455885527317
  16   0.265665665388649742306282651223  -0.460082942753149821514227482121
  17   0.193780424240457832162744370864  -0.460035833415126593689486528839
  18  -0.444143767839722112670906887990  -0.459110400139313877058502720800
  19  -0.373320903379852460954217943170  -0.459110400139313877058502720800
  20  -0.302498038919982809237528998351  -0.459110400139313877058502720800
  21  -0.231675174460113157520840053531  -0.459110400139313877058502720800
  22  -0.160852310000243505804151108711  -0.459110400139313877058502720800
  23  -0.090029445540373854087462163891  -0.459110400139313877058502720800
  24  -0.019206581080504202370773219071  -0.459110400139313877058502720800
  25   0.051616283379365449345915725749  -0.459110400139313877058502720800
  26   0.122439147839235101062604670569  -0.459110400139313877058502720800
  27   0.337032494595488573066370176109  -0.459110400139313877058502720800
  28   0.407855359055358224783059120929  -0.459110400139313877058502720800
  29  -0.479555200069656938529251360400  -0.438665600208970815587754081200
  30  -0.408732335609787286812562415580  -0.438665600208970815587754081200
  31  -0.337909471149917635095873470760  -0.438665600208970815587754081200
  32  -0.267086606690047983379184525941  -0.438665600208970815587754081200
  33  -0.196263742230178331662495581121  -0.438665600208970815587754081200
  34  -0.125440877770308679945806636301  -0.438665600208970815587754081200
  35  -0.054618013310439028229117691481  -0.438665600208970815587754081200
  36   0.016204851149430623487571253339  -0.438665600208970815587754081200
  37   0.087027715609300275204260198159  -0.438665600208970815587754081200
  38   0.157850580069169926920949142979  -0.438665600208970815587754081200
  39   0.229710268411745737404539598748  -0.438665600208970815587754081200
  40   0.301621062365553747208025703699  -0.438665600208970815587754081200
  41   0.372443926825423398924714648519  -0.438665600208970815587754081201
  42   0.443266791285293050641403593339  -0.438665600208970815587754081200
  43   0.479555200069656938529251360400  -0.419821217367765205514388248117
  44   0.265665665388649742306282651223  -0.419193342892463698572730202921
  45   0.193780424240457832162744370864  -0.419146233554440470747989249639
  46  -0.444143767839722112670906887990  -0.418220800278627754117005441600
  47  -0.373320903379852460954217943170  -0.418220800278627754117005441600
  48  -0.302498038919982809237528998351  -0.418220800278627754117005441600
  49  -0.231675174460113157520840053531  -0.418220800278627754117005441600
  50  -0.160852310000243505804151108711  -0.418220800278627754117005441601
  51  -0.090029445540373854087462163891  -0.418220800278627754117005441601
  52  -0.019206581080504202370773219071  -0.418220800278627754117005441601
  53   0.051616283379365449345915725749  -0.418220800278627754117005441601
  54   0.122439147839235101062604670569  -0.418220800278627754117005441601
  55   0.337032494595488573066370176109  -0.418220800278627754117005441601
  56   0.407855359055358224783059120929  -0.418220800278627754117005441601
  57  -0.479555200069656938529251360400  -0.397776000348284692646256802000
  58  -0.408732335609787286812562415580  -0.397776000348284692646256802000
  59  -0.337909471149917635095873470761  -0.397776000348284692646256802000
  60  -0.267086606690047983379184525941  -0.397776000348284692646256802001
  61  -0.196263742230178331662495581121  -0.397776000348284692646256802001
  62  -0.125440877770308679945806636301  -0.397776000348284692646256802001
  63  -0.054618013310439028229117691481  -0.397776000348284692646256802001
  64   0.016204851149430623487571253339  -0.397776000348284692646256802001
  65   0.087027715609300275204260198159  -0.397776000348284692646256802001
  66   0.157850580069169926920949142979  -0.397776000348284692646256802001
  67   0.229710268411745737404539598748  -0.397776000348284692646256802001
  68   0.301621062365553747208025703699  -0.397776000348284692646256802001
  69   0.372443926825423398924714648519  -0.397776000348284692646256802001
  70   0.443266791285293050641403593339  -0.397776000348284692646256802001
  71   0.479555200069656938529251360400  -0.378931617507079082572890968918
  72   0.265665665388649742306282651223  -0.378303743031777575631232923722
  73   0.193780424240457832162744370864  -0.378256633693754347806491970440
  74  -0.444143767839722112670906887990  -0.377331200417941631175508162400
  75  -0.373320903379852460954217943170  -0.377331200417941631175508162400
  76  -0.302498038919982809237528998351  -0.377331200417941631175508162401
  77  -0.231675174460113157520840053531  -0.377331200417941631175508162401
  78  -0.160852310000243505804151108711  -0.377331200417941631175508162401
  79  -0.090029445540373854087462163891  -0.377331200417941631175508162401
  80  -0.019206581080504202370773219071  -0.377331200417941631175508162401
  81   0.051616283379365449345915725749  -0.377331200417941631175508162401
  82   0.122439147839235101062604670569  -0.377331200417941631175508162401
  83   0.337032494595488573066370176109  -0.377331200417941631175508162401
  84   0.407855359055358224783059120929  -0.377331200417941631175508162401
  85  -0.479555200069656938529251360400  -0.356886400487598569704759522800
  86  -0.408732335609787286812562415580  -0.356886400487598569704759522800
  87  -0.337909471149917635095873470760  -0.356886400487598569704759522801
  88  -0.267086606690047983379184525941  -0.356886400487598569704759522801
  89  -0.196263742230178331662495581121  -0.356886400487598569704759522801
  90  -0.125440877770308679945806636301  -0.356886400487598569704759522801
  91  -0.054618013310439028229117691481  -0.356886400487598569704759522801
  92   0.016204851149430623487571253339  -0.356886400487598569704759522801
  93   0.087027715609300275204260198159  -0.356886400487598569704759522801
  94   0.157850580069169926920949142979  -0.356886400487598569704759522801
  95   0.229710268411745737404539598748  -0.356886400487598569704759522801
  96   0.301621062365553747208025703699  -0.356886400487598569704759522801
  97   0.372443926825423398924714648519  -0.356886400487598569704759522801
  98   0.443266791285293050641403593339  -0.356886400487598569704759522801
  99   0.479555200069656938529251360400  -0.338042017646392959631393689718
 100   0.265665665388649742306282651224  -0.337414143171091452689735644522
 101   0.193780424240457832162744370864  -0.337367033833068224864994691240
 102  -0.444143767839722112670906887990  -0.336441600557255508234010883200
 103  -0.373320903379852460954217943170  -0.336441600557255508234010883201
 104  -0.302498038919982809237528998350  -0.336441600557255508234010883201
 105  -0.231675174460113157520840053531  -0.336441600557255508234010883201
 106  -0.160852310000243505804151108711  -0.336441600557255508234010883201
 107  -0.090029445540373854087462163891  -0.336441600557255508234010883201
 108  -0.019206581080504202370773219071  -0.336441600557255508234010883201
 109   0.051616283379365449345915725749  -0.336441600557255508234010883201
 110   0.122439147839235101062604670569  -0.336441600557255508234010883201
 111   0.337032494595488573066370176109  -0.336441600557255508234010883201
 112   0.407855359055358224783059120929  -0.336441600557255508234010883201
 113  -0.479555200069656938529251360400  -0.315996800626912446763262243601
 114  -0.408732335609787286812562415580  -0.315996800626912446763262243601
 115  -0.337909471149917635095873470760  -0.315996800626912446763262243601
 116  -0.267086606690047983379184525941  -0.315996800626912446763262243601
 117  -0.196263742230178331662495581121  -0.315996800626912446763262243601
 118  -0.125440877770308679945806636301  -0.315996800626912446763262243601
 119  -0.054618013310439028229117691481  -0.315996800626912446763262243601
 120   0.016204851149430623487571253339  -0.315996800626912446763262243601
 121   0.087027715609300275204260198159  -0.315996800626912446763262243601
 122   0.157850580069169926920949142979  -0.315996800626912446763262243601
 123   0.229710268411745737404539598748  -0.315996800626912446763262243601
 124   0.301621062365553747208025703699  -0.315996800626912446763262243601
 125   0.372443926825423398924714648519  -0.315996800626912446763262243601
 126   0.443266791285293050641403593339  -0.315996800626912446763262243601
 127   0.479555200069656938529251360400  -0.297152417785706836689896410518
 128   0.265665665388649742306282651224  -0.296524543310405329748238365322
 129   0.193780424240457832162744370864  -0.296477433972382101923497412040
 130  -0.444143767839722112670906887990  -0.295552000696569385292513604001
 131  -0.373320903379852460954217943170  -0.295552000696569385292513604001
 132  -0.302498038919982809237528998350  -0.295552000696569385292513604001
 133  -0.231675174460113157520840053531  -0.295552000696569385292513604001
 134  -0.160852310000243505804151108711  -0.295552000696569385292513604001
 135  -0.090029445540373854087462163891  -0.295552000696569385292513604001
 136  -0.019206581080504202370773219071  -0.295552000696569385292513604001
 137   0.051616283379365449345915725749  -0.295552000696569385292513604001
 138   0.122439147839235101062604670569  -0.295552000696569385292513604002
 139   0.337032494595488573066370176109  -0.295552000696569385292513604002
 140   0.407855359055358224783059120929  -0.295552000696569385292513604002
 141  -0.479555200069656938529251360400  -0.275107200766226323821764964401
 142  -0.408732335609787286812562415580  -0.275107200766226323821764964401
 143  -0.337909471149917635095873470760  -0.275107200766226323821764964401
 144  -0.267086606690047983379184525940  -0.275107200766226323821764964401
 145  -0.196263742230178331662495581121  -0.275107200766226323821764964401
 146  -0.054618013310439028229117691481  -0.275107200766226323821764964401
 147   0.016204851149430623487571253339  -0.275107200766226323821764964402
 148   0.087027715609300275204260198159  -0.275107200766226323821764964402
 149   0.157850580069169926920949142979  -0.275107200766226323821764964402
 150   0.229710268411745737404539598748  -0.275107200766226323821764964402
 151   0.301621062365553747208025703699  -0.275107200766226323821764964402
 152   0.372443926825423398924714648519  -0.275107200766226323821764964402
 153   0.443266791285293050641403593339  -0.275107200766226323821764964402
 154  -0.125440877770308680423308486754  -0.275107200766226322994707498709
 155   0.479555200069656938529251360400  -0.256262817925020713748399131319
 156   0.265665665388649742306282651224  -0.255634943449719206806741086122
 157   0.193780424240457832162744370864  -0.255587834111695978982000132841
 158  -0.444143767839722112670906887990  -0.254662400835883262351016324801
 159  -0.302498038919982809237528998350  -0.254662400835883262351016324801
 160  -0.231675174460113157520840053530  -0.254662400835883262351016324801
 161  -0.090029445540373854087462163891  -0.254662400835883262351016324802
 162  -0.019206581080504202370773219071  -0.254662400835883262351016324802
 163   0.051616283379365449345915725749  -0.254662400835883262351016324802
 164   0.122439147839235101062604670569  -0.254662400835883262351016324802
 165   0.337032494595488573066370176109  -0.254662400835883262351016324802
 166   0.407855359055358224783059120929  -0.254662400835883262351016324802
 167  -0.373320903379852460954217943170  -0.254662400835883262351016324801
 168  -0.160852310000243506413475957845  -0.254662400835883261295634727787
 169  -0.479555200069656938529251360400  -0.234217600905540200880267685201
 170  -0.408732335609787286812562415580  -0.234217600905540200880267685201
 171  -0.267086606690047983379184525940  -0.234217600905540200880267685201
 172  -0.054618013310439028229117691481  -0.234217600905540200880267685202
 173   0.016204851149430623487571253339  -0.234217600905540200880267685202
 174   0.087027715609300275204260198159  -0.234217600905540200880267685202
 175   0.157850580069169926920949142979  -0.234217600905540200880267685202
 176   0.229710268411745737404539598748  -0.234217600905540200880267685202
 177   0.301621062365553747208025703699  -0.234217600905540200880267685202
 178   0.372443926825423398924714648519  -0.234217600905540200880267685202
 179   0.443266791285293050641403593339  -0.234217600905540200880267685202
 180  -0.337909471149917635095873470760  -0.234217600905540200880267685201
 181  -0.196263742230178332427272215130  -0.234217600905540199555635698656
 182  -0.125440877770308719461032847425  -0.234217600905540132437888214956
 183   0.479555200069656938529251360400  -0.215373218064334590806901852119
 184   0.265665665388649742306282651224  -0.214745343589033083865243806923
 185   0.193780424240457832162744370864  -0.214698234251009856040502853641
 186  -0.444143767839722112670906887990  -0.213772800975197139409519045601
 187  -0.090029445540373854087462163891  -0.213772800975197139409519045602
 188  -0.019206581080504202370773219071  -0.213772800975197139409519045602
 189   0.051616283379365449345915725749  -0.213772800975197139409519045602
 190   0.122439147839235101062604670569  -0.213772800975197139409519045602
 191   0.337032494595488573066370176109  -0.213772800975197139409519045602
 192   0.407855359055358224783059120929  -0.213772800975197139409519045602
 193  -0.373320903379852460954217943170  -0.213772800975197139409519045601
 194  -0.302498038919982809237528998350  -0.213772800975197139409519045601
 195  -0.231675174460113158515780616478  -0.213772800975197137686231440065
 196  -0.160852310000243566932448691026  -0.213772800975197033532201852842
 197  -0.479555200069656938529251360400  -0.193328001044854077938770406001
 198  -0.408732335609787286812562415580  -0.193328001044854077938770406001
 199  -0.054618013310439028229117691481  -0.193328001044854077938770406002
 200   0.016204851149430623487571253339  -0.193328001044854077938770406002
 201   0.087027715609300275204260198159  -0.193328001044854077938770406002
 202   0.157850580069169926920949142979  -0.193328001044854077938770406002
 203   0.229710268411745737404539598748  -0.193328001044854077938770406002
 204   0.301621062365553747208025703699  -0.193328001044854077938770406002
 205   0.372443926825423398924714648519  -0.193328001044854077938770406002
 206   0.443266791285293050641403593339  -0.193328001044854077938770406002
 207  -0.337909471149917635095873470760  -0.193328001044854077938770406001
 208  -0.267086606690047984628442165841  -0.193328001044854075774992701949
 209  -0.125440877770308746106469960914  -0.193328001044853963345140065312
 210  -0.196263742230178413716800906866  -0.193328001044853935816544602041
 211   0.479555200069656938529251360400  -0.174483618203648467865404572919
 212   0.265665665388649742306282651224  -0.173855743728346960923746527723
 213   0.193780424240457832162744370864  -0.173808634390323733099005574441
 214  -0.444143767839722112670906887990  -0.172883201114511016468021766402
 215  -0.090029445540373854087462163891  -0.172883201114511016468021766402
 216  -0.019206581080504202370773219071  -0.172883201114511016468021766402
 217   0.051616283379365449345915725749  -0.172883201114511016468021766402
 218   0.122439147839235101062604670569  -0.172883201114511016468021766402
 219   0.337032494595488573066370176109  -0.172883201114511016468021766402
 220   0.407855359055358224783059120929  -0.172883201114511016468021766402
 221  -0.373320903379852460954217943167  -0.172883201114511016468021766395
 222  -0.302498038919982810607112259457  -0.172883201114511014095833972967
 223  -0.160852310000243589609562394154  -0.172883201114510871312791470808
 224  -0.231675174460113262514074434622  -0.172883201114510834614405367364
 225  -0.479555200069656938529251360400  -0.152438401184167954997273126802
 226  -0.054618013310439028229117691481  -0.152438401184167954997273126802
 227   0.016204851149430623487571253339  -0.152438401184167954997273126802
 228   0.087027715609300275204260198159  -0.152438401184167954997273126802
 229   0.157850580069169926920949142979  -0.152438401184167954997273126803
 230   0.229710268411745737404539598748  -0.152438401184167954997273126803
 231  -0.408732335609787286812562415580  -0.152438401184167954997273126802
 232   0.301621062365553747208025703699  -0.152438401184167954997273126803
 233   0.372443926825423398924714648519  -0.152438401184167954997273126803
 234   0.443266791285293050641403593339  -0.152438401184167954997273126803
 235  -0.337909471149917636663604637806  -0.152438401184167952281883092856
 236  -0.196263742230178438623968701633  -0.152438401184167769734567229662
 237  -0.125440877770308793451900383794  -0.152438401184167758398951787467
 238  -0.267086606690048110385398923814  -0.152438401184167735016056912699
 239   0.479555200069656938529251360400  -0.133594018342962344923907293719
 240   0.265665665388649742306282651224  -0.132966143867660837982249248523
 241   0.193780424240457832162744370864  -0.132919034529637610157508295241
 242  -0.444143767839722112670906887990  -0.131993601253824893526524487202
 243  -0.090029445540373854087462163891  -0.131993601253824893526524487202
 244  -0.019206581080504202370773219071  -0.131993601253824893526524487202
 245   0.051616283379365449345915725749  -0.131993601253824893526524487203
 246   0.122439147839235101062604670569  -0.131993601253824893526524487203
 247   0.337032494595488573066370176109  -0.131993601253824893526524487203
 248   0.407855359055358224783059120929  -0.131993601253824893526524487203
 249  -0.231675174460113284825129876070  -0.131993601253824673029026493090
 250  -0.160852310000243646509340563895  -0.131993601253824649817987462218
 251  -0.302498038919982960232421396310  -0.131993601253824631995699170526
 252  -0.373320903192122346612285396425  -0.131993600928666795175041203785
 253  -0.479555200069656938529251360400  -0.111548801323481832055775847602
 254  -0.054618013310439028229117691481  -0.111548801323481832055775847602
 255   0.016204851149430623487571253339  -0.111548801323481832055775847603
 256   0.087027715609300275204260198159  -0.111548801323481832055775847603
 257   0.157850580069169926920949142979  -0.111548801323481832055775847603
 258   0.229710268411745737404539598748  -0.111548801323481832055775847603
 259  -0.408732335609787286175999170555  -0.111548801323481832055775847602
 260   0.301621062365553747208025703699  -0.111548801323481832055775847603
 261   0.372443926825423398924714648519  -0.111548801323481832055775847603
 262   0.443266791285293050641403593339  -0.111548801323481832055775847603
 263  -0.267086606690048134032881478465  -0.111548801323481571115918377730
 264  -0.125440877770308834652284870618  -0.111548801323481564096295285715
 265  -0.196263742230178493280237971042  -0.111548801323481552125634623681
 266  -0.337909470957940710476243419285  -0.111548800990967465160939153201
 267   0.479555200069656938529251360400  -0.092704418482276221982410014520
 268   0.265665665388649742306282651224  -0.092076544006974715040751969324
 269   0.193780424240457832162744370864  -0.092029434668951487216011016042
 270  -0.444143767839722112338406783673  -0.091104001393138770585027208002
 271  -0.090029445540373854087462163892  -0.091104001393138770585027208003
 272  -0.019206581080504202370773219071  -0.091104001393138770585027208003
 273   0.051616283379365449345915725749  -0.091104001393138770585027208003
 274   0.122439147839235101062604670569  -0.091104001393138770585027208003
 275   0.337032494595488573066370176109  -0.091104001393138770585027208003
 276   0.407855359055358224783059120929  -0.091104001393138770585027208003
 277  -0.160852310000243675492695530965  -0.091104001393138476675846806249
 278  -0.231675174460113343130449815602  -0.091104001393138449099752727047
 279  -0.302498038728005764377582517087  -0.091104001060624067622516482674
 280  -0.373320901334152063987613132926  -0.091103997849881487164143496735
 281  -0.479555200069656938479201361113  -0.070659201462795709114278568402
 282   0.016204851149430623487571253339  -0.070659201462795709114278568403
 283   0.087027715609300275204260198159  -0.070659201462795709114278568403
 284   0.157850580069169926920949142979  -0.070659201462795709114278568403
 285   0.229710268411745737404539598748  -0.070659201462795709114278568403
 286  -0.408732335609787203025913013247  -0.070659201462795709114278568402
 287  -0.054618013310439028229117691482  -0.070659201462795709114278568402
 288   0.301621062365553747208025703699  -0.070659201462795709114278568403
 289   0.372443926825423398924714648519  -0.070659201462795709114278568403
 290   0.443266791285293050641403593339  -0.070659201462795709114278568403
 291  -0.125440877770308857730220194389  -0.070659201462795401182641491957
 292  -0.196263742230178522096208239854  -0.070659201462795379273412769488
 293  -0.267086606498070990926228725513  -0.070659201130280915380197312075
 294  -0.337909469062875166300915138418  -0.070659197847931758969753612394
 295   0.479555200069656938529251360400  -0.051814818621590099040912735320
 296   0.265665665388649742306282651224  -0.051186944146288592099254690124
 297   0.193780424240457832162744370864  -0.051139834808265364274513736842
 298  -0.444143767839722062208282151751  -0.050214401532452647643529928802
 299  -0.090029445540373854087462163892  -0.050214401532452647643529928803
 300  -0.019206581080504202370773219072  -0.050214401532452647643529928803
 301   0.051616283379365449345915725749  -0.050214401532452647643529928803
 302   0.122439147839235101062604670569  -0.050214401532452647643529928803
 303   0.337032494595488573066370176109  -0.050214401532452647643529928803
 304   0.407855359055358224783059120929  -0.050214401532452647643529928803
 305  -0.160852310000243704746366021799  -0.050214401532452303065505929031
 306  -0.231675174268136172506394940626  -0.050214401199937841025570229038
 307  -0.302498036832940395871034149898  -0.050214397917588601494090033217
 308  -0.373320901201175397443229676011  -0.050214397758872923820563628331
 309  -0.479555200069656929156497191763  -0.029769601602109586172781289203
 310  -0.408732335609787224990551066285  -0.029769601602109586172781289203
 311   0.016204851149430623487571253338  -0.029769601602109586172781289203
 312   0.087027715609300275204260198159  -0.029769601602109586172781289203
 313   0.157850580069169926920949142979  -0.029769601602109586172781289203
 314   0.229710268411745737404539598748  -0.029769601602109586172781289204
 315   0.301621062365553747208025703699  -0.029769601602109586172781289203
 316   0.372443926825423398924714648519  -0.029769601602109586172781289203
 317   0.443266791285293050641403593339  -0.029769601602109586172781289203
 318  -0.054618013310439028229117691483  -0.029769601602109586172781289201
 319  -0.125440877770309103936750829700  -0.029769601602108851798923997125
 320  -0.196263742038201360127575132122  -0.029769601269594756207600009674
 321  -0.267086604603005577346922013787  -0.029769597987245527320078352630
 322  -0.337909468971240628784050762721  -0.029769597828529763277954089788
 323   0.479555200069656938529251360400  -0.010925218760903976099415456120
 324   0.265665665388649742306282651224  -0.010297344285602469157757410924
 325   0.193780424240457832162744370864  -0.010250234947579241333016457642
 326  -0.444143767839722071762927703575  -0.009324801671766524702032649603
 327  -0.090029445540373854087462163894  -0.009324801671766524702032649603
 328  -0.019206581080504202370773219072  -0.009324801671766524702032649603
 329   0.051616283379365449345915725749  -0.009324801671766524702032649604
 330   0.122439147839235101062604670569  -0.009324801671766524702032649603
 331   0.337032494595488573066370176109  -0.009324801671766524702032649604
 332   0.407855359055358224783059120929  -0.009324801671766524702032649604
 333  -0.160852309808266803812305431835  -0.009324801339251227874551036424
 334  -0.231675172373070765280984046297  -0.009324798056902441960180887862
 335  -0.302498036741305814108643350644  -0.009324797898186682437790283844
 336  -0.373320900773339410266384348537  -0.009324797157152952504826392134
 337  -0.479555200069656931395277454526   0.011119998258576536768715989997
 338  -0.408732335609787214380990626237   0.011119998258576536768715989997
 339   0.016204851149430623487571253338   0.011119998258576536768715989996
 340   0.087027715609300275204260198158   0.011119998258576536768715989997
 341   0.157850580069169926920949142979   0.011119998258576536768715989997
 342   0.229710268411745737404539598748   0.011119998258576536768715989996
 343   0.301621062365553747208025703699   0.011119998258576536768715989996
 344   0.372443926825423398924714648519   0.011119998258576536768715989996
 345   0.443266791285293050641403593339   0.011119998258576536768715989996
 346  -0.054618014328002783370002148172   0.011120000021048566329478681306
 347  -0.196263740143136210797944188405   0.011120001873441089546383263559
 348  -0.267086604511371000811689657463   0.011120002032156400789925399110
 349  -0.337909468543404595702986138808   0.011120002773190128529343043193
 350  -0.125452409213137241071826079587   0.011139958972610922893771266485
 351   0.479555200069656938529251360400   0.029964381099782146842081823079
 352   0.265665665388649742306282651223   0.030592255575083653783739868276
 353   0.193780424240457832162744370864   0.030639364913106881608480821557
 354  -0.090029460076222726148825233730   0.031564798188917014564115013827
 355  -0.444143767839722066967833968673   0.031564798188919598239464629597
 356  -0.019206581080504315219974478251   0.031564798188919598239464629596
 357   0.051616283379365449345915725748   0.031564798188919598239464629596
 358   0.122439147839235101062604670569   0.031564798188919598239464629596
 359   0.337032494595488573066370176109   0.031564798188919598239464629596
 360   0.407855359055358224783059120929   0.031564798188919598239464629596
 361  -0.231675172281436444583582422930   0.031564801962499929273944191558
 362  -0.302498036313469782122123145538   0.031564802703533211265313393652
 363  -0.373320900716729532014947772092   0.031564802801584394846657765060
 364  -0.160868133599055917268405508433   0.031592188228192819003161702372
 365  -0.479555200069656932174330386572   0.052009598119262659710213269197
 366  -0.408732335609787221865958450089   0.052009598119262659710213269197
 367   0.016204851149430510932673649046   0.052009598119262659710213269196
 368   0.157850580069169926920949142978   0.052009598119262659710213269197
 369   0.229710268411745737404539598748   0.052009598119262659710213269196
 370   0.301621062365553747208025703699   0.052009598119262659710213269196
 371   0.372443926825423398924714648519   0.052009598119262659710213269196
 372   0.443266791285293050641403593339   0.052009598119262659710213269196
 373   0.087027715609300265104414148315   0.052009598119262677203659776148
 374  -0.054618028897230301650324838795   0.052009600021887627075396199810
 375  -0.267086604083535225963532645116   0.052009602633876739869738701557
 376  -0.337909468486794466458807738522   0.052009602731927913761742856554
 377  -0.125452413085184513221865070323   0.052029558833296862503197201798
 378  -0.196281059227302731543420823694   0.052039570285443759077934355869
 379   0.479555200069656938529251360400   0.070853980960468269783579102279
 380   0.265665665388649742306282651223   0.071481855435769776725237147475
 381   0.193780424240457832162744370863   0.071528964773793004549978100757
 382  -0.090029462568645499396720485518   0.072454398049603061542882139515
 383  -0.019206595552530783228286249042   0.072454398049603160144038041655
 384  -0.444143767839722083522692439582   0.072454398049605721180961908797
 385   0.051616283379365337506328106803   0.072454398049605721180961908796
 386   0.122439147839235101062604670568   0.072454398049605721180961908796
 387   0.337032494595488573066370176109   0.072454398049605721180961908796
 388   0.407855359055358224783059120929   0.072454398049605721180961908796
 389  -0.373320900716729568865904601764   0.072454402662270518281582515318
 390  -0.302498036231673902456089211717   0.072454402705894889244637496083
 391  -0.160868137624552332401632607314   0.072481790329374327880502870555
 392  -0.231695187227769858892854969656   0.072489031085580895364524323480
 393   0.016204836699593753075575489347   0.092899197979946229462353840161
 394  -0.479555200069656938529251360400   0.092899197979948782651710548396
 395  -0.408732335609787256847740919046   0.092899197979948782651710548397
 396   0.229710268411745737336727969817   0.092899197979948782651710548396
 397   0.443266791285293050641403593339   0.092899197979948782651710548396
 398   0.301621062365553747140214074769   0.092899197979948782651710548397
 399   0.372443926825423398890808834054   0.092899197979948782710437141720
 400   0.157850580069169871108803824254   0.092899197979948882073205943387
 401   0.087027715466896692492441808590   0.092899198226598827802853731660
 402  -0.054618031203876452821953333728   0.092899201202601242133630649259
 403  -0.337909468486795006865848014606   0.092899202592614036768291770306
 404  -0.125452415817756983922411120068   0.092919158693982894138441386434
 405  -0.196281064857140019106274917931   0.092929170847458203555954428968
 406  -0.267108985099789406240841533007   0.092937918926307029751892316309
 407   0.479555200069656938529251360400   0.111743580821154392725076381479
 408   0.265665665388649742238471022293   0.112371455296455899666734426675
 409   0.193780424240457832052882952264   0.112418564634479127491475379957
 410  -0.090029465687423438140187311988   0.113343997910289065544895242631
 411  -0.019206597009175308092041357617   0.113343997910289257139900256624
 412   0.051616268985790672524866736331   0.113343997910289310776665364345
 413  -0.444143767839722112670906887990   0.113343997910291844122459187996
 414   0.122439147839234987265371370191   0.113343997910291844122459187995
 415   0.337032494595488572998558547179   0.113343997910291844122459187996
 416   0.407855359055358224783059120929   0.113343997910291844122459187995
 417  -0.373320899563071886007274723640   0.113344004521151146327488010757
 418  -0.160870381475502996969163637044   0.113375267766246352426152222712
 419  -0.231695193401736204931045042087   0.113378631593284195625486167070
 420  -0.302520819271846554322832346157   0.113383413182928491895333029629
 421   0.016204835434051601854345394084   0.133788797840632332819446503341
 422   0.229710268411498402509094208555   0.133788797840634905593207079550
 423   0.301621062365306412312580313508   0.133788797840634905593207079554
 424  -0.479555200069656938529251360400   0.133788797840634905593207827596
 425  -0.408732335609787286812562415580   0.133788797840634905593207827596
 426   0.443266791285293050641403593339   0.133788797840634905593207827595
 427   0.372443926825423366441389217453   0.133788797840634961738524686348
 428   0.087027701009619487868029746044   0.133788798232588101388729968227
 429  -0.054618035138529927294296332053   0.133788802806637485931530939750
 430   0.157850573026979104944066486032   0.133788810455088432636482299016
 431  -0.125452422316815016146833904201   0.133808758554668500594628829781
 432  -0.196281817088908733402022402667   0.133820063903498975729890462552
 433  -0.267108987118943800338987359322   0.133827520410725584147109652751
 434  -0.337936783287536533654379713958   0.133836044247991829700604793254
 435   0.479555200069656938529251360400   0.152633180681840515666573660678
 436   0.265665665388402407410837261031   0.153261055157142022608230957830
 437   0.193780424239884367329821353125   0.153308164495165250432968637819
 438  -0.090029471813545608394255329940   0.154233597770974729575410600462
 439  -0.019206599929376075684646446773   0.154233597770975275805829272714
 440   0.051616267977546827524034191653   0.154233597770975421287671095015
 441   0.122439133486769857502510446905   0.154233597770975448168491570261
 442   0.337032494595241238170924785920   0.154233597770977967063955719150
 443  -0.444143767839722112670906887990   0.154233597770977967063956467196
 444   0.407855359055358224738980148182   0.154233597770977967063956467195
 445  -0.231695195390135360982816449873   0.154268233024418913325006802005
 446  -0.160872438462210219376013657348   0.154268420366504237550700401783
 447  -0.302520831034289819795799452511   0.154273013268929636469968052276
 448  -0.373348225032251267900798291353   0.154280847406350049715991475891
 449   0.016204832568036043775643653629   0.174678397701318355319203008174
 450   0.229710268344770282569981385858   0.174678397701321028480257237651
 451  -0.479555200069656938529251360400   0.174678397701321028534705106796
 452   0.443266791285293050632862515043   0.174678397701321028534705106795
 453   0.301621062298578292533109789483   0.174678397701321028775035707853
 454   0.372443926825176027277878294493   0.174678397701321092189980756948
 455   0.087027699453428363121863986931   0.174678399157631799552304467459
 456  -0.054618041072316131478844193402   0.174678403024454034577165610398
 457   0.157850572346717512327491947257   0.174678410746354030751105216203
 458  -0.125452429878258881557301576953   0.174698358415353924392168665584
 459  -0.196283871229504208773018994433   0.174713220135144198105434579934
 460  -0.267109398930154384121436925421   0.174717813417163631752436424992
 461  -0.408759657262186093759142763766   0.174725647336693111186740115495
 462  -0.337936792899018733920762336818   0.174725647504186393013537241378
 463   0.479555200069656938520710282107   0.193522780542526638608070939878
 464   0.265665665321674287471724438333   0.194150655017828145495281115930
 465   0.193780424150131989622107028748   0.194197764355851373275963005133
 466  -0.090029477903091864095088639806   0.195123197631660399069408678602
 467  -0.019206605601510543955537492969   0.195123197631661005332992151932
 468   0.051616265802324512698142164198   0.195123197631661486371031647059
 469   0.122439132554699980687439788591   0.195123197631661560486819899092
 470   0.337032494528513118566421380476   0.195123197631664089951005877797
 471   0.407855359055117700821772333857   0.195123197631664090005453038981
 472  -0.231695310366487006668763012991   0.195158011752105151376720326829
 473  -0.160874357995169969878410061050   0.195161343503182913867587847130
 474  -0.302520838976861233377108422686   0.195162613633008923275438826522
 475  -0.444171089492120919617487236176   0.195170447267036172657488755095
 476  -0.373348225128953559779106809229   0.195170447434529454484285880978
 477   0.016204827027483265754921903337   0.215567997562004102887436784886
 478   0.229710267753062284733967344337   0.215567997562007147140490382499
 479   0.301621061706870296130088591890   0.215567997562007150081280854853
 480   0.443266791285167183817641133752   0.215567997562007151476202192273
 481   0.372443926758447907945512106161   0.215567997562007216018008377719
 482   0.087027696875923516547049083357   0.215567999758366628951837708305
 483  -0.054618046648109824488421635732   0.215568003349356605782876751685
 484   0.157850570383112885531778503121   0.215568010677446763709977267806
 485  -0.125452432783680948676171255950   0.215587958276039944110873145857
 486  -0.196285798537077529307057275189   0.215606137553017392743545170785
 487  -0.267109406960258897248628974101   0.215607413932854691411418192627
 488  -0.408759658141392190266025016487   0.215615248720208787983889620497
 489  -0.337937087079015453446540920485   0.215615756891107710261828870484
 490  -0.479555200069656938529251360400   0.215662496832751316780272403394
 491   0.479555200069531215107403352565   0.234412380403212761549568025797
 492   0.265665664729966289635710396813   0.235040254878514264155514260778
 493   0.193780423374080070283423832200   0.235087364216537488853037747047
 494  -0.090029482669625366053360572616   0.236012797492346244191586342315
 495  -0.019206610901447451179193316347   0.236012797492346784796791969503
 496   0.051616261211680670903340527730   0.236012797492347351618507047721
 497   0.122439130474388047505845164181   0.236012797492347630509020412335
 498   0.337032493936805124205827726073   0.236012797492350208611239072937
 499   0.407855358994100968155346884695   0.236012797492350212901424785062
 500  -0.160874369702256180425018571448   0.236050943363868366197713034796
 501  -0.231697438578625865668936856990   0.236051285193094153576171843579
 502  -0.302520839270175492256274361569   0.236052213724665264410541906804
 503  -0.373348545493828041811221167377   0.236060602173464249106288415890
 504  -0.444143768749768520747629728750   0.236107298339340913268834375222
 505   0.016204822215335872419642598184   0.256457597422689942666924481204
 506   0.229710266640146171153880228327   0.256457597422693254936543831407
 507   0.301621060593954189120432120307   0.256457597422693270009591919798
 508   0.443266791258173891794785381431   0.256457597422693274408789653123
 509   0.372443926166739915972482903638   0.256457597422693338746861498265
 510   0.087027691996950521462064501925   0.256457600115104873567377167196
 511  -0.054618053290158886652495736152   0.256457605576424440575556924033
 512   0.157850565869108882427945811812   0.256457610578617493163795664232
 513  -0.125452444490766579492394184111   0.256477558136724391126775234276
 514  -0.196285807108272373029935637234   0.256495740025025787689167572287
 515  -0.267110062293502506573531517149   0.256498148544950420749747640926
 516  -0.337937087079934748525742637714   0.256505356751793833203315815718
 517  -0.479555199192618747095314579391   0.256552106655378094002799989956
 518  -0.408732661571412044034798383024   0.256552661265197059851195097756
 519   0.479555200060094554272593977021   0.275301980263898884489976390358
 520   0.265665663617050176055623280802   0.275929854739200371951567709687
 521   0.193780422183008719681015654374   0.275976964077223594447202610923
 522  -0.090029492809169508695947589119   0.276902397353031109963096988219
 523  -0.019206616168653518692619992499   0.276902397353032568489924723562
 524   0.051616257041451331502947860627   0.276902397353033261904307004770
 525   0.122439125892894917214697940565   0.276902397353033496782815214379
 526   0.337032492823889025470933276034   0.276902397353036316407292925896
 527   0.407855358491954014907546457685   0.276902397353036332759600589912
 528  -0.160874376765803418371858642725   0.276940543224555287129032797047
 529  -0.302525595612623589279347353033   0.276950054079648104144355472453
 530  -0.231703545975523923643984270119   0.276951460721508498582761522413
 531  -0.373321197657579482005801334939   0.276997406317321257288940089501
 532  -0.444144176078509262985592822801   0.276997622879234249213094305872
 533   0.016204816733356976644373590120   0.297347197283375698129983280750
 534   0.229710265329531319015660508822   0.297347197283379356873784569853
 535   0.301621059283339346986053215287   0.297347197283379390418859908707
 536   0.443266790921214341871906052084   0.297347197283379395961893078249
 537   0.372443925053823831877263380480   0.297347197283379448781863138052
 538   0.087027687600720367047854173683   0.297347200420070748505774818138
 539  -0.054618063961487736336290424354   0.297347207939416323847466224403
 540   0.157850562116338128004873851932   0.297347210740460914371706725062
 541  -0.125452451554313005440514705861   0.297367157997409903965846939292
 542  -0.196285810883203813618884253819   0.297385339885711736379664233997
 543  -0.267114976875288833281343425203   0.297396262955773264562139538201
 544  -0.337909774539960246952034730546   0.297442222030649773862532946216
 545  -0.408732644469787966514147471886   0.297442262415173674400583484519
 546  -0.479555074359904511454765235019   0.297444279597758282098010088417
 547   0.479555200069655258130308298085   0.316191580124585007430355939639
 548   0.265665662306435323917403561297   0.316819454599886473888808448132
 549   0.193780420081920729785762197408   0.316866563937909663407115864810
 550  -0.090029502499285645606657898410   0.317791997213716084711030785051
 551  -0.019206625385223887980448148326   0.317791997213717652717792357939
 552   0.051616251739828424656104185818   0.317791997213719041149539926203
 553   0.122439121879299225489607542564   0.317791997213719422743290038986
 554   0.337032491513274194445578031477   0.317791997213722418344534341062
 555   0.407855357926442075036042101973   0.317791997213722451790522133145
 556  -0.231703670517378299599755674940   0.317841280901307761424778365496
 557  -0.160882824180946914412376157642   0.317844760926563399968022996923
 558  -0.373321439578627639498266062251   0.317887466962098055632199459504
 559  -0.302499087449823787821764184002   0.317888312526670418088494603808
 560  -0.444141557415866828386720232603   0.317891894747872278935509530456
 561   0.016204808171733646640068046774   0.338236797144060924738497422208
 562   0.229710263880717310660187204579   0.338236797144065454147850057610
 563   0.301621057834525348872368531117   0.338236797144065506604321728315
 564   0.443266791285293052207578744265   0.338236797144065517282522119910
 565   0.372443923743209009969092489123   0.338236797144065551701693279085
 566   0.087027682071460331430121513363   0.338236801262314195838367526631
 567   0.157850557975843049005318680114   0.338236811160339647545141224370
 568  -0.054618081169251901806648225241   0.338236816023229995488178377328
 569  -0.125452473377795628409379680755   0.338256757858090203123357364551
 570  -0.196296889311475720583744289711   0.338294134526275757981898309826
 571  -0.267088233458640494657192784541   0.338334113963203074623875254760
 572  -0.337909145941671135953709086958   0.338335491656588855660648567385
 573  -0.479554497993454905636749346897   0.338335648000042448751493803354
 574  -0.408728777041207436546806497666   0.338340041989051399249281486841
 575   0.479555200069656938529251360400   0.357081179985271130371853218804
 576   0.265665660857621315561930257055   0.357709054460572571162873935890
 577   0.193780417017523705109244274786   0.357756163798595671520769916874
 578  -0.090029524322768268575522873304   0.358681597074396383868541210310
 579  -0.019206638039429188955128732229   0.358681597074401817595230013292
 580   0.051616245318277891744660431350   0.358681597074404659851433648134
 581   0.122439117385573175414590549022   0.358681597074405298756792401094
 582   0.337032490064460207859624949747   0.358681597074408515618600600165
 583   0.407855359055358215030104634721   0.358681597074408559147963130536
 584  -0.160882816866086898657142109718   0.358734360787248868621177611998
 585  -0.302497533022784360709033144301   0.358783347929210659827727482613
 586  -0.444141088226147205312251591968   0.358784390413852083176972136104
 587  -0.231680999781832536265077849296   0.358786184277059786682917802501
 588  -0.373315677954897082487259455629   0.358788776663243136528136726787
 589   0.016204794190505764878937161426   0.379126397004744657405527016013
 590   0.372443926825423360043857035364   0.379126397004751570167703636319
 591   0.229710263209084011329467024900   0.379126397004751571573381292794
 592   0.301621057162892055370876217900   0.379126397004751634793484452171
 593   0.443266791285293052207578744265   0.379126397004751640224019399110
 594   0.087027676044996145771977060757   0.379126401987050993233131202493
 595   0.157850553021255590667246741870   0.379126411234459225434106647339
 596  -0.125452466062935612654145632830   0.379146357718775671776511979626
 597  -0.479553159993285652396458706794   0.379230140691227861057060937801
 598  -0.196263734753514935165375134788   0.379231922257094431955292151705
 599  -0.408728344191800552423713006636   0.379231937399195288296521237297
 600  -0.267095615037700040339162829943   0.379244798410384617539558183890
 601  -0.337889774382049090079598856401   0.379261531549437375457675809435
 602  -0.056384072154543127828414198240   0.381918269064220933181416882197
 603   0.479555200069656938529251360400   0.397970779845957253313350498004
 604   0.265665660185988016231210077376   0.398598654321258688588405171073
 605   0.193780415458563326787867388299   0.398645763659281764743738897236
 606  -0.019500866112591756180174596360   0.399570138337303159300437742932
 607   0.051616226420441343061936618812   0.399571196935086415811749434854
 608   0.122439112272819263116142514832   0.399571196935091102054020027558
 609   0.337032494595488393241130188889   0.399571196935094387515620962622
 610   0.407855359055358215030104634721   0.399571196935094682089460409736
 611  -0.160838849282636704812992728948   0.399658302109462762546002079848
 612  -0.231675708747755167881672572772   0.399675783795421188663084046523
 613  -0.444140429788717380132483084632   0.399677663723354363246422587646
 614  -0.373315886602798127312679697791   0.399681110648743953754522570828
 615  -0.302482980812779141424746800475   0.399731407436648195466099894960
 616  -0.091794471309339561906655882195   0.402364858228798349117212292918
 617   0.015910566117343197653891297295   0.420014938267645999110734745654
 618   0.229710268411745511298893632480   0.420015996865437363529899806173
 619   0.301621062365553567382785716479   0.420015996865437448986369602222
 620   0.372443926825423362771627183674   0.420015996865437697833837403762
 621   0.443266791285293052207578744265   0.420015996865437763165516678310
 622   0.157850500351881969260653681181   0.420016086903682832806194172593
 623   0.087000822863746485308117857880   0.420062407521858971889132311568
 624  -0.479553091226000000000000000000   0.420123787222000000000000000000
 625  -0.408730350978930851312542813918   0.420125549324023524980531615248
 626  -0.056382006094673660171844284290   0.422807868872710367949238576910
 627  -0.127989819320000000000000000000   0.424036670498000000000000000000
 628  -0.335711668979600327567815924738   0.424521722361990056389358947946
 629  -0.258300241828182631577625967071   0.430709533408000173245089191022
 630  -0.205336986251818575002887516142   0.430959954711856145695949667472
 631   0.479555200069656938529251360400   0.438860379706643376254847777203
 632   0.265665665388649516200636684955   0.439488254181944480544923684452
 633   0.193780424240457191149617078802   0.439535363519966944637858509809
 634  -0.165523409110334282055680744526   0.440278669857524136418937466263
 635  -0.298027148915836296975456197623   0.440391074092000606140499127640
 636   0.051321998347278775836890754680   0.440459738197987757516957164494
 637   0.122439009778457006247712606195   0.440460796795648768195618918090
 638   0.337032494595488393241130188889   0.440460796795780510457118241822
 639   0.407855359055358215030104634721   0.440460796795780805030957688936
 640  -0.019499736479155734417486251423   0.440461694655674971619583143302
 641  -0.373319650474411801680859659278   0.440571616587589810346653790366
 642  -0.444141020372000000000000000000   0.440571854257000000000000000000
 643  -0.091792405249470094250085968245   0.443254458037287783885033987631
 644  -0.231965922231466922714569272108   0.461989926438540208158358903767
 645   0.232525198487000000000000000000   0.469626941702000000000000000000
 646   0.435720715584495978006505263400   0.470385390064045322044622354424
 647   0.022634324439000000000000000000   0.470949480813000000000000000000
 648  -0.479139152111000000000000000000   0.473561587698000000000000000000
 649  -0.350342734624111828002373247296   0.474394991859363862586692383411
 650   0.314404739820383401751036266389   0.474518748739559159529986526339
 651   0.144791271142981337793361782963   0.474700186227398503657634035369
 652  -0.072373821356915897611564468530   0.479238871001442935003949030498
 653  -0.431795022095331009329290969808   0.479553851629188165846084423976
 654  -0.390905422256879045006529322861   0.479555200069656938529251360400
 655  -0.113262197610903111489424093285   0.479555200069656938529251360399
 656  -0.309780046991344610998217171731   0.479555200069656938529251360400
 657  -0.268890447130658488056719892531   0.479555200069656938529251360400
 658  -0.195041397332275357372418651685   0.479555200069656938529251360400
 659  -0.154151797471589234430921372485   0.479555200069656938529251360400
 660  -0.031485445102928683733704843776   0.479555200069656938529251360400
 661   0.063301323779367341587539657851   0.479555200069656938529251360400
 662   0.104190923640053464529036937051   0.479555200069656938529251360400
 663   0.185391618645909211057686628875   0.479555200069656938529251360400
 664   0.273826500149759702830936399104   0.479555200069656938529251360400
 665   0.354982979491007100671136133674   0.479555200069656938529251360400
 666   0.395872579351693223612633412874   0.479555200069656938529251360400
 667   0.475568851817298732400377113926   0.479555200069656938529251360400
