   1  -0.195380383716816497014106707095  -0.479457390614859713672723848604
   2  -0.053057010939877293059119441710  -0.479457390614859713672723848604
   3   0.018104675410331168481640255918  -0.479457390614859713672723848604
   4   0.089266361760539630022399953547  -0.479457390614859713672723848604
   5   0.160428048110748091563159651176  -0.479457390614859713672723848604
   6   0.231589734460956553103919348805  -0.479457390614859713672723848604
   7   0.302751420811165014644679046433  -0.479457390614859713672723848604
   8   0.373913107161373476185438744062  -0.479457390614859713672723848604
   9   0.443876547439755482902343999789  -0.479457390614859713672723848604
  10  -0.337704245054364289768155862572  -0.479457390614859713672722088553
  11  -0.124218697339707790732898468033  -0.479457390614859713672704090086
  12  -0.266542298302140792251908984646  -0.479457390611874373074991628695
  13  -0.479457278925123949450021941984  -0.479457260742576750104163543210
  14  -0.408091522371468476607851377162  -0.479457259920642225543131763152
  15  -0.443774360630970468664236972503  -0.459091984270417696759920071602
  16  -0.302123271569049145008842110289  -0.458915006513386597590423652500
  17  -0.230961341005198095151650002972  -0.458914978868522566957947444099
  18  -0.088637854126498336644386029525  -0.458914781249667132295005220853
  19  -0.159799540528928003284087223261  -0.458914781245249704127286905920
  20  -0.017476167764773062288739592896  -0.458914781229719427345447697207
  21   0.053685518585435399252020104733  -0.458914781229719427345447697207
  22   0.124847204935643860792779802361  -0.458914781229719427345447697207
  23   0.196008891285852322333539499990  -0.458914781229719427345447697207
  24   0.267170577636060783874299197619  -0.458914781229719427345447697207
  25   0.338332263986269245415058895248  -0.458914781229719427345447697207
  26   0.479457390614859713672723848604  -0.458914781229719427345447697207
  27  -0.372720168964063671052289433625  -0.457965990610393781096720353880
  28   0.408894827300564479543891371926  -0.457910361643209500121248701280
  29  -0.124218697290085754602226686425  -0.438372171844579141048064321491
  30  -0.195380383702301485150596716218  -0.438372171844579141020735552718
  31  -0.053057010939877293059119441710  -0.438372171844579141018171545811
  32   0.018104675410331168481640255918  -0.438372171844579141018171545811
  33   0.089266361760539630022399953547  -0.438372171844579141018171545811
  34   0.160428048110748091563159651176  -0.438372171844579141018171545811
  35   0.231589734460956553103919348805  -0.438372171844579141018171545811
  36   0.302751420811165014644679046433  -0.438372171844579141018171545811
  37  -0.266542070147476224446814366218  -0.438372171836239533821823460671
  38  -0.479457304566661857625813816729  -0.438371854746247942498771966406
  39  -0.408573746732647089831887597586  -0.437903185158664057271187281530
  40  -0.337139195607823339908187785708  -0.437423606707245374697045739639
  41   0.373313984125460248773511523111  -0.437367752258069213793972549883
  42   0.444475670475668710314271220740  -0.437367752258069213793972549883
  43  -0.230961226924289241836337559177  -0.417829562523253277143708074825
  44  -0.159799540473740642266395592392  -0.417829562474249026906038146200
  45  -0.088637854114981523839243852662  -0.417829562459438854707773471134
  46  -0.017476167764773062288739592896  -0.417829562459438854690895394414
  47   0.053685518585435399252020104733  -0.417829562459438854690895394414
  48   0.124847204935643860792779802361  -0.417829562459438854690895394414
  49   0.196008891285852322333539499990  -0.417829562459438854690895394414
  50   0.267170577636060783874299197619  -0.417829562459438854690895394414
  51  -0.444152441244004814289033401879  -0.417356854628145990498288038411
  52  -0.372719815547646553985978766148  -0.416880610598377080445386397178
  53  -0.301553175864271766038343083034  -0.416872923514971437734883039399
  54   0.337733140950356018003131674297  -0.416825142872928927466696398487
  55   0.408894827300564479543891371926  -0.416825142872928927466696398487
  56   0.479457390614859713672723848604  -0.415820723286419000242497402559
  57  -0.195380383640294216146003912243  -0.397286953074298568412975034470
  58  -0.124218697290085754616809466718  -0.397286953074298568392943430226
  59  -0.053057010939877293059119441710  -0.397286953074298568363619243018
  60   0.018104675410331168481640255918  -0.397286953074298568363619243018
  61   0.089266361760539630022399953547  -0.397286953074298568363619243018
  62   0.160428048110748091563159651176  -0.397286953074298568363619243018
  63   0.231589734460956553103919348805  -0.397286953074298568363619243018
  64  -0.408571501917428984776671262684  -0.396814083695217482189817430276
  65  -0.479457390614859713672723848601  -0.396343626619979626558304388320
  66  -0.337138679214067673769827253770  -0.396338387892421156376694066676
  67  -0.265972332562967351904556766636  -0.396330314081122202560945051288
  68   0.302152297775251787232751825483  -0.396282533487788641139420247090
  69   0.373313984125460248773511523112  -0.396282533487788641139420247090
  70   0.443876547439755482902343999789  -0.395278113901278713915221251162
  71  -0.159799540465189985387189315532  -0.376744343689158282065667278829
  72  -0.088637854114981523839241996410  -0.376744343689158282053217953218
  73  -0.017476167764773062288739592896  -0.376744343689158282036343091621
  74   0.053685518585435399252020104733  -0.376744343689158282036343091621
  75   0.124847204935643860792779802361  -0.376744343689158282036343091621
  76   0.196008891285852322333539499990  -0.376744343689158282036343091621
  77  -0.443876547439755482902343999784  -0.375801017234839340231028236921
  78  -0.372719299125521412707991985260  -0.375795391796205024795865906301
  79  -0.301553175773506077932166524619  -0.375787704738695454219119104861
  80  -0.230391489219279123988909532849  -0.375787704540012842089080927226
  81   0.266571454600147556462371976668  -0.375739924102648354812144095694
  82   0.337733140950356018003131674297  -0.375739924102648354812144095694
  83   0.408295704264651252131964150975  -0.374735504516138427587945099766
  84   0.479457390614859713672723848604  -0.374735504516138427587945099766
  85  -0.124218697290085754616809466717  -0.356201734304017995738391127433
  86  -0.053057010939877293059123310355  -0.356201734304017995709066940225
  87   0.018104675410331168481640255918  -0.356201734304017995709066940225
  88   0.089266361760539630022399953547  -0.356201734304017995709066940225
  89   0.160428048110748091563159651176  -0.356201734304017995709066940225
  90  -0.479457390614859713672723848602  -0.355258407849699053903752085522
  91  -0.337138455948375288839887110118  -0.355252782368346639672110186604
  92  -0.408299547627157071446741585459  -0.355251752388227729953796592994
  93  -0.265972332483354052969168836435  -0.355245095308974326216863235170
  94  -0.194810646044174893230094936138  -0.355245095154872555741773171585
  95   0.230990611425043325691992127854  -0.355197314717508068484867944298
  96   0.302152297775251787232751825483  -0.355197314717508068484867944297
  97   0.372714861089547021361584302160  -0.354192895130998141260668948370
  98   0.443876547439755482902343999789  -0.354192895130998141260668948369
  99  -0.088637854114981523839244603337  -0.335659124918877709398663464865
 100  -0.017476167764773062288739592896  -0.335659124918877709381790788828
 101   0.053685518585435399252020104733  -0.335659124918877709381790788828
 102   0.124847204935643860792779802361  -0.335659124918877709381790788828
 103  -0.443880390802261302217121434277  -0.334709143003087443626520441593
 104  -0.372718704464862583012927093832  -0.334709142980900319083698703847
 105  -0.301553175609249664198449579938  -0.334702485838602210909829482687
 106  -0.230391489219279124012040037053  -0.334702485769732269434528624429
 107  -0.159229802869070662459715087323  -0.334702485769732269414497020188
 108   0.195409768249939094921612279040  -0.334654705332367782157591792901
 109   0.266571454600147556462371976668  -0.334654705332367782157591792901
 110   0.337134017914442790591204453346  -0.333650285745857854933392796973
 111   0.408295704264651252131964150975  -0.333650285745857854933392796973
 112   0.479457390614859713672723848604  -0.333650285745857854933392796973
 113  -0.053057010939877293059119441710  -0.315116515533737423054514637432
 114   0.018104675410331168481640255918  -0.315116515533737423054514637432
 115   0.089266361760539630022399953547  -0.315116515533737423054514637432
 116  -0.408299547639966813783306942650  -0.314166533595760032756422552447
 117  -0.337137861373386262192850122779  -0.314166533450912244472592969812
 118  -0.479457390614859713672723848601  -0.314159878156475833349288797660
 119  -0.265972332434145433685729502666  -0.314159876453461924136273515913
 120  -0.194810646044174893230094936138  -0.314159876384591983087220868792
 121  -0.123648959693966431689558672091  -0.314159876384591983086833870475
 122   0.159828925074834864151232430225  -0.314112095947227495830315641505
 123   0.230990611425043325691992127854  -0.314112095947227495830315641505
 124   0.301553174739338559820824604532  -0.313107676360717568606116645577
 125   0.372714861089547021361584302160  -0.313107676360717568606116645577
 126   0.443876547439755482902343999789  -0.313107676360717568606116645577
 127  -0.017476167764773062288739592896  -0.294573906148597136727238486035
 128   0.053685518585435399252020104733  -0.294573906148597136727238486035
 129  -0.372718704548490492963229971594  -0.293623924065771958145316818415
 130  -0.443876547452565225238909356969  -0.293617268749148422479190908510
 131  -0.301553175609249664713769123022  -0.293617267068321638255277179894
 132  -0.230391489219279124012040037048  -0.293617266999451696779976321628
 133  -0.159229802869070662459938520906  -0.293617266999451696759557719078
 134  -0.088068116518862200919477176343  -0.293617266999451696759040956409
 135   0.124248081899730633380852581411  -0.293569486562087209503039490108
 136   0.195409768249939094921612279040  -0.293569486562087209503039490108
 137   0.265972331564234329050444755717  -0.292565066975577282278840494180
 138   0.337134017914442790591204453346  -0.292565066975577282278840494180
 139   0.408295704264651252131964150975  -0.292565066975577282278840494180
 140   0.479457390614859713672723848604  -0.292565066975577282278840494180
 141   0.018104675410331168481640255918  -0.274031296763456850399962334639
 142  -0.337137861373386262450565561801  -0.273081314680631671371664432717
 143  -0.479457390614859713672723848599  -0.273074659341821011609093019360
 144  -0.408295704299326740370224155534  -0.273074659112231340550281503757
 145  -0.265972332434145433685729502660  -0.273074657683181351481721213110
 146  -0.194810646044174893234726553799  -0.273074657614311410432668565999
 147  -0.123648959693966431689857025158  -0.273074657614311410431764805012
 148  -0.052487273343757970149097327529  -0.273074657614311410431764805012
 149   0.088667238724626402610472732597  -0.273026877176946923175763338712
 150   0.159828925074834864151232430225  -0.273026877176946923175763338712
 151   0.230391488389130098280064906903  -0.272022457590436995951564342784
 152   0.301553174739338559820824604532  -0.272022457590436995951564342784
 153   0.372714861089547021361584302160  -0.272022457590436995951564342784
 154   0.443876547439755482902343999789  -0.272022457590436995951564342784
 155  -0.443876547509603498113978208693  -0.252532049788011658091919253335
 156  -0.372714861124222509857559745728  -0.252532049727091053776629118036
 157  -0.301553175609249664713769123022  -0.252532048298041065600724877101
 158  -0.230391489219279124016678854102  -0.252532048229171124125423999070
 159  -0.159229802869070662460535227038  -0.252532048229171124105005416285
 160  -0.088068116518862200919477176343  -0.252532048229171124104488653616
 161  -0.016906430168653739378717478715  -0.252532048229171124104488653616
 162   0.053086395549522171840092883782  -0.252484267791806636848487187315
 163   0.124248081899730633380852581411  -0.252484267791806636848487187315
 164   0.194810645214025867509685058088  -0.251479848205296709624288191387
 165   0.265972331564234329050444755717  -0.251479848205296709624288191387
 166   0.337134017914442790591204453346  -0.251479848205296709624288191387
 167   0.408295704264651252131964150975  -0.251479848205296709624288191387
 168   0.479457390614859713672723848604  -0.251479848205296709624288191387
 169  -0.408295704299326740885655033590  -0.231989440341950767895729200964
 170  -0.479457390614859713672723848604  -0.231989440281891061085236720824
 171  -0.265972332434145433690368929945  -0.231989438912900778827168910277
 172  -0.337134018779267304332826410645  -0.231989438904090544964546777588
 173  -0.194810646044174893231138509435  -0.231989438844030837778116263206
 174  -0.123648959693966431689857025158  -0.231989438844030837777212502220
 175  -0.052487273343757970149097327529  -0.231989438844030837777212502219
 176   0.088667238724626402610472732597  -0.231941658406666350521211035919
 177   0.018075289970537263979735149149  -0.230985019257520910553013506292
 178   0.159229802038921636739305209274  -0.230937238820156423297012039991
 179   0.230391488389130098280064906903  -0.230937238820156423297012039991
 180   0.301553174739338559820824604532  -0.230937238820156423297012039991
 181   0.372714861089547021361584302160  -0.230937238820156423297012039991
 182   0.443876547439755482902343999789  -0.230937238820156423297012039991
 183  -0.443876547439755483298152354269  -0.211446830896750774072400389409
 184  -0.372714861954371535360921698507  -0.211446829518950259083646860517
 185  -0.301553175604163073564766275560  -0.211446829518950258633252764154
 186  -0.230391489219279124013082935289  -0.211446829458890551470870546810
 187  -0.159229802869070662460535227037  -0.211446829458890551450453113491
 188  -0.088068116518862200919477176343  -0.211446829458890551449936350823
 189  -0.017505553204566966790644699665  -0.210442409872380624225737354896
 190   0.053656133145641494750114997964  -0.210442409872380624225737354896
 191   0.123648958863817405968925360460  -0.210394629435016136969735888594
 192   0.194810645214025867509685058089  -0.210394629435016136969735888594
 193   0.265972331564234329050444755717  -0.210394629435016136969735888594
 194   0.337134017914442790591204453346  -0.210394629435016136969735888594
 195   0.408295704264651252131964150975  -0.210394629435016136969735888594
 196   0.479457390614859713672723848604  -0.210394629435016136969735888594
 197  -0.479457390614859713672723848604  -0.190904221511610487059564057993
 198  -0.337134018779267304337040686526  -0.190904220133809972309061004334
 199  -0.265972332429058842803957169558  -0.190904220133809972289399599940
 200  -0.408295705094800277773419019187  -0.190904220073750265260318048961
 201  -0.194810646044174893231138509435  -0.190904220073750265123563960413
 202  -0.123648959693966431689857025158  -0.190904220073750265122660199427
 203  -0.053086396379671197561024548479  -0.189899800487240337898461203500
 204   0.018075289970537263979735149150  -0.189899800487240337898461203499
 205   0.159229802038921636739305209274  -0.189852020049875850642459737198
 206   0.230391488389130098280064906903  -0.189852020049875850642459737198
 207   0.301553174739338559820824604532  -0.189852020049875850642459737198
 208   0.372714861089547021361584302160  -0.189852020049875850642459737198
 209   0.443876547439755482902343999789  -0.189852020049875850642459737198
 210   0.085437528845881390015554673828  -0.184405165610619968615398707058
 211  -0.301553175604163073576080346567  -0.170361610748669685965142981550
 212  -0.372714861919696047005499203361  -0.170361610688609978928780995441
 213  -0.230391489219279124013082792977  -0.170361610688609978816317997527
 214  -0.159229802869070662460535226770  -0.170361610688609978795900810234
 215  -0.443876548269904508147990513521  -0.170361610688609978247481717546
 216  -0.088667239554775428331404397294  -0.169357191102100051571185052103
 217  -0.017505553204566966790644699665  -0.169357191102100051571185052103
 218   0.123648958863817405968925360460  -0.169309410664735564315183585801
 219   0.194810645214025867509685058089  -0.169309410664735564315183585801
 220   0.265972331564234329050444755717  -0.169309410664735564315183585801
 221   0.337134017914442790591204453346  -0.169309410664735564315183585801
 222   0.408295704264651252131964150975  -0.169309410664735564315183585801
 223   0.479457390614859713672723848604  -0.169309410664735564315183585801
 224   0.049856685670777159245174825014  -0.163862556225479682288122555661
 225  -0.265972332429058842803957169558  -0.149819001363529399634847297147
 226  -0.337134018744591816244549778599  -0.149819001303469692585170870449
 227  -0.194810646044174893231138509435  -0.149819001303469692469011657619
 228  -0.408295705094800277380520170769  -0.149819001303469691915166153824
 229  -0.479457390614859713672723848604  -0.149818999865609469435399377099
 230  -0.124248082729879659102082598887  -0.148814581716959765244425662879
 231  -0.053086396379671197561024548479  -0.148814581716959765243908900707
 232   0.159229802038921636739305209274  -0.148766801279595277987907434405
 233   0.230391488389130098280064906903  -0.148766801279595277987907434405
 234   0.301553174739338559820824604532  -0.148766801279595277987907434405
 235   0.372714861089547021361584302160  -0.148766801279595277987907434405
 236   0.443876547439755482902343999789  -0.148766801279595277987907434405
 237   0.014275842495672928474794976200  -0.143319946840339395960846404265
 238   0.085437528845881390015554673828  -0.143319946840339395960846404265
 239  -0.301553175569487585474169929787  -0.129276391918329406257894719047
 240  -0.230391489219279124013082517421  -0.129276391918329406161765217455
 241  -0.372714861919696046619121272933  -0.129276391918329405572334539033
 242  -0.443876547439755482905311455611  -0.129276390480469183102983441449
 243  -0.159828925904983889872685881570  -0.128271972331819478917536510295
 244  -0.088667239554775428331404397294  -0.128271972331819478916632749310
 245   0.123648958863817405968925360460  -0.128224191894454991660631283008
 246   0.194810645214025867509685058088  -0.128224191894454991660631283008
 247   0.265972331564234329050444755717  -0.128224191894454991660631283008
 248   0.337134017914442790591204453346  -0.128224191894454991660631283008
 249   0.408295704264651252131964150975  -0.128224191894454991660631283008
 250   0.479457390614859713672723848604  -0.128224191894454991660631283008
 251  -0.021305000679431302295584872615  -0.122777337455199109633570252868
 252   0.049856685670777159245174825014  -0.122777337455199109633570252868
 253  -0.265972332394383354771376420415  -0.108733782533189119813555593840
 254  -0.337134018744591815848741424122  -0.108733782533189119245058387631
 255  -0.479457390614859713672721375534  -0.108733781095328896770558597100
 256  -0.408295704264651252143854608015  -0.108733781095328896760252198586
 257  -0.195409769080088120654629775410  -0.107729362946679192610289872424
 258  -0.124248082729879659102082531866  -0.107729362946679192589873244002
 259   0.159229802038921636739305209274  -0.107681582509314705333355131612
 260   0.230391488389130098280064906903  -0.107681582509314705333355131612
 261   0.301553174739338559820824604532  -0.107681582509314705333355131612
 262   0.372714861089547021361584302160  -0.107681582509314705333355131612
 263   0.443876547439755482902343999789  -0.107681582509314705333355131612
 264  -0.056885843854535533065964721429  -0.102234728070058823306294101472
 265   0.014275842495672928474794976200  -0.102234728070058823306294101472
 266   0.085437528845881390015554673828  -0.102234728070058823306294101472
 267  -0.301553175569487585145947914749  -0.088191173148048832800719262424
 268  -0.372714861089547021373474759204  -0.088191171710188610432976047184
 269  -0.443876547439755482911252353927  -0.088191171710188610427810893449
 270  -0.159828925904983889872684627723  -0.087186753561538906262982035775
 271  -0.230990612255192351412923792551  -0.087186753561538906262080446517
 272   0.123648958863817405968925360460  -0.087138973124174419006078980215
 273   0.194810645214025867509685058088  -0.087138973124174419006078980215
 274   0.265972331564234329050444755717  -0.087138973124174419006078980215
 275   0.337134017914442790591204453346  -0.087138973124174419006078980215
 276   0.408295704264651252131964150975  -0.087138973124174419006078980215
 277   0.479457390614859713672723848604  -0.087138973124174419006078980215
 278  -0.092466687029639763836642549648  -0.081692118684918536979534065543
 279  -0.021305000679431302295584872615  -0.081692118684918536979017950076
 280   0.049856685670777159245174825014  -0.081692118684918536979017950076
 281  -0.408295704264651252140785375973  -0.067648562325048324100383829944
 282  -0.479457390614859713672723848604  -0.067648562325048324085105020074
 283  -0.337134017914442790670681249832  -0.067648562325048323988636921977
 284  -0.195409769080088120642543943736  -0.066644144176398619934804295120
 285  -0.266571455430296581787495286885  -0.066644144176398619249244115101
 286   0.159229802038921636739305209274  -0.066596363739034132678802828819
 287   0.230391488389130098280064906903  -0.066596363739034132678802828819
 288   0.301553174739338559820824604532  -0.066596363739034132678802828819
 289   0.372714861089547021361584302160  -0.066596363739034132678802828819
 290   0.443876547439755482902343999789  -0.066596363739034132678802828819
 291  -0.128047530204743994607221629972  -0.061149509299778250652602993245
 292  -0.056885843854535533065964721429  -0.061149509299778250651741798679
 293   0.014275842495672928474794976200  -0.061149509299778250651741798679
 294   0.085437528845881390015554673828  -0.061149509299778250651741798679
 295  -0.443876547439755482902343999792  -0.047105952939908037757828868672
 296  -0.372714861089547021437865680516  -0.047105952939908037655826144027
 297  -0.230990612255192351017115438071  -0.046101534791258332921967963705
 298  -0.302152297775251787312228621967  -0.046101533353398110437161774654
 299   0.123648958863817405968925360460  -0.046053754353893846351526677422
 300   0.194810645214025867509685058088  -0.046053754353893846351526677422
 301   0.265972331564234329050444755717  -0.046053754353893846351526677422
 302   0.337134017914442790591204453346  -0.046053754353893846351526677423
 303   0.408295704264651252131964150975  -0.046053754353893846351526677423
 304   0.479457390614859713672723848604  -0.046053754353893846351526677423
 305  -0.092466687029639763836638532503  -0.040606899914637964324974804852
 306  -0.163628373379848225377104267872  -0.040606899914637964324465647282
 307  -0.021305000679431302295584872615  -0.040606899914637964324465647283
 308   0.049856685670777159245174825014  -0.040606899914637964324465647283
 309  -0.479457390614859713672723848604  -0.026563343554767751430552717270
 310  -0.408295704264651252199550490420  -0.026563343554767751313489743465
 311  -0.266571454600147556541848773153  -0.025558923968257824109885623258
 312  -0.337733140950356018079412669922  -0.025558923968257824104350333799
 313   0.159229802038921636739305209274  -0.025511144968753560024250526026
 314   0.230391488389130098280064906903  -0.025511144968753560024250526026
 315   0.301553174739338559820824604532  -0.025511144968753560024250526026
 316   0.372714861089547021361584302160  -0.025511144968753560024250526026
 317   0.443876547439755482902343999789  -0.025511144968753560024250526026
 318  -0.128047530204743994606724419058  -0.020064290529497677997189495886
 319  -0.056885843854535533065964721429  -0.020064290529497677997189495886
 320   0.014275842495672928474794976200  -0.020064290529497677997189495886
 321   0.085437528845881390015554673828  -0.020064290529497677997189495886
 322  -0.199209216554952455751675762207  -0.020064290529497677311629315866
 323  -0.443876547439755482969930339231  -0.006020734169627464986213592063
 324  -0.302152297775251787309030948492  -0.005016314583117537777070938937
 325  -0.373313984125460248841097862556  -0.005016314583117537762014596142
 326   0.123648958863817405968925360460  -0.004968535583613273696974374629
 327   0.194810645214025867509685058088  -0.004968535583613273696974374630
 328   0.265972331564234329050444755717  -0.004968535583613273696974374630
 329   0.337134017914442790591204453346  -0.004968535583613273696974374630
 330   0.408295704264651252131964150975  -0.004968535583613273696974374630
 331   0.479457390614859713672723848604  -0.004968535583613273696974374630
 332  -0.092466687029639763836344570243   0.000478318855642608330086655511
 333  -0.021305000679431302295584872615   0.000478318855642608330086655510
 334   0.049856685670777159245174825014   0.000478318855642608330086655510
 335  -0.163628373379848224981295913392   0.000478318855642609015646835530
 336  -0.234790058899907661276409097289   0.000478320293502831500453024581
 337  -0.479457390614859713672723848604   0.014521875215512821458125533145
 338  -0.337733140950356018070718013741   0.015526294802022748565261555254
 339  -0.408894827300564479611477711367   0.015526294802022748565261555260
 340   0.159229802038921636739305209274   0.015574073801527012630301776767
 341   0.230391488389130098280064906903   0.015574073801527012630301776767
 342   0.301553174739338559820824604532   0.015574073801527012630301776767
 343   0.372714861089547021361584302160   0.015574073801527012630301776767
 344   0.443876547439755482902343999789   0.015574073801527012630301776767
 345  -0.056885843854535533065964721429   0.021020928240782894657362806907
 346   0.014275842495672928474794976200   0.021020928240782894657362806907
 347   0.085437528845881390015554673828   0.021020928240782894657362806907
 348  -0.128047530204743994210916064578   0.021020928240782895342922986927
 349  -0.199209215724803430506029248474   0.021020929678643117827729175977
 350  -0.270370902075011892043422298045   0.021020929678643117833560381465
 351  -0.373313984125460248841097862552   0.036068904187163034892537706656
 352  -0.444475670475668710314271220739   0.036068904187163035009600680467
 353   0.123648958863817405968925360460   0.036116683186667298957577928163
 354   0.194810645214025867509685058088   0.036116683186667298957577928163
 355   0.265972331564234329050444755717   0.036116683186667298957577928163
 356   0.337134017914442790591204453346   0.036116683186667298957577928163
 357   0.408295704264651252131964150975   0.036116683186667298957577928163
 358   0.479457390614859713672723848604   0.036116683186667298957577928163
 359  -0.021305000679431302295584872615   0.041563537625923180984638958304
 360   0.049856685670777159245174825014   0.041563537625923180984638958303
 361  -0.092466687029639763440536215763   0.041563537625923181670199138323
 362  -0.163628372549699199735649399660   0.041563539063783404155005327374
 363  -0.234790058899907661273023945201   0.041563539063783404160868582781
 364  -0.305951745250116122805278337877   0.041563539063783404175600203093
 365  -0.408894827300564479543891371925   0.056611513572303321336876831864
 366   0.159229802038921636739305209274   0.056659292571807585284854079560
 367   0.230391488389130098280064906903   0.056659292571807585284854079560
 368   0.301553174739338559820824604532   0.056659292571807585284854079560
 369   0.372714861089547021361584302160   0.056659292571807585284854079560
 370   0.443876547439755482902343999789   0.056659292571807585284854079560
 371  -0.479457390614859713672723848604   0.057615933158813248561075827790
 372   0.014275842495672928474794976200   0.062106147011063467311915109700
 373   0.085437528845881390015554673828   0.062106147011063467311915109700
 374  -0.056885843854535532670156366949   0.062106147011063467997475289719
 375  -0.128047529374594968965269550846   0.062106148448923690482281478770
 376  -0.199209215724803430502612305871   0.062106148448923690488199796966
 377  -0.270370902075011892034898489063   0.062106148448923690502876354489
 378  -0.341532588425220353575658186689   0.062106148448923690502876354495
 379   0.123648958863817405968925360460   0.077201901956947871612130230956
 380   0.194810645214025867509685058088   0.077201901956947871612130230956
 381   0.265972331564234329050444755717   0.077201901956947871612130230956
 382   0.337134017914442790591204453346   0.077201901956947871612130230956
 383   0.408295704264651252131964150975   0.077201901956947871612130230956
 384   0.479457390614859713672723848604   0.077201901956947871612130230956
 385  -0.443876547439755482902343999789   0.078158542543953534888351979186
 386   0.049856685670777159245174825014   0.082648756396203753639191261096
 387  -0.021305000679431301899776518135   0.082648756396203754324751441116
 388  -0.092466686199490738194889702031   0.082648757834063976809557630167
 389  -0.163628372549699199732196885660   0.082648757834063976815537559829
 390  -0.234790058899907661264518640248   0.082648757834063976830152505886
 391  -0.305951745250116122805278337874   0.082648757834063976830152505891
 392  -0.377113431600324584278451696061   0.082648757834063976947215479702
 393   0.159229802038921636739305209274   0.097744511342088157939406382353
 394   0.230391488389130098280064906903   0.097744511342088157939406382353
 395   0.301553174739338559820824604532   0.097744511342088157939406382353
 396   0.372714861089547021361584302160   0.097744511342088157939406382353
 397   0.443876547439755482902343999789   0.097744511342088157939406382353
 398  -0.479457390614859713672723848604   0.098701151929093821215628130583
 399   0.085437528845881390015554673828   0.103191365781344039966467412493
 400   0.014275842495672928870603330680   0.103191365781344040652027592512
 401  -0.056885843024386507424509853217   0.103191367219204263136833781563
 402  -0.128047529374594968961754514393   0.103191367219204263142922003289
 403  -0.199209215724803430494138791434   0.103191367219204263157428657282
 404  -0.270370902075011892034898489060   0.103191367219204263157428657287
 405  -0.341532588425220353508071847246   0.103191367219204263274491631099
 406  -0.412095151739515587636904323925   0.104195786805714190498690627025
 407   0.123648958863817405968925360460   0.118287120727228444266682533749
 408   0.194810645214025867509685058088   0.118287120727228444266682533749
 409   0.265972331564234329050444755717   0.118287120727228444266682533749
 410   0.337134017914442790591204453346   0.118287120727228444266682533749
 411   0.408295704264651252131964150975   0.118287120727228444266682533749
 412   0.479457390614859713672723848604   0.118287120727228444266682533749
 413   0.049856685670777159640983179494   0.123733975166484326979303743909
 414  -0.021304999849282276654130004402   0.123733976604344549464109932959
 415  -0.092466686199490738191310431579   0.123733976604344549470309411237
 416  -0.163628372549699199723758942620   0.123733976604344549484704808679
 417  -0.234790058899907661264518640245   0.123733976604344549484704808684
 418  -0.305951745250116122737691998432   0.123733976604344549601767782495
 419  -0.447675994914619818407284172740   0.124738396190854476825966778421
 420  -0.376514308564411356866524475111   0.124738396190854476825966778421
 421   0.159229802038921636739305209274   0.138829730112368730593958685146
 422   0.230391488389130098280064906903   0.138829730112368730593958685146
 423   0.301553174739338559820824604532   0.138829730112368730593958685146
 424   0.372714861089547021361584302160   0.138829730112368730593958685146
 425   0.443876547439755482902343999789   0.138829730112368730593958685146
 426   0.085437528845881390411363028308   0.144276584551624613306579895305
 427   0.014275843325821954116249844412   0.144276585989484835791386084356
 428  -0.056885843024386507420867324841   0.144276585989484835797695128572
 429  -0.128047529374594968953379093805   0.144276585989484835811980960075
 430  -0.199209215724803430494138791431   0.144276585989484835811980960080
 431  -0.270370902075011891967312149618   0.144276585989484835929043933892
 432  -0.412095151739515587636904323925   0.145281005575994763153242929818
 433  -0.340933465389307126096144626297   0.145281005575994763153242929818
 434  -0.479457390614859713672723848604   0.150775640452615132436305426260
 435   0.194810645214025867509685058088   0.159372339497509016921234836542
 436   0.265972331564234329050444755717   0.159372339497509016921234836542
 437   0.337134017914442790591204453346   0.159372339497509016921234836542
 438   0.408295704264651252131964150975   0.159372339497509016921234836542
 439   0.479457390614859713672723848604   0.159372339497509016921234836542
 440   0.123648958863817406364733714940   0.159372339497509017606795016562
 441   0.049856686500926184886629693226   0.164819195374625122118662235752
 442  -0.021304999849282276650154903752   0.164819195374625122125547312045
 443  -0.092466686199490738182999244991   0.164819195374625122139257111471
 444  -0.163628372549699199723758942617   0.164819195374625122139257111477
 445  -0.234790058899907661196932300803   0.164819195374625122256320085288
 446  -0.376514308564411356866524475111   0.165823614961135049480519081214
 447  -0.305352622214202895325764777482   0.165823614961135049480519081214
 448  -0.443876547439755482902343999789   0.171318249837755418763581577657
 449   0.301553174739338559820824604532   0.179914948882649303248510987939
 450   0.372714861089547021361584302160   0.179914948882649303248510987939
 451   0.443876547439755482902343999789   0.179914948882649303248510987938
 452   0.230391488389130098275566800595   0.179914948882649303256301936602
 453   0.159229802038921637135113563754   0.179914948882649303934071167958
 454   0.085437529676030415657009542041   0.185361804759765408445938387149
 455   0.014275843325821954120260684949   0.185361804759765408452885366739
 456  -0.056885843024386507412619396177   0.185361804759765408466533262868
 457  -0.128047529374594968953379093802   0.185361804759765408466533262873
 458  -0.199209215724803430426552451989   0.185361804759765408583596236685
 459  -0.340933465389307126096144626297   0.186366224346275335807795232611
 460  -0.269771779039098664555384928668   0.186366224346275335807795232611
 461  -0.479457390614859713672723848604   0.191860859222895705090857729053
 462  -0.408295704264651252131964150975   0.191860859222895705090857729053
 463   0.265972331564234329050444755717   0.200457558267789589575787139335
 464   0.337134017914442790591204453346   0.200457558267789589575787139335
 465   0.408295704264651252131964150975   0.200457558267789589575787139335
 466   0.479457390614859713672723848604   0.200457558267789589575787139335
 467   0.194810645214025867899939206943   0.200457558267789590270967485695
 468   0.123648959693966431610380228672   0.200457559705649812746153508405
 469   0.049856686500926184890712053372   0.205904414144905694780285393733
 470  -0.021304999849282276642239547362   0.205904414144905694793809414264
 471  -0.092466686199490738182999244988   0.205904414144905694793809414269
 472  -0.163628372549699199656172603175   0.205904414144905694910872388081
 473  -0.305352622214202895325764777482   0.206908833731415622135071384007
 474  -0.234190935863994433785005079854   0.206908833731415622135071384007
 475  -0.443876547439755482902343999789   0.212403468608035991418133880450
 476  -0.372714861089547021361584302160   0.212403468608035991418133880450
 477   0.301553174739338559820824604532   0.221000167652929875903063290732
 478   0.372714861089547021361584302160   0.221000167652929875903063290731
 479   0.443876547439755482902343999789   0.221000167652929875903063290731
 480   0.230391488389130098675873261383   0.221000167652929876588623470751
 481   0.159229802869070662375120298399   0.221000169090790099083198043725
 482   0.085437529676030415664160428901   0.226447023530045981103642768547
 483   0.014275843325821954128140301452   0.226447023530045981121085565661
 484  -0.056885843024386507412619396174   0.226447023530045981121085565666
 485  -0.128047529374594968885792754360   0.226447023530045981238148539478
 486  -0.269771779039098664555384928668   0.227451443116555908462347535404
 487  -0.198610092688890203014625231039   0.227451443116555908462347535403
 488  -0.479457390614859713672723848604   0.232946077993176277745410031846
 489  -0.408295704264651252131964150975   0.232946077993176277745410031846
 490  -0.337134017914442790591204453346   0.232946077993176277745410031846
 491   0.337134017914442790591204453346   0.241542777038070162230339442128
 492   0.408295704264651252131964150975   0.241542777038070162230339442128
 493   0.479457390614859713672723848604   0.241542777038070162230339442128
 494   0.265972331564234329446253110197   0.241542777038070162915899622148
 495   0.194810646044174893151139926301   0.241542778475930385400705811198
 496   0.123648959693966431610773307407   0.241542778475930385420970128802
 497   0.049856686500926184901185523997   0.246989632915186267443745154335
 498  -0.021304999849282276642239547360   0.246989632915186267448361717062
 499  -0.092466686199490738115412905546   0.246989632915186267565424690874
 500  -0.234190935863994433785005079854   0.247994052501696194789623686800
 501  -0.163029249513785972244245382225   0.247994052501696194789623686800
 502  -0.443876547439755482902343999789   0.253488687378316564072686183242
 503  -0.372714861089547021361584302160   0.253488687378316564072686183242
 504  -0.301553174739338559820824604532   0.253488687378316564072686183242
 505   0.372714861089547021361584302161   0.262085386423210448557615593524
 506   0.443876547439755482902343999789   0.262085386423210448557615593524
 507   0.301553174739338560216632959012   0.262085386423210449243175773544
 508   0.230391489219279123921519775115   0.262085387861070671727981962595
 509   0.159229802869070662387074931577   0.262085387861070671738919610721
 510   0.085437529676030415668899999081   0.267532242300326553775637868453
 511   0.014275843325821954128140301457   0.267532242300326553775637868455
 512  -0.056885843024386507345033056731   0.267532242300326553892700842270
 513  -0.198610092688890203014625231039   0.268536661886836481116899838196
 514  -0.127448406338681741473865533410   0.268536661886836481116899838196
 515  -0.479457390614859713672723848604   0.274031296763456850399962334639
 516  -0.408295704264651252131964150975   0.274031296763456850399962334639
 517  -0.337134017914442790591204453346   0.274031296763456850399962334639
 518  -0.265972331564234329050444755717   0.274031296763456850399962334639
 519   0.408295704264651252131964150975   0.282627995808350734884891744921
 520   0.479457390614859713672723848604   0.282627995808350734884891744921
 521   0.337134017914442790987012807826   0.282627995808350735570451924940
 522   0.265972332394383354691899623929   0.282627997246210958055258113991
 523   0.194810646044174893157457236411   0.282627997246210958066200016070
 524   0.123648959693966431622270685712   0.282627997246210958075852989710
 525   0.049856686500926184898520150269   0.288074851685466840102914019855
 526  -0.021304999849282276574653207915   0.288074851685466840219976993664
 527  -0.163029249513785972244245382225   0.289079271271976767444175989593
 528  -0.091867563163577510703485684596   0.289079271271976767444175989593
 529  -0.443876547439755482902343999789   0.294573906148597136727238486035
 530  -0.372714861089547021361584302160   0.294573906148597136727238486035
 531  -0.301553174739338559820824604532   0.294573906148597136727238486035
 532  -0.230391488389130098280064906903   0.294573906148597136727238486035
 533   0.443876547439755482902343999789   0.303170605193491021212167896317
 534   0.372714861089547021757392656640   0.303170605193491021897728076337
 535   0.301553175569487585462279472744   0.303170606631351244382534265387
 536   0.230391489219279123927837528353   0.303170606631351244393476934985
 537   0.159229802869070662392650534526   0.303170606631351244403129141106
 538   0.085437529676030415668899999084   0.308617461070607126430190171251
 539   0.014275843325821954195726640897   0.308617461070607126547253145063
 540  -0.056286719988473279933105835780   0.309621880657117053771452140987
 541  -0.127448406338681741473865533410   0.309621880657117053771452140989
 542  -0.479457390614859713672723848604   0.315116515533737423054514637432
 543  -0.408295704264651252131964150975   0.315116515533737423054514637432
 544  -0.337134017914442790591204453346   0.315116515533737423054514637432
 545  -0.265972331564234329050444755717   0.315116515533737423054514637432
 546  -0.194810645214025867509685058089   0.315116515533737423054514637432
 547   0.479457390614859713672723848604   0.323713214578631307539444047714
 548   0.408295704264651252527772505455   0.323713214578631308225004227733
 549   0.337134018744591816232659321558   0.323713216016491530709810416784
 550   0.265972332394383354698217567688   0.323713216016491530720753416373
 551   0.194810646044174893163030383341   0.323713216016491530730405292503
 552   0.123648959693966431622270685715   0.323713216016491530730405292508
 553   0.049856686500926184966106489712   0.329160070455747412874529296460
 554  -0.091867563163577510703485684596   0.330164490042257340098728292386
 555  -0.020705876813369049162725986968   0.330164490042257340098728292386
 556  -0.443876547439755482902343999789   0.335659124918877709381790788828
 557  -0.372714861089547021361584302160   0.335659124918877709381790788828
 558  -0.301553174739338559820824604532   0.335659124918877709381790788828
 559  -0.230391488389130098280064906903   0.335659124918877709381790788828
 560  -0.159229802038921636739305209274   0.335659124918877709381790788828
 561   0.443876547439755483298152354269   0.344255823963771594552280379130
 562   0.372714861919696047003039170373   0.344255825401631817037086568180
 563   0.301553175569487585468599664322   0.344255825401631817048033461107
 564   0.230391489219279123933410232155   0.344255825401631817057681443899
 565   0.159229802869070662392650534529   0.344255825401631817057681443904
 566   0.085437529676030415736486338526   0.349702679840887699201805447856
 567  -0.056286719988473279933105835782   0.350707099427397626426004443782
 568   0.014874966361735181607653861847   0.350707099427397626426004443782
 569  -0.479457390614859713672723848604   0.356201734304017995709066940225
 570  -0.408295704264651252131964150975   0.356201734304017995709066940225
 571  -0.337134017914442790591204453346   0.356201734304017995709066940225
 572  -0.265972331564234329050444755717   0.356201734304017995709066940225
 573  -0.194810645214025867509685058089   0.356201734304017995709066940225
 574  -0.123648958863817405968925360460   0.356201734304017995709066940225
 575   0.479457390614859713672723848604   0.364798433348911881565116710546
 576   0.408295705094800277773419019187   0.364798434786772103364362719577
 577   0.337134018744591816238979762522   0.364798434786772103375310044452
 578   0.265972332394383354703790080969   0.364798434786772103384957595295
 579   0.194810646044174893163030383344   0.364798434786772103384957595300
 580   0.123648959693966431689857025157   0.364798434786772103502020569113
 581  -0.020705876813369049162725986967   0.371249708812537912753280595179
 582   0.050455809536839412378033710661   0.371249708812537912753280595178
 583  -0.443876547439755482902343999789   0.376744343689158282036343091621
 584  -0.372714861089547021361584302160   0.376744343689158282036343091621
 585  -0.301553174739338559820824604532   0.376744343689158282036343091621
 586  -0.230391488389130098280064906903   0.376744343689158282036343091621
 587  -0.159229802038921636739305209274   0.376744343689158282036343091621
 588  -0.088068115688713175198545511645   0.376744343689158282036343091621
 589   0.372714861919696047009361973749   0.385341044171912389702590287667
 590   0.301553175569487585474169929784   0.385341044171912389712233746691
 591   0.230391489219279123933410232158   0.385341044171912389712233746697
 592   0.159229802869070662460236873972   0.385341044171912389829296720509
 593   0.014874966361735181607653861847   0.391792318197678199080556746575
 594   0.086036652711943643148413559476   0.391792318197678199080556746575
 595  -0.479457390614859713672723848604   0.397286953074298568363619243018
 596  -0.408295704264651252131964150975   0.397286953074298568363619243018
 597  -0.337134017914442790591204453346   0.397286953074298568363619243018
 598  -0.265972331564234329050444755717   0.397286953074298568363619243018
 599  -0.194810645214025867509685058089   0.397286953074298568363619243018
 600  -0.123648958863817405968925360460   0.397286953074298568363619243018
 601  -0.052487272513608944428165662831   0.397286953074298568363619243018
 602   0.454943981877161932571155956194   0.397769450825786585511980934283
 603   0.414573791111572359866634807417   0.405401154367704437050712446355
 604   0.337134018744591816244549778598   0.405883653557052676039509898088
 605   0.265972332394383354703790080973   0.405883653557052676039509898093
 606   0.194810646044174893230616722786   0.405883653557052676156572871906
 607   0.124248082729879659101784246107   0.406888073143562603380771867831
 608   0.050455809536839412378033710661   0.412334927582818485407832897972
 609  -0.443876547439755482902343999789   0.417829562459438854690895394414
 610  -0.372714861089547021361584302160   0.417829562459438854690895394414
 611  -0.301553174739338559820824604532   0.417829562459438854690895394414
 612  -0.230391488389130098280064906903   0.417829562459438854690895394414
 613  -0.159229802038921636739305209274   0.417829562459438854690895394414
 614  -0.088068115688713175198545511645   0.417829562459438854690895394414
 615  -0.016906429338504713657785814017   0.417829562459438854690895394414
 616   0.378992947936468129102577761978   0.425943763752844723388940014446
 617   0.479457390614859713672723848604   0.430740468302661289458845158021
 618   0.084265991851013009433323558538   0.435677309065524100719925801752
 619   0.439087199849270140968202699826   0.438372171844579140997576670092
 620  -0.479457390614859713672723848604   0.438372171844579141018171545811
 621  -0.408295704264651252131964150975   0.438372171844579141018171545811
 622  -0.337134017914442790591204453346   0.438372171844579141018171545811
 623  -0.265972331564234329050444755717   0.438372171844579141018171545811
 624  -0.194810645214025867509685058089   0.438372171844579141018171545811
 625  -0.123648958863817405968925360460   0.438372171844579141018171545811
 626  -0.052487272513608944428165662831   0.438372171844579141018171545811
 627   0.018674413836599517112594034798   0.438372171844579141018171545811
 628   0.163946622923000000000000000000   0.438944823153000000000000000000
 629   0.297595384762000000000000000000   0.440444137261000000000000000000
 630   0.213835523559406023167849226952   0.442298612529050270293441411281
 631   0.254801908653024118196928449491   0.445421190592638150247591999077
 632   0.343412104761363898337765566828   0.446486373137985009725859624866
 633   0.123470391791668284341303658471   0.447965930904239936472184786583
 634   0.403506356674165910204145654390   0.458914781229719427335804238186
 635  -0.443876547439755482902343999789   0.458914781229719427345447697207
 636  -0.372714861089547021361584302160   0.458914781229719427345447697207
 637  -0.301553174739338559820824604532   0.458914781229719427345447697207
 638  -0.230391488389130098280064906903   0.458914781229719427345447697207
 639  -0.159229802038921636739305209274   0.458914781229719427345447697207
 640  -0.088068115688713175198545511645   0.458914781229719427345447697207
 641  -0.016906429338504713657785814017   0.458914781229719427345447697207
 642   0.057878813777254792020574134731   0.467168768776143877920464863773
 643   0.479457390614859713672723848604   0.471825687072941862129997745027
 644   0.190823954959044596783132304818   0.476334812551271833718573260808
 645  -0.479457390614859713672723848604   0.479457390614859713672723848604
 646  -0.408295704264651252131964150975   0.479457390614859713672723848604
 647  -0.337134017914442790591204453346   0.479457390614859713672723848604
 648  -0.265972331564234329050444755717   0.479457390614859713672723848604
 649  -0.194810645214025867509685058089   0.479457390614859713672723848604
 650  -0.123648958863817405968925360460   0.479457390614859713672723848604
 651  -0.052487272513608944428165662831   0.479457390614859713672723848604
 652   0.018674413836599517112594034798   0.479457390614859713672723848604
 653   0.097083213717910066928554234663   0.479457390614859713672723848604
 654   0.149857569865426501754053082279   0.479457390614859713672723848604
 655   0.231790340052662691812211527358   0.479457390614859713672723848604
 656   0.277813477253385544581645371625   0.479457390614859713672723848604
 657   0.318898696023666117236197674418   0.479457390614859713672723848604
 658   0.367925513499061679439333459237   0.479457390614859713672723848604
 659   0.439087199849270140968957849543   0.479457390614859713672723848604
