   1  -0.420123040497599940646769812487  -0.480011804045992122389305933715
   2  -0.350881898609631320413225524318  -0.480011804045992122389305933715
   3  -0.281640756721662700179681236149  -0.480011804045992122389305933715
   4  -0.212399614833694079946136947979  -0.480011804045992122389305933715
   5  -0.143158472945725459712592659810  -0.480011804045992122389305933715
   6  -0.073917331057756839479048371640  -0.480011804045992122389305933715
   7  -0.004676189169788219245504083471  -0.480011804045992122389305933715
   8   0.064564952718180400988040204698  -0.480011804045992122389305933715
   9   0.133806094606149021221584492868  -0.480011804045992122389305933715
  10   0.203047236494117641455128781037  -0.480011804045992122389305933715
  11   0.272288378382086261688673069207  -0.480011804045992122389305933715
  12   0.341529520270054881922217357376  -0.480011804045992122389305933715
  13   0.410770662158023502155761645545  -0.480011804045992122389305933715
  14   0.480011804045992122389305933715  -0.480011804045992122389305933715
  15  -0.479745373991000000000000000000  -0.479745373991000000000000000000
  16  -0.385502469553615630529997668403  -0.460023608091984244778611867429
  17  -0.316261327665647010296453380233  -0.460023608091984244778611867429
  18  -0.247020185777678390062909092064  -0.460023608091984244778611867429
  19  -0.177779043889709769829364803895  -0.460023608091984244778611867429
  20  -0.108537902001741149595820515725  -0.460023608091984244778611867429
  21  -0.039296760113772529362276227556  -0.460023608091984244778611867429
  22   0.029944381774196090871268060614  -0.460023608091984244778611867429
  23   0.099185523662164711104812348783  -0.460023608091984244778611867429
  24   0.168426665550133331338356636952  -0.460023608091984244778611867429
  25   0.237667807438101951571900925122  -0.460023608091984244778611867429
  26   0.306908949326070571805445213291  -0.460023608091984244778611867429
  27   0.376150091214039192038989501461  -0.460023608091984244778611867429
  28   0.445391233102007812272533789630  -0.460023608091984244778611867429
  29  -0.445391233102007812272533789630  -0.449033903011709394603986885125
  30  -0.350881898609631320413225524318  -0.440035412137976367167917801144
  31  -0.281640756721662700179681236149  -0.440035412137976367167917801144
  32  -0.212399614833694079946136947979  -0.440035412137976367167917801144
  33  -0.143158472945725459712592659810  -0.440035412137976367167917801144
  34  -0.073917331057756839479048371640  -0.440035412137976367167917801144
  35  -0.004676189169788219245504083471  -0.440035412137976367167917801144
  36   0.064564952718180400988040204698  -0.440035412137976367167917801144
  37   0.133806094606149021221584492868  -0.440035412137976367167917801144
  38   0.203047236494117641455128781037  -0.440035412137976367167917801144
  39   0.272288378382086261688673069207  -0.440035412137976367167917801144
  40   0.341529520270054881922217357376  -0.440035412137976367167917801144
  41   0.410770662158023502155761645545  -0.440035412137976367167917801144
  42   0.480011804045992122389305933715  -0.440035412137976367167917801144
  43  -0.480011804045992122389305933715  -0.429045707057701516993292818840
  44  -0.410770662158023502155761645545  -0.429045707057701516993292818840
  45  -0.316261327665647010296453380233  -0.420047216183968489557223734859
  46  -0.247020185777678390062909092064  -0.420047216183968489557223734859
  47  -0.177779043889709769829364803895  -0.420047216183968489557223734859
  48  -0.108537902001741149595820515725  -0.420047216183968489557223734859
  49  -0.039296760113772529362276227556  -0.420047216183968489557223734859
  50   0.029944381774196090871268060614  -0.420047216183968489557223734859
  51   0.099185523662164711104812348783  -0.420047216183968489557223734859
  52   0.168426665550133331338356636952  -0.420047216183968489557223734859
  53   0.237667807438101951571900925122  -0.420047216183968489557223734859
  54   0.306908949326070571805445213291  -0.420047216183968489557223734859
  55   0.376150091214039192038989501461  -0.420047216183968489557223734859
  56   0.445391233102007812272533789630  -0.420047216183968489557223734859
  57  -0.445391233102007812272533789630  -0.409057511103693639382598752554
  58  -0.376150091214039192038989501461  -0.409057511103693639382598752554
  59  -0.281640756721662700179681236149  -0.400059020229960611946529668573
  60  -0.212399614833694079946136947979  -0.400059020229960611946529668573
  61  -0.143158472945725459712592659810  -0.400059020229960611946529668573
  62  -0.073917331057756839479048371640  -0.400059020229960611946529668573
  63  -0.004676189169788219245504083471  -0.400059020229960611946529668573
  64   0.064564952718180400988040204698  -0.400059020229960611946529668573
  65   0.133806094606149021221584492868  -0.400059020229960611946529668573
  66   0.203047236494117641455128781037  -0.400059020229960611946529668573
  67   0.272288378382086261688673069207  -0.400059020229960611946529668573
  68   0.341529520270054881922217357376  -0.400059020229960611946529668573
  69   0.410770662158023502155761645545  -0.400059020229960611946529668573
  70   0.480011804045992122389305933715  -0.400059020229960611946529668573
  71  -0.480011804045992122389305933715  -0.389069315149685761771904686269
  72  -0.410770662158023502155761645545  -0.389069315149685761771904686269
  73  -0.341529520270054881922217357376  -0.389069315149685761771904686269
  74  -0.247020185777678390062909092064  -0.380070824275952734335835602288
  75  -0.177779043889709769829364803895  -0.380070824275952734335835602288
  76  -0.108537902001741149595820515725  -0.380070824275952734335835602288
  77  -0.039296760113772529362276227556  -0.380070824275952734335835602288
  78   0.029944381774196090871268060614  -0.380070824275952734335835602288
  79   0.099185523662164711104812348783  -0.380070824275952734335835602288
  80   0.168426665550133331338356636952  -0.380070824275952734335835602288
  81   0.237667807438101951571900925122  -0.380070824275952734335835602288
  82   0.306908949326070571805445213291  -0.380070824275952734335835602288
  83   0.376150091214039192038989501461  -0.380070824275952734335835602288
  84   0.445391233102007812272533789630  -0.380070824275952734335835602288
  85  -0.445391233102007812272533789630  -0.369081119195677884161210619984
  86  -0.376150091214039192038989501461  -0.369081119195677884161210619984
  87  -0.306908949326070571805445213291  -0.369081119195677884161210619984
  88  -0.212399614833694079946136947979  -0.360082628321944856725141536003
  89  -0.143158472945725459712592659810  -0.360082628321944856725141536003
  90  -0.073917331057756839479048371640  -0.360082628321944856725141536003
  91  -0.004676189169788219245504083471  -0.360082628321944856725141536003
  92   0.064564952718180400988040204698  -0.360082628321944856725141536003
  93   0.133806094606149021221584492868  -0.360082628321944856725141536003
  94   0.203047236494117641455128781037  -0.360082628321944856725141536003
  95   0.272288378382086261688673069207  -0.360082628321944856725141536003
  96   0.341529520270054881922217357376  -0.360082628321944856725141536003
  97   0.410770662158023502155761645545  -0.360082628321944856725141536003
  98   0.480011804045992122389305933715  -0.360082628321944856725141536003
  99  -0.480011804045992122389305933715  -0.349092923241670006550516553698
 100  -0.410770662158023502155761645545  -0.349092923241670006550516553698
 101  -0.341529520270054881922217357376  -0.349092923241670006550516553698
 102  -0.272288378382086261688673069206  -0.349092923241670006550516553698
 103  -0.177779043889709769829364803895  -0.340094432367936979114447469717
 104  -0.108537902001741149595820515725  -0.340094432367936979114447469717
 105  -0.039296760113772529362276227556  -0.340094432367936979114447469717
 106   0.029944381774196090871268060614  -0.340094432367936979114447469717
 107   0.099185523662164711104812348783  -0.340094432367936979114447469717
 108   0.168426665550133331338356636952  -0.340094432367936979114447469717
 109   0.237667807438101951571900925122  -0.340094432367936979114447469717
 110   0.306908949326070571805445213291  -0.340094432367936979114447469717
 111   0.376150091214039192038989501461  -0.340094432367936979114447469717
 112   0.445391233102007812272533789630  -0.340094432367936979114447469717
 113  -0.445391233102007812272533789630  -0.329104727287662128939822487413
 114  -0.376150091214039192038989501461  -0.329104727287662128939822487413
 115  -0.306908949326070571805445213291  -0.329104727287662128939822487413
 116  -0.237667807438101951571900925122  -0.329104727287662128939822487413
 117  -0.143158472945725459712592659810  -0.320106236413929101503753403432
 118  -0.073917331057756839479048371640  -0.320106236413929101503753403432
 119  -0.004676189169788219245504083471  -0.320106236413929101503753403432
 120   0.064564952718180400988040204698  -0.320106236413929101503753403432
 121   0.133806094606149021221584492868  -0.320106236413929101503753403432
 122   0.203047236494117641455128781037  -0.320106236413929101503753403432
 123   0.272288378382086261688673069207  -0.320106236413929101503753403432
 124   0.341529520270054881922217357376  -0.320106236413929101503753403432
 125   0.410770662158023502155761645545  -0.320106236413929101503753403432
 126   0.480011804045992122389305933715  -0.320106236413929101503753403432
 127  -0.480011804045992122389305933715  -0.309116531333654251329128421128
 128  -0.410770662158023502155761645545  -0.309116531333654251329128421128
 129  -0.341529520270054881922217357376  -0.309116531333654251329128421128
 130  -0.272288378382086261688673069206  -0.309116531333654251329128421128
 131  -0.203047236494117641455128781037  -0.309116531333654251329128421128
 132  -0.108537902001741149595820515725  -0.300118040459921223893059337147
 133  -0.039296760113772529362276227556  -0.300118040459921223893059337147
 134   0.029944381774196090871268060614  -0.300118040459921223893059337147
 135   0.099185523662164711104812348783  -0.300118040459921223893059337147
 136   0.168426665550133331338356636952  -0.300118040459921223893059337147
 137   0.237667807438101951571900925122  -0.300118040459921223893059337147
 138   0.306908949326070571805445213291  -0.300118040459921223893059337147
 139   0.376150091214039192038989501461  -0.300118040459921223893059337147
 140   0.445391233102007812272533789630  -0.300118040459921223893059337147
 141  -0.445391233102007812272533789630  -0.289128335379646373718434354843
 142  -0.376150091214039192038989501461  -0.289128335379646373718434354842
 143  -0.306908949326070571805445213291  -0.289128335379646373718434354842
 144  -0.237667807438101951571900925122  -0.289128335379646373718434354842
 145  -0.168426665550133331338356636952  -0.289128335379646373718434354842
 146  -0.073917331057756839479048371641  -0.280129844505913346282365270861
 147  -0.004676189169788219245504083471  -0.280129844505913346282365270861
 148   0.064564952718180400988040204698  -0.280129844505913346282365270861
 149   0.133806094606149021221584492868  -0.280129844505913346282365270861
 150   0.203047236494117641455128781037  -0.280129844505913346282365270862
 151   0.272288378382086261688673069207  -0.280129844505913346282365270861
 152   0.341529520270054881922217357376  -0.280129844505913346282365270861
 153   0.410770662158023502155761645545  -0.280129844505913346282365270861
 154   0.480011804045992122389305933715  -0.280129844505913346282365270861
 155  -0.480011804045992122389305933715  -0.269140139425638496107740288557
 156  -0.410770662158023502155761645545  -0.269140139425638496107740288557
 157  -0.341529520270054881922217357376  -0.269140139425638496107740288557
 158  -0.272288378382086261688673069206  -0.269140139425638496107740288557
 159  -0.203047236494117641455128781037  -0.269140139425638496107740288557
 160  -0.133806094606149021221584492868  -0.269140139425638496107740288557
 161  -0.039296760113772529362276227556  -0.260141648551905468671671204576
 162   0.029944381774196090871268060614  -0.260141648551905468671671204576
 163   0.099185523662164711104812348783  -0.260141648551905468671671204576
 164   0.168426665550133331338356636952  -0.260141648551905468671671204576
 165   0.237667807438101951571900925122  -0.260141648551905468671671204576
 166   0.306908949326070571805445213291  -0.260141648551905468671671204576
 167   0.376150091214039192038989501461  -0.260141648551905468671671204576
 168   0.445391233102007812272533789630  -0.260141648551905468671671204576
 169  -0.445391233102007812272533789630  -0.249151943471630618497046222272
 170  -0.376150091214039192038989501461  -0.249151943471630618497046222272
 171  -0.306908949326070571805445213291  -0.249151943471630618497046222272
 172  -0.237667807438101951571900925122  -0.249151943471630618497046222272
 173  -0.168426665550133331338356636952  -0.249151943471630618497046222272
 174  -0.099185523662164711104812348783  -0.249151943471630618497046222272
 175  -0.004676189169788219245504083471  -0.240153452597897591060977138291
 176   0.064564952718180400988040204698  -0.240153452597897591060977138291
 177   0.133806094606149021221584492868  -0.240153452597897591060977138291
 178   0.203047236494117641455128781037  -0.240153452597897591060977138291
 179   0.272288378382086261688673069206  -0.240153452597897591060977138291
 180   0.341529520270054881922217357376  -0.240153452597897591060977138291
 181   0.410770662158023502155761645545  -0.240153452597897591060977138291
 182   0.480011804045992122389305933715  -0.240153452597897591060977138291
 183  -0.480011804045992122389305933715  -0.229163747517622740886352155987
 184  -0.410770662158023502155761645545  -0.229163747517622740886352155987
 185  -0.341529520270054881922217357376  -0.229163747517622740886352155987
 186  -0.272288378382086261688673069206  -0.229163747517622740886352155986
 187  -0.203047236494117641455128781037  -0.229163747517622740886352155987
 188  -0.133806094606149021221584492868  -0.229163747517622740886352155986
 189  -0.064564952718180400988040204698  -0.229163747517622740886352155986
 190   0.029944381774196090871268060614  -0.220165256643889713450283072006
 191   0.099185523662164711104812348783  -0.220165256643889713450283072005
 192   0.168426665550133331338356636952  -0.220165256643889713450283072005
 193   0.237667807438101951571900925122  -0.220165256643889713450283072006
 194   0.306908949326070571805445213291  -0.220165256643889713450283072005
 195   0.376150091214039192038989501461  -0.220165256643889713450283072005
 196   0.445391233102007812272533789630  -0.220165256643889713450283072005
 197  -0.445391233102007812272533789630  -0.209175551563614863275658089701
 198  -0.376150091214039192038989501461  -0.209175551563614863275658089701
 199  -0.306908949326070571805445213291  -0.209175551563614863275658089701
 200  -0.237667807438101951571900925122  -0.209175551563614863275658089701
 201  -0.168426665550133331338356636952  -0.209175551563614863275658089701
 202  -0.099185523662164711104812348783  -0.209175551563614863275658089701
 203  -0.029944381774196090871268060614  -0.209175551563614863275658089701
 204   0.064564952718180400988040204698  -0.200177060689881835839589005720
 205   0.133806094606149021221584492868  -0.200177060689881835839589005720
 206   0.203047236494117641455128781037  -0.200177060689881835839589005720
 207   0.272288378382086261688673069207  -0.200177060689881835839589005720
 208   0.341529520270054881922217357376  -0.200177060689881835839589005720
 209   0.410770662158023502155761645545  -0.200177060689881835839589005720
 210   0.480011804045992122389305933715  -0.200177060689881835839589005720
 211  -0.480011804045992122389305933715  -0.189187355609606985664964023416
 212  -0.410770662158023502155761645545  -0.189187355609606985664964023416
 213  -0.341529520270054881922217357376  -0.189187355609606985664964023416
 214  -0.272288378382086261688673069207  -0.189187355609606985664964023416
 215  -0.203047236494117641455128781037  -0.189187355609606985664964023416
 216  -0.133806094606149021221584492868  -0.189187355609606985664964023416
 217  -0.064564952718180400988040204698  -0.189187355609606985664964023416
 218   0.004676189169788219245504083471  -0.189187355609606985664964023416
 219   0.099185523662164711104812348783  -0.180188864735873958228894939435
 220   0.168426665550133331338356636952  -0.180188864735873958228894939435
 221   0.237667807438101951571900925122  -0.180188864735873958228894939435
 222   0.306908949326070571805445213291  -0.180188864735873958228894939435
 223   0.376150091214039192038989501461  -0.180188864735873958228894939435
 224   0.445391233102007812272533789630  -0.180188864735873958228894939435
 225  -0.445391233102007812272533789630  -0.169199159655599108054269957131
 226  -0.376150091214039192038989501461  -0.169199159655599108054269957131
 227  -0.306908949326070571805445213291  -0.169199159655599108054269957131
 228  -0.237667807438101951571900925122  -0.169199159655599108054269957131
 229  -0.168426665550133331338356636953  -0.169199159655599108054269957131
 230  -0.099185523662164711104812348783  -0.169199159655599108054269957131
 231  -0.029944381774196090871268060614  -0.169199159655599108054269957131
 232   0.039296760113772529362276227556  -0.169199159655599108054269957131
 233   0.133806094606149021221584492868  -0.160200668781866080618200873150
 234   0.203047236494117641455128781037  -0.160200668781866080618200873149
 235   0.272288378382086261688673069206  -0.160200668781866080618200873150
 236   0.341529520270054881922217357376  -0.160200668781866080618200873149
 237   0.410770662158023502155761645545  -0.160200668781866080618200873149
 238   0.480011804045992122389305933715  -0.160200668781866080618200873149
 239  -0.480011804045992122389305933715  -0.149210963701591230443575890845
 240  -0.410770662158023502155761645545  -0.149210963701591230443575890845
 241  -0.341529520270054881922217357376  -0.149210963701591230443575890845
 242  -0.272288378382086261688673069207  -0.149210963701591230443575890845
 243  -0.203047236494117641455128781037  -0.149210963701591230443575890845
 244  -0.133806094606149021221584492868  -0.149210963701591230443575890845
 245  -0.064564952718180400988040204698  -0.149210963701591230443575890845
 246   0.004676189169788219245504083471  -0.149210963701591230443575890845
 247   0.073917331057756839479048371640  -0.149210963701591230443575890845
 248   0.168426665550133331338356636952  -0.140212472827858203007506806864
 249   0.237667807438101951571900925122  -0.140212472827858203007506806864
 250   0.306908949326070571805445213291  -0.140212472827858203007506806864
 251   0.376150091214039192038989501461  -0.140212472827858203007506806864
 252   0.445391233102007812272533789630  -0.140212472827858203007506806864
 253  -0.445391233102007812272533789630  -0.129222767747583352832881824560
 254  -0.376150091214039192038989501461  -0.129222767747583352832881824560
 255  -0.306908949326070571805445213291  -0.129222767747583352832881824560
 256  -0.237667807438101951571900925122  -0.129222767747583352832881824560
 257  -0.168426665550133331338356636953  -0.129222767747583352832881824560
 258  -0.099185523662164711104812348783  -0.129222767747583352832881824560
 259  -0.029944381774196090871268060614  -0.129222767747583352832881824560
 260   0.039296760113772529362276227556  -0.129222767747583352832881824560
 261   0.108537902001741149595820515725  -0.129222767747583352832881824560
 262   0.203047236494117641455128781037  -0.120224276873850325396812740579
 263   0.272288378382086261688673069207  -0.120224276873850325396812740579
 264   0.341529520270054881922217357376  -0.120224276873850325396812740579
 265   0.410770662158023502155761645545  -0.120224276873850325396812740579
 266   0.480011804045992122389305933715  -0.120224276873850325396812740579
 267  -0.480011804045992122389305933715  -0.109234571793575475222187758274
 268  -0.410770662158023502155761645545  -0.109234571793575475222187758274
 269  -0.341529520270054881922217357376  -0.109234571793575475222187758274
 270  -0.272288378382086261688673069207  -0.109234571793575475222187758275
 271  -0.203047236494117641455128781037  -0.109234571793575475222187758275
 272  -0.133806094606149021221584492868  -0.109234571793575475222187758275
 273  -0.064564952718180400988040204698  -0.109234571793575475222187758275
 274   0.004676189169788219245504083471  -0.109234571793575475222187758275
 275   0.073917331057756839479048371640  -0.109234571793575475222187758275
 276   0.143158472945725459712592659810  -0.109234571793575475222187758275
 277   0.237667807438101951571900925122  -0.100236080919842447786118674294
 278   0.306908949326070571805445213291  -0.100236080919842447786118674294
 279   0.376150091214039192038989501461  -0.100236080919842447786118674294
 280   0.445391233102007812272533789630  -0.100236080919842447786118674294
 281  -0.445391233102007812272533789630  -0.089246375839567597611493691989
 282  -0.376150091214039192038989501461  -0.089246375839567597611493691989
 283  -0.306908949326070571805445213291  -0.089246375839567597611493691989
 284  -0.237667807438101951571900925122  -0.089246375839567597611493691989
 285  -0.168426665550133331338356636953  -0.089246375839567597611493691989
 286  -0.099185523662164711104812348783  -0.089246375839567597611493691989
 287  -0.029944381774196090871268060614  -0.089246375839567597611493691989
 288   0.039296760113772529362276227556  -0.089246375839567597611493691989
 289   0.108537902001741149595820515725  -0.089246375839567597611493691989
 290   0.177779043889709769829364803894  -0.089246375839567597611493691989
 291   0.272288378382086261688673069207  -0.080247884965834570175424608008
 292   0.341529520270054881922217357376  -0.080247884965834570175424608008
 293   0.410770662158023502155761645545  -0.080247884965834570175424608008
 294   0.480011804045992122389305933715  -0.080247884965834570175424608008
 295  -0.480011804045992122389305933715  -0.069258179885559720000799625704
 296  -0.410770662158023502155761645545  -0.069258179885559720000799625704
 297  -0.341529520270054881922217357376  -0.069258179885559720000799625704
 298  -0.272288378382086261688673069207  -0.069258179885559720000799625704
 299  -0.203047236494117641455128781037  -0.069258179885559720000799625704
 300  -0.133806094606149021221584492868  -0.069258179885559720000799625704
 301  -0.064564952718180400988040204698  -0.069258179885559720000799625704
 302   0.004676189169788219245504083471  -0.069258179885559720000799625704
 303   0.073917331057756839479048371640  -0.069258179885559720000799625704
 304   0.143158472945725459712592659810  -0.069258179885559720000799625704
 305   0.212399614833694079946136947979  -0.069258179885559720000799625704
 306   0.306908949326070571805445213291  -0.060259689011826692564730541723
 307   0.376150091214039192038989501461  -0.060259689011826692564730541723
 308   0.445391233102007812272533789630  -0.060259689011826692564730541723
 309  -0.445391233102007812272533789630  -0.049269983931551842390105559418
 310  -0.376150091214039192038989501461  -0.049269983931551842390105559418
 311  -0.306908949326070571805445213291  -0.049269983931551842390105559418
 312  -0.237667807438101951571900925122  -0.049269983931551842390105559419
 313  -0.168426665550133331338356636953  -0.049269983931551842390105559419
 314  -0.099185523662164711104812348783  -0.049269983931551842390105559419
 315  -0.029944381774196090871268060614  -0.049269983931551842390105559419
 316   0.039296760113772529362276227556  -0.049269983931551842390105559419
 317   0.108537902001741149595820515725  -0.049269983931551842390105559419
 318   0.177779043889709769829364803894  -0.049269983931551842390105559419
 319   0.247020185777678390062909092064  -0.049269983931551842390105559419
 320   0.341529520270054881922217357376  -0.040271493057818814954036475438
 321   0.410770662158023502155761645545  -0.040271493057818814954036475438
 322   0.480011804045992122389305933715  -0.040271493057818814954036475438
 323  -0.480011804045992122389305933715  -0.029281787977543964779411493133
 324  -0.410770662158023502155761645545  -0.029281787977543964779411493133
 325  -0.341529520270054881922217357376  -0.029281787977543964779411493133
 326  -0.272288378382086261688673069207  -0.029281787977543964779411493133
 327  -0.203047236494117641455128781037  -0.029281787977543964779411493133
 328  -0.133806094606149021221584492868  -0.029281787977543964779411493133
 329  -0.064564952718180400988040204698  -0.029281787977543964779411493133
 330   0.004676189169788219245504083471  -0.029281787977543964779411493133
 331   0.073917331057756839479048371640  -0.029281787977543964779411493133
 332   0.143158472945725459712592659810  -0.029281787977543964779411493133
 333   0.212399614833694079946136947979  -0.029281787977543964779411493133
 334   0.281640756721662700179681236149  -0.029281787977543964779411493133
 335   0.376150091214039192038989501461  -0.020283297103810937343342409152
 336   0.445391233102007812272533789630  -0.020283297103810937343342409152
 337  -0.445391233102007812272533789630  -0.009293592023536087168717426848
 338  -0.376150091214039192038989501461  -0.009293592023536087168717426848
 339  -0.306908949326070571805445213291  -0.009293592023536087168717426848
 340  -0.237667807438101951571900925122  -0.009293592023536087168717426848
 341  -0.168426665550133331338356636953  -0.009293592023536087168717426848
 342  -0.099185523662164711104812348783  -0.009293592023536087168717426848
 343  -0.029944381774196090871268060614  -0.009293592023536087168717426848
 344   0.039296760113772529362276227556  -0.009293592023536087168717426848
 345   0.108537902001741149595820515725  -0.009293592023536087168717426848
 346   0.177779043889709769829364803894  -0.009293592023536087168717426848
 347   0.247020185777678390062909092064  -0.009293592023536087168717426848
 348   0.316261327665647010296453380233  -0.009293592023536087168717426848
 349   0.410770662158023502155761645545  -0.000295101149803059732648342867
 350   0.480011804045992122389305933715  -0.000295101149803059732648342867
 351  -0.480011804045992122389305933715   0.010694603930471790441976639438
 352  -0.410770662158023502155761645545   0.010694603930471790441976639438
 353  -0.341529520270054881922217357376   0.010694603930471790441976639438
 354  -0.272288378382086261688673069207   0.010694603930471790441976639438
 355  -0.203047236494117641455128781037   0.010694603930471790441976639437
 356  -0.133806094606149021221584492868   0.010694603930471790441976639437
 357  -0.064564952718180400988040204698   0.010694603930471790441976639437
 358   0.004676189169788219245504083471   0.010694603930471790441976639437
 359   0.073917331057756839479048371640   0.010694603930471790441976639437
 360   0.143158472945725459712592659810   0.010694603930471790441976639437
 361   0.212399614833694079946136947979   0.010694603930471790441976639437
 362   0.281640756721662700179681236149   0.010694603930471790441976639437
 363   0.350881898609631320413225524318   0.010694603930471790441976639437
 364   0.445391233102007812272533789630   0.019693094804204817878045723418
 365  -0.445391233102007812272533789630   0.030682799884479668052670705723
 366  -0.376150091214039192038989501461   0.030682799884479668052670705723
 367  -0.306908949326070571805445213291   0.030682799884479668052670705723
 368  -0.237667807438101951571900925122   0.030682799884479668052670705723
 369  -0.168426665550133331338356636953   0.030682799884479668052670705723
 370  -0.099185523662164711104812348783   0.030682799884479668052670705723
 371  -0.029944381774196090871268060614   0.030682799884479668052670705723
 372   0.039296760113772529362276227556   0.030682799884479668052670705723
 373   0.108537902001741149595820515725   0.030682799884479668052670705723
 374   0.177779043889709769829364803894   0.030682799884479668052670705723
 375   0.247020185777678390062909092064   0.030682799884479668052670705723
 376   0.316261327665647010296453380233   0.030682799884479668052670705723
 377   0.385502469553615630529997668403   0.030682799884479668052670705723
 378   0.480011804045992122389305933715   0.039681290758212695488739789704
 379  -0.480011804045992122389305933715   0.050670995838487545663364772008
 380  -0.410770662158023502155761645545   0.050670995838487545663364772008
 381  -0.341529520270054881922217357376   0.050670995838487545663364772008
 382  -0.272288378382086261688673069207   0.050670995838487545663364772008
 383  -0.203047236494117641455128781037   0.050670995838487545663364772008
 384  -0.133806094606149021221584492868   0.050670995838487545663364772008
 385  -0.064564952718180400988040204698   0.050670995838487545663364772008
 386   0.004676189169788219245504083471   0.050670995838487545663364772008
 387   0.073917331057756839479048371640   0.050670995838487545663364772008
 388   0.143158472945725459712592659810   0.050670995838487545663364772008
 389   0.212399614833694079946136947979   0.050670995838487545663364772008
 390   0.281640756721662700179681236149   0.050670995838487545663364772008
 391   0.350881898609631320413225524318   0.050670995838487545663364772008
 392   0.420123040497599940646769812487   0.050670995838487545663364772008
 393  -0.445391233102007812272533789630   0.070659191792495423274058838294
 394  -0.376150091214039192038989501461   0.070659191792495423274058838294
 395  -0.306908949326070571805445213291   0.070659191792495423274058838294
 396  -0.237667807438101951571900925122   0.070659191792495423274058838294
 397  -0.168426665550133331338356636953   0.070659191792495423274058838293
 398  -0.099185523662164711104812348783   0.070659191792495423274058838293
 399  -0.029944381774196090871268060614   0.070659191792495423274058838293
 400   0.039296760113772529362276227556   0.070659191792495423274058838293
 401   0.108537902001741149595820515725   0.070659191792495423274058838293
 402   0.177779043889709769829364803894   0.070659191792495423274058838293
 403   0.247020185777678390062909092064   0.070659191792495423274058838293
 404   0.316261327665647010296453380233   0.070659191792495423274058838293
 405   0.385502469553615630529997668403   0.070659191792495423274058838293
 406   0.454743611441584250763541956572   0.070659191792495423274058838293
 407  -0.480011804045992122389305933715   0.090647387746503300884752904579
 408  -0.410770662158023502155761645545   0.090647387746503300884752904579
 409  -0.341529520270054881922217357376   0.090647387746503300884752904579
 410  -0.272288378382086261688673069207   0.090647387746503300884752904579
 411  -0.203047236494117641455128781037   0.090647387746503300884752904579
 412  -0.133806094606149021221584492868   0.090647387746503300884752904579
 413  -0.064564952718180400988040204698   0.090647387746503300884752904579
 414   0.004676189169788219245504083471   0.090647387746503300884752904579
 415   0.073917331057756839479048371640   0.090647387746503300884752904579
 416   0.143158472945725459712592659810   0.090647387746503300884752904579
 417   0.212399614833694079946136947979   0.090647387746503300884752904579
 418   0.281640756721662700179681236149   0.090647387746503300884752904579
 419   0.350881898609631320413225524318   0.090647387746503300884752904579
 420   0.420123040497599940646769812487   0.090647387746503300884752904579
 421   0.480011804045992122389305933715   0.101637092826778151059377886883
 422  -0.445391233102007812272533789630   0.110635583700511178495446970864
 423  -0.376150091214039192038989501461   0.110635583700511178495446970864
 424  -0.306908949326070571805445213291   0.110635583700511178495446970864
 425  -0.237667807438101951571900925122   0.110635583700511178495446970864
 426  -0.168426665550133331338356636953   0.110635583700511178495446970864
 427  -0.099185523662164711104812348783   0.110635583700511178495446970864
 428  -0.029944381774196090871268060614   0.110635583700511178495446970864
 429   0.039296760113772529362276227556   0.110635583700511178495446970864
 430   0.108537902001741149595820515725   0.110635583700511178495446970864
 431   0.177779043889709769829364803894   0.110635583700511178495446970864
 432   0.247020185777678390062909092064   0.110635583700511178495446970864
 433   0.316261327665647010296453380233   0.110635583700511178495446970864
 434   0.385502469553615630529997668403   0.110635583700511178495446970864
 435   0.445391233102007812272533789630   0.121625288780786028670071953168
 436  -0.480011804045992122389305933715   0.130623779654519056106141037150
 437  -0.410770662158023502155761645545   0.130623779654519056106141037150
 438  -0.341529520270054881922217357376   0.130623779654519056106141037150
 439  -0.272288378382086261688673069207   0.130623779654519056106141037150
 440  -0.203047236494117641455128781037   0.130623779654519056106141037150
 441  -0.133806094606149021221584492868   0.130623779654519056106141037150
 442  -0.064564952718180400988040204698   0.130623779654519056106141037149
 443   0.004676189169788219245504083471   0.130623779654519056106141037149
 444   0.073917331057756839479048371640   0.130623779654519056106141037149
 445   0.143158472945725459712592659810   0.130623779654519056106141037149
 446   0.212399614833694079946136947979   0.130623779654519056106141037149
 447   0.281640756721662700179681236149   0.130623779654519056106141037149
 448   0.350881898609631320413225524318   0.130623779654519056106141037149
 449   0.410770662158023502155761645545   0.141613484734793906280766019453
 450   0.480011804045992122389305933715   0.141613484734793906280766019453
 451  -0.445391233102007812272533789630   0.150611975608526933716835103435
 452  -0.376150091214039192038989501461   0.150611975608526933716835103435
 453  -0.306908949326070571805445213291   0.150611975608526933716835103435
 454  -0.237667807438101951571900925122   0.150611975608526933716835103435
 455  -0.168426665550133331338356636953   0.150611975608526933716835103435
 456  -0.099185523662164711104812348783   0.150611975608526933716835103435
 457  -0.029944381774196090871268060614   0.150611975608526933716835103435
 458   0.039296760113772529362276227556   0.150611975608526933716835103435
 459   0.108537902001741149595820515725   0.150611975608526933716835103435
 460   0.177779043889709769829364803894   0.150611975608526933716835103435
 461   0.247020185777678390062909092064   0.150611975608526933716835103435
 462   0.316261327665647010296453380233   0.150611975608526933716835103434
 463   0.376150091214039192038989501461   0.161601680688801783891460085739
 464   0.445391233102007812272533789630   0.161601680688801783891460085739
 465  -0.480011804045992122389305933715   0.170600171562534811327529169720
 466  -0.410770662158023502155761645545   0.170600171562534811327529169720
 467  -0.341529520270054881922217357376   0.170600171562534811327529169720
 468  -0.272288378382086261688673069207   0.170600171562534811327529169720
 469  -0.203047236494117641455128781037   0.170600171562534811327529169720
 470  -0.133806094606149021221584492868   0.170600171562534811327529169720
 471  -0.064564952718180400988040204698   0.170600171562534811327529169720
 472   0.004676189169788219245504083471   0.170600171562534811327529169720
 473   0.073917331057756839479048371640   0.170600171562534811327529169720
 474   0.143158472945725459712592659810   0.170600171562534811327529169720
 475   0.212399614833694079946136947979   0.170600171562534811327529169720
 476   0.281640756721662700179681236149   0.170600171562534811327529169720
 477   0.341529520270054881922217357376   0.181589876642809661502154152024
 478   0.410770662158023502155761645545   0.181589876642809661502154152024
 479   0.480011804045992122389305933715   0.181589876642809661502154152024
 480  -0.445391233102007812272533789630   0.190588367516542688938223236006
 481  -0.376150091214039192038989501461   0.190588367516542688938223236006
 482  -0.306908949326070571805445213291   0.190588367516542688938223236006
 483  -0.237667807438101951571900925122   0.190588367516542688938223236006
 484  -0.168426665550133331338356636952   0.190588367516542688938223236006
 485  -0.099185523662164711104812348783   0.190588367516542688938223236006
 486  -0.029944381774196090871268060614   0.190588367516542688938223236006
 487   0.039296760113772529362276227556   0.190588367516542688938223236005
 488   0.108537902001741149595820515725   0.190588367516542688938223236005
 489   0.177779043889709769829364803894   0.190588367516542688938223236005
 490   0.247020185777678390062909092064   0.190588367516542688938223236005
 491   0.306908949326070571805445213291   0.201578072596817539112848218309
 492   0.376150091214039192038989501461   0.201578072596817539112848218309
 493   0.445391233102007812272533789630   0.201578072596817539112848218309
 494  -0.480011804045992122389305933715   0.210576563470550566548917302291
 495  -0.410770662158023502155761645545   0.210576563470550566548917302291
 496  -0.341529520270054881922217357376   0.210576563470550566548917302291
 497  -0.272288378382086261688673069206   0.210576563470550566548917302291
 498  -0.203047236494117641455128781037   0.210576563470550566548917302291
 499  -0.133806094606149021221584492868   0.210576563470550566548917302291
 500  -0.064564952718180400988040204698   0.210576563470550566548917302291
 501   0.004676189169788219245504083471   0.210576563470550566548917302291
 502   0.073917331057756839479048371640   0.210576563470550566548917302291
 503   0.143158472945725459712592659810   0.210576563470550566548917302291
 504   0.212399614833694079946136947979   0.210576563470550566548917302291
 505   0.272288378382086261688673069207   0.221566268550825416723542284595
 506   0.341529520270054881922217357376   0.221566268550825416723542284595
 507   0.410770662158023502155761645545   0.221566268550825416723542284595
 508   0.480011804045992122389305933715   0.221566268550825416723542284595
 509  -0.445391233102007812272533789630   0.230564759424558444159611368576
 510  -0.376150091214039192038989501461   0.230564759424558444159611368576
 511  -0.306908949326070571805445213291   0.230564759424558444159611368576
 512  -0.237667807438101951571900925122   0.230564759424558444159611368576
 513  -0.168426665550133331338356636953   0.230564759424558444159611368576
 514  -0.099185523662164711104812348783   0.230564759424558444159611368576
 515  -0.029944381774196090871268060614   0.230564759424558444159611368576
 516   0.039296760113772529362276227556   0.230564759424558444159611368576
 517   0.108537902001741149595820515725   0.230564759424558444159611368576
 518   0.177779043889709769829364803894   0.230564759424558444159611368576
 519   0.237667807438101951571900925122   0.241554464504833294334236350880
 520   0.306908949326070571805445213291   0.241554464504833294334236350880
 521   0.376150091214039192038989501461   0.241554464504833294334236350880
 522   0.445391233102007812272533789630   0.241554464504833294334236350880
 523  -0.480011804045992122389305933715   0.250552955378566321770305434862
 524  -0.410770662158023502155761645545   0.250552955378566321770305434862
 525  -0.341529520270054881922217357376   0.250552955378566321770305434862
 526  -0.272288378382086261688673069207   0.250552955378566321770305434862
 527  -0.203047236494117641455128781037   0.250552955378566321770305434862
 528  -0.133806094606149021221584492868   0.250552955378566321770305434862
 529  -0.064564952718180400988040204698   0.250552955378566321770305434862
 530   0.004676189169788219245504083471   0.250552955378566321770305434862
 531   0.073917331057756839479048371640   0.250552955378566321770305434862
 532   0.143158472945725459712592659809   0.250552955378566321770305434861
 533   0.203047236494117641455128781037   0.261542660458841171944930417165
 534   0.272288378382086261688673069207   0.261542660458841171944930417165
 535   0.341529520270054881922217357376   0.261542660458841171944930417165
 536   0.410770662158023502155761645545   0.261542660458841171944930417165
 537   0.480011804045992122389305933715   0.261542660458841171944930417165
 538  -0.445391233102007812272533789630   0.270541151332574199380999501147
 539  -0.376150091214039192038989501461   0.270541151332574199380999501147
 540  -0.306908949326070571805445213291   0.270541151332574199380999501147
 541  -0.237667807438101951571900925122   0.270541151332574199380999501147
 542  -0.168426665550133331338356636952   0.270541151332574199380999501147
 543  -0.099185523662164711104812348783   0.270541151332574199380999501147
 544  -0.029944381774196090871268060614   0.270541151332574199380999501147
 545   0.039296760113772529362276227556   0.270541151332574199380999501147
 546   0.108537902001741149595820515725   0.270541151332574199380999501147
 547   0.168426665550133331338356636952   0.281530856412849049555624483450
 548   0.237667807438101951571900925122   0.281530856412849049555624483451
 549   0.306908949326070571805445213291   0.281530856412849049555624483451
 550   0.376150091214039192038989501461   0.281530856412849049555624483451
 551   0.445391233102007812272533789630   0.281530856412849049555624483451
 552  -0.480011804045992122389305933715   0.290529347286582076991693567432
 553  -0.410770662158023502155761645545   0.290529347286582076991693567432
 554  -0.341529520270054881922217357376   0.290529347286582076991693567432
 555  -0.272288378382086261688673069207   0.290529347286582076991693567432
 556  -0.203047236494117641455128781037   0.290529347286582076991693567432
 557  -0.133806094606149021221584492868   0.290529347286582076991693567432
 558  -0.064564952718180400988040204698   0.290529347286582076991693567432
 559   0.004676189169788219245504083471   0.290529347286582076991693567432
 560   0.073917331057756839479048371640   0.290529347286582076991693567432
 561   0.203047236494117641455128781037   0.301519052366856927166318549736
 562   0.272288378382086261688673069206   0.301519052366856927166318549736
 563   0.341529520270054881922217357376   0.301519052366856927166318549736
 564   0.410770662158023502155761645545   0.301519052366856927166318549736
 565   0.480011804045992122389305933715   0.301519052366856927166318549736
 566   0.133806094606149021221584492866   0.301519052366856927166318549738
 567  -0.445391233102007812272533789630   0.310517543240589954602387633718
 568  -0.376150091214039192038989501461   0.310517543240589954602387633718
 569  -0.306908949326070571805445213291   0.310517543240589954602387633718
 570  -0.237667807438101951571900925122   0.310517543240589954602387633718
 571  -0.168426665550133331338356636952   0.310517543240589954602387633718
 572  -0.099185523662164711104812348783   0.310517543240589954602387633718
 573  -0.029944381774196090871268060614   0.310517543240589954602387633718
 574   0.039605181060304266096591640587   0.311061172178488382078078559900
 575   0.168426665550133331338356636952   0.321507248320864804777012616021
 576   0.237667807438101951571900925122   0.321507248320864804777012616021
 577   0.306908949326070571805445213291   0.321507248320864804777012616021
 578   0.376150091214039192038989501461   0.321507248320864804777012616021
 579   0.445391233102007812272533789630   0.321507248320864804777012616021
 580   0.099185523662164711104812348780   0.321507248320864804777012616024
 581  -0.480011804045992122389305933715   0.330505739194597832213081700003
 582  -0.410770662158023502155761645545   0.330505739194597832213081700003
 583  -0.341529520270054881922217357376   0.330505739194597832213081700003
 584  -0.272288378382086261688673069207   0.330505739194597832213081700003
 585  -0.203047236494117641455128781037   0.330505739194597832213081700003
 586  -0.133806094606149021221584492868   0.330505739194597832213081700003
 587  -0.064564952718180400988040204698   0.330505739194597832213081700003
 588   0.004676189169788219245504083471   0.330505739194597832213081700003
 589   0.203047236494117641455128781037   0.341495444274872682387706682306
 590   0.272288378382086261688673069206   0.341495444274872682387706682307
 591   0.341529520270054881922217357376   0.341495444274872682387706682307
 592   0.410770662158023502155761645545   0.341495444274872682387706682307
 593   0.480011804045992122389305933715   0.341495444274872682387706682307
 594   0.133806094606149021221584492866   0.341495444274872682387706682308
 595   0.063631872983000000000000000000   0.343012534015000000000000000000
 596  -0.445391233102007812272533789630   0.350493935148605709823775766288
 597  -0.306908949326070571805445213291   0.350493935148605709823775766288
 598  -0.237667807438101951571900925122   0.350493935148605709823775766288
 599  -0.029944381774196090871268060614   0.350493935148605709823775766288
 600  -0.168403838229365566749418046789   0.350533525470814635502763031137
 601  -0.098533667053995168818745233438   0.351582701887430968000133634103
 602  -0.379793880253656038602487910974   0.355775303750254900605869312498
 603   0.168426665550133331338356636952   0.361483640228880559998400748591
 604   0.237667807438101951571900925121   0.361483640228880559998400748592
 605   0.306908949326070571805445213291   0.361483640228880559998400748592
 606   0.376150091214039192038989501461   0.361483640228880559998400748592
 607   0.445391233102007812272533789630   0.361483640228880559998400748592
 608   0.099185523662164711104812348780   0.361483640228880559998400748594
 609   0.027949539971088210207501740031   0.363009016759528059151967980385
 610  -0.342615195131268623332926166872   0.370467386058547221725106593149
 611  -0.133760424943094652820503158152   0.370482105015731999620125643657
 612  -0.480011804045992122389305933715   0.370482131102613587434469832574
 613  -0.272288378382086261688673069207   0.370482131102613587434469832574
 614  -0.203047236494117641455128781037   0.370482131102613587434469832574
 615  -0.063913096110010858701973089354   0.371570897841438845610827700388
 616  -0.414414451197640348719260055059   0.375763499704262778216563378783
 617   0.203047236494117641455128781037   0.381471836182888437609094814877
 618   0.272288378382086261688673069206   0.381471836182888437609094814877
 619   0.341529520270054881922217357376   0.381471836182888437609094814877
 620   0.410770662158023502155761645545   0.381471836182888437609094814877
 621   0.480011804045992122389305933715   0.381471836182888437609094814877
 622   0.133806094606149021221584492865   0.381471836182888437609094814879
 623  -0.006671030972896099909270404053   0.382997212713535936762662046671
 624   0.060823348975559496176733357918   0.385755985602009251427907062197
 625  -0.307994624187284313216154022787   0.390455582012555099335800659434
 626  -0.378495931223579726364935606801   0.395730619270202825484428674831
 627  -0.449035022141624658836032199143   0.395751695658270655827257445069
 628  -0.234653936614382902293154204226   0.400417021422533194563385643246
 629   0.097599461319733388575974833166   0.401428556253691387236757750755
 630   0.168426665550133331338356636951   0.401460032136896315219788881161
 631   0.237667807438101951571900925121   0.401460032136896315219788881163
 632   0.306908949326070571805445213291   0.401460032136896315219788881162
 633   0.376150091214039192038989501461   0.401460032136896315219788881163
 634   0.445391233102007812272533789630   0.401460032136896315219788881163
 635  -0.156317503065845546815209150019   0.403486500731263295473362344678
 636   0.026202778031575186059961213833   0.405744181556017129038601128482
 637  -0.116456479231252320587956582893   0.406521412400695914256960754187
 638  -0.076590018957022678348605583739   0.409484055677659469444696363682
 639  -0.036613627049006923127217451169   0.409484055677659469444696363682
 640  -0.195793025675136117555733647870   0.409794830518667923839472312347
 641  -0.273374053243300003099381878702   0.410443777966562976946494725719
 642  -0.341852291980276098489199991400   0.411710469488208183263539303930
 643  -0.413116502167564036481707750886   0.415718815224210703095122741116
 644  -0.480011804045992122389305933715   0.421021260213927724220045057563
 645   0.132220032263717698692746977251   0.421416752207699264847451817039
 646   0.410770662158023502155761645545   0.421448228090904192830482947448
 647   0.480011804045992122389305933715   0.421448228090904192830482947448
 648   0.272408924197086184050061266979   0.421655580559326277378990838739
 649   0.202876053853856122224934123920   0.421741858788158102671565646783
 650   0.343093971824992236443602586129   0.423941243868481013797687165451
 651   0.060946965959990304619151130407   0.425732186382278851573945423493
 652  -0.379387241207560373246416243673   0.437176887483275362984438765343
 653  -0.304013808821000000000000000000   0.438955952430000000000000000000
 654  -0.444846850802848675210845131549   0.440035412137976367167917801144
 655   0.166840603207702008809519121337   0.441404948161707142458145883322
 656   0.307148794738761468821093069426   0.441435704541013280711449464544
 657   0.237669463315564595751760737246   0.441436424010617702670592390101
 658   0.445391233102007812272533789630   0.441436424044912070441177013733
 659   0.097670518602941411471924495643   0.441527520860018356820295393362
 660  -0.134028801769825195959511996086   0.442428589825044257084798180134
 661  -0.173995568867090210570514212074   0.443305765848566441823550826766
 662   0.377714542768976546560374730214   0.443929439822488891408381231736
 663  -0.013725903650000000000000000000   0.444721584052000000000000000000
 664  -0.253963043750248438449905156942   0.445391233102007812272533789630
 665  -0.213986651842232683228517024371   0.445391233102007812272533789630
 666  -0.094162341495595553720160996932   0.445391233102007812272533789630
 667  -0.054185949587579798498772864361   0.445391233102007812272533789630
 668   0.026326395016005994502378986322   0.445720382336286729184639489779
 669  -0.342136711973500260717865142723   0.451685849602107312037456417831
 670  -0.480011804045992122389305933715   0.460997652121943479441433190134
 671  -0.407596321568788562682294030598   0.465502841927160173336288281226
 672   0.479843263895000000000000000000   0.467802328093000000000000000000
 673   0.130943360709000000000000000000   0.470750579152000000000000000000
 674   0.216949608605305620338312615526   0.475624134240596932800409376197
 675  -0.154074496668914118474339010651   0.477965004046459988663572601730
 676   0.338480494891000000000000000000   0.479723900033000000000000000000
 677  -0.444846850802848675210845131549   0.480011804045992122389305933715
 678  -0.370345792334728450153742929648   0.480011804045992122389305933715
 679  -0.313927631612272071281987355798   0.480011804045992122389305933715
 680  -0.273951239704256316060599223227   0.480011804045992122389305933715
 681  -0.233974847796240560839211090656   0.480011804045992122389305933715
 682  -0.193998455888224805617822958086   0.480011804045992122389305933715
 683  -0.114150537449603431330855063217   0.480011804045992122389305933715
 684  -0.074174145541587676109466930646   0.480011804045992122389305933715
 685  -0.034197753633571920888078798076   0.480011804045992122389305933715
 686   0.005778638274443834333309334495   0.480011804045992122389305933715
 687   0.046874151757568154671448638149   0.480011804045992122389305933715
 688   0.086850543665583909892836770720   0.480011804045992122389305933715
 689   0.177214733952652053757997284605   0.480011804045992122389305933715
 690   0.256684483257959186918627946448   0.480011804045992122389305933715
 691   0.296660875165974942140016079019   0.480011804045992122389305933715
 692   0.394924275539293511405384923789   0.480011804045992122389305933715
 693   0.434900667447309266626773056360   0.480011804045992122389305933715
