   1  -0.421546999032328826657909637046  -0.479980870832747999581369851662
   2  -0.352198701350399840024118907145  -0.479980870832747999581369851662
   3  -0.282850403668470853390328177245  -0.479980870832747999581369851662
   4  -0.213502105986541866756537447344  -0.479980870832747999581369851662
   5  -0.144153808304612880122746717443  -0.479980870832747999581369851662
   6  -0.074805510622683893488955987543  -0.479980870832747999581369851662
   7  -0.005457212940754906855165257642  -0.479980870832747999581369851662
   8   0.063891084741174079778625472258  -0.479980870832747999581369851662
   9   0.133239382423103066412416202159  -0.479980870832747999581369851662
  10   0.202587680105032053046206932059  -0.479980870832747999581369851662
  11   0.271935977786961039679997661960  -0.479980870832747999581369851662
  12   0.341284275468890026313788391861  -0.479980870832747999581369851662
  13   0.410632573150819012947579121761  -0.479980870832747999581369851662
  14   0.479980870832747999581369851662  -0.479980870832747999581369851662
  15  -0.479951597078000000000000000000  -0.479951597078000000000000000000
  16  -0.386872850191364333341014272095  -0.459961741665495999162739703323
  17  -0.317524552509435346707223542195  -0.459961741665495999162739703323
  18  -0.248176254827506360073432812294  -0.459961741665495999162739703323
  19  -0.178827957145577373439642082394  -0.459961741665495999162739703323
  20  -0.109479659463648386805851352493  -0.459961741665495999162739703323
  21  -0.040131361781719400172060622593  -0.459961741665495999162739703323
  22   0.029216935900209586461730107308  -0.459961741665495999162739703323
  23   0.098565233582138573095520837209  -0.459961741665495999162739703323
  24   0.167913531264067559729311567109  -0.459961741665495999162739703323
  25   0.237261828945996546363102297010  -0.459961741665495999162739703323
  26   0.306610126627925532996893026910  -0.459961741665495999162739703323
  27   0.375958424309854519630683756811  -0.459961741665495999162739703323
  28   0.445306721991783506264474486711  -0.459961741665495999162739703323
  29  -0.445306721991783506264474486711  -0.447754519885884014801911026482
  30  -0.352198701350399840024118907145  -0.439942612498243998744109554985
  31  -0.282850403668470853390328177245  -0.439942612498243998744109554985
  32  -0.213502105986541866756537447344  -0.439942612498243998744109554985
  33  -0.144153808304612880122746717443  -0.439942612498243998744109554985
  34  -0.074805510622683893488955987543  -0.439942612498243998744109554985
  35  -0.005457212940754906855165257642  -0.439942612498243998744109554985
  36   0.063891084741174079778625472258  -0.439942612498243998744109554985
  37   0.133239382423103066412416202159  -0.439942612498243998744109554985
  38   0.202587680105032053046206932059  -0.439942612498243998744109554985
  39   0.271935977786961039679997661960  -0.439942612498243998744109554985
  40   0.341284275468890026313788391861  -0.439942612498243998744109554985
  41   0.410632573150819012947579121761  -0.439942612498243998744109554985
  42   0.479980870832747999581369851662  -0.439942612498243998744109554985
  43  -0.479980870832747999581369851662  -0.427735390718632014383280878143
  44  -0.410632573150819012947579121761  -0.427735390718632014383280878143
  45  -0.317524552509435346707223542195  -0.419923483330991998325479406647
  46  -0.248176254827506360073432812294  -0.419923483330991998325479406647
  47  -0.178827957145577373439642082394  -0.419923483330991998325479406647
  48  -0.109479659463648386805851352493  -0.419923483330991998325479406647
  49  -0.040131361781719400172060622593  -0.419923483330991998325479406647
  50   0.029216935900209586461730107308  -0.419923483330991998325479406647
  51   0.098565233582138573095520837209  -0.419923483330991998325479406647
  52   0.167913531264067559729311567109  -0.419923483330991998325479406647
  53   0.237261828945996546363102297010  -0.419923483330991998325479406647
  54   0.306610126627925532996893026910  -0.419923483330991998325479406647
  55   0.375958424309854519630683756811  -0.419923483330991998325479406647
  56   0.445306721991783506264474486711  -0.419923483330991998325479406647
  57  -0.445306721991783506264474486711  -0.407716261551380013964650729805
  58  -0.375958424309854519630683756811  -0.407716261551380013964650729805
  59  -0.282850403668470853390328177245  -0.399904354163739997906849258308
  60  -0.213502105986541866756537447344  -0.399904354163739997906849258308
  61  -0.144153808304612880122746717443  -0.399904354163739997906849258308
  62  -0.074805510622683893488955987543  -0.399904354163739997906849258308
  63  -0.005457212940754906855165257642  -0.399904354163739997906849258308
  64   0.063891084741174079778625472258  -0.399904354163739997906849258309
  65   0.133239382423103066412416202159  -0.399904354163739997906849258308
  66   0.202587680105032053046206932059  -0.399904354163739997906849258309
  67   0.271935977786961039679997661960  -0.399904354163739997906849258308
  68   0.341284275468890026313788391861  -0.399904354163739997906849258309
  69   0.410632573150819012947579121761  -0.399904354163739997906849258308
  70   0.479980870832747999581369851662  -0.399904354163739997906849258308
  71  -0.479980870832747999581369851662  -0.387697132384128013546020581467
  72  -0.410632573150819012947579121761  -0.387697132384128013546020581467
  73  -0.341284275468890026313788391861  -0.387697132384128013546020581467
  74  -0.248176254827506360073432812294  -0.379885224996487997488219109970
  75  -0.178827957145577373439642082394  -0.379885224996487997488219109970
  76  -0.109479659463648386805851352493  -0.379885224996487997488219109970
  77  -0.040131361781719400172060622593  -0.379885224996487997488219109970
  78   0.029216935900209586461730107308  -0.379885224996487997488219109970
  79   0.098565233582138573095520837209  -0.379885224996487997488219109970
  80   0.167913531264067559729311567109  -0.379885224996487997488219109970
  81   0.237261828945996546363102297010  -0.379885224996487997488219109970
  82   0.306610126627925532996893026910  -0.379885224996487997488219109970
  83   0.375958424309854519630683756811  -0.379885224996487997488219109970
  84   0.445306721991783506264474486711  -0.379885224996487997488219109970
  85  -0.445306721991783506264474486711  -0.367678003216876013127390433128
  86  -0.375958424309854519630683756811  -0.367678003216876013127390433128
  87  -0.306610126627925532996893026910  -0.367678003216876013127390433128
  88  -0.213502105986541866756537447344  -0.359866095829235997069588961632
  89  -0.144153808304612880122746717443  -0.359866095829235997069588961632
  90  -0.074805510622683893488955987543  -0.359866095829235997069588961632
  91  -0.005457212940754906855165257642  -0.359866095829235997069588961632
  92   0.063891084741174079778625472258  -0.359866095829235997069588961632
  93   0.133239382423103066412416202159  -0.359866095829235997069588961632
  94   0.202587680105032053046206932059  -0.359866095829235997069588961632
  95   0.271935977786961039679997661960  -0.359866095829235997069588961632
  96   0.341284275468890026313788391861  -0.359866095829235997069588961632
  97   0.410632573150819012947579121761  -0.359866095829235997069588961632
  98   0.479980870832747999581369851662  -0.359866095829235997069588961632
  99  -0.479980870832747999581369851662  -0.347658874049624012708760284790
 100  -0.410632573150819012947579121761  -0.347658874049624012708760284790
 101  -0.341284275468890026313788391861  -0.347658874049624012708760284790
 102  -0.271935977786961039679997661960  -0.347658874049624012708760284790
 103  -0.178827957145577373439642082394  -0.339846966661983996650958813294
 104  -0.109479659463648386805851352493  -0.339846966661983996650958813294
 105  -0.040131361781719400172060622593  -0.339846966661983996650958813294
 106   0.029216935900209586461730107308  -0.339846966661983996650958813294
 107   0.098565233582138573095520837209  -0.339846966661983996650958813294
 108   0.167913531264067559729311567109  -0.339846966661983996650958813294
 109   0.237261828945996546363102297010  -0.339846966661983996650958813294
 110   0.306610126627925532996893026910  -0.339846966661983996650958813294
 111   0.375958424309854519630683756811  -0.339846966661983996650958813294
 112   0.445306721991783506264474486711  -0.339846966661983996650958813294
 113  -0.445306721991783506264474486711  -0.327639744882372012290130136452
 114  -0.375958424309854519630683756811  -0.327639744882372012290130136452
 115  -0.306610126627925532996893026910  -0.327639744882372012290130136452
 116  -0.237261828945996546363102297010  -0.327639744882372012290130136452
 117  -0.144153808304612880122746717443  -0.319827837494731996232328664955
 118  -0.074805510622683893488955987543  -0.319827837494731996232328664955
 119  -0.005457212940754906855165257642  -0.319827837494731996232328664955
 120   0.063891084741174079778625472258  -0.319827837494731996232328664955
 121   0.133239382423103066412416202159  -0.319827837494731996232328664955
 122   0.202587680105032053046206932059  -0.319827837494731996232328664955
 123   0.271935977786961039679997661960  -0.319827837494731996232328664955
 124   0.341284275468890026313788391861  -0.319827837494731996232328664955
 125   0.410632573150819012947579121761  -0.319827837494731996232328664955
 126   0.479980870832747999581369851662  -0.319827837494731996232328664955
 127  -0.479980870832747999581369851662  -0.307620615715120011871499988113
 128  -0.410632573150819012947579121761  -0.307620615715120011871499988113
 129  -0.341284275468890026313788391861  -0.307620615715120011871499988113
 130  -0.271935977786961039679997661960  -0.307620615715120011871499988113
 131  -0.202587680105032053046206932059  -0.307620615715120011871499988113
 132  -0.109479659463648386805851352493  -0.299808708327479995813698516617
 133  -0.040131361781719400172060622593  -0.299808708327479995813698516617
 134   0.029216935900209586461730107308  -0.299808708327479995813698516617
 135   0.098565233582138573095520837209  -0.299808708327479995813698516617
 136   0.167913531264067559729311567109  -0.299808708327479995813698516617
 137   0.237261828945996546363102297010  -0.299808708327479995813698516617
 138   0.306610126627925532996893026910  -0.299808708327479995813698516617
 139   0.375958424309854519630683756811  -0.299808708327479995813698516617
 140   0.445306721991783506264474486711  -0.299808708327479995813698516617
 141  -0.445306721991783506264474486711  -0.287601486547868011452869839775
 142  -0.375958424309854519630683756811  -0.287601486547868011452869839775
 143  -0.306610126627925532996893026910  -0.287601486547868011452869839775
 144  -0.237261828945996546363102297010  -0.287601486547868011452869839775
 145  -0.167913531264067559729311567109  -0.287601486547868011452869839775
 146  -0.074805510622683893488955987543  -0.279789579160227995395068368279
 147  -0.005457212940754906855165257642  -0.279789579160227995395068368279
 148   0.063891084741174079778625472258  -0.279789579160227995395068368279
 149   0.133239382423103066412416202159  -0.279789579160227995395068368279
 150   0.202587680105032053046206932059  -0.279789579160227995395068368279
 151   0.271935977786961039679997661960  -0.279789579160227995395068368279
 152   0.341284275468890026313788391861  -0.279789579160227995395068368279
 153   0.410632573150819012947579121761  -0.279789579160227995395068368279
 154   0.479980870832747999581369851662  -0.279789579160227995395068368279
 155  -0.479980870832747999581369851662  -0.267582357380616011034239691437
 156  -0.410632573150819012947579121761  -0.267582357380616011034239691437
 157  -0.341284275468890026313788391861  -0.267582357380616011034239691437
 158  -0.271935977786961039679997661960  -0.267582357380616011034239691437
 159  -0.202587680105032053046206932059  -0.267582357380616011034239691437
 160  -0.133239382423103066412416202159  -0.267582357380616011034239691437
 161  -0.040131361781719400172060622593  -0.259770449992975994976438219940
 162   0.029216935900209586461730107308  -0.259770449992975994976438219940
 163   0.098565233582138573095520837209  -0.259770449992975994976438219940
 164   0.167913531264067559729311567109  -0.259770449992975994976438219940
 165   0.237261828945996546363102297010  -0.259770449992975994976438219940
 166   0.306610126627925532996893026910  -0.259770449992975994976438219940
 167   0.375958424309854519630683756811  -0.259770449992975994976438219940
 168   0.445306721991783506264474486711  -0.259770449992975994976438219940
 169  -0.445306721991783506264474486711  -0.247563228213364010615609543098
 170  -0.375958424309854519630683756811  -0.247563228213364010615609543098
 171  -0.306610126627925532996893026910  -0.247563228213364010615609543098
 172  -0.237261828945996546363102297010  -0.247563228213364010615609543098
 173  -0.167913531264067559729311567109  -0.247563228213364010615609543098
 174  -0.098565233582138573095520837209  -0.247563228213364010615609543098
 175  -0.005457212940754906855165257642  -0.239751320825723994557808071602
 176   0.063891084741174079778625472258  -0.239751320825723994557808071602
 177   0.133239382423103066412416202159  -0.239751320825723994557808071602
 178   0.202587680105032053046206932059  -0.239751320825723994557808071602
 179   0.271935977786961039679997661960  -0.239751320825723994557808071602
 180   0.341284275468890026313788391861  -0.239751320825723994557808071602
 181   0.410632573150819012947579121761  -0.239751320825723994557808071602
 182   0.479980870832747999581369851662  -0.239751320825723994557808071602
 183  -0.479980870832747999581369851662  -0.227544099046112010196979394760
 184  -0.410632573150819012947579121761  -0.227544099046112010196979394760
 185  -0.341284275468890026313788391861  -0.227544099046112010196979394760
 186  -0.271935977786961039679997661960  -0.227544099046112010196979394760
 187  -0.202587680105032053046206932059  -0.227544099046112010196979394760
 188  -0.133239382423103066412416202159  -0.227544099046112010196979394760
 189  -0.063891084741174079778625472258  -0.227544099046112010196979394760
 190   0.029216935900209586461730107308  -0.219732191658471994139177923264
 191   0.098565233582138573095520837209  -0.219732191658471994139177923264
 192   0.167913531264067559729311567109  -0.219732191658471994139177923264
 193   0.237261828945996546363102297010  -0.219732191658471994139177923264
 194   0.306610126627925532996893026910  -0.219732191658471994139177923264
 195   0.375958424309854519630683756811  -0.219732191658471994139177923264
 196   0.445306721991783506264474486711  -0.219732191658471994139177923264
 197  -0.445306721991783506264474486711  -0.207524969878860009778349246422
 198  -0.375958424309854519630683756811  -0.207524969878860009778349246422
 199  -0.306610126627925532996893026910  -0.207524969878860009778349246422
 200  -0.237261828945996546363102297010  -0.207524969878860009778349246422
 201  -0.167913531264067559729311567109  -0.207524969878860009778349246422
 202  -0.098565233582138573095520837209  -0.207524969878860009778349246422
 203  -0.029216935900209586461730107308  -0.207524969878860009778349246422
 204   0.063891084741174079778625472258  -0.199713062491219993720547774925
 205   0.133239382423103066412416202159  -0.199713062491219993720547774925
 206   0.202587680105032053046206932059  -0.199713062491219993720547774925
 207   0.271935977786961039679997661960  -0.199713062491219993720547774925
 208   0.341284275468890026313788391861  -0.199713062491219993720547774925
 209   0.410632573150819012947579121761  -0.199713062491219993720547774925
 210   0.479980870832747999581369851662  -0.199713062491219993720547774925
 211  -0.479980870832747999581369851662  -0.187505840711608009359719098084
 212  -0.410632573150819012947579121761  -0.187505840711608009359719098084
 213  -0.341284275468890026313788391861  -0.187505840711608009359719098084
 214  -0.271935977786961039679997661960  -0.187505840711608009359719098084
 215  -0.202587680105032053046206932059  -0.187505840711608009359719098084
 216  -0.133239382423103066412416202159  -0.187505840711608009359719098084
 217  -0.063891084741174079778625472258  -0.187505840711608009359719098084
 218   0.005457212940754906855165257642  -0.187505840711608009359719098084
 219   0.098565233582138573095520837209  -0.179693933323967993301917626587
 220   0.167913531264067559729311567109  -0.179693933323967993301917626587
 221   0.237261828945996546363102297010  -0.179693933323967993301917626587
 222   0.306610126627925532996893026910  -0.179693933323967993301917626587
 223   0.375958424309854519630683756811  -0.179693933323967993301917626587
 224   0.445306721991783506264474486711  -0.179693933323967993301917626587
 225  -0.445306721991783506264474486711  -0.167486711544356008941088949745
 226  -0.375958424309854519630683756811  -0.167486711544356008941088949745
 227  -0.306610126627925532996893026910  -0.167486711544356008941088949745
 228  -0.237261828945996546363102297010  -0.167486711544356008941088949745
 229  -0.167913531264067559729311567109  -0.167486711544356008941088949745
 230  -0.098565233582138573095520837209  -0.167486711544356008941088949745
 231  -0.029216935900209586461730107308  -0.167486711544356008941088949745
 232   0.040131361781719400172060622593  -0.167486711544356008941088949745
 233   0.133239382423103066412416202159  -0.159674804156715992883287478249
 234   0.202587680105032053046206932059  -0.159674804156715992883287478249
 235   0.271935977786961039679997661960  -0.159674804156715992883287478249
 236   0.341284275468890026313788391861  -0.159674804156715992883287478249
 237   0.410632573150819012947579121761  -0.159674804156715992883287478249
 238   0.479980870832747999581369851662  -0.159674804156715992883287478249
 239  -0.479980870832747999581369851662  -0.147467582377104008522458801407
 240  -0.410632573150819012947579121761  -0.147467582377104008522458801407
 241  -0.341284275468890026313788391861  -0.147467582377104008522458801407
 242  -0.271935977786961039679997661960  -0.147467582377104008522458801407
 243  -0.202587680105032053046206932059  -0.147467582377104008522458801407
 244  -0.133239382423103066412416202159  -0.147467582377104008522458801407
 245  -0.063891084741174079778625472258  -0.147467582377104008522458801407
 246   0.005457212940754906855165257642  -0.147467582377104008522458801407
 247   0.074805510622683893488955987543  -0.147467582377104008522458801407
 248   0.167913531264067559729311567109  -0.139655674989463992464657329911
 249   0.306610126627925532996893026910  -0.139655674989463992464657329911
 250   0.445306721991783506264474486711  -0.139655674989463992464657329911
 251   0.237261828945996546363102297010  -0.139655674989463992464657329910
 252   0.375958424309854519630683756811  -0.139655674989463992464657329910
 253  -0.445306721991783506264474486711  -0.127448453209852008103828653069
 254  -0.375958424309854519630683756811  -0.127448453209852008103828653069
 255  -0.306610126627925532996893026910  -0.127448453209852008103828653069
 256  -0.237261828945996546363102297010  -0.127448453209852008103828653069
 257  -0.167913531264067559729311567109  -0.127448453209852008103828653069
 258  -0.098565233582138573095520837209  -0.127448453209852008103828653069
 259  -0.029216935900209586461730107308  -0.127448453209852008103828653069
 260   0.040131361781719400172060622593  -0.127448453209852008103828653069
 261   0.109479659463648386805851352493  -0.127448453209852008103828653069
 262   0.202587680105032053046206932059  -0.119636545822211992046027181572
 263   0.271935977786961039679997661960  -0.119636545822211992046027181572
 264   0.341284275468890026313788391861  -0.119636545822211992046027181572
 265   0.410632573150819012947579121761  -0.119636545822211992046027181572
 266   0.479980870832747999581369851662  -0.119636545822211992046027181572
 267  -0.479980870832747999581369851662  -0.107429324042600007685198504730
 268  -0.410632573150819012947579121761  -0.107429324042600007685198504730
 269  -0.341284275468890026313788391861  -0.107429324042600007685198504730
 270  -0.271935977786961039679997661960  -0.107429324042600007685198504730
 271  -0.202587680105032053046206932060  -0.107429324042600007685198504730
 272  -0.133239382423103066412416202159  -0.107429324042600007685198504730
 273  -0.063891084741174079778625472258  -0.107429324042600007685198504730
 274   0.005457212940754906855165257642  -0.107429324042600007685198504730
 275   0.074805510622683893488955987543  -0.107429324042600007685198504730
 276   0.144153808304612880122746717443  -0.107429324042600007685198504730
 277   0.237261828945996546363102297010  -0.099617416654959991627397033234
 278   0.306610126627925532996893026910  -0.099617416654959991627397033234
 279   0.375958424309854519630683756811  -0.099617416654959991627397033234
 280   0.445306721991783506264474486711  -0.099617416654959991627397033234
 281  -0.445306721991783506264474486711  -0.087410194875348007266568356392
 282  -0.375958424309854519630683756811  -0.087410194875348007266568356392
 283  -0.306610126627925532996893026910  -0.087410194875348007266568356392
 284  -0.237261828945996546363102297010  -0.087410194875348007266568356392
 285  -0.167913531264067559729311567109  -0.087410194875348007266568356392
 286  -0.098565233582138573095520837209  -0.087410194875348007266568356392
 287  -0.029216935900209586461730107308  -0.087410194875348007266568356392
 288   0.040131361781719400172060622593  -0.087410194875348007266568356392
 289   0.109479659463648386805851352493  -0.087410194875348007266568356392
 290   0.178827957145577373439642082394  -0.087410194875348007266568356392
 291   0.271935977786961039679997661960  -0.079598287487707991208766884896
 292   0.341284275468890026313788391861  -0.079598287487707991208766884896
 293   0.410632573150819012947579121761  -0.079598287487707991208766884896
 294   0.479980870832747999581369851662  -0.079598287487707991208766884896
 295  -0.479980870832747999581369851662  -0.067391065708096006847938208054
 296  -0.410632573150819012947579121761  -0.067391065708096006847938208054
 297  -0.341284275468890026313788391861  -0.067391065708096006847938208054
 298  -0.271935977786961039679997661960  -0.067391065708096006847938208054
 299  -0.202587680105032053046206932060  -0.067391065708096006847938208054
 300  -0.133239382423103066412416202159  -0.067391065708096006847938208054
 301  -0.063891084741174079778625472258  -0.067391065708096006847938208054
 302   0.005457212940754906855165257642  -0.067391065708096006847938208054
 303   0.074805510622683893488955987543  -0.067391065708096006847938208054
 304   0.144153808304612880122746717443  -0.067391065708096006847938208054
 305   0.213502105986541866756537447344  -0.067391065708096006847938208054
 306   0.306610126627925532996893026910  -0.059579158320455990790136736557
 307   0.375958424309854519630683756811  -0.059579158320455990790136736557
 308   0.445306721991783506264474486711  -0.059579158320455990790136736557
 309   0.248176254827506360073432812294  -0.047371936540844006429308059716
 310  -0.445306721991783506264474486711  -0.047371936540844006429308059715
 311  -0.375958424309854519630683756811  -0.047371936540844006429308059715
 312  -0.306610126627925532996893026910  -0.047371936540844006429308059715
 313  -0.237261828945996546363102297010  -0.047371936540844006429308059715
 314  -0.167913531264067559729311567109  -0.047371936540844006429308059715
 315  -0.098565233582138573095520837209  -0.047371936540844006429308059715
 316  -0.029216935900209586461730107308  -0.047371936540844006429308059715
 317   0.040131361781719400172060622592  -0.047371936540844006429308059715
 318   0.109479659463648386805851352493  -0.047371936540844006429308059715
 319   0.178827957145577373439642082394  -0.047371936540844006429308059715
 320   0.341284275468890026313788391861  -0.039560029153203990371506588219
 321   0.410632573150819012947579121761  -0.039560029153203990371506588219
 322   0.479980870832747999581369851662  -0.039560029153203990371506588219
 323  -0.479980870832747999581369851662  -0.027352807373592006010677911377
 324  -0.410632573150819012947579121761  -0.027352807373592006010677911377
 325  -0.341284275468890026313788391861  -0.027352807373592006010677911377
 326  -0.271935977786961039679997661960  -0.027352807373592006010677911377
 327  -0.202587680105032053046206932060  -0.027352807373592006010677911377
 328  -0.133239382423103066412416202159  -0.027352807373592006010677911377
 329  -0.063891084741174079778625472258  -0.027352807373592006010677911377
 330   0.005457212940754906855165257642  -0.027352807373592006010677911377
 331   0.074805510622683893488955987543  -0.027352807373592006010677911377
 332   0.144153808304612880122746717443  -0.027352807373592006010677911377
 333   0.213502105986541866756537447344  -0.027352807373592006010677911377
 334   0.282850403668470853390328177244  -0.027352807373592006010677911377
 335   0.375958424309854519630683756811  -0.019540899985951989952876439881
 336   0.445306721991783506264474486711  -0.019540899985951989952876439881
 337  -0.445306721991783506264474486711  -0.007333678206340005592047763039
 338  -0.375958424309854519630683756811  -0.007333678206340005592047763039
 339  -0.306610126627925532996893026910  -0.007333678206340005592047763039
 340  -0.237261828945996546363102297010  -0.007333678206340005592047763039
 341  -0.167913531264067559729311567109  -0.007333678206340005592047763039
 342  -0.098565233582138573095520837209  -0.007333678206340005592047763039
 343  -0.029216935900209586461730107308  -0.007333678206340005592047763039
 344   0.040131361781719400172060622592  -0.007333678206340005592047763039
 345   0.109479659463648386805851352493  -0.007333678206340005592047763039
 346   0.178827957145577373439642082394  -0.007333678206340005592047763039
 347   0.248176254827506360073432812294  -0.007333678206340005592047763039
 348   0.317524552509435346707223542195  -0.007333678206340005592047763039
 349   0.410632573150819012947579121761   0.000478229181300010465753708458
 350   0.479980870832747999581369851662   0.000478229181300010465753708458
 351   0.144153808304612880122746717443   0.012685450960911994826582385299
 352   0.213502105986541866756537447344   0.012685450960911994826582385299
 353   0.282850403668470853390328177244   0.012685450960911994826582385299
 354   0.352198701350399840024118907145   0.012685450960911994826582385299
 355  -0.479980870832747999581369851662   0.012685450960911994826582385300
 356  -0.410632573150819012947579121761   0.012685450960911994826582385300
 357  -0.341284275468890026313788391861   0.012685450960911994826582385300
 358  -0.271935977786961039679997661960   0.012685450960911994826582385300
 359  -0.202587680105032053046206932060   0.012685450960911994826582385300
 360  -0.133239382423103066412416202159   0.012685450960911994826582385300
 361  -0.063891084741174079778625472258   0.012685450960911994826582385300
 362   0.005457212940754906855165257642   0.012685450960911994826582385300
 363   0.074805510622683893488955987543   0.012685450960911994826582385300
 364   0.445306721991783506264474486711   0.020497358348552010884383856796
 365  -0.445306721991783506264474486711   0.032704580128163995245212533638
 366  -0.375958424309854519630683756811   0.032704580128163995245212533638
 367  -0.306610126627925532996893026910   0.032704580128163995245212533638
 368  -0.237261828945996546363102297010   0.032704580128163995245212533638
 369  -0.167913531264067559729311567109   0.032704580128163995245212533638
 370  -0.098565233582138573095520837209   0.032704580128163995245212533638
 371  -0.029216935900209586461730107308   0.032704580128163995245212533638
 372   0.040131361781719400172060622592   0.032704580128163995245212533638
 373   0.109479659463648386805851352493   0.032704580128163995245212533638
 374   0.178827957145577373439642082394   0.032704580128163995245212533638
 375   0.248176254827506360073432812294   0.032704580128163995245212533638
 376   0.317524552509435346707223542195   0.032704580128163995245212533638
 377   0.386872850191364333341014272095   0.032704580128163995245212533638
 378   0.479980870832747999581369851662   0.040516487515804011303014005134
 379  -0.479980870832747999581369851662   0.052723709295415995663842681976
 380  -0.410632573150819012947579121761   0.052723709295415995663842681976
 381  -0.341284275468890026313788391861   0.052723709295415995663842681976
 382  -0.271935977786961039679997661960   0.052723709295415995663842681976
 383  -0.202587680105032053046206932059   0.052723709295415995663842681976
 384  -0.133239382423103066412416202159   0.052723709295415995663842681976
 385  -0.063891084741174079778625472258   0.052723709295415995663842681976
 386   0.005457212940754906855165257642   0.052723709295415995663842681976
 387   0.074805510622683893488955987543   0.052723709295415995663842681976
 388   0.144153808304612880122746717443   0.052723709295415995663842681976
 389   0.213502105986541866756537447344   0.052723709295415995663842681976
 390   0.282850403668470853390328177244   0.052723709295415995663842681976
 391   0.352198701350399840024118907145   0.052723709295415995663842681976
 392   0.421546999032328826657909637045   0.052723709295415995663842681976
 393  -0.445306721991783506264474486711   0.072742838462667996082472830314
 394  -0.375958424309854519630683756811   0.072742838462667996082472830314
 395  -0.306610126627925532996893026910   0.072742838462667996082472830314
 396  -0.237261828945996546363102297010   0.072742838462667996082472830314
 397  -0.098565233582138573095520837209   0.072742838462667996082472830314
 398  -0.029216935900209586461730107308   0.072742838462667996082472830314
 399   0.040131361781719400172060622592   0.072742838462667996082472830314
 400   0.109479659463648386805851352493   0.072742838462667996082472830314
 401   0.178827957145577373439642082394   0.072742838462667996082472830314
 402   0.248176254827506360073432812294   0.072742838462667996082472830314
 403   0.317524552509435346707223542195   0.072742838462667996082472830314
 404   0.386872850191364333341014272095   0.072742838462667996082472830314
 405   0.456221147873293319974805001996   0.072742838462667996082472830314
 406  -0.167913531264067559729311567109   0.072742838462667996082472830315
 407  -0.479980870832747999581369851662   0.092761967629919996501102978653
 408  -0.410632573150819012947579121761   0.092761967629919996501102978653
 409  -0.341284275468890026313788391861   0.092761967629919996501102978653
 410  -0.271935977786961039679997661960   0.092761967629919996501102978653
 411  -0.202587680105032053046206932059   0.092761967629919996501102978653
 412  -0.133239382423103066412416202159   0.092761967629919996501102978653
 413  -0.063891084741174079778625472258   0.092761967629919996501102978653
 414   0.005457212940754906855165257642   0.092761967629919996501102978653
 415   0.074805510622683893488955987543   0.092761967629919996501102978653
 416   0.144153808304612880122746717443   0.092761967629919996501102978653
 417   0.213502105986541866756537447344   0.092761967629919996501102978653
 418   0.282850403668470853390328177244   0.092761967629919996501102978653
 419   0.352198701350399840024118907145   0.092761967629919996501102978653
 420   0.421546999032328826657909637045   0.092761967629919996501102978653
 421   0.479980870832747999581369851662   0.104969189409531980861931655494
 422  -0.445306721991783506264474486711   0.112781096797171996919733126991
 423  -0.375958424309854519630683756811   0.112781096797171996919733126991
 424  -0.306610126627925532996893026910   0.112781096797171996919733126991
 425  -0.237261828945996546363102297010   0.112781096797171996919733126991
 426  -0.167913531264067559729311567109   0.112781096797171996919733126991
 427  -0.098565233582138573095520837209   0.112781096797171996919733126991
 428  -0.029216935900209586461730107308   0.112781096797171996919733126991
 429   0.040131361781719400172060622592   0.112781096797171996919733126991
 430   0.109479659463648386805851352493   0.112781096797171996919733126991
 431   0.178827957145577373439642082394   0.112781096797171996919733126991
 432   0.248176254827506360073432812294   0.112781096797171996919733126991
 433   0.317524552509435346707223542195   0.112781096797171996919733126991
 434   0.386872850191364333341014272095   0.112781096797171996919733126991
 435   0.445306721991783506264474486711   0.124988318576783981280561803833
 436  -0.479980870832747999581369851662   0.132800225964423997338363275329
 437  -0.410632573150819012947579121761   0.132800225964423997338363275329
 438  -0.341284275468890026313788391861   0.132800225964423997338363275329
 439  -0.271935977786961039679997661960   0.132800225964423997338363275329
 440  -0.202587680105032053046206932059   0.132800225964423997338363275329
 441  -0.133239382423103066412416202159   0.132800225964423997338363275329
 442  -0.063891084741174079778625472258   0.132800225964423997338363275330
 443   0.005457212940754906855165257642   0.132800225964423997338363275329
 444   0.074805510622683893488955987543   0.132800225964423997338363275329
 445   0.144153808304612880122746717443   0.132800225964423997338363275329
 446   0.213502105986541866756537447344   0.132800225964423997338363275329
 447   0.282850403668470853390328177244   0.132800225964423997338363275329
 448   0.352198701350399840024118907145   0.132800225964423997338363275329
 449   0.410632573150819012947579121761   0.145007447744035981699191952171
 450   0.479980870832747999581369851662   0.145007447744035981699191952171
 451  -0.445306721991783506264474486711   0.152819355131675997756993423668
 452  -0.375958424309854519630683756811   0.152819355131675997756993423668
 453  -0.306610126627925532996893026910   0.152819355131675997756993423668
 454  -0.237261828945996546363102297010   0.152819355131675997756993423668
 455  -0.167913531264067559729311567109   0.152819355131675997756993423668
 456  -0.098565233582138573095520837209   0.152819355131675997756993423668
 457  -0.029216935900209586461730107308   0.152819355131675997756993423668
 458   0.040131361781719400172060622592   0.152819355131675997756993423668
 459   0.109479659463648386805851352493   0.152819355131675997756993423668
 460   0.178827957145577373439642082394   0.152819355131675997756993423668
 461   0.248176254827506360073432812294   0.152819355131675997756993423668
 462   0.317524552509435346707223542195   0.152819355131675997756993423668
 463   0.375958424309854519630683756811   0.165026576911287982117822100509
 464   0.445306721991783506264474486711   0.165026576911287982117822100509
 465  -0.479980870832747999581369851662   0.172838484298927998175623572006
 466  -0.410632573150819012947579121761   0.172838484298927998175623572006
 467  -0.341284275468890026313788391861   0.172838484298927998175623572006
 468  -0.271935977786961039679997661960   0.172838484298927998175623572006
 469  -0.202587680105032053046206932059   0.172838484298927998175623572006
 470  -0.133239382423103066412416202159   0.172838484298927998175623572006
 471  -0.063891084741174079778625472258   0.172838484298927998175623572006
 472   0.005457212940754906855165257642   0.172838484298927998175623572006
 473   0.074805510622683893488955987543   0.172838484298927998175623572006
 474   0.144153808304612880122746717443   0.172838484298927998175623572006
 475   0.213502105986541866756537447344   0.172838484298927998175623572006
 476   0.282850403668470853390328177244   0.172838484298927998175623572006
 477   0.410632573150819012947579121761   0.185045706078539982536452248847
 478   0.479980870832747999581369851662   0.185045706078539982536452248847
 479   0.341284275468890026313788391860   0.185045706078539982536452248848
 480  -0.445306721991783506264474486711   0.192857613466179998594253720344
 481  -0.375958424309854519630683756811   0.192857613466179998594253720344
 482  -0.306610126627925532996893026910   0.192857613466179998594253720344
 483  -0.237261828945996546363102297010   0.192857613466179998594253720344
 484  -0.167913531264067559729311567109   0.192857613466179998594253720344
 485  -0.098565233582138573095520837209   0.192857613466179998594253720344
 486  -0.029216935900209586461730107308   0.192857613466179998594253720344
 487   0.040131361781719400172060622593   0.192857613466179998594253720344
 488   0.109479659463648386805851352493   0.192857613466179998594253720344
 489   0.178827957145577373439642082394   0.192857613466179998594253720344
 490   0.248176254827506360073432812294   0.192857613466179998594253720344
 491   0.306610126627925532996893026910   0.205064835245791982955082397186
 492   0.375958424309854519630683756811   0.205064835245791982955082397186
 493   0.445306721991783506264474486711   0.205064835245791982955082397186
 494  -0.479980870832747999581369851662   0.212876742633431999012883868683
 495  -0.410632573150819012947579121761   0.212876742633431999012883868683
 496  -0.341284275468890026313788391861   0.212876742633431999012883868683
 497  -0.271935977786961039679997661960   0.212876742633431999012883868683
 498  -0.202587680105032053046206932059   0.212876742633431999012883868683
 499  -0.133239382423103066412416202159   0.212876742633431999012883868683
 500  -0.063891084741174079778625472258   0.212876742633431999012883868683
 501   0.005457212940754906855165257642   0.212876742633431999012883868683
 502   0.074805510622683893488955987543   0.212876742633431999012883868683
 503   0.144153808304612880122746717443   0.212876742633431999012883868683
 504   0.213502105986541866756537447344   0.212876742633431999012883868683
 505   0.271935977786961039679997661960   0.225083964413043983373712545524
 506   0.341284275468890026313788391860   0.225083964413043983373712545524
 507   0.410632573150819012947579121761   0.225083964413043983373712545524
 508   0.479980870832747999581369851662   0.225083964413043983373712545524
 509  -0.445306721991783506264474486711   0.232895871800683999431514017021
 510  -0.375958424309854519630683756811   0.232895871800683999431514017021
 511  -0.306610126627925532996893026910   0.232895871800683999431514017021
 512  -0.237261828945996546363102297010   0.232895871800683999431514017021
 513  -0.167913531264067559729311567109   0.232895871800683999431514017021
 514  -0.098565233582138573095520837209   0.232895871800683999431514017021
 515  -0.029216935900209586461730107308   0.232895871800683999431514017021
 516   0.040131361781719400172060622593   0.232895871800683999431514017021
 517   0.109479659463648386805851352493   0.232895871800683999431514017021
 518   0.178827957145577373439642082394   0.232895871800683999431514017021
 519   0.375958424309854519630683756811   0.245103093580295983792342693862
 520   0.445306721991783506264474486711   0.245103093580295983792342693862
 521   0.237261828945996546363102297010   0.245103093580295983792342693863
 522   0.306610126627925532996893026910   0.245103093580295983792342693863
 523  -0.479980870832747999581369851662   0.252915000967935999850144165359
 524  -0.410632573150819012947579121761   0.252915000967935999850144165359
 525  -0.341284275468890026313788391861   0.252915000967935999850144165359
 526  -0.271935977786961039679997661960   0.252915000967935999850144165359
 527  -0.202587680105032053046206932059   0.252915000967935999850144165359
 528  -0.133239382423103066412416202159   0.252915000967935999850144165359
 529  -0.063891084741174079778625472258   0.252915000967935999850144165359
 530   0.005457212940754906855165257642   0.252915000967935999850144165359
 531   0.144153808304612880122746717443   0.252915000967935999850144165359
 532   0.074805510622683893393189945758   0.252915000967936000016015815371
 533   0.202587680105032053046206932059   0.265122222747547984210972842201
 534   0.271935977786961039679997661960   0.265122222747547984210972842201
 535   0.341284275468890026313788391860   0.265122222747547984210972842201
 536   0.410632573150819012947579121761   0.265122222747547984210972842201
 537   0.479980870832747999581369851662   0.265122222747547984210972842201
 538  -0.445306721991783506264474486711   0.272934130135188000268774313697
 539  -0.375958424309854519630683756811   0.272934130135188000268774313698
 540  -0.306610126627925532996893026910   0.272934130135188000268774313698
 541  -0.237261828945996546363102297010   0.272934130135188000268774313698
 542  -0.167913531264067559729311567109   0.272934130135188000268774313698
 543  -0.098565233582138573095520837209   0.272934130135188000268774313698
 544  -0.029216935900209586461730107308   0.272934130135188000268774313698
 545   0.109479659463648386805851352493   0.272934130135188000268774313698
 546   0.040131361822629163197357063924   0.272934130206045788519683344807
 547   0.167913531264067559729311567109   0.285141351914799984629602990540
 548   0.237261828945996546363102297010   0.285141351914799984629602990539
 549   0.306610126627925532996893026910   0.285141351914799984629602990539
 550   0.375958424309854519630683756811   0.285141351914799984629602990539
 551   0.445306721991783506264474486711   0.285141351914799984629602990539
 552  -0.479980870832747999581369851662   0.292953259302440000687404462036
 553  -0.410632573150819012947579121761   0.292953259302440000687404462036
 554  -0.341284275468890026313788391861   0.292953259302440000687404462036
 555  -0.271935977786961039679997661960   0.292953259302440000687404462036
 556  -0.202587680105032053046206932060   0.292953259302440000687404462036
 557  -0.133239382423103066412416202159   0.292953259302440000687404462036
 558  -0.063891084741174079778625472258   0.292953259302440000687404462036
 559   0.005457212940754906856151382119   0.292953259302440000687404462036
 560   0.074805510663551652455282311615   0.292953259373370542102573679223
 561   0.410632573150819012947579121761   0.305160481082051985048233138877
 562   0.479980870832747999581369851662   0.305160481082051985048233138877
 563   0.133239382423103066412416202159   0.305160481082051985048233138878
 564   0.341284275468890026313788391860   0.305160481082051985048233138878
 565   0.202587680105032053046206932109   0.305160481082051985048233138964
 566   0.271935977786961039679997661093   0.305160481082051985048233140378
 567  -0.445306721991783506264474486711   0.312972388469692001106034610374
 568  -0.375958424309854519630683756811   0.312972388469692001106034610374
 569  -0.306610126627925532996893026910   0.312972388469692001106034610374
 570  -0.237261828945996546363102297010   0.312972388469692001106034610374
 571  -0.167913531264067559729311567109   0.312972388469692001106034610374
 572  -0.098565233582138573095520837209   0.312972388469692001106034610374
 573  -0.029216935900209586461730107308   0.312972388469692001106034610374
 574   0.040132104891763549089827114806   0.312973675629216116485037018896
 575   0.167913531264067559729311567109   0.325179610249303985466863287216
 576   0.306610126627925532996893026910   0.325179610249303985466863287216
 577   0.375958424309854519630683756811   0.325179610249303985466863287216
 578   0.445306721991783506264474486711   0.325179610249303985466863287215
 579   0.237261828945996546363102296193   0.325179610249303985466863288803
 580   0.098565233623065257695575994969   0.325179610320191082412166259457
 581  -0.479980870832747999581369851662   0.332991517636944001524664758713
 582  -0.410632573150819012947579121761   0.332991517636944001524664758712
 583  -0.341284275468890026313788391861   0.332991517636944001524664758712
 584  -0.133239382423103066412416202159   0.332991517636944001524664758713
 585  -0.063891084741174079778625472258   0.332991517636944001524664758713
 586   0.005457212940754906855165257642   0.332991517636944001524664758713
 587  -0.202705509163366936010187680446   0.333197004930094642106083510578
 588  -0.273488116634733351388947240387   0.335466711852967087841814184050
 589   0.410632573150819012947579121761   0.345198739416555985885493435554
 590   0.479980870832747999581369851662   0.345198739416555985885493435554
 591   0.341284275468890026259136909884   0.345198739416555985980152579046
 592   0.271935977748755527359616853313   0.345198739482729874308996632545
 593   0.133239382464029751012471359920   0.345198739487443082830796407795
 594   0.063891827895901468704298039931   0.345200026543136209887835701806
 595   0.202586536779024869027010531094   0.345200719584708432572997998534
 596  -0.237497883338752337954812257328   0.353009950942751469083913271428
 597  -0.445306721991783506264474486711   0.353010646804196001943294907051
 598  -0.375958424309854519630683756811   0.353010646804196001943294907051
 599  -0.167913531264067559729311567109   0.353010646804196001943294907051
 600  -0.098565233582138573095520837209   0.353010646804196001943294907051
 601  -0.029216684673875117042871689209   0.353011081947277075554232503588
 602  -0.308162265475697844705842605337   0.355485841020219088260444332389
 603   0.029216935944892826469636182768   0.365217868550864094927463441622
 604   0.237261828795218861457783645932   0.365217868583807986020221247927
 605   0.306610126627925532887158864029   0.365217868583807986304123583893
 606   0.375958424309854519630683756811   0.365217868583807986304123583892
 607   0.445306721991783506264474486711   0.365217868583807986304123583892
 608   0.098565976736865962021193404882   0.365219155710388210306465850144
 609   0.167911644838040194434855362011   0.365221135755828612338180546809
 610  -0.479980870832747999581369851662   0.373029775971448002361925055389
 611  -0.410632573150819012947579121761   0.373029775971448002361925055389
 612  -0.133239382423103066412416202159   0.373029775971448002361925055389
 613  -0.063891084741174079778625472258   0.373029775971448002361925055389
 614  -0.273488116634733351388947240387   0.375504970187471088679074480727
 615  -0.343503729996399009831894157619   0.376457500483967999925072082679
 616  -0.207328445116236333476545099311   0.379332320285161916981173588280
 617   0.410632573150819012947579121761   0.385236997751059986722753732231
 618   0.479980870832747999581369851662   0.385236997751059986722753732230
 619   0.271935977597766093564211522127   0.385236997817600634595578546653
 620   0.341284275393501183841414818124   0.385236997881637292718091226353
 621  -0.005456961664630085836428925389   0.385237432857431816897302476783
 622   0.202586536699188543693740275012   0.385238977919212433330661440753
 623   0.133237965285380608076511916112   0.385242026147769268644326643178
 624   0.063957703954939758237532416647   0.385351954460494092856662142929
 625  -0.169698563545040249234642174746   0.393009094151766438908820026169
 626  -0.445306721991783506264474486711   0.393048905138700002780555203728
 627  -0.098746024426000000000000000000   0.393507382905000000000000000000
 628  -0.308296691733566118282532179728   0.395523873689690681809621685648
 629  -0.378177878837363503148789522569   0.396476629651220000343702231018
 630  -0.241706292378441751916296655780   0.399856105220620447137745971926
 631  -0.040131361731929048572249733021   0.405256126881602743704878935237
 632   0.029217438402315217215768750819   0.405256126882215317998814702898
 633   0.237261828715382536124513389851   0.405256126918311986777884690147
 634   0.306610126477147847921316590985   0.405256126918311986857481542789
 635   0.445306721991783506264474486711   0.405256126918311987141383880568
 636   0.375958424309854519630683756811   0.405256126918311987141383880569
 637   0.167913130926176734627830087157   0.405259394062753267292369201349
 638   0.098629692503454404292850927878   0.405374824897875151194522935963
 639  -0.135024414704075755917746809795   0.413028223319018439327450174507
 640  -0.479980870832747999581369851662   0.413068034305952003199185352066
 641  -0.412852027678327996465684887519   0.416495758818472000762332379356
 642  -0.343503729996399009831894157619   0.416495758818472000762332379356
 643  -0.200357937940932930683618685144   0.418759140600519873370200958350
 644  -0.276451264564391658345489311499   0.419791772215794754630788032091
 645   0.479980870832747999581369851662   0.425275256085563987560014028907
 646   0.202593465016000000000000000000   0.425572321059000000000000000000
 647   0.409889480172000000000000000000   0.426517240803000000000000000000
 648  -0.069762381955614994537561455492   0.432183153657019177708055217403
 649   0.127690956861000000000000000000   0.434561235670000000000000000000
 650  -0.447526176519292489782580252470   0.436514887985724001180962527695
 651  -0.378177878837363503148789522569   0.436514887985724001180962527695
 652  -0.165685662459951810368063306518   0.438781514171888341593697838769
 653   0.285026292092833340857864925163   0.438978526354457717482730638988
 654   0.008081640094911980677556738770   0.439261128872646807583461266920
 655   0.327352098992753690545389524584   0.439502772106159670687179637617
 656  -0.241825334008178210917696020303   0.439894186587624895229421122902
 657  -0.311049035682943500033104558427   0.439942612498243998744109554985
 658   0.048467934328797622871870515856   0.441357685248326804820693062281
 659  -0.108344690167331252444989119437   0.442882107975858533318701189638
 660   0.088413015460286697172368344128   0.444087634672626570601177979050
 661   0.367101624101008705290223507704   0.444302499611829471243588850182
 662  -0.031627777779352066710684238047   0.444382091921484210683645151480
 663   0.245365814457407323291593338500   0.444465660778758964128668385038
 664   0.166284366388074728701493206903   0.445264509442413159560460459370
 665   0.445306721991783506264474486711   0.445294385252815987978644177245
 666  -0.412852027678327996465684887519   0.456534017152976001599592676033
 667  -0.206296768213938486623552930113   0.458354499235704778598793629878
 668  -0.479980870832747999581369851662   0.459961741665495999162739703323
 669  -0.345723184523907993349999923377   0.459961741665495999162739703323
 670  -0.275520469888703775738961468237   0.461520558184668116211997344686
 671   0.479974819978000000000000000000   0.465626086386000000000000000000
 672   0.305768264608439183481937858763   0.473225171542305401312428733816
 673  -0.132944151937242676231537552388   0.474472116065302660722129208922
 674   0.026406188397324229108705505658   0.474859907783910596481185967101
 675  -0.053294950509006124470161546878   0.478051005719880122325129974993
 676   0.226267136291763298597169456605   0.479655185111799205993297873479
 677   0.146192033604088938322161103679   0.479896290998637622804417620842
 678  -0.445306721991783506264474486711   0.479980870832747999581369851662
 679  -0.380397333364872486666895288327   0.479980870832747999581369851662
 680  -0.311049035682943500033104558427   0.479980870832747999581369851662
 681  -0.239991904094464051444818378047   0.479980870832747999581369851662
 682  -0.172601632333412921802287482180   0.479980870832747999581369851662
 683  -0.093286671541072430660787622596   0.479980870832747999581369851662
 684  -0.013303229476939818279535471159   0.479980870832747999581369851662
 685   0.066115606271588276496946482474   0.479980870832747999581369851662
 686   0.106153864606092277334206779151   0.479980870832747999581369851662
 687   0.186230202602085599310115428207   0.479980870832747999581369851662
 688   0.266304069981440997884223485003   0.479980870832747999581369851662
 689   0.345232459235437369079652232523   0.479980870832747999581369851662
 690   0.385270717569941369916912529199   0.479980870832747999581369851662
 691   0.425308975904445370754172825876   0.479980870832747999581369851662
