   1  -0.045434207057955519269153822743  -0.479087386388826445393608482856
   2   0.027009404884691275518724509843  -0.479087386388826445393608482856
   3   0.244326202877089157696385601393  -0.479087386388826445393608482856
   4   0.316769355812445744714653517008  -0.479087386388826445393608482856
   5   0.389212780455257776362364866036  -0.479087386388826445393608482856
   6   0.461656195260230289165165066463  -0.479087386388826445393608482856
   7  -0.117877812853191453513615000713  -0.479087386388826445386539761187
   8   0.171893318994426606011091615627  -0.479087386321966834254387152196
   9   0.099453044650174920159119461006  -0.479087385554291096409896364444
  10  -0.479087385753103839186813236229  -0.479087385361294462645845409928
  11  -0.334200074785749889890207458627  -0.479087349933506006097837342768
  12  -0.406643700647766664106500009090  -0.479087344785906739222104551701
  13  -0.261755130279263698261502038692  -0.479087338092923250507713170264
  14  -0.189304962966000000000000000000  -0.479087015880000000000000000000
  15  -0.225531417791764569524634774250  -0.458178152168330170135012181862
  16  -0.297977711641169495578590255761  -0.458175856617416473891089648972
  17   0.063231212813205905960155193893  -0.458174943619251190977171245160
  18  -0.081656009955573486385605236218  -0.458174934905390068466283178977
  19  -0.009212412215974828288377095840  -0.458174920952478996635706550893
  20   0.352991068133851760538509191522  -0.458174778021951946471759292970
  21  -0.442865508130134385498463841234  -0.458174771147934730161352136871
  22   0.425434487857744032763764966249  -0.458174769502132470076102765227
  23  -0.370421935585759473568226106318  -0.458174734137669586192627311295
  24   0.280547779344767451205519559201  -0.458174542718079519490997085741
  25   0.135673075256230441157228308074  -0.458171864165130448534048314044
  26   0.208109760955069815099831918810  -0.458165652074722234722536701324
  27  -0.153590452684424807712871420415  -0.457316833146139960237142650312
  28   0.479087386388826445393608482856  -0.441067612480512414732035397506
  29   0.027009211528712424098144802578  -0.437262159166926273795282868997
  30  -0.045434394266699031523925695113  -0.437262159166898307153760094501
  31   0.389212774399663086437265285712  -0.437262159166479774555336287525
  32  -0.479087335647126682397291818477  -0.437262157080351190136798241587
  33  -0.261756651589523937516055527085  -0.437262103350965785225301583484
  34  -0.334200234977171596684045727125  -0.437262084439666429092197501026
  35  -0.406643757777775622714798195727  -0.437262064009374979540680678073
  36   0.316769491666173467029375233715  -0.437261934351205020569147895855
  37   0.099451171540033355148600745370  -0.437259298230502562006699164160
  38   0.244331347021875161009133742879  -0.437252791787473156066710432909
  39   0.171889624163004744516463210380  -0.437250315047433865001193905803
  40  -0.189816381482387533778795412751  -0.436411529603803839846796276003
  41  -0.117366623752072637649570392982  -0.436401058482523832406683454090
  42   0.442865673842516085808415948381  -0.420154993235493919116455369864
  43  -0.009212644593649909128908924006  -0.416349615495122473280211300731
  44  -0.442865550153154214663135376857  -0.416349542220465901707981691612
  45  -0.297978510370033788918863526239  -0.416349488424246338260514107592
  46  -0.370422046849182625545559452214  -0.416349440981831067763355740705
  47   0.352991197931984792928131327905  -0.416349315495732848652724890410
  48   0.063229254744069630719522541737  -0.416346660089002695212435359815
  49   0.280553062399151969790562711700  -0.416340178130758458427527131480
  50   0.135667803918984950395272086665  -0.416337893609186129101110976263
  51   0.208111875900020594611921286635  -0.416336302028096493437268961654
  52  -0.226038786510332460222041395900  -0.415500120679829926531067188039
  53  -0.153590154154267255192760313070  -0.415491599441165351313392991807
  54  -0.081137782470766472951917348090  -0.415476436710421827905086345428
  55   0.479087386388826445393608482856  -0.399242385258165305519252363218
  56   0.406643962181973089866291474236  -0.399242383723970751956334183880
  57  -0.479087383326997617188960635843  -0.395436929858031257934908200598
  58  -0.334200345048682384101208887182  -0.395436805931211752464988023093
  59  -0.406643809492680633155065639723  -0.395436801857656941938376228913
  60   0.027007451851386400747581029863  -0.395434208597019014480426299283
  61   0.316774768664963295689318805891  -0.395427559275286286511104126035
  62   0.099445997986470895679293679850  -0.395425447382399189383462368257
  63   0.171889380476193811173152528108  -0.395425050093508420738095103487
  64   0.244333691353656101227062574865  -0.395423515077831942594988900281
  65  -0.262260569286983392834832413619  -0.394587630949504225640318920847
  66  -0.189816070460153752186575352740  -0.394586274282252551070629109558
  67  -0.117366414251906409867724120869  -0.394575817783697765073211817395
  68  -0.044908848911329212087852371160  -0.394552124136907437390455283564
  69   0.442865673842516085808415948381  -0.378329766013146809903672335576
  70   0.370422024436670385543131014661  -0.378329374417865356423497896108
  71  -0.442865592354675683491400988002  -0.374524314990284396995166913950
  72  -0.370422120841410414290346022018  -0.374524148780023083811649989689
  73   0.063224195093787665707352167976  -0.374512995890415508651453307724
  74   0.135667574543679756459961302743  -0.374512603866721481025273964599
  75   0.280555413696775541455893986364  -0.374510868382858327575701184219
  76   0.208112892235360947243380782870  -0.374509325075991692591426355299
  77  -0.298482319494075966669170752856  -0.373675085559843209830349081259
  78  -0.226038488005274575590432235961  -0.373674887446657719507587848555
  79  -0.153589952457047298208955474914  -0.373666372219304572608054972847
  80  -0.081137310110954887998082912784  -0.373651209480753226069908117074
  81  -0.008685555645348630023034725451  -0.373631482894965553723303324748
  82   0.479087386388826445393608482856  -0.357417158035818196306469328930
  83   0.406643962181973089866291474235  -0.357417156501623642743551149592
  84   0.334190795774323652521653462079  -0.357400836672266830213506105536
  85  -0.479087386388826445388223357769  -0.353611702635684260782780317792
  86  -0.406643878819413930597866516277  -0.353611551910890966215164481016
  87   0.099445771650996526488019790869  -0.353600152374737800293264904067
  88   0.171889386748630666097296570786  -0.353599822871161781857055754142
  89   0.244337459317937667199586925378  -0.353591752416513475109686612163
  90  -0.334704050119148855124507654786  -0.352762504569096323033896182542
  91  -0.262260271048844932743850358243  -0.352762401574684377383686658970
  92  -0.189815812879287045295411773865  -0.352760949784248526005904424473
  93  -0.117363440622624645145994167775  -0.352746206029775909751465388310
  94  -0.044911810159474258428665908996  -0.352726743813150678991523843802
  95   0.027534480351506283006680441385  -0.352704880570297893827734047925
  96   0.442865662308113687339708323640  -0.336504518812608811777630964337
  97   0.370421734151657196131338052273  -0.336504147196525598449184272440
  98   0.297964140516000358630786769834  -0.336480721291948872390676215636
  99  -0.442865677820650010558344134494  -0.332699087768024608672983292385
 100   0.135667580816116611384105345421  -0.332687376644374842144234615254
 101   0.208112953082214330719188422836  -0.332683983999510985463969197723
 102  -0.370925792625456555113434432582  -0.331849935424160834367920951034
 103  -0.298482200910047710732005400410  -0.331849858337664206948494350363
 104  -0.226038287440228286572058815567  -0.331849659573080683338589869100
 105  -0.153589708575708331669029909999  -0.331841144198457717336180701911
 106  -0.081140309722125578444504018669  -0.331825895538334327333473861418
 107  -0.008694967638450865334413138795  -0.331805676505454763426083066552
 108   0.063756056908715143788761107693  -0.331792037054620185471993071380
 109   0.479087386388826445393608482856  -0.315591930813471087093686294642
 110   0.406643731075008459093873557090  -0.315591929279915028915590791384
 111   0.334190274474755626069008143990  -0.315575601792548924839818744393
 112   0.261735492189837175491663058494  -0.315556793702334885530125380594
 113  -0.479087386383382020205785429586  -0.311786472890934936289074501869
 114   0.171889381875046712719644906046  -0.311774595648814956585593879368
 115  -0.407147642696404555865826170674  -0.310937387488309935877346485056
 116  -0.334704109001222776458348447120  -0.310937277346790661271380685416
 117  -0.262260526599334890919297823869  -0.310937173809729185696359743839
 118  -0.189815457680111261636987584337  -0.310935428353101976394114603219
 119  -0.117366553942541352715453635765  -0.310920780333405667171759089242
 120  -0.044919220766149909625117585016  -0.310897469563171269553884020921
 121   0.027534242519406812234903029435  -0.310879605475593762253807963948
 122   0.099977771696236489230649584955  -0.310879415777125301401425539376
 123   0.442865456027001416001402957857  -0.294679287548350196555371142372
 124   0.370421226575149382633572066606  -0.294678919977258375807298076422
 125   0.297963808946854803204235544305  -0.294655373266455870136303506617
 126   0.225473954772920202514874723888  -0.294632107266850865053950958151
 127  -0.370925971645727390710446142670  -0.290024707638575194821574470930
 128  -0.443369404588231897007645011198  -0.290024685029516585724384996615
 129  -0.298482418526767505264364396503  -0.290024631115883227782068571329
 130  -0.226038888435472136854766196469  -0.290024429890070198152471917246
 131  -0.153592728617615968941165232665  -0.290015901478320404479778421273
 132  -0.081149614716349519323099226066  -0.289999905436835750557507647085
 133  -0.008695150895915039353698143748  -0.289980306804135924484686732189
 134   0.063756057976475829313906083216  -0.289966809832273089888698234397
 135   0.136199475882353363103907044530  -0.289966793319518292415500088456
 136   0.479087351960190847097314011353  -0.273766703591138147928837000645
 137   0.406643479351381109270206461528  -0.273766702058325414506480587520
 138   0.334189964967851681952428375610  -0.273750297918374385258996676374
 139   0.261707713791539052490959832990  -0.273731516959488620003427951539
 140   0.189249440989981134318060266639  -0.273721553259741252338383014087
 141  -0.407147681765625489336660720545  -0.269112094828217049013872513941
 142  -0.334704287699318085775117952429  -0.269112050124825295450752865945
 143  -0.262260750177044188841407230950  -0.269111946587979646352686517985
 144  -0.189818497657111610259432432314  -0.269109531291280288495138793002
 145  -0.044919461678450178524640285560  -0.269072199751337621628203519696
 146  -0.117357887592001359419152163722  -0.269064036513781687161667527774
 147   0.027534245509458233064156810741  -0.269054374923703157451141786614
 148   0.099977762162592703189585841566  -0.269054187374666080898577236877
 149  -0.479087385953174762993327514538  -0.268262896472161699224653108125
 150   0.442865395957000577082535513441  -0.252854059070127947551859447242
 151   0.370421111095826830239696601844  -0.252853692755070685620098483919
 152   0.297947873894988133031664340518  -0.252830043254270878826760720021
 153   0.225470178032037891463323224133  -0.252806848173925835125913315532
 154   0.151155839629862680206274542127  -0.250907136182605854625407708567
 155  -0.370925997635337768987581775887  -0.248199437626339635460052986230
 156  -0.298482597238740720872657125636  -0.248199403893917921266783910666
 157  -0.226040418472111793527345752263  -0.248196947104698878106668445130
 158  -0.153601312641886099711657842121  -0.248189080876598814533629360662
 159  -0.008695086050826921599907161757  -0.248154969025546824420375303857
 160  -0.081136317461977836221996441829  -0.248151181866059550576191484507
 161   0.063756047846277681358965492741  -0.248141582463076872775091764704
 162  -0.442865653762501373214643208992  -0.247350290914113129815371961018
 163   0.479087338822812701444581817228  -0.231941476368793101952956713696
 164   0.406643400102771074411916210434  -0.231941474836053383692663274912
 165   0.334178966629532556217370248974  -0.231925049132262075270472232027
 166   0.261732554583304306981679430735  -0.231906228384989875983694395299
 167   0.188415098132451416202567025161  -0.231904576143541784789707046214
 168   0.114930857128599391944644552164  -0.229993278742908023645764744353
 169  -0.334704307174760404070529129889  -0.227286791395432261271269721746
 170  -0.262262282523971585031336746371  -0.227284374987314801431409333897
 171  -0.189823136882129156554254324929  -0.227276666360099143262281656161
 172  -0.044914608286032913916713649053  -0.227238567775465958780248803529
 173  -0.117358018695144272606726979909  -0.227238554293796070361664119735
 174   0.027534235935406465207382856749  -0.227229146591222207900039095430
 175  -0.479087334504731369819002223644  -0.226437597543457561277688142147
 176  -0.406643934915208120382406824168  -0.226437576752962711760451128915
 177   0.442865198326719623478091196722  -0.211028830593469702591697615795
 178   0.370409965663758407493659373962  -0.211028467017720388694539156493
 179   0.297961580502930997178107771493  -0.211004591847327273782341062794
 180   0.224635589801574898852038680915  -0.210989853686671311879989005895
 181   0.151153284563522306207430392615  -0.209081909038302123098267710637
 182   0.078708893373688198433978837614  -0.209080578343439024221391042733
 183  -0.298483994210939053480997429676  -0.206371759456565883075397993677
 184  -0.226044935517002276396596439781  -0.206364207493297528571577207009
 185  -0.153601566604335771131720134701  -0.206363811968317984679744913574
 186  -0.008692904256979441249427453120  -0.206325942394683742539420863667
 187  -0.081136308482059454396637904640  -0.206325938406825186169847887976
 188  -0.442865607698837330242522575372  -0.205524899903322152131770981902
 189  -0.370422216801031135457779081326  -0.205524885134019353886091346998
 190   0.479087169776177459588550348790  -0.190116249146787613895449093383
 191   0.406641218346630058350173203623  -0.190116247670610446653224642733
 192   0.334188381848937722364811742246  -0.190099671680333840755851734912
 193   0.260864489410049332087394113993  -0.190089699013558322238357244633
 194   0.188412540190689507022951822055  -0.190079343361258010808578112493
 195   0.042487075617866963807679288258  -0.188168140234094127679544943539
 196   0.114930653158786448539681225302  -0.188168051521058265995579475161
 197  -0.262266645452735348436435636254  -0.185451594994315443457354424604
 198  -0.189823365239208890960568184615  -0.185451353101516370012412511698
 199  -0.117358015216145745923296948316  -0.185413320362428796411197692159
 200  -0.044913584589994029559783706966  -0.185411546672728592234693994808
 201  -0.479087337777544013286706682974  -0.184612239614207378388522529005
 202  -0.406643875283457030993881876001  -0.184612183515541892053209345075
 203  -0.334201820685798589979799194679  -0.184609716718973695872615560329
 204   0.442864599788593288363315556921  -0.169203602135047929553855772050
 205   0.370419625059123536212380962654  -0.169203240910775708343772712943
 206   0.297092481847163163299838431253  -0.169187971903642531115246966786
 207   0.224635254993320825085057452321  -0.169164626465664261936089758757
 208   0.006257592523881744923219621667  -0.167263897089784258392544346996
 209   0.151153080657142697932664466354  -0.167256681816452056154067810150
 210   0.078708815367522069653073502006  -0.167255351121164657723727298097
 211  -0.226045075174941963000407381088  -0.164538740602534284898189729293
 212  -0.153601566989446729862038458149  -0.164538584745970877228213454563
 213  -0.081136311894570202228759714320  -0.164500696407393194321188721578
 214  -0.442865589691759006524395518308  -0.163699556680070244074443705213
 215  -0.370423598256336019633805961948  -0.163697082564533503191238284669
 216  -0.297983895842162210502939921177  -0.163688606761539312315020043585
 217   0.479087386388826445393608482854  -0.148291021925001422612071741242
 218   0.406642671468804273293385588908  -0.148291020473506046136404830594
 219   0.333318717141884119982181390213  -0.148283199516159348522977260906
 220   0.260864156197419646673297586343  -0.148264471792538529851197737232
 221   0.188412334015971140186082682309  -0.148254111691766366025344451732
 222  -0.029963241428254642127357143551  -0.146349550254575187115382586479
 223   0.042486982374972313805843974262  -0.146342913010296514642297816638
 224   0.114931956231632361149600250367  -0.146342824319009896963728185348
 225  -0.189823365624319849697656938123  -0.143626125879169262572607897240
 226  -0.117295090868367557959091841791  -0.143479461064886895109866198349
 227  -0.479087334185486527958400757953  -0.142786851024323142209552716823
 228  -0.406645342871065849721294080050  -0.142784407653445392655015627891
 229  -0.334206192390351313164704534304  -0.142777010338118801514982866767
 230  -0.261762325564368825060600054139  -0.142775752369758153766787212889
 231   0.442864472862930006084245898143  -0.127378373669247584361605839688
 232   0.370417855932576381813832173195  -0.127378013725843921750080152138
 233   0.297092154410952025493924016862  -0.127362744578057686115364682646
 234   0.224636657595834948221575157557  -0.127339259924831791118907948933
 235   0.006260531280847473993577289452  -0.125438501613542101916833340236
 236   0.151154399506558397395222544321  -0.125431454614898184626241512010
 237  -0.066181719984579721792047139627  -0.125431126860125480597614373949
 238   0.078710289617196821612216311606  -0.125430123900311170426684798112
 239  -0.153600993640199549167712705548  -0.122713357527553565653364669641
 240  -0.442867095890581392951038989951  -0.121871684376562457418835237953
 241  -0.370427900990567216628445008412  -0.121864395525953132565413429830
 242  -0.297984139275266353354291033029  -0.121863319615676157406258700626
 243  -0.225540616475424406294855163082  -0.121863138404095062455728217099
 244   0.334193000033046912641330438412  -0.106467110859175717161179878507
 245   0.479087203875874461046239302952  -0.106465794703052529737303020198
 246   0.406641271725342590319227443687  -0.106465793274581185757526497489
 247   0.260867876525508701305080771236  -0.106439243709773584660073320296
 248   0.188413652259555902450181903168  -0.106428883302330679310945954050
 249  -0.029958291803109488617394858627  -0.104520882229374030115454333847
 250   0.042488462265406994602218733956  -0.104517682549248612954733225746
 251   0.114933113484850645617002599830  -0.104517597112672682972646401669
 252  -0.102345341580454307695453020399  -0.104417271822225354960251505351
 253  -0.479087385753104304898550594420  -0.100956592450775829510105377328
 254  -0.406649600588388493766324792547  -0.100951765121191525645002599691
 255  -0.334206215024855403102883273336  -0.100951340737722054029631900605
 256  -0.189318630632663341639065830908  -0.100951003797417945730968069587
 257  -0.261762325973698085060128782406  -0.100950525147411046514694528051
 258   0.442864008599578528404362328344  -0.085553145224749680979505791128
 259   0.370416538231096041111779766517  -0.085552786524253868817187926028
 260   0.297962748597640725496709065363  -0.085546577796297751058254962789
 261   0.224657264085638421494237651762  -0.085507417837777687520822195720
 262   0.006264583800479028371646226432  -0.083608815269345058004915959161
 263   0.151171201834020671178044301786  -0.083606230767526398784616197091
 264   0.078711402502816740969558552130  -0.083604896681329863341254917309
 265  -0.138596521455110207900640246130  -0.083555785220638672177559783826
 266  -0.066121815152769510534705903814  -0.083507805885202532939167019681
 267  -0.370427899320689669257396630138  -0.080038683829192258539057625776
 268  -0.297984139671229771121815818463  -0.080038092370178465391850623314
 269  -0.225540063370785957050947899589  -0.080037911185405132909431118815
 270  -0.442869883979870761276439380703  -0.080036681969511743455891735513
 271   0.334189221416994817450107813042  -0.064641824756011946811946043444
 272   0.479087386388826445393608482854  -0.064640567481103636862534299154
 273   0.406641130952271157827862309339  -0.064640566052470979712480532155
 274   0.261730730985094342136737178910  -0.064622819433491586790675537502
 275   0.188430448879327147657042391720  -0.064603648263619560501203380664
 276   0.042489594005232482891053979070  -0.062692454077225990918028744172
 277   0.114950210660731708885269835740  -0.062692373384788780907982507902
 278  -0.029899364973745755446559307840  -0.062596472336307711934212437438
 279  -0.102319399619678066118774014660  -0.062553396875849676776215003498
 280  -0.174371698627625131862171202752  -0.061887736450231917965997829639
 281  -0.334206113685594788213071500692  -0.059125937275506105696547267622
 282  -0.261761772869059635816221518912  -0.059125297928721116968397429767
 283  -0.406648263697212712718472320021  -0.059123740926261202203231712278
 284  -0.479087386388826445393608482856  -0.059116783512342910950658033420
 285   0.442863104300305585638509884920  -0.043727916779697815765326941893
 286   0.370415104029886556927408775019  -0.043727559326496382252250608637
 287   0.297960860614172303570314718255  -0.043721259644388193879350665900
 288   0.225341152603078919144578624812  -0.043687585870199011939975974456
 289   0.151177542160636756301189839735  -0.041781004025747411955227010492
 290   0.078728551566757274353973590480  -0.041779672789236630858861662597
 291   0.006322910229460257555083818472  -0.041684820111425552191402890417
 292  -0.066068551182736668159655009436  -0.041593148759588625257606579368
 293  -0.138149282844999780280268666457  -0.040976346561666894128832117259
 294  -0.210593131365747747281349065240  -0.040974643838219105145090004234
 295  -0.297983586564849499899539024735  -0.038212865148471576897697990690
 296  -0.370426498711120421037576760731  -0.038211030132426455306341367978
 297  -0.442865816134271189865222346308  -0.038203929080312748657935330791
 298   0.334187509646677499650790578333  -0.022816529205431570013391748960
 299   0.479086733714559629986087469449  -0.022815340263848953045606144892
 300   0.406638253191056448088868176834  -0.022815338929125240828944088934
 301   0.261730367624897862530656785934  -0.022797541550126863058875864203
 302   0.188436788582029146493374366539  -0.022778420298503265255507969714
 303   0.114956551076593056147000271987  -0.020867146488444723786135702881
 304   0.042553170435950822080251258236  -0.020787019128165164484714891654
 305  -0.029837844597773943098663399629  -0.020666983797068451218242527033
 306  -0.101927330225595028425439695633  -0.020064154408796767119230818696
 307  -0.174371161118885347791132694249  -0.020062482217851382795575293279
 308  -0.246814840864021426046622684563  -0.020062030581535089204056315185
 309  -0.334204483594670395755604036613  -0.017298844718241585241682705109
 310  -0.406644107061378837451846719341  -0.017291315086846663537403436079
 311  -0.479087386388826445393608482856  -0.017291074648282586365212628162
 312   0.442863788890019157351909344504  -0.001902688353956870621007129482
 313   0.370416285103731474166136294838  -0.001902331979525808346300607696
 314   0.297960642236741031005608798296  -0.001895924903387639804102171775
 315   0.224660623787202799101576949051  -0.001867893907148752490526795537
 316   0.151180876723398966384193960047   0.000044223063673834447903517013
 317   0.078778076692438322539880312671   0.000120174244079015630447653137
 318   0.006398492789013787268030576539   0.000241270159671232774323926735
 319  -0.065705196815112764269974948203   0.000847724593200881688259303256
 320  -0.138148797854773878322969166392   0.000848998642281731455850367690
 321  -0.283036654559811290125985239654   0.000850402198714450873493378478
 322  -0.210592621633120772583427484668   0.000850601877060364600080204050
 323  -0.370422121243437971129951501932   0.003620819603719682203496108691
 324  -0.442865677315934092980232855889   0.003621539345183498755319266550
 325   0.334187400109661060710218740344   0.019008844315078698117797574920
 326   0.479087386388826445393608482855   0.019009886953405730771322009370
 327   0.406641232166222071368818899453   0.019009888187134063989158227961
 328   0.260952987806678529574570546888   0.019020466810795441692484775606
 329   0.188440120515127748146483190607   0.019046811947020385312162040577
 330   0.115001479214436937221780227909   0.021029952474744610817742186546
 331   0.042625065477369774808449212939   0.021151328580954208530331002351
 332  -0.029475031672653956010441246336   0.021745685401641699595156483554
 333  -0.101926778094786281470947337441   0.021761074500695064908986228778
 334  -0.174370622017432114775950461269   0.021762745001021383344963331691
 335  -0.246814333553205752715327711286   0.021763211839325487330206845790
 336  -0.319257551589632185985480099929   0.021764422628944442523568525194
 337  -0.406643828984872356509676039190   0.024533912134576044917836497278
 338  -0.479087386388826445393608482856   0.024534153338649583875851161261
 339   0.442862926028412407986975822216   0.039922540080757502928951352597
 340   0.370411240588833133453636721022   0.039922895610656088766237750752
 341   0.297958281710564316449007195221   0.039929409463200025070506510828
 342   0.224745276827789619641059377665   0.039957310817172010428736683089
 343   0.151265494183046416491711044383   0.041869364690289858298006303299
 344   0.078848479696794302626721494861   0.042061127556398612091853197408
 345   0.006749814923119336053321692889   0.042652864104509712694383003772
 346  -0.065704644046385555785728105904   0.042672952397733736545809567788
 347  -0.138148291002807703215694064520   0.042674281725492849459654192157
 348  -0.210592057076258145691772597955   0.042675833596232814194617765463
 349  -0.283035581711069254714694574809   0.042676624292077130135111930232
 350  -0.355475189238399761352700997421   0.042684086950905709972137476484
 351  -0.442865676874500700832253095154   0.045446766567530605638605814574
 352   0.334184778022153007880397061378   0.060834139818496404205636559244
 353   0.479086741348314416885194062001   0.060835114170778841158338569604
 354   0.406637098672693199431533811805   0.060835115205229218943386028445
 355   0.261734318962604378624510932768   0.060838518491139320268748395896
 356   0.188524737868584611234522044069   0.060871955125234168913064821666
 357   0.115121984961915513083912458412   0.062916844352805074241361813852
 358   0.042973188364528185442967941601   0.063562595062252848914957355548
 359  -0.029474479058888994229884326635   0.063570913474827931328145049194
 360  -0.101926260475976205687923609091   0.063586341916342965240581376438
 361  -0.174370029838878756278393045044   0.063587972219176340338751790053
 362  -0.246813523323195506400688762834   0.063588868202738213999365742214
 363  -0.319253230737425245543212358910   0.063596268916321123989199263426
 364  -0.391696671775859661192250706253   0.063597093310333165955839078573
 365  -0.479087386388826445393608482856   0.066359380560996693088634195549
 366   0.442861055523150448173448121015   0.081747768454412967118968761714
 367   0.370410405807862360422859313231   0.081748123507347670029519799199
 368   0.297957020576409870963715344251   0.081754744185757374775224423793
 369   0.224900515973747754667105356240   0.081782302274756932248541270850
 370   0.151414779397153595156472663070   0.083705911488944837174311923807
 371   0.079236995515767303312908116556   0.084402122963474457341493533369
 372   0.006750367346795407520934320596   0.084478092507053669664470709336
 373  -0.065704097987299290177911055056   0.084498179616516244389696826183
 374  -0.138147771195936234521676324726   0.084499634373698024142341342883
 375  -0.210591430707136618504470291849   0.084501120036885983242076790357
 376  -0.283031240190597228353650731357   0.084508395375064324729404230346
 377  -0.355474767858249153129234158063   0.084509369819225214578771181845
 378  -0.427918292267233717899273357038   0.084509860730735390651599679904
 379   0.334183734748564561440525640746   0.102659507927265329967827251902
 380   0.479086739874504071742265318806   0.102660341393125924404533043558
 381   0.406633984067845963527512041464   0.102660342311608477984026556404
 382   0.261716681045590477007942349534   0.102663744243255967866956257352
 383   0.188679941551311941655012333986   0.102696896418133068963694614735
 384   0.115529771303924357473097098339   0.105191160274365643783125618491
 385   0.042973780915523650980305391180   0.105387822290642290804928504450
 386  -0.029473871325460483942725391687   0.105396140692759763636621679425
 387  -0.101925740724243855989266457518   0.105411694538546371339616876206
 388  -0.174369168248379131095185590919   0.105413199439184670535472251298
 389  -0.246809234824365848917029896263   0.105420496165029708636638878762
 390  -0.319252780317576484383950441936   0.105421501484943074419883754344
 391  -0.391696524394552528058032485443   0.105422372879651562212009243768
 392  -0.464140001420001902472039995808   0.105422474585852478937164053722
 393   0.442863505110778464781380593149   0.123572996815018457126022223148
 394   0.370412454446580643195028259722   0.123573351357862057428715815331
 395   0.297961834744857611876715688825   0.123580055143193264838444284188
 396   0.225510413748993943629119823452   0.123603083951557127415617081940
 397   0.079237669690558964551335950635   0.126227350560022695498948698317
 398   0.151655762571923855704316052232   0.126268693924199554130527210507
 399   0.006750988417833653759359252698   0.126303319724789575793265002249
 400  -0.065703506477673661680298501677   0.126323406834680666981438713283
 401  -0.138147044962813161618002120870   0.126325271804189460460840321708
 402  -0.210587094766286050119912124953   0.126332363652507159450675595162
 403  -0.283030789677077429775262486135   0.126333627781438239006114745946
 404  -0.355474601071241699749206097402   0.126334615776126266271508803420
 405  -0.427918301990200539915813319927   0.126335105281632800284422316041
 406   0.334188165277896214274456033737   0.144484806570331659495726421490
 407   0.479087386388826445393608482854   0.144485568610476279303977845715
 408  -0.479087386388826445393608482856   0.144485568610708264785693911894
 409   0.406641468968314180182389822571   0.144485568864219411349770680600
 410   0.261742764578134994595330891495   0.144497257991042767704060842476
 411   0.189289846384303401096479766968   0.144517680209087789957723757185
 412   0.115434749622028167444877052286   0.147182570324271968770526336884
 413   0.042974453011457144387767219487   0.147213050658464986161927780864
 414  -0.029473328808439506789232865577   0.147221367912439539529017137382
 415  -0.101924799947183875528744539588   0.147237168607259504574347573050
 416  -0.174365022254996188412062772515   0.147244348139585975499182215004
 417  -0.246808878058148919527974490601   0.147245890950963852799896373901
 418  -0.319252609495445738011215452199   0.147246740452589250225512690494
 419  -0.391696524136431764555904233792   0.147247600142676796975055940704
 420  -0.442865642065584845821121165483   0.165398216484809845395475130239
 421   0.442863158508191895066384562843   0.165398225213044919104569562516
 422   0.370416032510401687680164133814   0.165398579111229932286535080722
 423   0.297966964700322986679304279553   0.165405564276975811072323876358
 424   0.225512143000841985803006141679   0.165429281035414324114985535890
 425   0.079213398153534486040845304960   0.168095896147954312389803439682
 426   0.151641874323035671018392649928   0.168120427412416196958778490985
 427   0.006751516949793451608039958653   0.168128618030109159821909568088
 428  -0.065702200014587346259807170391   0.168148634174988960833270148417
 429  -0.138142838308412600043715357418   0.168156139653562934174978483747
 430  -0.210586810630245215376430063428   0.168157884243076472824987349708
 431  -0.283030701087987363774679822531   0.168159009184667604612118415587
 432  -0.355474600812845771102939990345   0.168159843038674889759442547099
 433   0.334193317638317636642870116993   0.186310201017751380622832917748
 434  -0.406643854252432025785164213200   0.186310715156770044501021689082
 435   0.479087251595326802560620659992   0.186310795832606183629272524744
 436  -0.479087382076642512893435631712   0.186310795833055151705240272772
 437   0.406640533981973895466052663984   0.186310796076115896445428292081
 438   0.261745570292735863968522491470   0.186322494604322731391770188607
 439   0.189288799870204011793020407074   0.186342909553983169432023993385
 440   0.115420531987371579204934113533   0.189033773539453346981274815961
 441   0.042974961629338959572638361756   0.189038279846775162161477738336
 442  -0.029472075573763185689201124269   0.189046666702823313701588425651
 443  -0.101920352498137494799685401292   0.189067408263629322456846286281
 444  -0.174364671124086740427680143962   0.189069752686555146213523378391
 445  -0.246808714105149567935927054266   0.189071141816613466302956377507
 446  -0.319252611668706406708557054079   0.189071971927021377683072812374
 447  -0.370421808224820157449500988778   0.207223005004706052917180540141
 448   0.442863437994424307233925628187   0.207223453630816197980474023054
 449  -0.442865472047304874332268787672   0.207223487247602868415564783173
 450   0.370419002064031143211274178013   0.207223806912752123292406813301
 451   0.297969888256855206223238931553   0.207230842243294562945675874732
 452   0.225511096023829355434749765861   0.207254509201150112533958527284
 453   0.079199068770605204641585212617   0.209946948810161799800992808673
 454   0.006752873560608985464565942425   0.209953884992860911335609996787
 455   0.151628245292294240132359866481   0.209970614921974957257539165923
 456  -0.065697393932591625744311604387   0.209977858489515917975205314763
 457  -0.138142449021804198057937849207   0.209981478061900906006686784526
 458  -0.210586642396618697961446935819   0.209983127694167353529432669138
 459  -0.283030749860761115323431049227   0.209984321373391097993797735836
 460  -0.334199663656639821623598171082   0.228135255531978602380422391250
 461   0.334196295005640003807258331423   0.228135478445051987436011503211
 462  -0.406643385905571768795212016634   0.228135942376494947022546957346
 463   0.479087265239971219001692496759   0.228136023054951067195793538870
 464  -0.479087332320917941367000173477   0.228136023055372665954743397470
 465   0.406641226256493789287251033307   0.228136023292733879449531882410
 466   0.261744632590080993478583157819   0.228147823716395127155876188527
 467   0.189287240063113304567164061123   0.228168138143811536734071436535
 468   0.042976522416605090315325264986   0.230863507554867643166236930495
 469  -0.029465342048568163726506824477   0.230872549689631721497737219591
 470   0.115406813769573536211829332267   0.230883777485486793025545162603
 471  -0.101919901118970742925481249980   0.230892639092027888010174253156
 472  -0.174364497744989768005388429497   0.230894987225003806266585035886
 473  -0.246808719986126469541254967172   0.230896379712111390207612870205
 474  -0.297977704642363279542244914641   0.249047646610670977102988030847
 475  -0.370421440627074299338666907131   0.249048232225437772193453574697
 476   0.442862914459879080038029271277   0.249048682013078244290328335879
 477  -0.442865425109211897807433306715   0.249048716946248536216828968173
 478   0.370417981839441397906869360026   0.249049034808016903708863173466
 479   0.297968902189765213595034507762   0.249056138259672373482719931610
 480   0.225509536954906162387064886284   0.249079737663673265628124064170
 481   0.006758200405404514927007056558   0.251781988752903978631010960297
 482   0.079185767696077697131696173460   0.251797695658561017697956184943
 483   0.151626952483418217218904017847   0.251799129853433105978611209208
 484  -0.065696945237343170300340075770   0.251803093400785221280846795242
 485  -0.138142176548819847522647628045   0.251806705283360494324141587245
 486  -0.210586662885330197022810223657   0.251808390891996026387640496621
 487  -0.261755625617343605951582283318   0.269959798754073280852689544928
 488  -0.334199521847785739722361238166   0.269960551117347111918228336740
 489   0.334195221918815179025082744989   0.269960782050590876449132778675
 490  -0.406643370946509172337455192650   0.269961169800457061460071405619
 491   0.479087264649997080589120356355   0.269961250277298172247577253952
 492  -0.479087337249886276653584398936   0.269961250277719484736003835304
 493   0.406640263758845638898158015930   0.269961250504006312153173268215
 494   0.261743039115910065376286252054   0.269973125793632017601726897930
 495   0.189287534970382308189322408017   0.269993368218710646323881895974
 496  -0.029464892151653424088078441993   0.272697780797267749696293893613
 497   0.115405947565384564198868204113   0.272712964331673549318778643884
 498   0.042967440921458814274352350969   0.272716185682960064748123547182
 499  -0.101919521740466009372632391820   0.272717866312654408252870949840
 500  -0.174364527377120755693843216388   0.272720266260453022770147595151
 501  -0.225533493028146657570798056522   0.290871779803845065104550007182
 502  -0.297977575085348900657660934538   0.290873005230710625466182971219
 503  -0.370421447390848866895320596192   0.290873460490752866355739907258
 504   0.442862192685267452486636370902   0.290873910407377567948608954637
 505  -0.442865341763249604350283956635   0.290873968975204117380528300956
 506   0.370416452192502882374163750712   0.290874262693214219488885899831
 507   0.297967352739059271671459702285   0.290881508269860920921190062575
 508   0.225509898694181749140656798181   0.290904966159917107376849235175
 509   0.151627179894858110013645275226   0.293626407626031409079109699925
 510  -0.065696572479769160732213630448   0.293628487420168598493452545233
 511   0.006745446503742433416989211163   0.293630076578249591249360925368
 512   0.079187624159122473143810216247   0.293631443178040666938673044839
 513  -0.138142344568275437430503653103   0.293632059697735162548010798309
 514  -0.189311357297075871637747911845   0.311783695835076476056392530274
 515  -0.261755461155014754157681813748   0.311785111075584088367631876051
 516  -0.334199630403060902962098284198   0.311785890111938790964777689186
 517   0.334193750712603937031224911421   0.311786143212458044278043024998
 518  -0.406643259106324541930541168104   0.311786403933472573438492612602
 519   0.479087264165071677313582163747   0.311786477499645278649226167057
 520  -0.479087386388826445393608482854   0.311786477500037728170866866903
 521   0.406638548637221159624654633868   0.311786477691187537241107486676
 522   0.261743287553338315344390587469   0.311798467898989815216224234953
 523   0.189288751148948686949511064461   0.311818596806875671371306659410
 524  -0.029476080151532738278057982287   0.314543226952416079879322209268
 525  -0.101919802458305195240052121402   0.314543230762321627634606129225
 526   0.115408856203438809338327955334   0.314544885138930496865090519748
 527   0.042965620369810975404240535837   0.314545349402497691175968217587
 528  -0.153089152785378502446547433799   0.332695462695379165093878864680
 529  -0.225533281218599486533775368757   0.332697146814064373301858016886
 530  -0.297977729419764614321612651858   0.332698300743871028772324824821
 531  -0.370421220209063493860752776170   0.332698895040147662742800235492
 532   0.442864648079192556380428063991   0.332699138711164650557368854772
 533  -0.442865295541544750806190439493   0.332699336700415954465250831977
 534   0.370416486782049545515958846807   0.332699490602043418913432110247
 535   0.297967563538477159647796962337   0.332706810098362767192917552499
 536   0.225515811219335797118523177081   0.332730193410979282139630819134
 537  -0.065698131673150641271458874523   0.335455911071953072830551006205
 538   0.006744086648080983335728134807   0.335458530230392926528864698949
 539   0.079186806613567352506756149250   0.335458868936427877423541160584
 540   0.151628874564708427440488393730   0.335460432029135706861703171189
 541  -0.116866631114467920269174336229   0.353606673854695202800683496482
 542  -0.189311067073533558488832388023   0.353609054439915661994609502906
 543  -0.261755658713696939372677459504   0.353610407007803096577675146273
 544  -0.334199279544521554385129073897   0.353611326621473051323503515188
 545   0.334193990360432936870724299094   0.353611508198030086876329523458
 546  -0.406643124129275890400985923987   0.353611639889589661808444753766
 547   0.479087386388826445393608482854   0.353611704721813803700945062789
 548  -0.479087335711186968573297878283   0.353611704722354135540366533156
 549   0.406642340717284459109504640411   0.353611704741630365341684400022
 550   0.261748237119186448031072008426   0.353624235216404754801304153887
 551   0.189294691296780149934447337714   0.353643827809543489349016531369
 552  -0.029477960373535062904299103556   0.356371188340673887602688471260
 553   0.042965288639691343508788314515   0.356372040707702822889959667135
 554   0.115407406833741037482455590834   0.356373464033497335542407876674
 555  -0.080644921409936371214685387932   0.374519289393911334450542454965
 556  -0.153088786801855138595176397100   0.374520855336330449367037965953
 557  -0.225533574340717592383048340756   0.374522415092437294816061594222
 558  -0.297976992844400673711913912123   0.374523811959341185338111524884
 559   0.442865187963019766961941955220   0.374524367207236407942553010928
 560  -0.370420794524774876484316565556   0.374524542399623551339560692455
 561   0.370420828077899777749852153345   0.374524718296127617580498856239
 562  -0.442865087853549897773776458036   0.374524805924524567079067176054
 563   0.297972383498521846397772407245   0.374532629658503909586588185353
 564   0.225503577032379907929423964366   0.374578636764660468252342853794
 565   0.006743224925174717781976458408   0.377284709511378168034797626378
 566   0.151630109122949568691487581762   0.377285668369329711283650644758
 567   0.079185962630559217855283604933   0.377286536788038975044985209895
 568  -0.116866339597876123255891990720   0.395432409847412064150527686577
 569  -0.189311431005179540569746930382   0.395434289319450384981970853536
 570  -0.044424732339170172325131016595   0.395434540216822313568042537395
 571  -0.261754818375602573861163962441   0.395435916643202147338495091467
 572  -0.334198664056684614192522423874   0.395436678711555005272309455040
 573  -0.406642865177127745588015915578   0.395436873235258601864399472404
 574   0.479087351519499022929208499173   0.395436931944146377786537615217
 575  -0.479087284301395163299049121446   0.395436931944669649387517572606
 576   0.406643448049063831196971134561   0.395436931949319052457873587081
 577   0.334198889142466794034279342558   0.395436935567537210984337121557
 578   0.261749378025467439722667643907   0.395449466709117889744559513465
 579   0.189283500371641513281738997175   0.395494783543155766119338256264
 580   0.115408664131729428937238466774   0.398198742559480070701003867461
 581   0.042964066268700646323257580336   0.398198826384153085386953212357
 582  -0.153089248052178285494525944282   0.416346085827294684454541135862
 583  -0.080646118722592349451197959848   0.416347716512895861710880849145
 584  -0.225532555410275736754944659354   0.416347931271197445463509048951
 585  -0.008203553839859944741962973141   0.416348073163746230457383998837
 586  -0.297976250875309722628073278726   0.416349183053164184588072449167
 587   0.442865647227737011823718944116   0.416349594938968548710958723227
 588  -0.370420091229857395208027107769   0.416349937115679829157307969873
 589   0.370421967356721178187063646517   0.416349946190846998733413649014
 590  -0.442864649873277698346108316581   0.416350371595525146342239369790
 591   0.297973346296567993198560594036   0.416358167736810553329008311595
 592   0.225460583967071622592370976093   0.416484664914063709758493599600
 593   0.151630691393864913713926998071   0.419110897116719110726180300343
 594   0.079187065744048855581341533339   0.419111809887610106556302242314
 595  -0.189310301961788806064018585090   0.437259841098883462296210750561
 596  -0.116868269623525332601078479996   0.437259968996626885549315522666
 597  -0.261753944377932973666437316291   0.437261246401959283692182638358
 598  -0.044424938826003488843715271207   0.437261249489869840743341897983
 599  -0.334197936765754977960651785767   0.437261974656352885827186998624
 600  -0.406642257641477592207620326347   0.437262111032027792905676163724
 601   0.479087385924339746607929139692   0.437262159166479336531483029990
 602  -0.479087144055643764635547273318   0.437262159166781626933461484662
 603   0.406643908795906147459556567242   0.437262159169128367296195666818
 604   0.028017305318951006609262243370   0.437262159182469269624772501823
 605   0.334200029592991212065636982336   0.437262165338254543179007728563
 606   0.261752941028999052023235275642   0.437274694065108119423812855781
 607   0.189242986171090455388283389733   0.437404910260598976102218739640
 608   0.115409049992023352737634308547   0.440023971124300432960591169878
 609  -0.225531601966730382689846967289   0.458173254715773435037785281010
 610  -0.080647071701062518846317448550   0.458173472306652567571375667209
 611  -0.153089274286093944301160233846   0.458173805561165108096372412889
 612   0.064240430796446862017515843799   0.458175197454868479227023185659
 613   0.442865411317486954493304210554   0.458175228156430678159958642308
 614  -0.008204079376188899089331918658   0.458175335004607099167356329792
 615  -0.370419354617828760526325344866   0.458175397875131085481821994560
 616  -0.297974833873889086624097177458   0.458175473313991288478720164568
 617  -0.442864164029531095253005404296   0.458176105834170503989375407616
 618   0.370409948318258457623041017790   0.458195188448128857575054090179
 619   0.297459936227472009984793792435   0.459054610629481496281065633023
 620   0.221903754458864343605050807017   0.463532100934746229252513029262
 621   0.141776797756076355315292907274   0.472490752312521834021114643746
 622  -0.189310498091727720450651760518   0.479087332629214653379350293221
 623  -0.261752589960433637574877676695   0.479087332629328701573523937904
 624   0.183078623568738526200344470287   0.479087342822984424941065539766
 625  -0.406641554860199084171160937197   0.479087347499909883609120587809
 626  -0.334197115307680999167630937742   0.479087352207195544340616058145
 627   0.100462430883101503514729320387   0.479087361921568040741232252843
 628  -0.116868034904768838541874183930   0.479087381997939203735198798076
 629   0.260728956952221244220000756619   0.479087385753104304898550594420
 630   0.334175571274734994481503856331   0.479087386049215665961499329436
 631   0.028018461850489878099984997078   0.479087386388826445387743035622
 632  -0.044426113265863501499682023892   0.479087386388826445387750186009
 633  -0.479086985037535260158340134405   0.479087386388826445393608482856
 634   0.406643438059614119920436818593   0.479087386388826445393608482856
 635   0.479087385753071926979213718508   0.479087386388826445393608482856
