   1  -0.000800095605966507172291165776  -0.480332836647689572125379026045
   2   0.067373025403478222673278254895  -0.480332836647689572125379026045
   3   0.135998934206977022048216733144  -0.480332836647689572125379026045
   4   0.206755832905053729530182754427  -0.480332836647689572125379026045
   5   0.274884919912184908647071824467  -0.480332836647689572125379026045
   6   0.343536551443934964363782629345  -0.480332836647689572125379026045
   7   0.412203771688257964631650854927  -0.480332836647689572125379026045
   8   0.480332836613625538610075872713  -0.480332836647689572125379026045
   9  -0.341446562926476240298445131339  -0.480332836647689572125379026043
  10  -0.273317510239051384238673431385  -0.480332836647689572125379026043
  11  -0.068930300331780200660337123555  -0.480332836647689572125379026044
  12  -0.409575863756431635630382403102  -0.480332836647689572125379026042
  13  -0.205188405996302989335673867348  -0.480332836647689572125379026042
  14  -0.480332836640498928793689663191  -0.480332836647689572125180624662
  15  -0.137059353278286497594650672707  -0.480332836647689572125180624662
  16  -0.444954350197675640605913557237  -0.463141212094408621351239745563
  17   0.171377383528470509916996327759  -0.463141135709501165218172834633
  18   0.377870161566096464497717556493  -0.461139283738307245647004493598
  19   0.309210735684833549005696589711  -0.461125347744153539955840300983
  20   0.101685979805227622360571900954  -0.461102381179102358083957109984
  21   0.033286464898755857750493544559  -0.460703887356814352584790973333
  22  -0.034865197968873353916222746151  -0.460666671329800887296525135811
  23  -0.375511213342168405255888041908  -0.460665888489514836163927003741
  24  -0.239252958107554758820558167564  -0.460665718125990787615240607451
  25   0.240820376515008115014564477214  -0.460665703043493219174908307690
  26   0.446268304147138252011244595869  -0.460665684190640738371122792565
  27  -0.102994826771030656591351213602  -0.460665673760069607361072259511
  28  -0.307382036581664989768713793497  -0.460665673591683439446902276175
  29  -0.171123879647493305856734400310  -0.460665673503861987552088379748
  30   0.206755845440891495038524071438  -0.440998509943070713959948074041
  31  -0.000800084727652086951150741501  -0.440998509943070220631256453187
  32   0.067373036281792642894418679163  -0.440998509943070220631256453187
  33   0.135998944967862122718022228478  -0.440998509943070188330252619360
  34  -0.068930291052734352392091367594  -0.440998509943069810848816130630
  35   0.274884928314294843531251555428  -0.440998509943069613753279033725
  36   0.343536557476184590392629968788  -0.440998509943069178924229282426
  37   0.412203777720507590659217131248  -0.440998509943069178924229282230
  38  -0.205188406095209580667499206292  -0.440998509943068716500487926718
  39  -0.273317510297474118472914998644  -0.440998509943068716419524319772
  40  -0.137059353323990434966166480364  -0.440998509943068716401842794251
  41  -0.341446562969690249665398478790  -0.440998509943068716399875257499
  42  -0.409575863796784264548293957534  -0.440998509943068716396835724794
  43   0.480332836647689572125356825161  -0.440998509943068716390887024003
  44  -0.480332836645597807234027088150  -0.440998509943068716375747925347
  45  -0.444954350221442766641456690843  -0.423806885351315231138381445257
  46   0.171377394262821063140648415552  -0.423806808957133146179632987402
  47   0.377870167598346090525923549960  -0.421804957033686852445854749874
  48   0.309210742895241496027854656042  -0.421791018939282040657081495426
  49   0.101685990624827373754784471492  -0.421768054369718262444714684473
  50   0.033286475777070277971633968830  -0.421369560652195001090668400471
  51  -0.034865187087715644619285427478  -0.421332344620256481434529277566
  52  -0.375511213382948641079989431679  -0.421331561784035275824629463880
  53  -0.239252958219994320539484760484  -0.421331391385628419159959133438
  54   0.240820386885997305044380395435  -0.421331373010908622249710122171
  55   0.446268307181539126247266386413  -0.421331352296262054473275887257
  56  -0.102994817863035672864850084780  -0.421331347023708145668939171821
  57  -0.307382036634173834624286445329  -0.421331346870038470763881437897
  58  -0.171123879742901061335766643558  -0.421331346757783340585076872469
  59  -0.068930265925995155147298085695  -0.401664183238456980570906481552
  60  -0.000800061389471108411357401698  -0.401664183238456288487132717947
  61   0.067373059619973621434212018961  -0.401664183238456288487132717947
  62   0.135998965728712214404595883649  -0.401664183238454811420139737801
  63   0.206755860311742595127926313648  -0.401664183238452669269531432770
  64   0.274884934474624328906841413996  -0.401664183238449240402778182481
  65  -0.137059343795299624897700655870  -0.401664183238449014808842286200
  66   0.343536563623734406292152876730  -0.401664183238448803574321772937
  67   0.412203783868057406558740039175  -0.401664183238448803574321772740
  68  -0.480332835000778174973240029343  -0.401664183238447895016556869760
  69  -0.409575863579296163568135783297  -0.401664183238447861248863431538
  70  -0.273317510085517688788440839797  -0.401664183238447861241355170713
  71  -0.341446562754867214030530699843  -0.401664183238447861237257519349
  72  -0.205188405946752404570890156506  -0.401664183238447861031402460188
  73   0.480332836646913871612567183018  -0.401664183238447860641652724773
  74  -0.444954349048626353931582387191  -0.384472556682757327043757384812
  75   0.171377413020140167124039571062  -0.384472478129493002996826041726
  76   0.377870173745895906425446457895  -0.382470630329066477095947240379
  77   0.309210749049179245382752172749  -0.382456692223245753712349172365
  78   0.101686012674342504013399727716  -0.382433725365734522187812987830
  79   0.033286499115251256511427308631  -0.382035233947581068946544665223
  80  -0.034865163657733331553188907249  -0.381998017756627215632829725935
  81  -0.375511213168672540299116687011  -0.381997235079414417091846412907
  82  -0.239252958034369554746478062238  -0.381997064634624034484638655237
  83   0.240820397394745156093806371691  -0.381997038787829938789902193096
  84  -0.102994792520453123462354085080  -0.381997020286766785495149710990
  85   0.446268310257485366884217826169  -0.381997020271467127636691486689
  86  -0.307382036418924568542822568765  -0.381997020162696610664735692473
  87  -0.171123871851651734347543110347  -0.381997020005795768184138944191
  88  -0.068930233392666947113362852002  -0.362329856533849578940915639294
  89  -0.000800029349411784891222710627  -0.362329856533848481968517797175
  90   0.067373091660032944954346710026  -0.362329856533848481968517797175
  91   0.135998988479398191168736225372  -0.362329856533840535085823335962
  92   0.206755880105082620905214276595  -0.362329856533836793601839095287
  93  -0.137059318472570651055862658860  -0.362329856533836310216689689706
  94   0.274884934741354680449565857152  -0.362329856533828385557900010369
  95   0.343536563877269356925715761779  -0.362329856533827948642177466935
  96   0.412203784121592357192302924212  -0.362329856533827948642177466738
  97  -0.273317503439377430829484276388  -0.362329856533827566975987856831
  98  -0.205188399374943405117793454099  -0.362329856533827554276857302385
  99  -0.480332835407497809329564551674  -0.362329856533827041370069369995
 100  -0.409575863249376850726968149746  -0.362329856533827006883231705339
 101  -0.341446562428376162273151323791  -0.362329856533827006843020420990
 102   0.480332836647689572125153404041  -0.362329856533827004892418425542
 103  -0.444954348698554133199407968099  -0.345138229933473127482506168659
 104   0.171377434292239496973571905815  -0.345138148382126789035905097800
 105   0.377870173999430857059009342939  -0.343136303624445622163802934369
 106   0.309210749309311896446480243688  -0.343122365506834111461143729926
 107   0.101686040069713341172483281368  -0.343099390373600026945440447413
 108   0.033286531155310580031561999699  -0.342700907242973262427929744447
 109  -0.034865131371039682649534288265  -0.342663690624807332456618134128
 110  -0.375511212839098880260339090040  -0.342662908374793562722812478164
 111  -0.239252951462380538237889240805  -0.342662737868602939919393624156
 112   0.240820407423216223484550652164  -0.342662695175420605053752704012
 113  -0.102994759752025696647516620201  -0.342662693512651984600027859395
 114  -0.307382029772001348161017411438  -0.342662693452513581477769187263
 115   0.446268310384640692221642523083  -0.342662693347950336556040484822
 116  -0.171123851851983966326669905570  -0.342662693289189045472927018381
 117  -0.068930197391010724754015437409  -0.322995529829245198867747752076
 118  -0.000800003274251949623055346199  -0.322995529829236268975074628237
 119   0.067373117735192780222514074448  -0.322995529829236268975074628237
 120  -0.137059285727833736774584255567  -0.322995529829229084010462897131
 121   0.135998990772147634964408721462  -0.322995529829219746157351595972
 122   0.206755882276117223062447767374  -0.322995529829215997767074381969
 123  -0.205188382129575830333524171914  -0.322995529829210478974971461077
 124  -0.273317495379504851285259881940  -0.322995529829207536988255522581
 125   0.274884934910331700177552486789  -0.322995529829207530171613724705
 126   0.343536564046185922080219997555  -0.322995529829207093255631519872
 127   0.412203784290508922346807159978  -0.322995529829207093255631519676
 128  -0.409575856601344196324466385165  -0.322995529829206712937659436232
 129  -0.341446555782542677749823940794  -0.322995529829206712525820207036
 130  -0.480332835000784516815102542650  -0.322995529829206187723516296248
 131   0.480332836647689572125379026042  -0.322995529829206149143176477632
 132  -0.444954341059311228244470835287  -0.305803901190664850834892414627
 133   0.171377436524131518272003850441  -0.305803821552268822077558459299
 134   0.377870174168347422213513578711  -0.303801976919824766777256987299
 135   0.309210749478258688887653027353  -0.303788038802159236721647573909
 136   0.101686054253665577534511239366  -0.303765042451504385376406911765
 137   0.033286557230470415299729364124  -0.303366580538361049434486575507
 138  -0.034865100332633914853694109701  -0.303329355323022159600164889169
 139  -0.375511206193371624720091547862  -0.303328581670173268387046733407
 140  -0.239252937715871782413593695243  -0.303328411126161382930747334977
 141  -0.307382021709913310788222888186  -0.303328366744611708023115478220
 142   0.240820408593222017235783924651  -0.303328366736966920749204401178
 143  -0.102994723668697561186724652951  -0.303328366667207275660400261414
 144  -0.171123822138262983559036107149  -0.303328366576498974525596740111
 145   0.446268310469098974694303433366  -0.303328366497043443519330667902
 146  -0.068930183847337687452442165314  -0.283661203124626674810627024407
 147  -0.137059249725802253775352941743  -0.283661203124624704280762817624
 148  -0.000800002601494444699233194153  -0.283661203124615418979111029669
 149   0.067373118407950285146336226488  -0.283661203124615418979111029669
 150   0.135998991163314376619615593016  -0.283661203124598892353120947304
 151  -0.205188355851155703202183397547  -0.283661203124598401250196078834
 152   0.206755882560078280546497620102  -0.283661203124595143042813524659
 153  -0.273317479772890010503912334004  -0.283661203124589777344212191079
 154  -0.409575848538221169606994124372  -0.283661203124586683616100262720
 155  -0.341446547722307252205327235126  -0.283661203124586682612439173589
 156   0.274884934929668881847521940697  -0.283661203124586674427124960925
 157   0.343536564065523103749656170461  -0.283661203124586237511142756092
 158   0.412203784309846104016243332876  -0.283661203124586237511142755896
 159  -0.480332835747266289297711900804  -0.283661203124585339057591685469
 160   0.480332836647689572125379026042  -0.283661203124585293393934529722
 161  -0.444954332424642925685674059222  -0.266469573307081386685371474266
 162   0.171377436861695417618086465210  -0.266469494737339835380715555253
 163   0.377870174187684603882949751613  -0.264467650215203911032768223513
 164   0.309210749497595870557355840760  -0.264453712097538380976682295399
 165   0.101686054785627699756785596463  -0.264430715495662498057237604102
 166   0.033286557903227920223551516167  -0.264032253833740199438522976939
 167  -0.034865093224419315139148979686  -0.263995017471119582732032082654
 168  -0.375511198130272744364110593422  -0.263994254965553239059929229002
 169  -0.239252918934783504738492270953  -0.263994084373953741324805649031
 170  -0.307382006631957234064066666326  -0.263994040036106166585764610329
 171  -0.171123775983623992534640790969  -0.263994039863824759264507912819
 172  -0.102994710059160851222054909174  -0.263994039850024462740590756945
 173   0.240820408744871136518241172889  -0.263994039803175064351668015303
 174   0.446268310478767565527649084324  -0.263994039775676097195771463828
 175  -0.205188308205952839373484421996  -0.244326876420006401535188340193
 176  -0.137059236181254505055851238516  -0.244326876420006180524834178359
 177  -0.068930183136069066641281886500  -0.244326876420005825492193651784
 178  -0.000800002452477659523152286768  -0.244326876419994563512141642708
 179   0.067373118556967070322417133868  -0.244326876419994563512141642708
 180  -0.273317443526760769962096409533  -0.244326876419985621790384646953
 181   0.135998991211232310364594814295  -0.244326876419978036633066334818
 182   0.206755882595747383369692925952  -0.244326876419974287309744281391
 183  -0.409575833462491777451356000197  -0.244326876419968716916141047462
 184  -0.341446532646594934711187569928  -0.244326876419968715905935729614
 185   0.274884934933595195720944395767  -0.244326876419965818678078973413
 186   0.343536564069449417623078625516  -0.244326876419965381762096768580
 187   0.412203784313772417889665787932  -0.244326876419965381762096768384
 188  -0.480332828141266551030242131473  -0.244326876419965218686794790850
 189   0.480332836647689572125379026043  -0.244326876419964437644692581812
 190  -0.444954316637217869587543229098  -0.227135245141649455737126870890
 191   0.171377436903488935899010755602  -0.227135168020115677245887864926
 192   0.377870174191610917756372206669  -0.225133323510583055283722236001
 193   0.309210749501522184430778295823  -0.225119385392917525227636307873
 194   0.101686054884095059146367038090  -0.225096388700846362103274797625
 195   0.033286558052244705399632423549  -0.224697927129119343971553589978
 196  -0.034865092794276613920447525648  -0.224660690279542089252086197020
 197  -0.375511183054543358356371939565  -0.224659928260935272359373048149
 198  -0.239252875829615193144538364960  -0.224659757623812165980381820988
 199  -0.307381976822139268683468740833  -0.224659713298579058401861181669
 200  -0.171123762411232985907335627474  -0.224659713140274221715303478813
 201  -0.102994709329667213594835647483  -0.224659713113836958195949273195
 202   0.240820408764668844861933408440  -0.224659713071064146961177769737
 203   0.446268310480730722464303680132  -0.224659713067654953888620341534
 204  -0.273317396464714179466372688490  -0.204992549715392920027937985807
 205  -0.205188288572961981670413022259  -0.204992549715390445505381190620
 206  -0.137059235469985884397410999248  -0.204992549715385331206400802970
 207  -0.068930183054830652755693731422  -0.204992549715384969826843821058
 208  -0.000800002421100851304782650914  -0.204992549715373707775414261291
 209   0.067373118588343878540786769720  -0.204992549715373707775414261291
 210  -0.409575803671678755371297853951  -0.204992549715359142566822139321
 211  -0.341446502855781916598323569341  -0.204992549715359141556613816820
 212   0.135998991217387336816176497009  -0.204992549715357180884305955474
 213   0.206755882599673697205339645706  -0.204992549715353431560698293876
 214  -0.480332835747404960670172785689  -0.204992549715345098342812745400
 215   0.274884934933595195722266004895  -0.204992549715344962928837025503
 216   0.343536564069449417624400234628  -0.204992549715344526012854820671
 217   0.412203784313772417890987397043  -0.204992549715344526012854820474
 218   0.480332836647689572125379026045  -0.204992549715343581895450633901
 219  -0.444954285762982635365392656635  -0.187800916210961495969374148327
 220   0.171377436908529606042555412787  -0.187800841313201611700550384422
 221   0.377870174191610917757693815781  -0.185798996805962199534480288091
 222   0.309210749501522184432099904942  -0.185785058688296669478394359949
 223   0.101686054902860976477963664093  -0.185762061973723908798501466278
 224   0.033286558083621513618002059403  -0.185363600424498488234826208561
 225  -0.034865092737969002889081706803  -0.185326363531736955546578372318
 226  -0.375511153263730336276404908611  -0.185325601556325698009814981698
 227  -0.239252840614189315730680392875  -0.185325430883351764238434639944
 228  -0.307381934653501462699157110788  -0.185325386488512787682300882494
 229  -0.171123761669057089060024085552  -0.185325386404831396528536514723
 230  -0.102994709221975374953014112806  -0.185325386363397426746659776093
 231   0.240820408766632001780360440434  -0.185325386363043003687885073658
 232   0.446268310480730722464964484689  -0.185325386363034098138233846561
 233  -0.273317391840118819772155093584  -0.165658223010772336138977281666
 234  -0.205188287811910297400374610650  -0.165658223010769597118660921030
 235  -0.137059235388747470595023406205  -0.165658223010764475541050972069
 236  -0.068930183030095616169128115261  -0.165658223010764114085379075482
 237  -0.409575768030774746124310458951  -0.165658223010754433961118908587
 238  -0.341446467214877907351446000298  -0.165658223010754432950910585988
 239  -0.000800002421027772037429155166  -0.165658223010752852026172381268
 240   0.067373118588416957808140265468  -0.165658223010752852026172381268
 241   0.135998991217387336818983688784  -0.165658223010736325135064007564
 242   0.206755882599673697207427059892  -0.165658223010732575811456345966
 243  -0.480332828141229725791974102320  -0.165658223010724978005951669358
 244   0.274884934933595195722266004926  -0.165658223010724107179595077593
 245   0.343536564069449417624400234643  -0.165658223010723670263612872760
 246   0.412203784313772417890987397059  -0.165658223010723670263612872564
 247   0.480332836647689572125379026045  -0.165658223010722726146208685991
 248  -0.444954253326711421666010205750  -0.148466587962667901012651565857
 249   0.171377436908529606045002715767  -0.148466514608580755950567829129
 250   0.377870174191610917757693815796  -0.146464670101341343785238340181
 251   0.309210749501522184432099904966  -0.146450731983675813729152412025
 252   0.101686054902897516113043968197  -0.146427735269037855427026238651
 253   0.033286558083694592885355555151  -0.146029273719877632485584328538
 254  -0.034865092725564944964371774947  -0.145992036805756803315968297857
 255  -0.375511117622826327029693087474  -0.145991274851720989404111750708
 256  -0.239252839814586769422488652806  -0.145991104115875964684789101611
 257  -0.307381918182036038140062122968  -0.145991059775814942405364347791
 258  -0.171123761555826753479769030583  -0.145991059658460229378807580962
 259  -0.102994709197054129434124842355  -0.145991059658454047674207200437
 260   0.240820408766632001781404147543  -0.145991059658422147936835372062
 261   0.446268310480730722464964484697  -0.145991059658413242388991898638
 262  -0.273317391391581994260716365931  -0.126323896306151482947110795527
 263  -0.205188287722797419776253690664  -0.126323896306148741470362673234
 264  -0.137059235364012434008101930037  -0.126323896306143619799586226486
 265  -0.068930183030095555155909022686  -0.126323896306143258336137127572
 266  -0.409575750122895901785478672666  -0.126323896306137654703729887968
 267  -0.341446449306999063013019094414  -0.126323896306137653693521565183
 268  -0.000800002421027772037429153842  -0.126323896306131996276930433358
 269   0.067373118588416957808140266792  -0.126323896306131996276930433358
 270   0.135998991217387336818983688837  -0.126323896306115469385822059654
 271   0.206755882599673697207427059935  -0.126323896306111720062214398055
 272  -0.480332835747515653946337034959  -0.126323896306104857690495779398
 273   0.274884934933595195722266004948  -0.126323896306103251430353129683
 274   0.343536564069449417624400234665  -0.126323896306102814514370924851
 275   0.412203784313772417890987397080  -0.126323896306102814514370924654
 276   0.480332836647689572125379026045  -0.126323896306101870396966738081
 277  -0.444954242627660871123840624222  -0.109132258527273440916808436143
 278   0.171377436908529606045002715815  -0.109132187903959900201325881208
 279   0.377870174191610917757693815818  -0.107130343396720488035996392271
 280   0.309210749501522184432099904987  -0.107116405279054957979910464115
 281   0.101686054902897516113043968885  -0.107093408564416999677784289609
 282   0.033286558083694592885355556475  -0.106694947015256776736342380628
 283  -0.034865092725564914457762228009  -0.106657710101135894724228154107
 284  -0.375511099714947482691021124197  -0.106656948147104210146722730014
 285  -0.239252839558092879250438480758  -0.106656777381856746509239268209
 286  -0.307381917564648821237245796991  -0.106656732955957951197494524447
 287  -0.171123761530973442549992645232  -0.106656732953837859444660343837
 288  -0.102994709197054068420905749779  -0.106656732953833191924965252520
 289   0.240820408766632001781404147575  -0.106656732953801292187593424134
 290   0.446268310480730722464964484707  -0.106656732953792386639749950709
 291  -0.273317391338739344560057003547  -0.086989569601530627233363870171
 292  -0.205188287697932009334925197295  -0.086989569601527885728980128137
 293  -0.137059235364012372994882837410  -0.086989569601522764050344278572
 294  -0.068930183030095555155909021536  -0.086989569601522402586895179662
 295  -0.409575744546274017945759236234  -0.086989569601517194267109773577
 296  -0.341446443730377179174082366455  -0.086989569601517193256901450683
 297   0.067373118588416957808140266853  -0.086989569601511140527688485448
 298  -0.000800002421027772037429153781  -0.086989569601511140527688485447
 299   0.135998991217387336818983688883  -0.086989569601494613636580111744
 300   0.206755882599673697207427059969  -0.086989569601490864312972450145
 301  -0.480332823620630332373764804937  -0.086989569601485871317952547154
 302   0.274884934933595195722266004954  -0.086989569601482395681111181773
 303   0.343536564069449417624400234672  -0.086989569601481958765128976940
 304   0.412203784313772417890987397087  -0.086989569601481958765128976744
 305   0.480332836647689572125379026045  -0.086989569601481014647724790171
 306  -0.444954240661961195411207940073  -0.069797929605468893071827594939
 307   0.171377436908529606045002715856  -0.069797861199339044452083933286
 308   0.377870174191610917757693815824  -0.067796016692099632286754444361
 309   0.309210749501522184432099904994  -0.067782078574434102230668516205
 310   0.101686054902897516113043968937  -0.067759081859796143928542341689
 311   0.033286558083694592885355556536  -0.067360620310635920987100432718
 312  -0.034865092725564914457762227402  -0.067323383396515038974986205252
 313  -0.375511094138325598851498372129  -0.067322621442483749710102615597
 314  -0.239252839512466864412119687355  -0.067322450671575901736615446260
 315  -0.307381917509327984907463766909  -0.067322406250572014276232590009
 316  -0.171123761530973349969534692858  -0.067322406249216964909470183858
 317  -0.102994709197054068420905748626  -0.067322406249212336175723304606
 318   0.240820408766632001781404147595  -0.067322406249180436438351476199
 319   0.446268310480730722464964484711  -0.067322406249171530890508002793
 320  -0.273317391319179483968523605672  -0.047655242896909771488985208071
 321  -0.205188287697931939145376123183  -0.047655242896907029979738180223
 322  -0.137059235364012372994882836258  -0.047655242896901908301102330655
 323  -0.068930183030095555155909021482  -0.047655242896901546837653231752
 324  -0.409575744491394901458317078694  -0.047655242896896338556151402360
 325  -0.341446443675498062687073360135  -0.047655242896896337545943079464
 326  -0.000800002421027772037429153740  -0.047655242896890284778446537537
 327   0.067373118588416957808140266894  -0.047655242896890284778446537537
 328   0.135998991217387336818983688902  -0.047655242896873757887338163833
 329   0.206755882599673697207427059972  -0.047655242896870008563730502235
 330  -0.480332835747766354836104026853  -0.047655242896866885022701914544
 331   0.274884934933595195722266004955  -0.047655242896861539931869233863
 332   0.343536564069449417624400234672  -0.047655242896861103015887029031
 333   0.412203784313772417890987397087  -0.047655242896861103015887028834
 334   0.480332836647689572125379026045  -0.047655242896860158898482842261
 335  -0.444954221303583694982805343127  -0.030463598527521054683668354971
 336   0.171377436908529606045002715866  -0.030463534494718188702841985359
 337   0.377870174191610917757693815824  -0.028461689987478776537512496451
 338   0.309210749501522184432099904994  -0.028447751869813246481426568295
 339   0.101686054902897516113043968967  -0.028424755155175288179300393759
 340   0.033286558083694592885355556577  -0.028026293606015065237858484808
 341  -0.034865092725564914457762227354  -0.027989056691894183225744257332
 342  -0.375511094083446482364221196648  -0.027988294737862893999144244376
 343  -0.239252839508556502959231190221  -0.027988123960796328241495851308
 344  -0.307381917486138091825012850830  -0.027988079544599711079206768073
 345  -0.171123761530973349968157647538  -0.027988079544596109157843126181
 346  -0.102994709197054068420905748568  -0.027988079544591480426481356688
 347   0.240820408766632001781404147597  -0.027988079544559580689109528287
 348   0.446268310480730722464964484711  -0.027988079544550675141266054883
 349  -0.273317391319179483962787849304  -0.008320916192288915739743260157
 350  -0.205188287697931939145376121589  -0.008320916192286174230496232312
 351  -0.137059235364012372994882836198  -0.008320916192281052551860382740
 352  -0.068930183030095555155909021442  -0.008320916192280691088411283842
 353  -0.409575744469001112284096567309  -0.008320916192275482813284062015
 354  -0.341446443653104273512630966247  -0.008320916192275481803075739122
 355  -0.000800002421027772037429153711  -0.008320916192269429029204589627
 356   0.067373118588416957808140266923  -0.008320916192269429029204589627
 357   0.135998991217387336818983688902  -0.008320916192252902138096215924
 358  -0.480332817929610365344396094052  -0.008320916192250065019199941099
 359   0.206755882599673697207427059972  -0.008320916192249152814488554325
 360   0.274884934933595195722266004955  -0.008320916192240684182627285953
 361   0.343536564069449417624400234672  -0.008320916192240247266645081120
 362   0.412203784313772417890987397087  -0.008320916192240247266645080924
 363   0.480332836647689572125379026045  -0.008320916192239303149240894351
 364  -0.444954219774993426921326520002   0.008870731265985793105126866477
 365   0.171377436908529606045002715867   0.008870792209902667046399962551
 366   0.377870174191610917757693815824   0.010872636717142079211729451459
 367   0.309210749501522184432099904994   0.010886574834807609267815379615
 368   0.101686054902897516113043968982   0.010909571549445567569941554177
 369   0.033286558083694592885355556606   0.011308033098605790511383463102
 370  -0.034865092725564914457762227319   0.011345270012726672523497690585
 371  -0.375511094061052693190189883550   0.011346031966757961743723095968
 372  -0.239252839508556502957249792137   0.011346202743824527508055012074
 373  -0.307381917486138000693417761790   0.011346247160021144670035179844
 374  -0.171123761530973349968157647170   0.011346247160024746591398822269
 375  -0.102994709197054068420905748525   0.011346247160029375322760591227
 376   0.240820408766632001781404147597   0.011346247160061275060132419623
 377   0.446268310480730722464964484711   0.011346247160070180607975893027
 378  -0.273317391319179483962787847420   0.031013410512331940009498687760
 379  -0.205188287697931939145376121528   0.031013410512334681518745715598
 380  -0.137059235364012372994882836153   0.031013410512339803197381565179
 381  -0.068930183030095555155909021413   0.031013410512340164660830664068
 382  -0.409575744469001112279264852653   0.031013410512345372935957885899
 383  -0.341446443653104273509544798015   0.031013410512345373946166208788
 384  -0.000800002421027772037429153700   0.031013410512351426720037358283
 385   0.067373118588416957808140266934   0.031013410512351426720037358283
 386   0.135998991217387336818983688902   0.031013410512367953611145731987
 387  -0.480332817946521338364882556262   0.031013410512370790726406746821
 388   0.206755882599673697207427059972   0.031013410512371702934753393585
 389   0.274884934933595195722266004955   0.031013410512380171566614661957
 390   0.343536564069449417624400234672   0.031013410512380608482596866789
 391   0.412203784313772417890987397087   0.031013410512380608482596866986
 392   0.480332836647689572125379026045   0.031013410512381552600001053559
 393  -0.444954217945113175871127753688   0.048205061736293716789337019270
 394   0.171377436908529606045002715867   0.048205118914523522795641910461
 395   0.377870174191610917757693815824   0.050206963421762934960971399369
 396   0.309210749501522184432099904994   0.050220901539428465017057327525
 397   0.101686054902897516113043968987   0.050243898254066423319183502097
 398   0.033286558083694592885355556617   0.050642359803226646260625411013
 399  -0.034865092725564914457762227302   0.050679596717347528272739638505
 400  -0.375511094061052693186022593921   0.050680358671378817492965043885
 401  -0.239252839508556502957249792079   0.050680529448445383257296959990
 402  -0.307381917486138000692690689747   0.050680573864642000419277127758
 403  -0.171123761530973349968157647122   0.050680573864645602340640770185
 404  -0.102994709197054068420905748492   0.050680573864650231072002539137
 405   0.240820408766632001781404147597   0.050680573864682130809374367533
 406   0.446268310480730722464964484711   0.050680573864691036357217840937
 407  -0.273317391319179483962787847369   0.070347737216952795758740635674
 408  -0.205188287697931939145376121484   0.070347737216955537267987663508
 409  -0.137059235364012372994882836120   0.070347737216960658946623513089
 410  -0.068930183030095555155909021399   0.070347737216961020410072611978
 411  -0.409575744469001112279264849315   0.070347737216966228685199833815
 412  -0.341446443653104273509544797953   0.070347737216966229695408156698
 413  -0.000800002421027772037429153700   0.070347737216972282469279306193
 414   0.067373118588416957808140266934   0.070347737216972282469279306193
 415   0.135998991217387336818983688902   0.070347737216988809360387679897
 416  -0.480332817946508756407803303677   0.070347737216991646475648692726
 417   0.206755882599673697207427059972   0.070347737216992558683995341495
 418   0.274884934933595195722266004955   0.070347737217001027315856609867
 419   0.343536564069449417624400234672   0.070347737217001464231838814699
 420   0.412203784313772417890987397087   0.070347737217001464231838814896
 421   0.480332836647689572125379026045   0.070347737217002408349243001469
 422  -0.444954217665650992270427614235   0.087539389016016121356263652747
 423   0.171377436908529606045002715867   0.087539445619144378544883858371
 424   0.377870174191610917757693815825   0.089541290126383790710213347279
 425   0.309210749501522184432099904994   0.089555228244049320766299275435
 426   0.101686054902897516113043968987   0.089578224958687279068425450007
 427   0.033286558083694592885355556617   0.089976686507847502009867358923
 428  -0.034865092725564914457762227297   0.090013923421968384021981586423
 429  -0.375511094061052693186022592763   0.090014685375999673242206991799
 430  -0.239252839508556502957249792029   0.090014856153066239006538907905
 431  -0.307381917486138000692690689697   0.090014900569262856168519075672
 432  -0.171123761530973349968157647086   0.090014900569266458089882718103
 433  -0.102994709197054068420905748471   0.090014900569271086821244487048
 434   0.240820408766632001781404147597   0.090014900569302986558616315443
 435   0.446268310480730722464964484711   0.090014900569311892106459788847
 436  -0.273317391319179483962787847333   0.109682063921573651507982583591
 437  -0.205188287697931939145376121452   0.109682063921576393017229611418
 438  -0.137059235364012372994882836098   0.109682063921581514695865460999
 439  -0.068930183030095555155909021399   0.109682063921581876159314559888
 440  -0.409575744469001112279264849276   0.109682063921587084434441781729
 441  -0.341446443653104273509544797914   0.109682063921587085444650104608
 442  -0.000800002421027772037429153700   0.109682063921593138218521254103
 443   0.067373118588416957808140266934   0.109682063921593138218521254103
 444   0.135998991217387336818983688902   0.109682063921609665109629627807
 445  -0.480332817946521546086333078911   0.109682063921612502224890638561
 446   0.206755882599673697207427059972   0.109682063921613414433237289405
 447   0.274884934933595195722266004955   0.109682063921621883065098557777
 448   0.343536564069449417624400234672   0.109682063921622319981080762609
 449   0.412203784313772417890987397087   0.109682063921622319981080762806
 450   0.480332836647689572125379026045   0.109682063921623264098484949379
 451  -0.444954217665650992270049540716   0.126873715720636977106283631941
 452   0.171377436908529606045002715867   0.126873772323765234294125806281
 453   0.377870174191610917757693815825   0.128875616831004646459455295189
 454   0.309210749501522184432099904994   0.128889554948670176515541223345
 455   0.101686054902897516113043968987   0.128912551663308134817667397917
 456   0.033286558083694592885355556617   0.129311013212468357759109306833
 457  -0.034865092725564914457762227297   0.129348250126589239771223534333
 458  -0.375511094061052693186022592723   0.129349012080620528991448939716
 459  -0.239252839508556502957249791994   0.129349182857687094755780855818
 460  -0.307381917486138000692690689659   0.129349227273883711917761023582
 461  -0.171123761530973349968157647063   0.129349227273887313839124666015
 462  -0.102994709197054068420905748469   0.129349227273891942570486434958
 463   0.240820408766632001781404147597   0.129349227273923842307858263353
 464   0.446268310480730722464964484711   0.129349227273932747855701736757
 465  -0.273317391319179483962787847314   0.149016390626194507257224531509
 466  -0.205188287697931939145376121430   0.149016390626197248766471559328
 467  -0.137059235364012372994882836092   0.149016390626202370445107408909
 468  -0.068930183030095555155909021399   0.149016390626202731908556507798
 469  -0.409575754875417778959601759646   0.149016390626206563606061672084
 470  -0.341446454059520940188525812526   0.149016390626206564616269995318
 471  -0.000800002421027772037429153700   0.149016390626213993967763202013
 472   0.067373118588416957808140266934   0.149016390626213993967763202013
 473   0.135998991217387336818983688902   0.149016390626230520858871575717
 474  -0.480332817929336740658699549200   0.149016390626233357970378644790
 475   0.206755882599673697207427059972   0.149016390626234270182479237315
 476   0.274884934933595195722266004955   0.149016390626242738814340505687
 477   0.343536564069449417624400234672   0.149016390626243175730322710519
 478   0.412203784313772417890987397087   0.149016390626243175730322710716
 479   0.480332836647689572125379026045   0.149016390626244119847726897289
 480  -0.444954236102987318242326722795   0.166208042425253511752315274986
 481   0.171377436908529606045002715867   0.166208099028386090043367754191
 482   0.377870174191610917757693815825   0.168209943535625502208697243099
 483   0.309210749501522184432099904995   0.168223881653291032264783171255
 484   0.101686054902897516113043968987   0.168246878367928990566909345827
 485   0.033286558083694592885355556617   0.168645339917089213508351254743
 486  -0.034865092725564914457762227297   0.168682576831210095520465482243
 487  -0.375511104467469359865967704964   0.168683338785240008163068830176
 488  -0.239252839508556502957249791971   0.168683509562307950505022803728
 489  -0.307381926737225673109826398616   0.168683553978503479779777070464
 490  -0.171123761530973349968157647054   0.168683553978508169588366613925
 491  -0.102994709197054068420905748469   0.168683553978512798319728382868
 492   0.240820408766632001781404147597   0.168683553978544698057100211263
 493   0.446268310480730722464964484711   0.168683553978553603604943684667
 494  -0.409575809652504072346974876252   0.188350717330789277998451029326
 495  -0.341446508836607233577254825315   0.188350717330789279008659350672
 496  -0.273317398901225917043476130288   0.188350717330814729212338708594
 497  -0.205188287697931939145376121421   0.188350717330818104515713507238
 498  -0.137059235364012372994882836092   0.188350717330823226194349356820
 499  -0.068930183030095555155909021399   0.188350717330823587657798455709
 500  -0.000800002421027772037429153700   0.188350717330834849717005149923
 501   0.067373118588416957808140266934   0.188350717330834849717005149923
 502  -0.480332835748017460213613108389   0.188350717330850177736178321721
 503   0.135998991217387336818983688902   0.188350717330851376608113523627
 504   0.206755882599673697207427059972   0.188350717330855125931721185225
 505   0.274884934933595195722266004955   0.188350717330863594563582453597
 506   0.343536564069449417624400234672   0.188350717330864031479564658429
 507   0.412203784313772417890987397087   0.188350717330864031479564658626
 508   0.480332836647689572125379026045   0.188350717330864975596968845199
 509  -0.444954282849150346930556166149   0.205542369129846590190162143350
 510   0.171377436908529606045002715867   0.205542425733006945792609702101
 511   0.377870174191610917757693815825   0.207544270240246357957939191009
 512   0.309210749501522184432099904995   0.207558208357911888014025119165
 513   0.101686054902897516113043968988   0.207581205072549846316151293737
 514   0.033286558083694592885355556617   0.207979666621710069257593202653
 515  -0.034865092725564914457762227297   0.208016903535830951269707430153
 516  -0.375511159244555653253732619465   0.208017665489822722555458186894
 517  -0.239252839508556502957249791957   0.208017836266928806254264751638
 518  -0.307381982669640188733472169445   0.208017880683084568291905212498
 519  -0.171123761530973349968157647054   0.208017880683129025337608561835
 520  -0.102994709197054068420905748470   0.208017880683133654068970330778
 521   0.240820408766632001781404147597   0.208017880683165553806342159173
 522   0.446268310480730722464964484711   0.208017880683174459354185632577
 523  -0.409575860939796364493465221964   0.227685044035376697477505693498
 524  -0.341446560123899525723745170986   0.227685044035376698487714014859
 525  -0.273317456502680967797317350644   0.227685044035393408980676221501
 526  -0.205188287697931939145376121421   0.227685044035438960264955455148
 527  -0.137059235364012372994882836093   0.227685044035444081943591304730
 528  -0.068930183030095555155909021401   0.227685044035444443407040403622
 529  -0.000800002421027772037429153700   0.227685044035455705466247097833
 530   0.067373118588416957808140266934   0.227685044035455705466247097833
 531  -0.480332820532653203748396354296   0.227685044035468090670214667919
 532   0.135998991217387336818983688902   0.227685044035472232357355471537
 533   0.206755882599673697207427059972   0.227685044035475981680963133135
 534   0.274884934933595195722266004955   0.227685044035484450312824401507
 535   0.343536564069449417624400234672   0.227685044035484887228806606340
 536   0.412203784313772417890987397087   0.227685044035484887228806606536
 537   0.480332836647689572125379026045   0.227685044035485831346210793109
 538  -0.444954334136442639077046511870   0.244876695834434009669216807513
 539   0.171377436908529606045002715867   0.244876752437627801541851650011
 540   0.377870174191610917757693815825   0.246878596944867213707181138919
 541   0.309210749501522184432099904995   0.246892535062532743763267067075
 542   0.101686054902897516113043968988   0.246915531777170702065393241647
 543   0.033286558083694592885355556617   0.247313993326330925006835150563
 544  -0.034865092725564914457762227297   0.247351230240451807018949378063
 545  -0.375511210531847945400222965158   0.247351992194410142034512851054
 546  -0.239252904692051520402002748413   0.247352162971495652079114209338
 547  -0.307382033956932480879962515109   0.247352207387671987770959876674
 548  -0.171123761530973349968157647055   0.247352207387749881086850509745
 549  -0.102994709197054068420905748474   0.247352207387754509818212278688
 550   0.240820408766632001781404147597   0.247352207387786409555584107083
 551   0.446268310480730722464964484711   0.247352207387795315103427580487
 552  -0.205188404168768318560660822088   0.267019370739887378135333740691
 553  -0.273317507789973259944104449014   0.267019370739980828460244876442
 554  -0.409575860949834422930137506621   0.267019370739997553225466793033
 555  -0.341446560133937584160417455644   0.267019370739997554235675114397
 556  -0.137059235364012372994882836112   0.267019370740064937692833252640
 557  -0.068930183030095555155909021411   0.267019370740065299156282351549
 558  -0.000800002421027772037429153700   0.267019370740076561215489045743
 559   0.067373118588416957808140266934   0.267019370740076561215489045743
 560  -0.480332824016305600442967982822   0.267019370740088792154276076081
 561   0.135998991217387336818983688902   0.267019370740093088106597419447
 562   0.206755882599673697207427059972   0.267019370740096837430205081045
 563   0.274884934933595195722266004955   0.267019370740105306062066349417
 564   0.343536564069449417624400234672   0.267019370740105742978048554250
 565   0.412203784313772417890987397087   0.267019370740105742978048554446
 566   0.480332836647689572125379026045   0.267019370740106687095452741019
 567  -0.444954334146480697513718796528   0.284211022539054865417177907052
 568   0.171377436908529606045002715867   0.284211079142248657291093597921
 569   0.377870174191610917757693815825   0.286212923649488069456423086830
 570   0.309210749501522184432099904995   0.286226861767153599512509014985
 571   0.101686054902897516113043968988   0.286249858481791557814635189557
 572   0.033286558083694592885355556617   0.286648320030951780756077098473
 573  -0.034865092725564914457762227297   0.286685556945072662768191325973
 574  -0.375511210541886003836895249814   0.286686318899030997782473950586
 575  -0.239252955979343812548493094985   0.286686489676083071558168873539
 576  -0.171123878001810298588952029132   0.286686534092198298955543350347
 577  -0.307382033966970539316634799767   0.286686534092292843518920976212
 578  -0.102994709197054068420905748493   0.286686534092375365567454226598
 579   0.240820408766632001781404147597   0.286686534092407265304826054993
 580   0.446268310480730722464964484711   0.286686534092416170852669528397
 581  -0.205188404178806376997368767709   0.306353697444508233883294840222
 582  -0.137059351834854666405135416684   0.306353697444513355545699913720
 583  -0.273317507800011330223596814127   0.306353697444601704720572060227
 584  -0.409575860949839767710338430931   0.306353697444618408974708740586
 585  -0.341446560133942928940618379945   0.306353697444618409984917061953
 586  -0.068930183030095555155909021430   0.306353697444686154905524299470
 587  -0.000800002421027772037429153700   0.306353697444697416964730993653
 588   0.067373118588416957808140266934   0.306353697444697416964730993653
 589  -0.480332833015566850390451423198   0.306353697444708618437529538000
 590   0.135998991217387336818983688902   0.306353697444713943855839367357
 591   0.206755882599673697207427059972   0.306353697444717693179447028955
 592   0.274884934933595195722266004955   0.306353697444726161811308297327
 593   0.343536564069449417624400234672   0.306353697444726598727290502160
 594   0.412203784313772417890987397087   0.306353697444726598727290502356
 595   0.480332836647689572125379026045   0.306353697444727542844694688929
 596  -0.444954334146486042293919720836   0.323545349243675721166419854603
 597   0.171377436908529606045002715867   0.323545405846869513040335545831
 598   0.377870174191610917757693815825   0.325547250354108925205665034740
 599   0.309210749501522184432099904995   0.325561188471774455261750962895
 600   0.101686054902897516113043968987   0.325584185186412413563877137467
 601   0.033286558083694592885355556617   0.325982646735572636505319046383
 602  -0.034865092725564914457762227297   0.326019883649693518517433273883
 603  -0.375511210541891348617096174125   0.326020645603651853531715898132
 604  -0.239252955989381870985201040607   0.326020816380703927306129973070
 605  -0.171123878011848357025659974754   0.326020860796819154703504449878
 606  -0.102994825667896361831158329065   0.326020860796823783420320887678
 607  -0.307382033966975884096835724063   0.326020860796913699268162923772
 608   0.240820408766632001781404147597   0.326020860797028121054068002903
 609   0.446268310480730722464964484711   0.326020860797037026601911476307
 610  -0.205188404178811721777689717381   0.345688024149129089632536787805
 611  -0.137059351844892724841843362305   0.345688024149134211293661013251
 612  -0.068930299500938265947487341641   0.345688024149134572757155074271
 613  -0.273317507800016714863609084857   0.345688024149222629509032439938
 614  -0.409575890254347963962495472143   0.345688024149228348632681692079
 615  -0.341446589438451125192775421156   0.345688024149228349642890013446
 616  -0.000800002421027772037429153727   0.345688024149318272713972941563
 617   0.067373118588416957808140266921   0.345688024149318272713972941586
 618  -0.480332836647689572125379026042   0.345688024149329306492081237240
 619   0.135998991217387336818983688902   0.345688024149334799605081315267
 620   0.206755882599673697207427059972   0.345688024149338548928688976865
 621   0.274884934933595195722266004955   0.345688024149347017560550245237
 622   0.343536564069449417624400234672   0.345688024149347454476532450070
 623   0.412203784313772417890987397087   0.345688024149347454476532450267
 624   0.480332836647689572125379026045   0.345688024149348398593936636839
 625  -0.444954363450994238546076762047   0.362879675948285660824392806099
 626   0.171377436908529606045002715867   0.362879732551490368789577493741
 627   0.377870174191610917757693815824   0.364881577058729780954906982650
 628   0.309210749501522184432099904994   0.364895515176395311010992910805
 629   0.101686054902897516113043968987   0.364918511891033269313119085377
 630   0.033286558083694592885355556590   0.365316973440193492254560994293
 631  -0.034865209196407625249340547521   0.365354210354141936369064048685
 632  -0.375511239846399544869253215337   0.365354972308261793189688849627
 633  -0.239252955989387215765521990299   0.365355143085324783055371920617
 634  -0.171123878011853701805980924437   0.365355187501440010452746397481
 635  -0.102994825677934420267866274686   0.365355187501444639168281987209
 636  -0.307382063271484080348992765278   0.365355187501523638926135875265
 637   0.240820408766632001781404147597   0.365355187501648976803309950813
 638   0.446268310480730722464964484711   0.365355187501657882351153424217
 639  -0.000801247193128351233633818090   0.385022350834243131193402055276
 640   0.135998851448579287749029101925   0.385022350853707331290583480291
 641   0.206755742830865648137472472995   0.385022350853711080614191141889
 642  -0.273317537104525715350456639525   0.385022350853833962142350570230
 643  -0.409575890254347869659670776893   0.385022350853849204381923639995
 644  -0.341446589438451030887467367132   0.385022350853849205396433327686
 645  -0.480332836647689564948190586024   0.385022350853950162241323185156
 646   0.343536564069449417624400234667   0.385022350853968310225774397980
 647   0.412203784313772417890987397082   0.385022350853968310225774398177
 648   0.480332836647689572125379026043   0.385022350853969254343178584749
 649  -0.205188418828932467838259854640   0.385022376235980916041255555806
 650   0.274884918166505212373261919328   0.385022380818558787745231804553
 651   0.067372929147955694389578558563   0.385022439483030709192797787510
 652  -0.137059160380122811579979615994   0.385022682476736564005018550270
 653  -0.069594768834167416902847348279   0.386130785209789454698422699858
 654  -0.444954363450994144244690539591   0.402214002652906516573634754014
 655   0.171377297139721556975048128889   0.402214059255862900475079658766
 656   0.377870174191610917757693815820   0.404215903763350636704148930560
 657   0.309210749501522184432099904990   0.404229841881016166760234858715
 658   0.101685915134089467043089382010   0.404252838595405800998621250402
 659   0.033285313311594013689150892228   0.404651300125118350733990108006
 660  -0.034913358865378694724236967396   0.404688507588428801988003973419
 661  -0.375511239846399450566428520088   0.404689299012882648938930797541
 662  -0.239252985293895412020100733058   0.404689469789934722713344870301
 663   0.240820268997823952711449560620   0.404689514206021508488812115838
 664  -0.171123878007549172891008337596   0.404689514206060866201752813596
 665  -0.307382063271483986041201316246   0.404689514206144494675377823178
 666   0.446268310480730722464964484706   0.404689514206278738100395372127
 667  -0.103659103536355808214960689587   0.405798280185081379535159262919
 668  -0.000849396862099420708530237965   0.424356648068529996812341980011
 669   0.135953603855525302873836621024   0.424356651533408911696937494080
 670   0.206710495237811663262279992094   0.424356651533412661020545155678
 671   0.343536102536786922106785298289   0.424356677555881449631513901159
 672  -0.409575890254347963962495472144   0.424356677558470060131165587909
 673  -0.480332836647689572125379026043   0.424356677558571017990565133071
 674   0.480332836647689572125379026045   0.424356677558590110092420532659
 675   0.412203549580481287050221653315   0.424356916735948218603746934580
 676   0.067326766044673034859399148562   0.424358373807616121037419414313
 677   0.274874726174218173656089406525   0.424374107260666593882586420815
 678  -0.341136078789000000000000000000   0.424898170638000000000000000000
 679  -0.071263293508000000000000000000   0.428442208806000000000000000000
 680  -0.268525671774000000000000000000   0.431057288777000000000000000000
 681  -0.145853002931937802492290811101   0.434832241089557658722768555857
 682  -0.191476626383304662330851833290   0.438348909489681629370035363264
 683  -0.444954363450994238546076762048   0.441548329357527372322876701929
 684   0.171332049546667572099855647989   0.441548359935564480881433672554
 685  -0.230529699239211947982271279973   0.443044307003955256134323718142
 686   0.377869712658948422240078879442   0.443550230465263776109888433739
 687   0.309210287968859688914484968612   0.443564168582929306165974361895
 688   0.101640667541035482167896901109   0.443587139275107381404975264190
 689   0.033237163642622944214254472352   0.443985597359405216352930032741
 690  -0.305982067714421139369416956363   0.443998918548439655927788854035
 691  -0.034914487164707757947481824868   0.444022834276867108258436103739
 692  -0.375511239846399544869253215339   0.444023625717503504688172745454
 693   0.240775021404769967836257079719   0.444023814885723088895166129626
 694   0.446268310480730722464964484711   0.444023840910899593849637320037
 695  -0.107831762163885346176342885728   0.444910659009233110001774439731
 696  -0.480247638012000000000000000000   0.467044017842000000000000000000
 697   0.480033028678000000000000000000   0.468052752442000000000000000000
 698   0.140027267123000000000000000000   0.468297266410000000000000000000
 699  -0.166205902381049037908197553632   0.468491566401567662793293209711
 700   0.343869521848000000000000000000   0.468807970009000000000000000000
 701  -0.282049822775784987594201066166   0.475214890574038565432604772626
 702  -0.399392369870899347407572080232   0.475278740913265386964475263143
 703   0.216894284754983424664964252697   0.475279209210053588045241577303
 704  -0.010456409146000000000000000000   0.477003905954000000000000000000
 705  -0.089367993205650250108163278945   0.479642179176982224300463913328
 706  -0.438400643014081738810649417912   0.480332836647689572125379026043
 707  -0.360384096727716956004494742555   0.480332836647689572125379026044
 708  -0.321049770023096100255252794645   0.480332836647689572125379026045
 709  -0.243049875528473874933149337688   0.480332836647689572125379026045
 710  -0.203715548823853019183907389778   0.480332836647689572125379026045
 711  -0.128696255938245056632487717487   0.480332836647689572125379026045
 712  -0.050039730473055443583838840403   0.480332836647689572125379026045
 713   0.048272703321199418504650607380   0.480332836647689572125379026045
 714   0.087607030025820274253892555290   0.480332836647689572125379026045
 715   0.177885950939919980619838221666   0.480332836647689572125379026045
 716   0.255902618570046868710090283729   0.480332836647689572125379026045
 717   0.295236945274667724459332231639   0.480332836647689572125379026045
 718   0.391806324145763321534951445174   0.480332836647689572125379026045
 719   0.431140650850384177284193393084   0.480332836647689572125379026045
