   1  -0.481073788153608025166827831557  -0.481073788153608025166827831557
   2  -0.415511467128082280726783622801  -0.481073788153608025166827831557
   3  -0.349949146102556536286739414043  -0.481073788153608025166827831557
   4  -0.284386372750949667268997183364  -0.481073788153608025166827831557
   5  -0.218821858547195214200278070649  -0.481073788153608025166827831557
   6  -0.153259536741684205351596905829  -0.481073788153608025166827831557
   7  -0.087695664630769917345354159222  -0.481073788153608025166827831557
   8  -0.014124425638288559211943024345  -0.481073788153608025166827831557
   9   0.054583901888229062720052926781  -0.481073788153608025166827831557
  10   0.120487409068833970532669668850  -0.481073788153608025166827831557
  11   0.186051823274682003741622813175  -0.481073788153608025166827831557
  12   0.251612664517099717903790312293  -0.481073788153608025166827831557
  13   0.317173505692641725996427737333  -0.481073788153608025166827831557
  14   0.382734346868183734089065162373  -0.481073788153608025166827831557
  15   0.448295188043725742181702587413  -0.481073788153608025166827831557
  16  -0.050910045134529238278648591784  -0.472150550081258428287059443950
  17   0.020229738124970251754054951218  -0.465180474731126641536075248063
  18   0.087536465295189757199372569853  -0.462444744059930825688407511820
  19  -0.251604115649072440734637627006  -0.462149475782363149603662449637
  20   0.153269616171758351298045564981  -0.462149389170309936529061636046
  21  -0.120477600686227061348475532525  -0.462148919650129576777129943345
  22  -0.317167759426753101777868298703  -0.462147968038498382962965869764
  23  -0.186040697644439709775937488239  -0.462147576982703119961397915409
  24  -0.448292627640845152946805727179  -0.462147576307216050333655663115
  25  -0.382730306615319408506761518422  -0.462147576307216050333655663116
  26   0.218832243895890860822706562734  -0.462146294835298365038709761618
  27   0.284393085104870721950109024813  -0.462146294777387533082237316594
  28   0.349953926280412730042746449853  -0.462146294777387533082237316594
  29   0.415514767455954738135383874893  -0.462146294777387533082237316594
  30   0.481073788153608025166827831557  -0.462143142251936923270547869679
  31  -0.077030605421634160992821782385  -0.444754887838747317597906768669
  32  -0.010710778820865421753757993112  -0.443374732585020097542268896821
  33   0.054927759368101554326360634485  -0.443222926321259115759759194047
  34   0.120489502349407977642074458015  -0.443221364518704432124793977732
  35   0.186050343541670044345673962793  -0.443221364489747055509507117192
  36  -0.481073788153608025166827831557  -0.443221364460824075500483494672
  37  -0.415511467128082280726783622801  -0.443221364460824075500483494672
  38  -0.349949146102556536286739414045  -0.443221364460824075500483494672
  39  -0.284386372750949667268997183365  -0.443221364460824075500483494672
  40  -0.218821858547195214200278070651  -0.443221364460824075500483494672
  41  -0.153259536741684205351596905830  -0.443221364460824075500483494672
  42   0.251612664483661864869025275254  -0.443218801459077872954119246655
  43   0.317173505692641725996427737333  -0.443218801401167040997646801631
  44   0.382734346868183734089065162373  -0.443218801401167040997646801631
  45   0.448293367565837021120509119037  -0.443215648875716431185957354715
  46  -0.109812541671425496263625237306  -0.425830019671897422579529133946
  47  -0.044250225101065702992421424054  -0.425827324724153831730713531542
  48   0.022064871947555796310324758790  -0.424438980787837041980969791698
  49  -0.251604115649072440734637627008  -0.424297052089579199937318112751
  50  -0.317167759426753101777868298705  -0.424295544345714433296621532879
  51   0.087708179989292476666736135324  -0.424295433002918394553755055102
  52  -0.186040697644439709775937488241  -0.424295153289919170295053578523
  53  -0.448292627640845152946805727179  -0.424295152614432100667311326229
  54  -0.382730306615319408506761518423  -0.424295152614432100667311326229
  55   0.153269922937178981688393170535  -0.424293871142483940040203462769
  56   0.218830764129441048391992675313  -0.424293871113526563424916602229
  57   0.284393085071432868915343987774  -0.424291308082857380869528731692
  58   0.349953926280412730042746449853  -0.424291308024946548913056286668
  59   0.415512946978066017074190406517  -0.424288155499495939101366839752
  60   0.481073788153608025166827831557  -0.424288155499495939101366839752
  61  -0.142593151456247927949165234836  -0.406902853968780763128236005216
  62  -0.077032161350857038263224878975  -0.406902456557303936712335896820
  63  -0.010635640400020483341193755280  -0.405373764512534971005435712062
  64   0.054926279635053727877539396933  -0.405370502657398147504559075486
  65  -0.481073788153608025166827831557  -0.405368940768040125834139157787
  66  -0.415511467128082280726783622801  -0.405368940768040125834139157787
  67  -0.349949146102556536286739414045  -0.405368940768040125834139157787
  68  -0.284386372750949667268997183366  -0.405368940768040125834139157787
  69  -0.218821858547195214200278070651  -0.405368940768040125834139157787
  70   0.120488600577063480713054847844  -0.405367939626697902469164540138
  71   0.186050343524949985734711883055  -0.405366377766263447955612947806
  72   0.251611184717212052438311387833  -0.405366377737306071340326087266
  73   0.317173505659203872961662700294  -0.405363814706636888784938216729
  74   0.382732526390295013027871693997  -0.405360662123275447016776324789
  75   0.448293367565837021120509119037  -0.405360662123275447016776324789
  76  -0.175374312359003432373505817246  -0.387976642797875857922806089068
  77  -0.109812771135679469948764876505  -0.387975290854187277261042768090
  78  -0.044252097537268234037336633593  -0.387974345299307867929120534660
  79   0.022144377978014348609905291038  -0.386445574568598694935445097618
  80  -0.251604115649072440734637627008  -0.386444628396795250270973775866
  81  -0.317167759426753101777868298705  -0.386443120652930483630277195993
  82   0.087706700222824731923858109453  -0.386443009281177655419968560523
  83  -0.448292627640845152946805727179  -0.386442728921648151000966989344
  84  -0.382730306615319408506761518423  -0.386442728921648151000966989344
  85   0.153269021164834484759373560364  -0.386440446250477410384574025175
  86   0.218830764112720989781030595575  -0.386438884390042955871022432843
  87   0.284391605304983056484630100354  -0.386438884361085579255735572301
  88   0.349952105769086155946787944438  -0.386433168804965786888658254850
  89   0.415512946978066017074190406517  -0.386433168747054954932185809826
  90   0.481073788153608025166827831557  -0.386433168747054954932185809826
  91  -0.208155472594855212500253332138  -0.369050430471859810507719440178
  92  -0.142593932038434974373105458915  -0.369049079683282372055612851941
  93  -0.077032707322090665722876631123  -0.369047179596191208477827405930
  94  -0.010637521140266878474431689088  -0.367520642082144107665756693006
  95   0.054924799835170590335611205718  -0.367518078993539792045119247005
  96  -0.481073788153608025166827831557  -0.367516517075256176167794820901
  97  -0.415511467128082280726783622801  -0.367516517075256176167794820901
  98  -0.349949146102556536286739414045  -0.367516517075256176167794820901
  99  -0.284386372750949667268997183366  -0.367516517075256176167794820901
 100   0.120487120810595735970176821973  -0.367515515904957163335378045560
 101   0.186049441752605488805692272884  -0.367512952874256918299983510212
 102   0.251611184700491993827349308095  -0.367511391013822463786431917880
 103   0.317170205414865339469755344498  -0.367508238459414477359455610422
 104   0.382732526356857159993106656958  -0.367505675428745294804067739887
 105   0.448293367565837021120509119037  -0.367505675370834462847595294863
 106  -0.240937729696732439034612888495  -0.350126118100614934944554058258
 107  -0.175375092274286754499852973807  -0.350122867357266324640526203052
 108  -0.109813868224846170147217213533  -0.350120968425286303272397489781
 109  -0.044252759261200528122000018503  -0.350118867876880988694932118844
 110   0.022142899447504027244032076695  -0.348593148705923445287700657837
 111  -0.317167759426753101777868298705  -0.348590696960146533963932859108
 112   0.087705220422941594381929918238  -0.348590585617319299960528732042
 113  -0.448292627640845152946805727179  -0.348590305228864201334622652458
 114  -0.382730306615319408506761518423  -0.348590305228864201334622652458
 115   0.153267541398366740016495534493  -0.348588022528736671250787530597
 116   0.218829862340376492852010985404  -0.348585459498036426215392995249
 117   0.284389784810374276812474552240  -0.348580745112151361890151956001
 118   0.349950626140243245159290576024  -0.348580744844830323296846378828
 119   0.415512946944628164039425369478  -0.348578182052524802719477224924
 120   0.481073788153608025166827831557  -0.348578181994613970763004779900
 121  -0.208157665883143634808724643114  -0.331198006842618866161338696098
 122  -0.273722627805785501839098059207  -0.331197231245789245264211878188
 123  -0.142595028460697950273964728425  -0.331194756099270255857310840892
 124  -0.077033920163956032546340600913  -0.331192656705976083489502202696
 125  -0.010639000940150114344214827039  -0.329668218418285581912851344320
 126   0.054923320035287452793683014503  -0.329665655329681436585679418525
 127  -0.481073788153608025166827831557  -0.329664093382472226501450484016
 128  -0.349949146102556536286739414045  -0.329664093382472226501450484016
 129  -0.415511467128082280726783622790  -0.329664093382472226501450483997
 130   0.120485641010712598428248630758  -0.329663092241098807875938217079
 131   0.186047961986137744062814247013  -0.329660529152516179166197015633
 132   0.251608462450258775837136229548  -0.329654813596365324319113033370
 133   0.317170205398132857673160859059  -0.329653251735909354159407178709
 134   0.382731046728014249205609288545  -0.329653251468609831212255863863
 135   0.448293367532399168085744081998  -0.329650688676304310634886709961
 136  -0.240939922985020861343084199471  -0.312273694471373990598173314177
 137  -0.306505348647293835385503810900  -0.312271019431455526325128710020
 138  -0.175377285562575176808324284783  -0.312270443728025380294145458971
 139  -0.109815080399807812673088115805  -0.312266444379960036074415553806
 140  -0.044253539843387574545940242582  -0.312265093591382597622308965569
 141   0.022141419647620889702103885481  -0.310740725042065089828260829356
 142   0.087703740623058456840001727023  -0.310738161953460944501088903562
 143  -0.448292627640845152946805727179  -0.310737881536080251668278315573
 144  -0.382730306615319408506761518412  -0.310737881536080251668278315554
 145   0.153266061598483602474567343278  -0.310735598864878315791347702116
 146   0.218826562096020027047939491158  -0.310729883250845077269917053755
 147   0.284388883038017356697822536368  -0.310727320220123316588368256078
 148   0.349950625985903861719479571579  -0.310725758359688862074816663746
 149   0.415511467315785253251928001065  -0.310725758092389339127665348900
 150   0.481073788153608025166827831557  -0.310723195357994650506768640022
 151  -0.208159226211830676583981967020  -0.293345583181994358019789879908
 152  -0.273724188134472543614355383113  -0.293344807585164737122663061999
 153  -0.339289654880131607858310854758  -0.293343558883416769928788363229
 154  -0.142597337501685039207447672162  -0.293342132008715160511250171886
 155  -0.077034700079239354672687757474  -0.293338881265366550207222316680
 156  -0.010640480740033251886143018254  -0.291815794754427226453411515839
 157   0.054921840235404315251754823289  -0.291813231665823081126239590045
 158  -0.481073788153608025166827831557  -0.291811669689688276835106147130
 159  -0.415511457951104476135340520548  -0.291811653794705358844465978276
 160   0.120484161210829460886320439544  -0.291810668577240452416498388599
 161   0.186044661708365885459692587423  -0.291804952963207213895067740237
 162   0.251606982683778607908625797977  -0.291802389874603069539172276462
 163   0.317169303625788360744141248888  -0.291799826843902824503777741115
 164   0.382731046573674865765798284099  -0.291798264983468369990226148783
 165   0.448291888127349135363938016984  -0.291798264444345345964858521625
 166  -0.240941483313707903118341523377  -0.274421270810749482456624497988
 167  -0.306507773416011438593657797427  -0.274418595816335075667694245487
 168  -0.175379278150940538983105354400  -0.274417271462684138236894592823
 169  -0.372074784007263350022974752016  -0.274416182548185454758878633339
 170  -0.109816640728494854448345439711  -0.274414020719335527932866737617
 171  -0.044254319758670896672287399143  -0.274411318150773064340029079553
 172   0.022139939847737752160175694266  -0.272888301378206734368821000876
 173   0.087702260823175319298073535809  -0.272885738289602589041649075082
 174  -0.448292627640845152946805727179  -0.272885457843296302001933978688
 175   0.153262761320711743871445683688  -0.272880022675569350520218426720
 176   0.218825082296124466320378894242  -0.272877459586965206164322962945
 177   0.284387403271549611954944510497  -0.272874896498382577454581761499
 178   0.349949724213559364790459961408  -0.272872333467682332419187226152
 179   0.481073788153608025166827831557  -0.272870771665210700840424303137
 180   0.415511467194866541356994610624  -0.272870771665128953335137687510
 181  -0.208161506326351549718361097095  -0.255492908982713507144974079635
 182  -0.273726612903190146822509369641  -0.255492383970044286465228597466
 183  -0.339292951121277698851004897502  -0.255491135334153428109977046764
 184  -0.404856405415554674913903900110  -0.255489816907197790875978150156
 185  -0.142598897830372080982704996068  -0.255489708348090652369701355696
 186  -0.077036260407926396447945081380  -0.255486457604742042065673500490
 187  -0.010641960539916389428071209469  -0.253963371090568870993971687359
 188   0.054920360435521177709826632074  -0.253960808001964725666799761565
 189  -0.481073788153608025166827831557  -0.253959245996904327168761810245
 190   0.120480860933057602283198779953  -0.253955092387931487145369113203
 191   0.186043181908470324732131990507  -0.253952529299327342789473649428
 192   0.251605502883895470366697606762  -0.253949966210744714079732447982
 193   0.317167823859320616001263223017  -0.253947403122162085369991246536
 194   0.382730144834751040381656287932  -0.253944840149342915764098764879
 195   0.448292627674260881734098778220  -0.253944559760940986093714865924
 196  -0.240943908082425506326495509905  -0.236568847195629031799190033455
 197  -0.306511069657157529586351840154  -0.236566172267071733848882929022
 198  -0.175381412339269693234978925255  -0.236564847830064893806932677816
 199  -0.372075154417530883029854092589  -0.236563758857213856230346832101
 200  -0.437638675199895210469803307153  -0.236563298259868330074640086950
 201  -0.109818739594455519679073521161  -0.236561597084741224984772250691
 202  -0.044255799558554034214215590358  -0.236558894486914708880589251073
 203   0.022138460047854614618247503051  -0.235035877714348378909381172396
 204   0.087698960545403460694951876218  -0.235030162100293623770519799686
 205   0.153261281520816183143885086773  -0.235027599011689479414624335911
 206   0.218823602496241328778450703027  -0.235025035923106850704883134465
 207   0.284385923471666474413016319282  -0.235022472834524221995141933019
 208   0.349948244480513044741282643815  -0.235019909803821364105098689903
 209   0.415511467128129477773058019746  -0.235018347972345003727624928913
 210   0.481073788153608025166827831557  -0.235018347856671271347005428711
 211  -0.208164087886765535103224014728  -0.217640007467006209256410378540
 212  -0.273729909144336237815203412365  -0.217639960420780944646417281001
 213  -0.339293320285486759807441066215  -0.217638711643169656608721020247
 214  -0.404857337550816534516017381078  -0.217637393225890994609185259774
 215  -0.142600996696332746213433077519  -0.217637284713496349421606868771
 216  -0.470421617182480866512657489144  -0.217636563923303159983413646215
 217  -0.077037740207809533989873272595  -0.217634033940883686606233672010
 218  -0.010643440339799526969999400684  -0.216110947426710515534531858879
 219   0.054917060157736897603372747195  -0.216105231812677277013101210517
 220   0.120479381133162041555638183038  -0.216102668724051616039775022394
 221   0.186041702108587187190203799293  -0.216100105635468987330033820948
 222   0.251604023084012332824769415548  -0.216097542546886358620292619502
 223   0.317166344126274295952085905424  -0.216094979458301117055902710287
 224   0.382730144768013976797719697054  -0.216092416456558966156586006283
 225   0.448292627607476640750841895670  -0.216092136068075255127887364423
 226  -0.240947204323571597319189552628  -0.198716423646365689980378716990
 227  -0.306511432627214977394265357495  -0.198713748576028059305684925303
 228  -0.175382937345897396478382260185  -0.198712424168000842479963154198
 229  -0.372076088244113045753932337546  -0.198711335175948747375411879649
 230  -0.437640154998728126479960133153  -0.198710874596009933557931051557
 231  -0.109819680862149710479044245910  -0.198709173403660421191662048819
 232  -0.044257279358437171756143781572  -0.198706470823056353421149422593
 233   0.022135159770082756015125843461  -0.197180301525039413638251897000
 234   0.087697480745495478464059054015  -0.197177738436435269282356433225
 235   0.153259801720933045601956895558  -0.197175175347831123955184507431
 236   0.218822122696358191236522511813  -0.197172612259248495245443305985
 237   0.284384443738620154363839001689  -0.197170049170663253681053396770
 238   0.349948244413775981157346052937  -0.197167486111037414497585931306
 239   0.415511467061298020300659660020  -0.197165924279561054120278712520
 240   0.481073788153608025166827831557  -0.197165924163887321680661091825
 241  -0.481073788153608025166827831557  -0.181313881849701992798065482184
 242  -0.208164889535471330878472214637  -0.179787583612304727742250538961
 243  -0.273730272114393685623116929708  -0.179787536729737270103219277282
 244  -0.339294255358116663806067041895  -0.179786287961935308500594191821
 245  -0.404858817349649450526174207080  -0.179784969562032598092476224375
 246  -0.142601937964026937013403802267  -0.179784861032415545628496666899
 247  -0.077039220007692671531801463810  -0.179781610277025331146793843530
 248  -0.010648032662180232756132231552  -0.178257609502833735857215995089
 249   0.054915580357841336875812150280  -0.178252808148797405907507119708
 250   0.120477901333278904013709991823  -0.178250245060193260580335193913
 251   0.186040222308704049648275608078  -0.178247681971610631870593992468
 252   0.251602543350966012775592097954  -0.178245118883025390306204083253
 253   0.317166344059537232368149314547  -0.178242555765517167448389951690
 254   0.382730144701182519325321337329  -0.178239992763775016549239789889
 255   0.448292627607478564320571557151  -0.178239712375287973741025787049
 256  -0.448292325969855285134130475566  -0.162388192522408766372582887526
 257  -0.240947567293629045127103069971  -0.160863999955322015437180713271
 258  -0.306512373893942449361119035336  -0.160861324894947231473407578606
 259  -0.175383878613591587278352984934  -0.160860000486920038686852952325
 260  -0.372077568042945961764089163546  -0.160858911512090350858702844255
 261  -0.109821160662032848020972437124  -0.160856749739802065732222220339
 262  -0.044260687849404779993595440009  -0.160850846716985861897259214372
 263   0.022133650866390599237802525575  -0.159327877862330028966577547878
 264   0.087696000945612340922130862800  -0.159325314772576913822916604745
 265   0.153258321921049908060028704343  -0.159322751683972768495744678950
 266   0.218820642963311871187345194220  -0.159320188595387526931354769735
 267   0.284384443671883090779902410812  -0.159317625477879304073540638173
 268   0.349948244346944523684947693212  -0.159315062418253464890239714913
 269   0.415511467061298020300659671559  -0.159313500586777104453934375635
 270   0.481073788153608025166827831557  -0.159313500471103372014316754940
 271  -0.415510993951811395477138641860  -0.143462277734985617204814248218
 272  -0.481073788153608025166827831557  -0.143461458156918043131721145299
 273  -0.208165820045175986619505004363  -0.141935141296051487260079207331
 274  -0.273731213381121157589970607550  -0.141935113048656442270941930585
 275  -0.339295735156949579816223867895  -0.141933864298076911983885156428
 276  -0.142603417763910074555331993481  -0.141932437368557190169056838419
 277  -0.077042628503744956482766413323  -0.141925986179762596482687591181
 278  -0.010649541565872389553588891731  -0.140405185840124351185542448540
 279   0.054914100557958199333883959065  -0.140400384484939050448067291227
 280   0.120476421566811912210317491180  -0.140397821338451217199360645543
 281   0.186038742575657729599098290485  -0.140395258307749663556505456218
 282   0.251602543284228949191655507077  -0.140392695190241440698691324656
 283   0.317166343992705774895750954821  -0.140390132072733217841043735297
 284   0.382730144701182519325321348867  -0.140387569070991066882895453004
 285   0.448292627607512579084283546612  -0.140387288682445108775485086746
 286  -0.382729739014024516823812898229  -0.124536229438474929940747428969
 287  -0.448292325969855285134130475566  -0.124535768829624816706238550641
 288  -0.240948508560356517093956747814  -0.123011576274241187604903366574
 289  -0.306513853692775365371275861336  -0.123008901231088834956698543212
 290  -0.175385358413474724820281176148  -0.123007576823061683227413123845
 291  -0.109824885605622183017125969680  -0.123001673808517720919522209261
 292  -0.044262204849753015604870053869  -0.122998423054600098568316110966
 293   0.022132200170278717644655012563  -0.121475454197345081378432424640
 294   0.087694521145729203516525504135  -0.121472891108718558363471446870
 295   0.153256842188003588010851386750  -0.121470328020111800181656142701
 296   0.218820642896574807603408603342  -0.121467764902603577323842011139
 297   0.284384443605051633307504051086  -0.121465201785095354466194421780
 298   0.349948244346944523684947704750  -0.121462638725469515223895378027
 299   0.415511467061298020300660024760  -0.121461076893993154787590038749
 300   0.481073788153608025166827831557  -0.121461076778319422347972418055
 301  -0.349947906128028134875947602574  -0.105611182224461491065929741149
 302  -0.415511009517317644352512565289  -0.105609827081415384810860862295
 303  -0.481073788153608025166827831557  -0.105609034464134093465376808413
 304  -0.208167288498510501259653006824  -0.104082697977535143053588391267
 305  -0.273732693179954073600127433550  -0.104082689384798045754232895191
 306  -0.142606826255186833282075152347  -0.104076813263022213977878494687
 307  -0.077044145504093192094041027184  -0.104073562517376833153744487775
 308  -0.010650992261984271126603080321  -0.102552762175139403597396553691
 309   0.054912620758075061928278600401  -0.102547960821080694988622133352
 310   0.120475022702868471865776417518  -0.102545257593240270852757594693
 311   0.186038742508920666015161699607  -0.102542834614965713948992697622
 312   0.251602543217397491719257147351  -0.102540271497457491091345108263
 313   0.317166343992705774895750966360  -0.102537708379949268174699398412
 314   0.382730144701182519325321702069  -0.102535145378207117216551116119
 315   0.448292627607546042035051396230  -0.102534864989603199578004038794
 316  -0.317166024663853920430999596015  -0.086686219157473414038743127934
 317  -0.382729739013907677721559939083  -0.086683805745690980274403272408
 318  -0.448292325969855285134130475566  -0.086683345136840867039894213756
 319  -0.240949988359189433104113573813  -0.085159152610382791088194331180
 320  -0.175388756340222609721446983022  -0.085151934417495673804053762108
 321  -0.109826402605970418628400583541  -0.085149250146131957590579105855
 322  -0.044263647449216163114442099678  -0.085145999389305712433221836137
 323   0.022130720370395580239049653899  -0.083623030533486725918987266765
 324   0.087693041413481639730600356765  -0.083620467444857558824282764338
 325   0.153256842121266524426914795872  -0.083617904327327850574143384105
 326   0.218820642829743350131010243616  -0.083615341209819627716495794745
 327   0.284384443605051633307504062625  -0.083612778092311404799850084894
 328   0.349948244346944523684948057951  -0.083610215032685565557551041142
 329   0.415511467061298020300660647756  -0.083608653201209205121245701864
 330   0.481073788143172118301399547014  -0.083608653085535472683066670056
 331  -0.284384864151032628659851168229  -0.067760007311182624836277479912
 332  -0.349947906127911295773694643427  -0.067758758531677541399585584587
 333  -0.415511020798767222891529009528  -0.067757383848229216416796789493
 334  -0.481073788153608025166827831557  -0.067756610771350143799032471528
 335  -0.208171456200901541565907550012  -0.066228389050343321838659702022
 336  -0.142608343255535068893349766208  -0.066224389600636450648935391281
 337  -0.077045588103556339603613072993  -0.066221138852082447018650212946
 338  -0.010652472061867408532208438986  -0.064700338511281048137951395816
 339   0.054911141025827498142353453030  -0.064695537157219695449433450821
 340   0.120475023172836013832162249973  -0.064692832970781951588135897474
 341   0.186038742442089208542763339882  -0.064690410922181764341646481228
 342   0.251602543217397491719257158890  -0.064687847804673541425000771377
 343   0.317166343992705774895751319561  -0.064685284687165318508355061526
 344   0.382730144701182519325322325064  -0.064682721685423167550206779233
 345   0.448292627589914316865199319310  -0.064682441296779480782868728301
 346  -0.251602159330267988163837308492  -0.048836470536767370170238915902
 347  -0.317166024663737081328746636869  -0.048833795464689464372398971372
 348  -0.382729739013859953950171371332  -0.048831382052907030608058965607
 349  -0.448292325969855285134130475566  -0.048830921444056917373549876870
 350  -0.175390273340570845332721596883  -0.047299510755109910475110658702
 351  -0.109827845205433566137972629350  -0.047296826480837571455484831025
 352  -0.044265127249099300520047458343  -0.047293575725447356973776678262
 353   0.022129240638148016453124506528  -0.045770606869625726379798584233
 354   0.087693041346755208852245277114  -0.045768043752073609216751260864
 355   0.153256842054435066954516436147  -0.045765480634543900966797167711
 356   0.218820642829743350131010255155  -0.045762917517035678050151457860
 357   0.284384443605051633307504415826  -0.045760354399527455133505748009
 358   0.349948244346944523684948680947  -0.045757791339901615891206704257
 359   0.415511392782242065001303932239  -0.045756229508498135572148224623
 360   0.481073788153608025166827831557  -0.045756229392751523018160922057
 361  -0.284384864150915789557598209082  -0.029907583618398675169933323351
 362  -0.349947906127863572002306075677  -0.029906334838893591733241277787
 363  -0.415511035297462756322441424569  -0.029904935042546894969135356854
 364  -0.481073788153608025166827831557  -0.029904187078566194132688134643
 365  -0.218817300925607381770301582925  -0.029903852308417974414395833003
 366  -0.142609785854998216402921812017  -0.028371965935342064513841116452
 367  -0.077047067903439477009218431657  -0.028368715188224091559205055071
 368  -0.010653951794114972318133586356  -0.026847914847420048598762713284
 369   0.054911140959101067263998373379  -0.026843113464435745841901947347
 370   0.120475037752516231113593719841  -0.026840383907479930457893478548
 371   0.186038742442089208542763351420  -0.026837987229397814675302144343
 372   0.251602543217397491719257512091  -0.026835424111889591758656434492
 373   0.317166343992705774895751942557  -0.026832860994381368842010724641
 374   0.382729889443644668938270198552  -0.026830297993499881538573193472
 375   0.448292627608644093890529044084  -0.026830017602133418637559663947
 376  -0.251602159330151149061584349346  -0.010984046843983420503894759340
 377  -0.317166024663689357557358069118  -0.010981371771905514706054664571
 378  -0.382729739013844230344283573046  -0.010978958360123080941714631987
 379  -0.448292325969855285134130475566  -0.010978497751272967707205539985
 380  -0.186034292230189697265056103475  -0.010974438954830303001960889345
 381  -0.109829325005316703543577988015  -0.009444402816979215996039673150
 382  -0.044266606981346864305972605713  -0.009441152061586357434587995730
 383   0.022129240571421585574769426877  -0.007918183176841776772267080759
 384   0.087693041280241052250273264578  -0.007915620059289659608846154507
 385   0.153256842054435066954516447685  -0.007913056941759951300452830826
 386   0.218820642829743350131010608356  -0.007910493824251728383807120975
 387   0.284384443605051633307505038822  -0.007907930706743505467161411124
 388   0.349947963203000171052927255574  -0.007905367648161746229999716363
 389   0.415511467061213865687570503029  -0.007903805815787065857911475869
 390   0.481073788153608025166827831557  -0.007903805699967573351816585171
 391  -0.284384864150868065786209641332   0.007944840074385274496410983450
 392  -0.349947906127847848396418277391   0.007946088853890357933103055833
 393  -0.415511049160502742373921439765   0.007947512662087711689691432427
 394  -0.481073788153608025166827831557   0.007948236614217755533656202243
 395  -0.218817300925559657998913015174   0.007948571384365975251948473798
 396  -0.153252068486876267270507927023   0.007953614580339422493775705099
 397  -0.077048547635687040795143579028   0.009483708475636907979983627461
 398  -0.010653951860841403196488666007   0.011004508845363901008768790190
 399   0.054911140892586910662026360843   0.011009310228348203766003159010
 400   0.120475044028702379214413727918   0.011012050656827174224306013141
 401   0.186038742442089208542763704621   0.011014436463386134991042192542
 402   0.251602543217397491719258135087   0.011016999580894357907687902394
 403   0.317166059610848933711956904248   0.011019562697334313159917210598
 404   0.382730144700188732375832870452   0.011022125698423411174642254864
 405   0.448292627608871382004774126173   0.011022406091044205592155047635
 406  -0.251602159330103425290195781595   0.026868376848800529162449547461
 407  -0.317166024663673633951470270832   0.026871051920878434960289669049
 408  -0.382729739013877173345698859571   0.026873465332660868724629690563
 409  -0.448292325969855285134130475566   0.026873925941510981959138796901
 410  -0.186034292230173973659168305189   0.026877984737953646664383444275
 411  -0.120469826672692401294940716726   0.026881699419355013325752335961
 412  -0.044266607048073295184327685364   0.028411271631197592172943507743
 413   0.022129240504907428972797414342   0.029934240515942172835638025598
 414   0.087693041280393043508351992047   0.029936803633494290057497877228
 415   0.153256842054435066954516800886   0.029939366751023998365891506060
 416   0.218820642829743350131011231352   0.029941929868532221282537215911
 417   0.284383373485100342995744476273   0.029944492970913847291245671028
 418   0.349948244345738966197198364306   0.029947056043578132385309215589
 419   0.415511467061213865687645206896   0.029948617876996883808432861016
 420   0.481073788153608025166827831557   0.029948617992816376314527751714
 421  -0.284384864150852342180321843046   0.045797263767169224162755317070
 422  -0.349947906127880791397833563916   0.045798512546674307599447378383
 423  -0.415511062869157352640032248606   0.045799960099275039880407956889
 424  -0.481073788153608025166827831557   0.045800660307001705200000539128
 425  -0.218817300925543934393025216888   0.045800995077149924918292807417
 426  -0.153252068486909210271923213548   0.045806038273123372160120027650
 427  -0.086915793301900711230872974873   0.046027428078061333869408145714
 428  -0.010653951927355559798460678543   0.048856932538147850616673896547
 429   0.054911140892738901920105088312   0.048861733921132153432347190745
 430   0.120475061890258689474214510476   0.048864505289107250617791413214
 431   0.186038742442089208542764327617   0.048866860156170084657386529428
 432   0.251601473097446201407497572535   0.048869423258551710666094984545
 433   0.317166343991472290606870647179   0.048871986389050004428881639236
 434   0.382730144700188732375907574319   0.048874549391207360840986591749
 435   0.448292627609165828681954800119   0.048874829784338151865476723778
 436  -0.251602159330087701684307983309   0.064720800541584478828793881080
 437  -0.317166024663706576952885557357   0.064723475613662384626633991599
 438  -0.382729739013955870628185463535   0.064725889025444818390973945641
 439  -0.448292325969855285134130475566   0.064726349634294931625483133786
 440  -0.119825829554289252805161422162   0.064728644436483147995054269841
 441  -0.186034292230206916660583591714   0.064730408430737596330727766825
 442  -0.054135202545013251201243265892   0.064954626736275288408330244444
 443   0.022129240505059420230876141810   0.067786664208726122501982057333
 444   0.087693041280878211129808974475   0.067789227326278239723839104833
 445   0.153256842054435066954517423882   0.067791790443807948032235842945
 446   0.218819559652485538812509221070   0.067794353545818180891464122519
 447   0.284384443587586733930181074918   0.067796916648571693793063181833
 448   0.349948244345738966197273068174   0.067799479736362082051653552474
 449   0.415511467061213865687760729377   0.067801041569780833474777197901
 450   0.481073788153608025166827831557   0.067801041685600325980872088599
 451  -0.284384864150885285181737129571   0.083649687459953173829099639620
 452  -0.349947906127959488680320167879   0.083650936239458257265791633461
 453  -0.415511068837066064698896793685   0.083652394128905726005043938463
 454  -0.481073788153608025166827831557   0.083653083999785654866344876014
 455  -0.218817300925576877394440503413   0.083653418769933874584637129968
 456  -0.153252068486987907554409817511   0.083658461965907321826464282727
 457  -0.087175082980032581142827410412   0.083878963691307541664455353834
 458  -0.019760491600368052088310980058   0.085597603661602866115377670117
 459   0.054911140893224069541562070741   0.086714157613916103098688418350
 460   0.120475081123611608687954877348   0.086716962297515602323284045807
 461   0.186037642508873184753585525852   0.086719283832972850532341624830
 462   0.251602543199932592341934171183   0.086721846936209557167912495350
 463   0.317166343991472290606945351047   0.086724410081833954095225976121
 464   0.382730144700188732376023096800   0.086726973083991310507330928634
 465   0.448292627609394699747754236390   0.086727253477518517847694956604
 466  -0.251602159330120644685723269834   0.102573224234368428495138203630
 467  -0.120465705130420369163380389613   0.102575659360583867257389166608
 468  -0.317166024663785274235372161321   0.102575899306446334292978246676
 469  -0.382729739014004459460193602422   0.102578312718228768057318251341
 470  -0.448292325969855285134130475566   0.102578773327078881291827470671
 471  -0.186034292230285613943070195677   0.102582832123521545997072021902
 472  -0.053477513456840782840731795770   0.102801336295777691309564198982
 473   0.013019145482405868573732448852   0.104526453920920375680874017157
 474   0.087693041281487703651142266097   0.105641651019062189390178534752
 475   0.153255685476823386323758974870   0.105644214118922332032061256025
 476   0.218820642811849652162624314891   0.105646777223104652538583630203
 477   0.284384443587586733930255778786   0.105649340341355643459407518718
 478   0.349948244345738966197388590654   0.105651903429146031717997889360
 479   0.415511467061213865687865138856   0.105653465262564783141121534787
 480   0.481073788153608025166827831557   0.105653465378384275647216425485
 481  -0.284384864150963982464223733534   0.121502111152737123495443894698
 482  -0.349947906128008077512328306767   0.121503359932242206932135939161
 483  -0.415511078538200896297553770206   0.121504834624736252987258463151
 484  -0.481073788153608025166827831557   0.121505507692569604532689212899
 485  -0.218817300925655574676927107376   0.121505842462717824250981385045
 486  -0.153252068487036496386417956398   0.121510885658691271492808588427
 487  -0.086262804295733127202819398172   0.121720392404031966995168771121
 488  -0.019763546969740864642508972383   0.123450027231075266496354004479
 489   0.045857063291509502609635827878   0.123467792239625739118521909286
 490   0.120473926480790476601941824480   0.124569438061959991728518533947
 491   0.186038742423637630812907812801   0.124571707509776152577270300844
 492   0.251602543199932592342008875051   0.124574270628993506834256832236
 493   0.317166343991472290607060873527   0.124576833774617903761570313007
 494   0.382730144700188732376127506278   0.124579396776775260173675265520
 495   0.448292627609748569866665950511   0.124579677170915388541613750976
 496  -0.119181538650353941501292032858   0.140406293717801636517526519385
 497  -0.251602159330199341968209873798   0.140425647927152378161482458708
 498  -0.317166024663833863067380300208   0.140428322999230283959322552376
 499  -0.382729739014101991317814188112   0.140430736411012717723662462574
 500  -0.448292325969855285134130475566   0.140431197019862830958171807557
 501  -0.186034292230334202775078334564   0.140435255816305495663416327603
 502  -0.053480568826213595394929788095   0.140653759865250091690540533345
 503   0.013067156597462335770900701726   0.142378847165613144187031636163
 504   0.078647586868028968314176539276   0.142397408851979627238553828189
 505   0.153256842034034140100209753617   0.143496637794037339374987782871
 506   0.218820642811849652162699018758   0.143499200915888602204927967088
 507   0.284384443587586733930371301266   0.143501764034139593125751855604
 508   0.349948244345738966197493000133   0.143504327121929981384342226245
 509   0.415511467061213865688051734669   0.143505888955348732807465871672
 510   0.481073788140676642736964615481   0.143505889071168225311351912378
 511  -0.151972521803725817914938935571   0.159341676553189635694034749182
 512  -0.284384864151012571296231872422   0.159354534845521073161788200398
 513  -0.349947906128105592550009949567   0.159355783625026156598480150438
 514  -0.415511086790433223341363004863   0.159357272610950268267079165863
 515  -0.481073788153608025166827831557   0.159357931385353554199033549784
 516  -0.218817300925704163508935246263   0.159358266155501773917325690745
 517  -0.086265859665105939757017390497   0.159572815973504367376145105484
 518  -0.019715527139712396446152654797   0.161302420464713159391915265838
 519   0.045864460431266200479182407023   0.161320215209633288168845405575
 520   0.111427797337579711940847075132   0.161325266126113630935003826909
 521   0.186038742423637630812982516669   0.162424131202560102243614637729
 522   0.251602543199932592342124397531   0.162426694321777456500601169121
 523   0.317166343991472290607165283006   0.162429257467401853427914649892
 524   0.382730144700188732376314102091   0.162431820469559209840019602405
 525   0.448292627566995682904670464413   0.162432100864022476567019843655
 526  -0.119186067971845033669908935197   0.178258717139602235030425148631
 527  -0.251602159330247930800218012685   0.178278071619936327827826764408
 528  -0.317166024663921872319373845995   0.178280746692014233625666786948
 529  -0.185407563950881417401870490230   0.178282490736201108191763755964
 530  -0.382729739014203034585449140841   0.178283160103796667390006664597
 531  -0.448292325969855285134130475566   0.178283620712646780624516144442
 532  -0.053432548996185127198573470509   0.178506153098887984586101794704
 533   0.013074553737219033640447280871   0.180231270135620693237355132452
 534   0.078645685831184234240074227767   0.180249832497026328734917998124
 535   0.144208796283503596719327976579   0.180251757811721105287516394954
 536   0.218820642811849652162814541239   0.181351624608672551871272303974
 537   0.284384443587586733930475710745   0.181354187726923542792096192489
 538   0.349948244345738966197679595946   0.181356750814713931050686563130
 539   0.415511394349449039736921689485   0.181358312648062845456410485273
 540   0.481073788153608025166827831557   0.181358312763952174975487399271
 541  -0.152614834362433987261950689853   0.197188650196995786990883981372
 542  -0.284384585575618894805863992581   0.197206958537279933251400141753
 543  -0.349947906128206652637583845185   0.197208207317810106264824352416
 544  -0.415511100854958823376194278644   0.197209720664420076654953857653
 545  -0.481073788153608025166827831557   0.197210355078137503865377886670
 546  -0.218814893751589011432104054368   0.197210689771745218891743613742
 547  -0.086217839835077471560661072911   0.197425209207142260271706366843
 548  -0.019708129999955698576606075652   0.199154843434720708442238762127
 549   0.045862559394421466405080095514   0.199172638854679989665209575510
 550   0.111425533338892107551555107749   0.199178318352726716141254519878
 551   0.176989401027300416862602885600   0.199178932245560856644731019222
 552   0.251602543199932592342228807010   0.200279118014561406166945506007
 553   0.317166343991472290607351878819   0.200281681160185803094258986778
 554   0.382729513247797666893014370521   0.200284244157076229633573924714
 555   0.448292627611914743807710839980   0.200284524560235211207546799392
 556  -0.119136575350356636372388281712   0.216111108476193506023746823521
 557  -0.186029647717318315073290308203   0.216129823522801826877464085770
 558  -0.251599752156132778723386820803   0.216130495236179772802244687405
 559  -0.317166024664032438192635836734   0.216133170384798183292010962354
 560  -0.382729739014413545017501600152   0.216135583796580617056350416122
 561  -0.448292325969855285134130475566   0.216136044405430730290860481328
 562  -0.053425151856428429329026891364   0.216358576068895533636425290992
 563   0.013072652700374299566344969361   0.218083693780667394733719302387
 564   0.078642639897988807796704144966   0.218102256067259221680049331817
 565   0.144206895195673237309008477048   0.218104181456765246132731992045
 566   0.209770005796630408463246301737   0.218106106635178856592137127596
 567   0.284384443587586733930662306558   0.219206611419707492458440529375
 568   0.349947580849973851424820597333   0.219209174501682841844857230721
 569   0.415511467061133224940628471189   0.219210736340776958260260049167
 570   0.481073788153608025166827831557   0.219210736456736124641831736157
 571  -0.151919258723584893432897292658   0.235034682405784482885222104709
 572  -0.284384864150027479121107276595   0.235059382229038800590797658910
 573  -0.349947906128417163069636304496   0.235060631010594055931168103940
 574  -0.415511100854958823376194278644   0.235062144357204026321298194540
 575  -0.481073788153608025166827831557   0.235062778770921453531722223555
 576  -0.218817300837541045222160065674   0.235063113387994270378759906217
 577  -0.086210442695320773691114493766   0.235277632177149809322029863132
 578  -0.019710031036800432650708387162   0.237007267079767409938602932062
 579   0.045859513461226039961710012713   0.237025062424912882610340909203
 580   0.111422482150641948425594381482   0.237030751023520471550354853016
 581   0.176987499939470057452283386070   0.237031355890604997489946616313
 582   0.248893233509054926518956204765   0.238034456980288466204698008158
 583   0.317165134558707613952215847373   0.238134104833648300262363625032
 584   0.382730144694107182710861741684   0.238136667844593350878771521248
 585   0.448292627612858523243636273691   0.238136948254653834813729163167
 586  -0.184701546881006145315944296479   0.253958940979948756939314682186
 587  -0.119129178210599938502841702567   0.253963531446201055074070319810
 588  -0.251602159242084812513442832095   0.253982918852428824289260979879
 589  -0.317166024664242948624688296044   0.253985594077582132958354713878
 590  -0.382729739014413545017501600152   0.253988007489364566722694753007
 591  -0.448292325969855285134130475566   0.253988468098214679957204818213
 592  -0.053427052893273163403129202874   0.254210999713942235132789460928
 593   0.215335634035370704259070718172   0.255547123738432986722130134814
 594   0.013069606767178873122974886561   0.255936117350900287678850636079
 595   0.078639593236798954123973080010   0.255954679637433526900254325186
 596   0.144203849261503615663496620323   0.255956605026998060685683917430
 597   0.281673712970363940382959040767   0.256961848393389469779205378265
 598   0.349948244339024581288111849112   0.257061598188651870331449609739
 599   0.415511467061133224941783770292   0.257063160033560907926604386052
 600   0.481073788153608025166827831557   0.257063160149520074308176073042
 601  -0.151911861583828195563350713512   0.272887105375792031935545600999
 602  -0.217478830978215532489741711127   0.272891865387679758851504394941
 603  -0.284384864150237989553159735905   0.272911805921822750257141410435
 604  -0.349947906128417163069636304496   0.272913054703378005597512440826
 605  -0.415511100854958823376194278646   0.272914568049987975987642531428
 606  -0.481073788153608025166827831557   0.272915202463705403198066560441
 607  -0.086212343732165507765216805277   0.273130055822196510818394033067
 608  -0.019713076969995859094078469962   0.274859690650000302883734265755
 609   0.045856466800036186288978947757   0.274877485995087187830545902572
 610   0.111419435489450631741658569158   0.274883174593697310372762044449
 611   0.176984454005300435806771529344   0.274883779460837812042898541698
 612   0.247280848072777239915347314012   0.275852523993594570860548850961
 613   0.317166343969163794123549535783   0.275986528507111510208544944065
 614   0.382730144694107182712017040792   0.275989091537377300545115858143
 615   0.448292627613520463454924928691   0.275989371948584298561467331343
 616  -0.250263689382759299781024477549   0.291811670852114312762005468604
 617  -0.184693972573671765198458944705   0.291811670852114312762005468603
 618  -0.119131079247444672576944014077   0.291815955091247756570434489745
 619  -0.317166024664242948624688296045   0.291838017770366082624699050764
 620  -0.382729739014413545017501600152   0.291840431182148516389039089893
 621  -0.448292325969855285134130475566   0.291840891790998629623549155098
 622  -0.053430098826468589846499285674   0.292063423284175128077920794620
 623   0.210193538358387385663345400577   0.293048654793401678055225406103
 624   0.013066560105989019450243821605   0.293788540921074592899055629449
 625   0.078635661035039324660226947285   0.293807103125974138733834568259
 626   0.144200802600313761718611137938   0.293809028597172365905867005668
 627   0.284277292720774974096470252061   0.294724625726383415235344415402
 628   0.349948244339024581289267148215   0.294914021881435819997793946625
 629   0.415511467061133224942723759691   0.294915583726344857592948722937
 630   0.481073788153608025135412459268   0.294915583842304023974520409928
 631  -0.151913762620672929637453025022   0.310739529020838733431909770935
 632  -0.283050409890007833961900689170   0.310740699789412710346392787624
 633  -0.217482764567913783711745667253   0.310744288876076162801560156939
 634  -0.349947906128417163069636304496   0.310765478396161955263856777711
 635  -0.415511100854958823376194278646   0.310766991742771925653986868314
 636  -0.481073774493915361971461585036   0.310767626156486888197879008515
 637  -0.086215389665360934208586888076   0.310982479392429403763525366760
 638  -0.019717009899741884950992129043   0.312712114138465282720545537116
 639   0.045852534598276556825232815031   0.312729909483627799664126145645
 640   0.111415502828411790263730793051   0.312735598877604893154659888470
 641   0.176981407344110581861886046960   0.312736203031012117263081629935
 642   0.251398285923762726926889524992   0.313480341960642616459168644247
 643   0.317166343969163794124704834886   0.313838952199895459874889280950
 644   0.382730144694107182712957030192   0.313841515230161250211460195029
 645   0.448292627094416437048080869873   0.313841796408642547408007091953
 646  -0.250267622972457551003028433705   0.329664094340510716712061230601
 647  -0.184697906163370016420462900795   0.329664094340510716712061230600
 648  -0.315834678985272508770555229670   0.329667021168567289257764288935
 649  -0.119134125180640099020314096876   0.329668378661480649515565823438
 650  -0.382729739014413545017501600152   0.329692854874932466055383426778
 651  -0.448292281642720661829385014976   0.329693315483756624612858004868
 652  -0.053434031756214615703412944755   0.329915846772640107914732065982
 653   0.217439176743473794098597398000   0.330201133900597124050169375984
 654   0.013062627904229389986497688880   0.331640964409615204732635872522
 655   0.078633009494673550499958421663   0.331659526725888654503204952605
 656   0.144196870398468670969106513898   0.331661452085712968861521057482
 657   0.284277292720774974097625551164   0.332577049419167364901688752287
 658   0.349948244339024581290207137612   0.332766445574219769664138283510
 659   0.415511267879875779081292041660   0.332768007418604756624649652423
 660   0.481073788140621941106420852710   0.332768007535087973638637169792
 661  -0.151917696210371180859456981111   0.348591952509235137381965532933
 662  -0.283053455163259968970907861114   0.348593123359698702280342479371
 663  -0.217485809841165918720752839228   0.348596712446362154735509848685
 664  -0.348889735633179880945296333379   0.348603108536288873442471636300
 665  -0.415511056527824200071448818056   0.348619415435529920643295718084
 666  -0.481073788153608025166827831557   0.348620049849268373197691456588
 667  -0.086219322595106960065500547157   0.348834902880894383600336638121
 668   0.184230456388535275181965540147   0.349888016814050451465168971616
 669  -0.019720055832955181746511256963   0.350564537708698174227673862008
 670   0.045849487937067021376772092489   0.350582333053802103300186801586
 671   0.111412309195878002154747179305   0.350589150698986724744138802734
 672   0.251398285923762726928044824095   0.351332765653426566125512981133
 673   0.317166343969163794125644824273   0.351691375892679409541233617836
 674   0.382729026421526545289302379488   0.351693938906426659677738788232
 675   0.448292372855934452882471938025   0.351694316378539655691498538412
 676  -0.250270668245709686012035605650   0.367516517910796708646010922347
 677  -0.184700951436622151429470072807   0.367516517910796708646010922347
 678  -0.316102329533801474830150813132   0.367518498584936440069672532992
 679  -0.119138058110386124877227755958   0.367520802149945629352377094799
 680  -0.381670245100854361031863381308   0.367530447981063869998291491622
 681  -0.448292325969828162223136974158   0.367545739176514619633929168430
 682  -0.053437077689427912498932072674   0.367768270342872999421860390873
 683   0.217439176743473794099752697103   0.368053557593381073716513712870
 684   0.149573626085510451163836272393   0.369130058647738938803804515989
 685   0.013059581243019854538036966338   0.369493387979789508368696528462
 686   0.078628682179789593716819009687   0.369511950171321809434757779250
 687   0.284277292720774974098565540551   0.370429473111951314568033089172
 688   0.349946764574730562400832574816   0.370618869238079516425250047378
 689   0.415510255825621971432260928064   0.370620431097859139186570151003
 690   0.481073771720670076834028225607   0.370620431227868361910585559008
 691  -0.151920741483623315868464153124   0.386444376079521129315915224680
 692  -0.283060852198671889303528389642   0.386445546329726642296364981455
 693  -0.217493206876577839053373367748   0.386449135416390094751532350774
 694  -0.414451209982786223986674548694   0.386456998665950475161125724116
 695  -0.481073719198436891777446906067   0.386472473541989515582993108195
 696  -0.348851500958516160041818858446   0.386500976541327481988378358118
 697  -0.086222368528320256861019675076   0.386687326451127275107464963013
 698   0.182556007209411315991653984524   0.387703386696739193981507043223
 699  -0.019727452868367102079131785479   0.388416960678726114243696364091
 700   0.045842090901655101044151563973   0.388434756023830043316209303669
 701   0.111406143548921440675481247592   0.388444567676915195540279207671
 702   0.251398285923762726928984813482   0.389185189346210515791857318018
 703   0.317164864221640813031400875853   0.389543799585590068526854897859
 704   0.382727185197070639767992156657   0.389546362554430022418599646901
 705   0.448291311676330901921506274793   0.389547611827006108169500331029
 706  -0.250278065281121606344656134177   0.405368940880824648662033424431
 707  -0.184708348472034071762090601323   0.405368940880824648662033424430
 708  -0.315843008115641443214078408759   0.405370033980744562700269222357
 709  -0.119141104043599421672746883877   0.405373225720178520859505419691
 710  -0.381658211854054905477998870814   0.405382869761169342717461438386
 711  -0.447232308654826783360551918263   0.405383317623211350179321779323
 712  -0.053444474724839832831552601190   0.405620693312900939437882892957
 713   0.215764727564349834909441141480   0.405868927476069816232851784476
 714   0.144591284412136662963555605306   0.406653148217599715137906941892
 715   0.013052184207607934205416437822   0.407345810949817448384719030546
 716   0.078621285144377673384198481171   0.407364373141349749450780281333
 717   0.284275812956700629087376297700   0.408281896775811069916852208999
 718   0.349945284843980890398560457696   0.408471292901940574520204497386
 719   0.415508183857836837829230306991   0.408472854733935352768558710381
 720   0.481073788153608025166827831557   0.408472854920648744547090466501
 721  -0.151928138519035236201084681642   0.424296799049549069331937726766
 722  -0.283062753235516623377630701153   0.424297969974773343792729151390
 723  -0.217495107913422573127475679263   0.424301559061436796247896520709
 724  -0.414451148142063911140529813882   0.424309529469603325012493947759
 725  -0.481073788153608025166827831557   0.424324897234710657968294759802
 726  -0.348724413964302804121530569727   0.424353265441601446197887926789
 727  -0.086229765563732177193640203593   0.424539749421155215123487465096
 728   0.180181271655858188584862507690   0.425481245429980314807145308304
 729  -0.019735715082441914761470850833   0.426269383469795251865706144977
 730   0.045833828687580288361812498619   0.426287178814899180938219084555
 731   0.247293945151139894747575240380   0.426814438159337486234098766998
 732   0.112517485410284876000000000000   0.428028877826750476000000000000
 733   0.384324457815909626000000000000   0.430632942884167036000000000000
 734   0.314702083673761148913132778565   0.430799623785218063378715176369
 735   0.458435737529302090604434547847   0.438809707811965493441605444190
 736  -0.448275472559808803595861373931   0.443221364460824075500483494672
 737  -0.250279966317966340418758445688   0.443221364525871350158397594366
 738  -0.184710249508878805836192912838   0.443221364525871350158397594366
 739  -0.315844909152486177288180720269   0.443222457625791264196633392292
 740  -0.119148501079011342005367412393   0.443225648690206460875527921774
 741  -0.381669728048716637225314601092   0.443235291702113784929449847403
 742  -0.053452736938914645513891666545   0.443473116103970077059892673843
 743   0.213389992010796707502649664646   0.443646786209310937058490049558
 744   0.147396655682584928416732712689   0.444401470981041472932082252014
 745   0.013043921993533121523077372467   0.445198233740886586006728811432
 746   0.078613022930302860701859415817   0.445216795932418887072790062219
 747   0.421250846638688439698933721472   0.445887127459774264197171451217
 748   0.279988024689601437392972135602   0.445890683663911544932631590024
 749   0.349227721466287223916487180361   0.446316914606663890602410421520
 750  -0.415494312047045931375839269552   0.462147576307216050333655663112
 751  -0.217497327010986132097580294367   0.462153982689173471256326757901
 752  -0.481073788153608025166827831557   0.462177320927494607634639096687
 753  -0.283106812140001836796770021340   0.462223062442985784243773623017
 754  -0.151677591978641611416451978438   0.462593990925174612924364189708
 755  -0.349422867657735436185883733528   0.463058156639922331748416494635
 756  -0.083836686163312406339611553879   0.466047916411996068745131121465
 757   0.481073788153608025166827831557   0.469146560703282242336120421879
 758  -0.011988859361931684283500626458   0.473591293403901512662584004308
 759   0.256499879232513425900453791809   0.475574231336059958607775189231
 760   0.100493854197707056766721735001   0.476104256211072724357998206991
 761   0.369550129645047459369564413092   0.478251311504584020114006144242
 762   0.176881703457551609000000000000   0.478817377178151760000000000000
 763  -0.448275472559808803595861373930   0.481073788153608025166827831557
 764  -0.382713151534283059155817165175   0.481073788153608025166827831557
 765  -0.316132583781187813215950301891   0.481073788153608025166827831557
 766  -0.250282185415529899388863060793   0.481073788153608025166827831557
 767  -0.184712468606442364806297527942   0.481073788153608025166827831557
 768  -0.118579011327622566140743963221   0.481073788153608025166827831557
 769  -0.049094360999002246538479144538   0.481073788153608025166827831557
 770   0.025116642275138877971477891621   0.481073788153608025166827831557
 771   0.062969065967922827637822228507   0.481073788153608025166827831557
 772   0.138018642427491285895621241496   0.481073788153608025166827831557
 773   0.219049100145442456358281106644   0.481073788153608025166827831557
 774   0.293950658319584395442626476973   0.481073788153608025166827831557
 775   0.331803082012368345108970813859   0.481073788153608025166827831557
 776   0.407297177277726573630158012326   0.481073788153608025166827831557
 777   0.445149600970510523296502349212   0.481073788153608025166827831557
