   1  -0.440917623663301383712005290698  -0.440917623663301383712005290698
   2  -0.322752870989904151136015872095  -0.440917623663301383712005290698
   3  -0.204588118316506918560026453492  -0.440917623663301383712005290698
   4  -0.086423365643109685984037034889  -0.440917623663301383712005290698
   5   0.031741387030287546591952383714  -0.440917623663301383712005290698
   6   0.236250268369167054906013832109  -0.440917623663301383712005290698
   7   0.440917623663301383712005290698  -0.440917623663301383712005290698
   8   0.338583946016234219309009561404  -0.381835247326602767424010581397
   9   0.133995827699727300748983107912  -0.381698216897063311029209481812
  10  -0.440917623663301383712005290698  -0.322752870989904151136015872095
  11  -0.322752870989904151136015872095  -0.322752870989904151136015872095
  12  -0.204588118316506918560026453492  -0.322752870989904151136015872095
  13  -0.086423365643109685984037034889  -0.322752870989904151136015872095
  14   0.440917623663301383712005290698  -0.322752870989904151136015872095
  15   0.236329505346794465151978837206  -0.322615840560364694741214772511
  16   0.031741070480078140403986393892  -0.322479356722995908246451676435
  17   0.338663182993861629554974566501  -0.263533464223666078453220063209
  18   0.134074748127145304806982123186  -0.263396980386297291958456967133
  19  -0.440917623663301383712005290698  -0.204588118316506918560026453492
  20  -0.322752870989904151136015872095  -0.204588118316506918560026453492
  21  -0.204588118316506918560026453492  -0.204588118316506918560026453492
  22  -0.086423365643109685984037034889  -0.204588118316506918560026453492
  23   0.031741070480078140403986393892  -0.204314604049598675670462257832
  24   0.236408425774212469209977852481  -0.204314604049598675670462257832
  25   0.440917623663301383712005290698  -0.204314057457428005770424254323
  26   0.134074748127145304806982123186  -0.145232227712900059382467548530
  27   0.338662866443652223367008576679  -0.145095197283360602987666448946
  28  -0.440917623663301383712005290698  -0.086423365643109685984037034889
  29  -0.322752870989904151136015872095  -0.086423365643109685984037034889
  30  -0.204588118316506918560026453492  -0.086423365643109685984037034889
  31  -0.086423365643109685984037034889  -0.086423365643109685984037034889
  32   0.031741070480078140403986393892  -0.086149851376201443094472839229
  33   0.236329188796585058964012847384  -0.086012820946661986699671739644
  34   0.440917623663301383712005290698  -0.085876337109293200204908643568
  35   0.338583946016234219309009561404  -0.026793960772594583916913934266
  36   0.140025630936741226810716110451  -0.017539953926937672529704969442
  37  -0.322479356722995908246451676432   0.031741070480078140403986393892
  38  -0.204314604049598675670462257829   0.031741070480078140403986393892
  39  -0.086149851376201443094472839226   0.031741070480078140403986393892
  40  -0.440917623663301383712005290698   0.031741387030287546591952383714
  41   0.032751898879444576893906540587   0.032010577703555087345751500606
  42   0.440917623663301383712005290698   0.032288415564104032371080775035
  43   0.242280388156390387155712824471   0.041678906247129730253052835936
  44   0.344614065803457551558708553765   0.100761282583828346541047545237
  45   0.119929762702935694828575952249   0.119929763914726340857122053682
  46  -0.026930444609963370411677030342   0.133995511149517894561017118091
  47  -0.381698216897063311029209481811   0.133995827699727300748983107911
  48  -0.263396980386297291958456967130   0.134074748127145304806982123186
  49  -0.145232227712900059382467548527   0.134074748127145304806982123186
  50   0.240581253526525542393021262716   0.159831442046725383620774064126
  51   0.440917623663301383712005290698   0.169234149603552660711014315439
  52   0.337818917592858026335612805073   0.226971187810976016854865154688
  53  -0.440917623663301383712005290698   0.236250268369167054906013832108
  54   0.032288415564104032371080775038   0.236250268369167054906013832109
  55   0.150453168237501264947070193642   0.236250268369167054906013832109
  56  -0.086012820946661986699671739643   0.236329188796585058964012847385
  57  -0.322615840560364694741214772510   0.236329505346794465151978837205
  58  -0.204314604049598675670462257829   0.236408425774212469209977852481
  59   0.440917623663301383712005290698   0.287398902276949893287003734042
  60   0.214697698798006064277229123850   0.335772214569018489109065303115
  61  -0.381835247326602767424010581396   0.338583946016234219309009561403
  62  -0.026793960772594583916913934263   0.338583946016234219309009561404
  63   0.091370791900802648659075484340   0.338583946016234219309009561404
  64  -0.145095197283360602987666448945   0.338662866443652223367008576680
  65  -0.263533464223666078453220063210   0.338663182993861629554974566501
  66   0.337818917592858026335612805073   0.345135940484373249430854573292
  67   0.432099893749190497109817966015   0.432099887865643382482247036828
  68  -0.440917623663301383712005290698   0.440917623663301383712005290698
  69  -0.322752870989904151136015872095   0.440917623663301383712005290698
  70  -0.204314057457428005770424254324   0.440917623663301383712005290698
  71  -0.085876337109293200204908643565   0.440917623663301383712005290698
  72   0.032288415564104032371080775038   0.440917623663301383712005290698
  73   0.150453168237501264947070193642   0.440917623663301383712005290698
  74   0.268617920910898497523059612245   0.440917623663301383712005290698
