   1  -0.442674492505678694197770093214  -0.481143223165046630764099217415
   2  -0.368040061008257479472087081732  -0.481143223165046630764099217415
   3  -0.302718269918003317146226597182  -0.481143223165046630764099217415
   4  -0.237396478827749154820366112633  -0.481143223165046630764099217415
   5  -0.172074687737494992494505628083  -0.481143223165046630764099217415
   6  -0.106752896647240830168645143533  -0.481143223165046630764099217415
   7  -0.041431105556986667842784658983  -0.481143223165046630764099217415
   8   0.023890685533267494483075825566  -0.481143223165046630764099217415
   9   0.089212476623521656808936310116  -0.481143223165046630764099217415
  10   0.154534267713775819134796794666  -0.481143223165046630764099217415
  11   0.219856058804029981460657279216  -0.481143223165046630764099217415
  12   0.285177849894284143786517763766  -0.481143223165046630764099217415
  13   0.350499640984538306112378248315  -0.481143223165046630764099217415
  14   0.415821432074792468438238732865  -0.481143223165046630764099217415
  15   0.481143223165046630764099217415  -0.481143223165046630764099217415
  16  -0.405357276756968086834928587473  -0.475690009509125835507912568503
  17  -0.481063545973000000000000000000  -0.464587464880000000000000000000
  18  -0.335379165463130398309156839457  -0.462286446330093261528198434830
  19  -0.270057374372876235983296354908  -0.462286446330093261528198434830
  20  -0.204735583282622073657435870358  -0.462286446330093261528198434830
  21  -0.139413792192367911331575385808  -0.462286446330093261528198434830
  22  -0.074092001102113749005714901258  -0.462286446330093261528198434830
  23  -0.008770210011859586679854416708  -0.462286446330093261528198434830
  24   0.056551581078394575646006067841  -0.462286446330093261528198434830
  25   0.121873372168648737971866552391  -0.462286446330093261528198434830
  26   0.187195163258902900297727036941  -0.462286446330093261528198434830
  27   0.252516954349157062623587521491  -0.462286446330093261528198434830
  28   0.317838745439411224949448006040  -0.462286446330093261528198434830
  29   0.383160536529665387275308490590  -0.462286446330093261528198434830
  30   0.448482327619919549601168975140  -0.462286446330093261528198434830
  31  -0.381976047324321161564924339597  -0.446098959500198116441317863304
  32  -0.448482327619919549601168975140  -0.443879552093898434889821884316
  33  -0.302718269918003317146226597182  -0.443429669495139892292297652245
  34  -0.237396478827749154820366112633  -0.443429669495139892292297652245
  35  -0.172074687737494992494505628083  -0.443429669495139892292297652245
  36  -0.106752896647240830168645143533  -0.443429669495139892292297652245
  37  -0.041431105556986667842784658983  -0.443429669495139892292297652245
  38   0.023890685533267494483075825566  -0.443429669495139892292297652245
  39   0.089212476623521656808936310116  -0.443429669495139892292297652245
  40   0.154534267713775819134796794666  -0.443429669495139892292297652245
  41   0.219856058804029981460657279216  -0.443429669495139892292297652245
  42   0.285177849894284143786517763766  -0.443429669495139892292297652245
  43   0.350499640984538306112378248315  -0.443429669495139892292297652245
  44   0.415821432074792468438238732865  -0.443429669495139892292297652245
  45   0.481143223165046630764099217415  -0.443429669495139892292297652245
  46  -0.414636942869448242727854581872  -0.427242182665244747205417080719
  47  -0.349315151779194080401994097322  -0.427242182665244747205417080719
  48  -0.481143223165046630764099217415  -0.425022775258945065653921101731
  49  -0.270057374372876235983296354908  -0.424572892660186523056396869659
  50  -0.204735583282622073657435870358  -0.424572892660186523056396869659
  51  -0.139413792192367911331575385808  -0.424572892660186523056396869659
  52  -0.074092001102113749005714901258  -0.424572892660186523056396869659
  53  -0.008770210011859586679854416708  -0.424572892660186523056396869659
  54   0.056551581078394575646006067841  -0.424572892660186523056396869659
  55   0.121873372168648737971866552391  -0.424572892660186523056396869659
  56   0.187195163258902900297727036941  -0.424572892660186523056396869659
  57   0.252516954349157062623587521491  -0.424572892660186523056396869659
  58   0.317838745439411224949448006040  -0.424572892660186523056396869659
  59   0.383160536529665387275308490590  -0.424572892660186523056396869659
  60   0.448482327619919549601168975140  -0.424572892660186523056396869659
  61  -0.381976047324321161564924339597  -0.408385405830291377969516298133
  62  -0.316654256234066999239063855047  -0.408385405830291377969516298133
  63  -0.448482327619919549601168975140  -0.406165998423991696418020319146
  64  -0.237396478827749154820366112633  -0.405716115825233153820496087074
  65  -0.172074687737494992494505628083  -0.405716115825233153820496087074
  66  -0.106752896647240830168645143533  -0.405716115825233153820496087074
  67  -0.041431105556986667842784658983  -0.405716115825233153820496087074
  68   0.023890685533267494483075825566  -0.405716115825233153820496087074
  69   0.089212476623521656808936310116  -0.405716115825233153820496087074
  70   0.154534267713775819134796794666  -0.405716115825233153820496087074
  71   0.219856058804029981460657279216  -0.405716115825233153820496087074
  72   0.285177849894284143786517763766  -0.405716115825233153820496087074
  73   0.350499640984538306112378248315  -0.405716115825233153820496087074
  74   0.415821432074792468438238732865  -0.405716115825233153820496087074
  75   0.481143223165046630764099217415  -0.405716115825233153820496087074
  76  -0.414636942869448242727854581872  -0.389528628995338008733615515548
  77  -0.349315151779194080401994097322  -0.389528628995338008733615515548
  78  -0.283993360688939918076133612772  -0.389528628995338008733615515548
  79  -0.481143223165046630764099217415  -0.387309221589038327182119536561
  80  -0.204735583282622073657435870358  -0.386859338990279784584595304489
  81  -0.139413792192367911331575385808  -0.386859338990279784584595304489
  82  -0.074092001102113749005714901258  -0.386859338990279784584595304489
  83  -0.008770210011859586679854416708  -0.386859338990279784584595304489
  84   0.056551581078394575646006067841  -0.386859338990279784584595304489
  85   0.121873372168648737971866552391  -0.386859338990279784584595304489
  86   0.187195163258902900297727036941  -0.386859338990279784584595304489
  87   0.252516954349157062623587521491  -0.386859338990279784584595304489
  88   0.317838745439411224949448006040  -0.386859338990279784584595304489
  89   0.383160536529665387275308490590  -0.386859338990279784584595304489
  90   0.448482327619919549601168975140  -0.386859338990279784584595304489
  91  -0.381976047324321161564924339597  -0.370671852160384639497714732963
  92  -0.316654256234066999239063855047  -0.370671852160384639497714732963
  93  -0.251332465143812836913203370498  -0.370671852160384639497714732963
  94  -0.448482327619919549601168975140  -0.368452444754084957946218753976
  95  -0.172074687737494992494505628083  -0.368002562155326415348694521904
  96  -0.106752896647240830168645143533  -0.368002562155326415348694521904
  97  -0.041431105556986667842784658983  -0.368002562155326415348694521904
  98   0.023890685533267494483075825566  -0.368002562155326415348694521904
  99   0.089212476623521656808936310116  -0.368002562155326415348694521904
 100   0.154534267713775819134796794666  -0.368002562155326415348694521904
 101   0.219856058804029981460657279216  -0.368002562155326415348694521904
 102   0.285177849894284143786517763766  -0.368002562155326415348694521904
 103   0.350499640984538306112378248315  -0.368002562155326415348694521904
 104   0.415821432074792468438238732865  -0.368002562155326415348694521904
 105   0.481143223165046630764099217415  -0.368002562155326415348694521904
 106  -0.414636942869448242727854581872  -0.351815075325431270261813950378
 107  -0.349315151779194080401994097322  -0.351815075325431270261813950378
 108  -0.283993360688939918076133612772  -0.351815075325431270261813950378
 109  -0.218671569598685755750273128223  -0.351815075325431270261813950378
 110  -0.481143223165046630764099217415  -0.349595667919131588710317971390
 111  -0.139413792192367911331575385808  -0.349145785320373046112793739319
 112  -0.074092001102113749005714901258  -0.349145785320373046112793739319
 113  -0.008770210011859586679854416708  -0.349145785320373046112793739319
 114   0.056551581078394575646006067841  -0.349145785320373046112793739319
 115   0.121873372168648737971866552391  -0.349145785320373046112793739319
 116   0.187195163258902900297727036941  -0.349145785320373046112793739319
 117   0.252516954349157062623587521491  -0.349145785320373046112793739319
 118   0.317838745439411224949448006040  -0.349145785320373046112793739319
 119   0.383160536529665387275308490590  -0.349145785320373046112793739319
 120   0.448482327619919549601168975140  -0.349145785320373046112793739319
 121  -0.381976047324321161564924339597  -0.332958298490477901025913167793
 122  -0.316654256234066999239063855047  -0.332958298490477901025913167793
 123  -0.251332465143812836913203370498  -0.332958298490477901025913167793
 124  -0.186010674053558674587342885948  -0.332958298490477901025913167793
 125  -0.448482327619919549601168975140  -0.330738891084178219474417188805
 126  -0.106752896647240830168645143533  -0.330289008485419676876892956734
 127  -0.041431105556986667842784658983  -0.330289008485419676876892956734
 128   0.023890685533267494483075825566  -0.330289008485419676876892956734
 129   0.089212476623521656808936310116  -0.330289008485419676876892956734
 130   0.154534267713775819134796794666  -0.330289008485419676876892956734
 131   0.219856058804029981460657279216  -0.330289008485419676876892956734
 132   0.285177849894284143786517763766  -0.330289008485419676876892956734
 133   0.350499640984538306112378248315  -0.330289008485419676876892956734
 134   0.415821432074792468438238732865  -0.330289008485419676876892956734
 135   0.481143223165046630764099217415  -0.330289008485419676876892956734
 136  -0.414636942869448242727854581872  -0.314101521655524531790012385208
 137  -0.349315151779194080401994097322  -0.314101521655524531790012385208
 138  -0.283993360688939918076133612772  -0.314101521655524531790012385208
 139  -0.218671569598685755750273128223  -0.314101521655524531790012385208
 140  -0.153349778508431593424412643673  -0.314101521655524531790012385208
 141  -0.481143223165046630764099217415  -0.311882114249224850238516406220
 142  -0.074092001102113749005714901258  -0.311432231650466307640992174148
 143  -0.008770210011859586679854416708  -0.311432231650466307640992174148
 144   0.056551581078394575646006067841  -0.311432231650466307640992174148
 145   0.121873372168648737971866552391  -0.311432231650466307640992174148
 146   0.187195163258902900297727036941  -0.311432231650466307640992174148
 147   0.252516954349157062623587521491  -0.311432231650466307640992174148
 148   0.317838745439411224949448006040  -0.311432231650466307640992174148
 149   0.383160536529665387275308490590  -0.311432231650466307640992174148
 150   0.448482327619919549601168975140  -0.311432231650466307640992174148
 151  -0.381976047324321161564924339597  -0.295244744820571162554111602622
 152  -0.316654256234066999239063855047  -0.295244744820571162554111602622
 153  -0.251332465143812836913203370498  -0.295244744820571162554111602622
 154  -0.186010674053558674587342885948  -0.295244744820571162554111602622
 155  -0.120688882963304512261482401398  -0.295244744820571162554111602622
 156  -0.448482327619919549601168975140  -0.293025337414271481002615623635
 157  -0.041431105556986667842784658983  -0.292575454815512938405091391563
 158   0.023890685533267494483075825566  -0.292575454815512938405091391563
 159   0.089212476623521656808936310116  -0.292575454815512938405091391563
 160   0.154534267713775819134796794666  -0.292575454815512938405091391563
 161   0.219856058804029981460657279216  -0.292575454815512938405091391563
 162   0.285177849894284143786517763765  -0.292575454815512938405091391563
 163   0.350499640984538306112378248315  -0.292575454815512938405091391563
 164   0.415821432074792468438238732865  -0.292575454815512938405091391563
 165   0.481143223165046630764099217415  -0.292575454815512938405091391563
 166  -0.414636942869448242727854581872  -0.276387967985617793318210820037
 167  -0.349315151779194080401994097322  -0.276387967985617793318210820037
 168  -0.283993360688939918076133612772  -0.276387967985617793318210820037
 169  -0.218671569598685755750273128223  -0.276387967985617793318210820037
 170  -0.153349778508431593424412643673  -0.276387967985617793318210820037
 171  -0.088027987418177431098552159123  -0.276387967985617793318210820037
 172  -0.481143223165046630764099217415  -0.274168560579318111766714841050
 173  -0.008770210011859586679854416708  -0.273718677980559569169190608978
 174   0.056551581078394575646006067841  -0.273718677980559569169190608978
 175   0.121873372168648737971866552391  -0.273718677980559569169190608978
 176   0.187195163258902900297727036941  -0.273718677980559569169190608978
 177   0.252516954349157062623587521491  -0.273718677980559569169190608978
 178   0.317838745439411224949448006040  -0.273718677980559569169190608978
 179   0.383160536529665387275308490590  -0.273718677980559569169190608978
 180   0.448482327619919549601168975140  -0.273718677980559569169190608978
 181  -0.381976047324321161564924339597  -0.257531191150664424082310037452
 182  -0.316654256234066999239063855047  -0.257531191150664424082310037452
 183  -0.251332465143812836913203370498  -0.257531191150664424082310037452
 184  -0.186010674053558674587342885948  -0.257531191150664424082310037452
 185  -0.120688882963304512261482401398  -0.257531191150664424082310037452
 186  -0.055367091873050349935621916848  -0.257531191150664424082310037452
 187  -0.448482327619919549601168975140  -0.255311783744364742530814058465
 188   0.023890685533267494483075825566  -0.254861901145606199933289826393
 189   0.089212476623521656808936310116  -0.254861901145606199933289826393
 190   0.154534267713775819134796794666  -0.254861901145606199933289826393
 191   0.219856058804029981460657279216  -0.254861901145606199933289826393
 192   0.285177849894284143786517763766  -0.254861901145606199933289826393
 193   0.350499640984538306112378248315  -0.254861901145606199933289826393
 194   0.415821432074792468438238732865  -0.254861901145606199933289826393
 195   0.481143223165046630764099217415  -0.254861901145606199933289826393
 196  -0.414636942869448242727854581872  -0.238674414315711054846409254867
 197  -0.349315151779194080401994097322  -0.238674414315711054846409254867
 198  -0.283993360688939918076133612772  -0.238674414315711054846409254867
 199  -0.218671569598685755750273128223  -0.238674414315711054846409254867
 200  -0.153349778508431593424412643673  -0.238674414315711054846409254867
 201  -0.088027987418177431098552159123  -0.238674414315711054846409254867
 202  -0.481143223165046630764099217415  -0.236455006909411373294913275879
 203  -0.008770210011859586679854416708  -0.236005124310652830697389043808
 204   0.056551581078394575646006067841  -0.236005124310652830697389043808
 205   0.121873372168648737971866552391  -0.236005124310652830697389043808
 206   0.187195163258902900297727036941  -0.236005124310652830697389043808
 207   0.252516954349157062623587521491  -0.236005124310652830697389043808
 208   0.317838745439411224949448006040  -0.236005124310652830697389043808
 209   0.383160536529665387275308490590  -0.236005124310652830697389043808
 210   0.448482327619919549601168975140  -0.236005124310652830697389043808
 211  -0.043657803542301325359824845890  -0.221681439447196229165345301315
 212  -0.381976047324321161564924339597  -0.219817637480757685610508472282
 213  -0.316654256234066999239063855047  -0.219817637480757685610508472282
 214  -0.251332465143812836913203370498  -0.219817637480757685610508472282
 215  -0.186010674053558674587342885948  -0.219817637480757685610508472282
 216  -0.120688882963304512261482401398  -0.219817637480757685610508472282
 217  -0.448482327619919549601168975140  -0.217598230074458004059012493294
 218   0.023890685533267494483075825566  -0.217148347475699461461488261223
 219   0.089212476623521656808936310116  -0.217148347475699461461488261223
 220   0.154534267713775819134796794666  -0.217148347475699461461488261223
 221   0.219856058804029981460657279216  -0.217148347475699461461488261223
 222   0.285177849894284143786517763765  -0.217148347475699461461488261223
 223   0.350499640984538306112378248315  -0.217148347475699461461488261223
 224   0.415821432074792468438238732865  -0.217148347475699461461488261223
 225   0.481143223165046630764099217415  -0.217148347475699461461488261223
 226  -0.076318699087428406522755088164  -0.202824662612242859929444518730
 227  -0.414636942869448242727854581872  -0.200960860645804316374607689697
 228  -0.349315151779194080401994097322  -0.200960860645804316374607689697
 229  -0.283993360688939918076133612772  -0.200960860645804316374607689697
 230  -0.218671569598685755750273128223  -0.200960860645804316374607689697
 231  -0.153349778508431593424412643673  -0.200960860645804316374607689697
 232  -0.481143223165046630764099217415  -0.198741453239504634823111710709
 233  -0.008770210011859586679854416709  -0.198291570640746092225587478637
 234   0.056551581078394575646006067841  -0.198291570640746092225587478637
 235   0.121873372168648737971866552391  -0.198291570640746092225587478637
 236   0.187195163258902900297727036941  -0.198291570640746092225587478637
 237   0.252516954349157062623587521491  -0.198291570640746092225587478637
 238   0.317838745439411224949448006040  -0.198291570640746092225587478638
 239   0.383160536529665387275308490590  -0.198291570640746092225587478638
 240   0.448482327619919549601168975140  -0.198291570640746092225587478638
 241  -0.108979594632555487685685330439  -0.183967885777289490693543736145
 242  -0.043657803542301325359824845890  -0.183967885777289490693543736145
 243  -0.381976047324321161564924339597  -0.182104083810850947138706907112
 244  -0.316654256234066999239063855047  -0.182104083810850947138706907112
 245  -0.251332465143812836913203370498  -0.182104083810850947138706907112
 246  -0.186010674053558674587342885948  -0.182104083810850947138706907112
 247  -0.448482327619919549601168975140  -0.179884676404551265587210928124
 248   0.023890685533267494483075825566  -0.179434793805792722989686696052
 249   0.089212476623521656808936310116  -0.179434793805792722989686696052
 250   0.154534267713775819134796794666  -0.179434793805792722989686696052
 251   0.219856058804029981460657279216  -0.179434793805792722989686696052
 252   0.285177849894284143786517763765  -0.179434793805792722989686696052
 253   0.350499640984538306112378248315  -0.179434793805792722989686696052
 254   0.415821432074792468438238732865  -0.179434793805792722989686696052
 255   0.481143223165046630764099217415  -0.179434793805792722989686696052
 256  -0.141640490177682568848615572714  -0.165111108942336121457642953559
 257  -0.076318699087428406522755088164  -0.165111108942336121457642953559
 258  -0.414636942869448242727854581872  -0.163247306975897577902806124526
 259  -0.349315151779194080401994097322  -0.163247306975897577902806124526
 260  -0.283993360688939918076133612772  -0.163247306975897577902806124526
 261  -0.218671569598685755750273128223  -0.163247306975897577902806124526
 262  -0.481143223165046630764099217415  -0.161027899569597896351310145539
 263  -0.008770210011859586679854416709  -0.160578016970839353753785913467
 264   0.056551581078394575646006067841  -0.160578016970839353753785913467
 265   0.121873372168648737971866552391  -0.160578016970839353753785913467
 266   0.187195163258902900297727036941  -0.160578016970839353753785913467
 267   0.252516954349157062623587521491  -0.160578016970839353753785913467
 268   0.317838745439411224949448006040  -0.160578016970839353753785913467
 269   0.383160536529665387275308490590  -0.160578016970839353753785913467
 270   0.448482327619919549601168975140  -0.160578016970839353753785913467
 271  -0.174301385722809650011545814989  -0.146254332107382752221742170974
 272  -0.108979594632555487685685330439  -0.146254332107382752221742170974
 273  -0.043657803542301325359824845890  -0.146254332107382752221742170974
 274  -0.381976047324321161564924339597  -0.144390530140944208666905341941
 275  -0.316654256234066999239063855047  -0.144390530140944208666905341941
 276  -0.251332465143812836913203370498  -0.144390530140944208666905341941
 277  -0.448482327619919549601168975140  -0.142171122734644527115409362954
 278   0.023890685533267494483075825566  -0.141721240135885984517885130882
 279   0.089212476623521656808936310116  -0.141721240135885984517885130882
 280   0.154534267713775819134796794666  -0.141721240135885984517885130882
 281   0.219856058804029981460657279216  -0.141721240135885984517885130882
 282   0.285177849894284143786517763765  -0.141721240135885984517885130882
 283   0.350499640984538306112378248315  -0.141721240135885984517885130882
 284   0.415821432074792468438238732865  -0.141721240135885984517885130882
 285   0.481143223165046630764099217415  -0.141721240135885984517885130882
 286  -0.141640490177682568848615572714  -0.127397555272429382985841388389
 287  -0.076318699087428406522755088164  -0.127397555272429382985841388389
 288  -0.414636942869448242727854581872  -0.125533753305990839431004559356
 289  -0.349315151779194080401994097322  -0.125533753305990839431004559356
 290  -0.283993360688939918076133612772  -0.125533753305990839431004559356
 291  -0.218671569598685755750273128223  -0.125533753305990839431004559356
 292  -0.481143223165046630764099217415  -0.123314345899691157879508580369
 293  -0.008770210011859586679854416709  -0.122864463300932615281984348297
 294   0.056551581078394575646006067841  -0.122864463300932615281984348297
 295   0.121873372168648737971866552391  -0.122864463300932615281984348297
 296   0.187195163258902900297727036941  -0.122864463300932615281984348297
 297   0.252516954349157062623587521491  -0.122864463300932615281984348297
 298   0.317838745439411224949448006040  -0.122864463300932615281984348297
 299   0.383160536529665387275308490590  -0.122864463300932615281984348297
 300   0.448482327619919549601168975140  -0.122864463300932615281984348297
 301  -0.184349265806348475592640128695  -0.109903923083002299934819908033
 302  -0.108979594632555487685685330439  -0.108540778437476013749940605804
 303  -0.043657803542301325359824845890  -0.108540778437476013749940605804
 304  -0.381976047324321161564924339597  -0.106676976471037470195103776771
 305  -0.316654256234066999239063855047  -0.106676976471037470195103776771
 306  -0.251332465143812836913203370498  -0.106676976471037470195103776771
 307  -0.448482327619919549601168975140  -0.104457569064737788643607797783
 308   0.023890685533267494483075825566  -0.104007686465979246046083565712
 309   0.089212476623521656808936310116  -0.104007686465979246046083565712
 310   0.154534267713775819134796794666  -0.104007686465979246046083565712
 311   0.219856058804029981460657279216  -0.104007686465979246046083565712
 312   0.285177849894284143786517763765  -0.104007686465979246046083565712
 313   0.350499640984538306112378248315  -0.104007686465979246046083565712
 314   0.415821432074792468438238732865  -0.104007686465979246046083565712
 315   0.481143223165046630764099217415  -0.104007686465979246046083565712
 316  -0.151688370261221394429709886420  -0.091047146248048930698919125448
 317  -0.076318699087428406522755088164  -0.089684001602522644514039823219
 318  -0.414636942869448242727854581872  -0.087820199636084100959202994186
 319  -0.349315151779194080401994097322  -0.087820199636084100959202994186
 320  -0.283993360688939918076133612772  -0.087820199636084100959202994186
 321  -0.218671569598685755750273128223  -0.087820199636084100959202994186
 322  -0.481143223165046630764099217415  -0.085600792229784419407707015198
 323  -0.008770210011859586679854416709  -0.085150909631025876810182783127
 324   0.056551581078394575646006067841  -0.085150909631025876810182783127
 325   0.121873372168648737971866552391  -0.085150909631025876810182783126
 326   0.187195163258902900297727036941  -0.085150909631025876810182783127
 327   0.252516954349157062623587521491  -0.085150909631025876810182783127
 328   0.317838745439411224949448006040  -0.085150909631025876810182783127
 329   0.383160536529665387275308490590  -0.085150909631025876810182783127
 330   0.448482327619919549601168975140  -0.085150909631025876810182783127
 331  -0.184349265806348475592640128695  -0.072190369413095561463018342863
 332  -0.119027474716094313266779644145  -0.072190369413095561463018342863
 333  -0.043657803542301325359824845890  -0.070827224767569275278139040634
 334  -0.381976047324321161564924339597  -0.068963422801130731723302211601
 335  -0.316654256234066999239063855047  -0.068963422801130731723302211601
 336  -0.251332465143812836913203370497  -0.068963422801130731723302211601
 337  -0.448482327619919549601168975140  -0.066744015394831050171806232613
 338   0.023890685533267494483075825566  -0.066294132796072507574282000541
 339   0.089212476623521656808936310116  -0.066294132796072507574282000541
 340   0.154534267713775819134796794666  -0.066294132796072507574282000541
 341   0.219856058804029981460657279216  -0.066294132796072507574282000541
 342   0.285177849894284143786517763765  -0.066294132796072507574282000541
 343   0.350499640984538306112378248315  -0.066294132796072507574282000541
 344   0.415821432074792468438238732865  -0.066294132796072507574282000541
 345   0.481143223165046630764099217415  -0.066294132796072507574282000541
 346  -0.151688370261221394429709886420  -0.053333592578142192227117560278
 347  -0.076318699087428406522755088164  -0.051970447932615906042238258049
 348  -0.414636942869448242727854581872  -0.050106645966177362487401429015
 349  -0.349315151779194080401994097322  -0.050106645966177362487401429015
 350  -0.283993360688939918076133612772  -0.050106645966177362487401429015
 351  -0.218671569598685755750273128223  -0.050106645966177362487401429016
 352  -0.481143223165046630764099217415  -0.047887238559877680935905450028
 353  -0.008770210011859586679854416708  -0.047437355961119138338381217956
 354   0.056551581078394575646006067841  -0.047437355961119138338381217956
 355   0.121873372168648737971866552391  -0.047437355961119138338381217956
 356   0.187195163258902900297727036941  -0.047437355961119138338381217956
 357   0.252516954349157062623587521491  -0.047437355961119138338381217956
 358   0.317838745439411224949448006040  -0.047437355961119138338381217956
 359   0.383160536529665387275308490590  -0.047437355961119138338381217956
 360   0.448482327619919549601168975140  -0.047437355961119138338381217956
 361  -0.110251505368968047333987484116  -0.035512113014634685290085005788
 362  -0.184349265806348475592640128695  -0.034476815743188822991216777693
 363  -0.043657803542301325359824845890  -0.033113671097662536806337475463
 364  -0.381976047324321161564924339597  -0.031249869131223993251500646430
 365  -0.316654256234066999239063855047  -0.031249869131223993251500646430
 366  -0.251332465143812836913203370497  -0.031249869131223993251500646430
 367  -0.448482327619919549601168975140  -0.029030461724924311700004667443
 368   0.023890685533267494483075825566  -0.028580579126165769102480435371
 369   0.089212476623521656808936310116  -0.028580579126165769102480435371
 370   0.154534267713775819134796794666  -0.028580579126165769102480435371
 371   0.219856058804029981460657279216  -0.028580579126165769102480435371
 372   0.285177849894284143786517763765  -0.028580579126165769102480435371
 373   0.350499640984538306112378248315  -0.028580579126165769102480435371
 374   0.415821432074792468438238732865  -0.028580579126165769102480435371
 375   0.481143223165046630764099217415  -0.028580579126165769102480435371
 376  -0.151688370261221394429709886420  -0.015620038908235453755315995108
 377  -0.076318699087428406522755088165  -0.014256894262709167570436692878
 378  -0.414636942869448242727854581872  -0.012393092296270624015599863845
 379  -0.349315151779194080401994097322  -0.012393092296270624015599863845
 380  -0.283993360688939918076133612772  -0.012393092296270624015599863845
 381  -0.218671569598685755750273128223  -0.012393092296270624015599863845
 382  -0.481143223165046630764099217415  -0.010173684889970942464103884858
 383  -0.008770210011859586679854416709  -0.009723802291212399866579652786
 384   0.056551581078394575646006067841  -0.009723802291212399866579652786
 385   0.121873372168648737971866552391  -0.009723802291212399866579652786
 386   0.187195163258902900297727036941  -0.009723802291212399866579652786
 387   0.252516954349157062623587521491  -0.009723802291212399866579652786
 388   0.317838745439411224949448006040  -0.009723802291212399866579652786
 389   0.383160536529665387275308490590  -0.009723802291212399866579652786
 390   0.448482327619919549601168975140  -0.009723802291212399866579652786
 391  -0.110251505368968047333987484116   0.002201440655272053181716559382
 392  -0.184349265806348475592640128695   0.003236737926717915480584787478
 393  -0.043657803542301325359824845890   0.004599882572244201665464089707
 394  -0.381976047324321161564924339597   0.006463684538682745220300918740
 395  -0.316654256234066999239063855047   0.006463684538682745220300918740
 396  -0.251332465143812836913203370497   0.006463684538682745220300918740
 397  -0.448482327619919549601168975140   0.008683091944982426771796897728
 398   0.023890685533267494483075825566   0.009132974543740969369321129799
 399   0.089212476623521656808936310116   0.009132974543740969369321129799
 400   0.154534267713775819134796794666   0.009132974543740969369321129799
 401   0.219856058804029981460657279216   0.009132974543740969369321129799
 402   0.285177849894284143786517763766   0.009132974543740969369321129799
 403   0.350499640984538306112378248315   0.009132974543740969369321129799
 404   0.415821432074792468438238732865   0.009132974543740969369321129799
 405   0.481143223165046630764099217415   0.009132974543740969369321129799
 406  -0.143479478885746234968587169575   0.021189283726099799197606285903
 407  -0.076366738368000000000000000000   0.023514085929000000000000000000
 408  -0.414636942869448242727854581872   0.025320461373636114456201701325
 409  -0.349315151779194080401994097322   0.025320461373636114456201701325
 410  -0.283993360688939918076133612772   0.025320461373636114456201701325
 411  -0.218671569598685755750273128223   0.025320461373636114456201701325
 412  -0.481143223165046630764099217415   0.027539868779935796007697680313
 413  -0.008770210011859586679854416708   0.027989751378694338605221912385
 414   0.056551581078394575646006067841   0.027989751378694338605221912384
 415   0.121873372168648737971866552391   0.027989751378694338605221912384
 416   0.187195163258902900297727036941   0.027989751378694338605221912384
 417   0.252516954349157062623587521491   0.027989751378694338605221912384
 418   0.317838745439411224949448006040   0.027989751378694338605221912384
 419   0.383160536529665387275308490590   0.027989751378694338605221912384
 420   0.448482327619919549601168975140   0.027989751378694338605221912384
 421  -0.110741441795550296847633296912   0.039911811811107205444597339396
 422  -0.184349265806348475592640128695   0.040950291596624653952386352648
 423  -0.043657803542301325359824845890   0.042313436242150940137265654877
 424  -0.381976047324321161564924339597   0.044177238208589483692102483910
 425  -0.316654256234066999239063855047   0.044177238208589483692102483910
 426  -0.251332465143812836913203370497   0.044177238208589483692102483910
 427  -0.448482327619919549601168975140   0.046396645614889165243598462898
 428   0.023890685533267494483075825566   0.046846528213647707841122694970
 429   0.089212476623521656808936310116   0.046846528213647707841122694970
 430   0.154534267713775819134796794666   0.046846528213647707841122694970
 431   0.219856058804029981460657279216   0.046846528213647707841122694970
 432   0.285177849894284143786517763766   0.046846528213647707841122694970
 433   0.350499640984538306112378248315   0.046846528213647707841122694969
 434   0.415821432074792468438238732865   0.046846528213647707841122694969
 435   0.481143223165046630764099217415   0.046846528213647707841122694969
 436  -0.150803983986487299210813432669   0.058184739601682061766262589997
 437  -0.080002558394695311457134486617   0.061762056150280574723862474691
 438  -0.414636942869448242727854581872   0.063034015043542852928003266495
 439  -0.349315151779194080401994097322   0.063034015043542852928003266495
 440  -0.283993360688939918076133612772   0.063034015043542852928003266495
 441  -0.218671569598685755750273128223   0.063034015043542852928003266495
 442  -0.481143223165046630764099217415   0.065253422449842534479499245483
 443   0.056551581078394575646006067841   0.065703305048601077077023477555
 444   0.121873372168648737971866552391   0.065703305048601077077023477555
 445   0.187195163258902900297727036941   0.065703305048601077077023477555
 446   0.252516954349157062623587521491   0.065703305048601077077023477555
 447   0.317838745439411224949448006040   0.065703305048601077077023477555
 448   0.383160536529665387275308490590   0.065703305048601077077023477555
 449   0.448482327619919549601168975140   0.065703305048601077077023477555
 450  -0.011519723416000000000000000000   0.065781962840000000000000000000
 451  -0.118065946896291361089859560006   0.076907267686689468013253643490
 452  -0.184349265806348475592640128695   0.078663845266531392424187917818
 453  -0.046928768015528224449706685050   0.079884873822150770324079102520
 454  -0.381976047324321161564924339597   0.081890791878496222163904049081
 455  -0.316654256234066999239063855047   0.081890791878496222163904049081
 456  -0.251332465143812836913203370497   0.081890791878496222163904049081
 457  -0.448482327619919549601168975140   0.084110199284795903715400028068
 458   0.023890685533267494483075825566   0.084560081883554446312924260140
 459   0.089212476623521656808936310116   0.084560081883554446312924260140
 460   0.154534267713775819134796794666   0.084560081883554446312924260140
 461   0.219856058804029981460657279216   0.084560081883554446312924260140
 462   0.285177849894284143786517763766   0.084560081883554446312924260140
 463   0.350499640984538306112378248315   0.084560081883554446312924260140
 464   0.415821432074792468438238732865   0.084560081883554446312924260140
 465   0.481143223165046630764099217415   0.084560081883554446312924260140
 466  -0.150803983986487299210813432669   0.095898293271588800238064155167
 467  -0.083603112487205733108225317955   0.099303341965231592136605680292
 468  -0.414636942869448242727854581872   0.100747568713449591399804831666
 469  -0.349315151779194080401994097322   0.100747568713449591399804831666
 470  -0.283993360688939918076133612772   0.100747568713449591399804831666
 471  -0.218671569598685755750273128222   0.100747568713449591399804831666
 472  -0.481143223165046630764099217415   0.102966976119749272951300810653
 473   0.056551581078394575646006067841   0.103416858718507815548825042725
 474   0.121873372168648737971866552391   0.103416858718507815548825042725
 475   0.187195163258902900297727036941   0.103416858718507815548825042725
 476   0.252516954349157062623587521491   0.103416858718507815548825042725
 477   0.317838745439411224949448006040   0.103416858718507815548825042725
 478   0.383160536529665387275308490590   0.103416858718507815548825042725
 479   0.448482327619919549601168975140   0.103416858718507815548825042725
 480  -0.008597862009996724640943641028   0.103712272592243530730101936056
 481  -0.118065946896291361089859560006   0.114620821356596206485055208661
 482  -0.184359687719393755791929860546   0.116400264721308726808182640880
 483  -0.043715887917458239974254857244   0.117461322987663493481431333940
 484  -0.381976047324321161564924339597   0.119604345548402960635705614251
 485  -0.316654256234066999239063855047   0.119604345548402960635705614251
 486  -0.251332465143812836913203370497   0.119604345548402960635705614251
 487  -0.448482327619919549601168975140   0.121823752954702642187201593238
 488   0.089212476623521656808936310116   0.122273635553461184784725825310
 489   0.154534267713775819134796794666   0.122273635553461184784725825310
 490   0.219856058804029981460657279216   0.122273635553461184784725825310
 491   0.285177849894284143786517763766   0.122273635553461184784725825310
 492   0.350499640984538306112378248315   0.122273635553461184784725825310
 493   0.415821432074792468438238732865   0.122273635553461184784725825310
 494   0.481143223165046630764099217415   0.122273635553461184784725825310
 495   0.024063033535130356521986601247   0.122569049427196899966002718641
 496  -0.150802668056125384885809276085   0.133611846918537310839167572294
 497  -0.076376783462585321137185099519   0.136318099822616862717332116525
 498  -0.414636942869448242727854581872   0.138461122383356329871606396836
 499  -0.349315151779194080401994097322   0.138461122383356329871606396836
 500  -0.283993360688939918076133612772   0.138461122383356329871606396836
 501  -0.218671569598685755750273128222   0.138461122383356329871606396836
 502  -0.481143223165046630764099217415   0.140680529789656011423102375824
 503   0.121873372168648737971866552391   0.141130412388414554020626607896
 504   0.187195163258902900297727036941   0.141130412388414554020626607895
 505   0.252516954349157062623587521491   0.141130412388414554020626607895
 506   0.317838745439411224949448006040   0.141130412388414554020626607895
 507   0.383160536529665387275308490590   0.141130412388414554020626607895
 508   0.448482327619919549601168975140   0.141130412388414554020626607895
 509  -0.008597862009996724640943641028   0.141425826262150269201903501226
 510   0.056723929080257437684916843522   0.141425826262150269201903501226
 511  -0.110839617871670949118819341570   0.151635579213981477065781644894
 512  -0.182486845309883510554879237549   0.154067287323607357128879551210
 513  -0.043715887917458239974254857244   0.155174876657570231953232899110
 514  -0.381976047324321161564924339597   0.157317899218309699107507179421
 515  -0.316654256234066999239063855047   0.157317899218309699107507179421
 516  -0.251332465143812836913203370497   0.157317899218309699107507179421
 517  -0.448482327619919549601168975140   0.159537306624609380659003158409
 518   0.154534267713775819134796794666   0.159987189223367923256527390481
 519   0.219856058804029981460657279216   0.159987189223367923256527390481
 520   0.285177849894284143786517763766   0.159987189223367923256527390480
 521   0.350499640984538306112378248315   0.159987189223367923256527390480
 522   0.415821432074792468438238732865   0.159987189223367923256527390480
 523   0.481143223165046630764099217415   0.159987189223367923256527390480
 524   0.024063033535130356521986601247   0.160282603097103638437804283811
 525   0.089384824625384518847847085797   0.160282603097103638437804283811
 526  -0.144846518750395206726642689449   0.170852099547390219015646710326
 527  -0.076479040155878389496478686188   0.174031792122399653135359896978
 528  -0.213314401911736902257320973632   0.175792247263097726333680307635
 529  -0.414636942869448242727854581872   0.176174676053263068343407962006
 530  -0.349315151779194080401994097322   0.176174676053263068343407962006
 531  -0.283993360688939918076133612772   0.176174676053263068343407962006
 532  -0.481143223165046630764099217415   0.178394083459562749894903940994
 533   0.187195163258902900297727036941   0.178843966058321292492428173066
 534   0.252516954349157062623587521491   0.178843966058321292492428173066
 535   0.317838745439411224949448006041   0.178843966058321292492428173066
 536   0.383160536529665387275308490590   0.178843966058321292492428173066
 537   0.448482327619919549601168975140   0.178843966058321292492428173066
 538   0.056723929080257437684916843522   0.179139379932057007673705066396
 539   0.122045720170511600010777328072   0.179139379932057007673705066396
 540  -0.008597862009996724640943640259   0.179139379932057007673705067728
 541  -0.111971002826079816025141867928   0.189332158614477130893638986302
 542  -0.178321417538269207103356835262   0.191557886280290569796949985447
 543  -0.043715887917458239974254856997   0.192888430327476970425034464281
 544  -0.381976047324321161564924339597   0.195031452888216437579308744592
 545  -0.316654256234066999239063855047   0.195031452888216437579308744591
 546  -0.251332465143812836913203370497   0.195031452888216437579308744591
 547  -0.448482327619919549601168975140   0.197250860294516119130804723579
 548   0.219856058804029981460657279216   0.197700742893274661728328955651
 549   0.285177849894284143786517763766   0.197700742893274661728328955651
 550   0.350499640984538306112378248315   0.197700742893274661728328955651
 551   0.415821432074792468438238732865   0.197700742893274661728328955651
 552   0.481143223165046630764099217415   0.197700742893274661728328955651
 553   0.089384824625384518847847085797   0.197996156767010376909605848982
 554   0.154706615715638681173707570347   0.197996156767010376909605848981
 555   0.024063033535130356521986602016   0.197996156767010376909605850313
 556  -0.144412961403771730797755355946   0.208563161033910653909341746797
 557  -0.076376783462585321137185099272   0.211745207162430339660935246866
 558  -0.218271982195200216545091101741   0.213178535232698985290344206034
 559  -0.414636942869448242727854581872   0.213888229723169806815209527177
 560  -0.349315151779194080401994097322   0.213888229723169806815209527177
 561  -0.283993360688939918076133612772   0.213888229723169806815209527177
 562  -0.481143223165046630764099217415   0.216107637129469488366705506164
 563   0.252516954349157062623587521491   0.216557519728228030964229738236
 564   0.317838745439411224949448006041   0.216557519728228030964229738236
 565   0.383160536529665387275308490590   0.216557519728228030964229738236
 566   0.448482327619919549601168975140   0.216557519728228030964229738236
 567   0.122045720170511600010777328072   0.216852933601963746145506631567
 568   0.187367511260765762336637812622   0.216852933601963746145506631567
 569  -0.008597862009996724640943640259   0.216852933601963746145506632898
 570   0.056723929080257437684916844291   0.216852933601963746145506632898
 571  -0.110854490182819051181036087964   0.227029181440296876014141945834
 572  -0.183919062403471179708298958638   0.228853710475178849696136025430
 573  -0.043715887917458239974254856997   0.230601983997383708896836029451
 574  -0.381976047324321161564924339597   0.232745006558123176051110309762
 575  -0.316654256234066999239063855047   0.232745006558123176051110309762
 576  -0.251332465143812836913203370497   0.232745006558123176051110309762
 577  -0.448482327619919549601168975140   0.234964413964422857602606288749
 578   0.285177849894284143786517763766   0.235414296563181400200130520821
 579   0.415821432074792468438238732865   0.235414296563181400200130520821
 580   0.481143223165046630764099217415   0.235414296563181400200130520821
 581   0.350499640984538306112378248325   0.235414296563181400200130520838
 582   0.154706615715638681173707570347   0.235709710436917115381407414152
 583   0.220028406805892843499568054897   0.235709710436917115381407414152
 584   0.024063033535130356521986602016   0.235709710436917115381407415483
 585   0.089384824625384518847847086566   0.235709710436917115381407415483
 586  -0.149368499454823770556041222871   0.245949719755428623715602175256
 587  -0.078966212958311187191730252519   0.249547761544107544435648060685
 588  -0.218271982195200216545091101741   0.250892088902605723762145771205
 589  -0.414636942869448242727854581872   0.251601783393076545287011092347
 590  -0.349315151779194080401994097322   0.251601783393076545287011092347
 591  -0.283993360688939918076133612772   0.251601783393076545287011092347
 592  -0.481143223165046630764099217415   0.253821190799376226838507071334
 593   0.317838745439411224949448006041   0.254271073398134769436031303406
 594   0.448482327619919549601168975140   0.254271073398134769436031303406
 595   0.383160536529665387275308490601   0.254271073398134769436031303426
 596   0.187367511260765762336637812622   0.254566487271870484617308196737
 597   0.252689302351019924662498297172   0.254566487271870484617308196737
 598  -0.008597862009996724640943640259   0.254566487271870484617308198068
 599   0.056723929080257437684916844291   0.254566487271870484617308198068
 600   0.122045720170511600010777328841   0.254566487271870484617308198068
 601  -0.113682911816595645016021627961   0.264636523296303138628663311710
 602  -0.181020008050362117577761843161   0.266455673379669027639534788354
 603  -0.043715887917458239974254856997   0.268315537667290447368637594621
 604  -0.381976047324321161564924339597   0.270458560228029914522911874932
 605  -0.316654256234066999239063855047   0.270458560228029914522911874932
 606  -0.251332465143812836913203370497   0.270458560228029914522911874932
 607  -0.448482327619919549601168975140   0.272677967634329596074407853920
 608   0.481143223165046630764099217415   0.273127850233088138671932085992
 609   0.350499640984538306112378248325   0.273127850233088138671932086009
 610   0.415821432074792468438238732883   0.273127850233088138671932086022
 611   0.220028406805892843499568054897   0.273423264106823853853208979322
 612   0.285350197896147005825428539447   0.273423264106823853853208979322
 613   0.024063033535130356521986602016   0.273423264106823853853208980654
 614   0.089384824625384518847847086566   0.273423264106823853853208980653
 615   0.154706615715638681173707572019   0.273423264106823853853208982219
 616  -0.146317020686477129098836971991   0.283539620097665043186769579796
 617  -0.076376783462585321137185099271   0.287172314502243816604538377206
 618  -0.211926630450345292867757070597   0.288068003708390968852305276657
 619  -0.414636942869448242727854581872   0.289315337062983283758812657517
 620  -0.283993360688939918076133612772   0.289315337062983283758812657517
 621  -0.349315330819025095346131561418   0.289315647165667369687920176601
 622  -0.481143223165046630764099217415   0.291534744469282965310308636505
 623   0.383160536529665387275308490601   0.291984627068041507907832868596
 624   0.448482327619919553327452282361   0.291984627068041514361944880079
 625   0.252689302351019924662498297172   0.292280040941777223089109761907
 626   0.318011093441274086988358781721   0.292280040941777223089109761907
 627  -0.008597862009996724640943640259   0.292280040941777223089109763239
 628   0.056723929080257437684916844291   0.292280040941777223089109763239
 629   0.122045720170511600010777328841   0.292280040941777223089109763239
 630   0.187367511260765762336637814307   0.292280040941777223089109764826
 631  -0.110944957431148791407208540840   0.302250559721501489890246216430
 632  -0.177850255545939403820891736861   0.304226988942226432622024828284
 633  -0.043715887917458239974254856996   0.306029091337197185840439159792
 634  -0.244248142556513068528956264743   0.307500759189376827751092002769
 635  -0.316654256237992740734111322152   0.308172113897936652994509117720
 636  -0.381922065109220775366179635778   0.308265924454971430018169608718
 637  -0.448482327619919549601168975140   0.310391521304236334546209419090
 638   0.415821432074792468438238732883   0.310841403902994877143733651193
 639   0.481143223165046630764098171832   0.310841403902994890051959485815
 640   0.285350197896147005825428539446   0.311136817776730592325010544493
 641   0.024063033535130356521986602016   0.311136817776730592325010545824
 642   0.089384824625384518847847086566   0.311136817776730592325010545824
 643   0.154706615715638681173707572019   0.311136817776730592325010547389
 644   0.220028406805892843499568057090   0.311136817776730592325010548290
 645   0.350671988986401168151341389495   0.311136817776730592325099373966
 646  -0.143634865086154447200909086070   0.321157676556612968151971119560
 647  -0.076376783368812035044926183482   0.324885868334570650048169843415
 648  -0.276909038101640149691886507018   0.326357536024330196986992785354
 649  -0.211729606074124299238076543384   0.326601987303204657448320369030
 650  -0.414636942869448242727854581872   0.327028890732890022230614222688
 651  -0.349312987444419376594122124667   0.327212169323607475884845714420
 652  -0.481143223165046630764099217415   0.329248298139189703782110201675
 653   0.448482327619919549600830193748   0.329698180737948259288368951543
 654   0.318011093441274086988359861500   0.329993594611683961560911327078
 655   0.056723929080257437684916844291   0.329993594611683961560911328409
 656   0.122045720170511600010777328841   0.329993594611683961560911328409
 657   0.187367511260765762336637814307   0.329993594611683961560911329997
 658   0.252689302351019924662498330684   0.329993594611683961560911385155
 659   0.383332884531528249314275219782   0.329993594611683961561006243025
 660  -0.008425514008133840707822772687   0.330289008485419713882121522942
 661  -0.110944957408221307212177232900   0.339964113391408228355078542688
 662  -0.177274188376470339863959222163   0.341936142698697764000116210974
 663  -0.043657786132091775480909129549   0.343742600251052884649498706310
 664  -0.309569933647157600500922064181   0.345214312858607426162090317726
 665  -0.244390501619251380401006785658   0.345458764138158026684221151615
 666  -0.382730751709661760492894847558   0.347136279824666680672785746213
 667  -0.448482327619919549601168975140   0.348105074974143073018010984260
 668   0.481143223165046630764099140320   0.348554957572901628523762695655
 669   0.285350197896147005825429619225   0.348850371446637330796812109663
 670   0.089384824625384518847847086566   0.348850371446637330796812110994
 671   0.154706615715638681173707572023   0.348850371446637330796812112565
 672   0.220028406805892843499568057071   0.348850371446637330796812113461
 673   0.350671988986401168151341463480   0.348850371446637330796900939136
 674   0.415993780076655326711779526952   0.348850371446637337318816057350
 675   0.024235381536993240455107469588   0.349145785320373083118022305527
 676  -0.143576763300787982707563358622   0.358871185470468666961030666079
 677  -0.076318681583445570551580456035   0.362599377248426348857229389934
 678  -0.209547070790812755955052184540   0.364252334846753790310925478431
 679  -0.350029988483428254743023053273   0.365923834610608103498369747978
 680  -0.481143223165046630764099217415   0.366961851809096442253911766845
 681  -0.416127438431719498134933483131   0.367482207786616425010994586343
 682   0.318011093441274086988359935485   0.367707148281590700032712892248
 683   0.122045720170511600010777328841   0.367707148281590700032712893579
 684   0.187367511260765762336637814289   0.367707148281590700032712895167
 685   0.252689302351019924662499412677   0.367707148281590700032712954128
 686   0.448654675621782407875033068247   0.367707148281590706554156869606
 687   0.383332884531528245543959963128   0.367707148281590706563173220326
 688   0.056896277082120321618037711863   0.368002562155326452353923088113
 689  -0.008425513454260512762296342355   0.368002563114663164775391062553
 690  -0.280295931476000000000000000000   0.369000762005000000000000000000
 691  -0.110886855622854842718831505453   0.377677622305263927164138089206
 692  -0.175091653093158796580934863322   0.379586490242246896862721320381
 693  -0.043657785944545204104093808454   0.381456153920959622654973009628
 694  -0.316086710007860152292887387515   0.382360561071280592789207180520
 695  -0.242207966335939837117982426815   0.383109111681707159546826261016
 696  -0.382650869816162191107161934722   0.384849748894695586528040818447
 697  -0.448788333976846579297863725406   0.386338984621569794246895368928
 698   0.285350197896147005825429693210   0.386563925116544069268613674833
 699   0.220028406805892843499569136868   0.386563925116544069268613678631
 700   0.415993780076655326711761989803   0.386563925116544075790635824805
 701   0.350671988986401164378466891055   0.386563925116544075803335295385
 702   0.154706615191950462311731143281   0.386563926023598643520363992279
 703   0.481143223165046630764099217415   0.386859338990279784584550912779
 704   0.089557172627247402780967954138   0.386859338990279821589823870698
 705   0.024235382090866568400633899920   0.386859339949616534011291845138
 706  -0.076318681395898999174765134939   0.400312930918333086862703693252
 707  -0.416164914801443495800089462173   0.405260523980693787495696588949
 708   0.187367511260765762336638894086   0.405420701951497438504514460337
 709   0.252689302351019924663063125907   0.405420701951497438505490771108
 710   0.383332884531528245543857391687   0.405420701951497445034974785496
 711   0.318011093441274083212861040877   0.405420701951497445043870366799
 712   0.448482327619919549601168975142   0.405716115825233153820451695367
 713   0.122218067648577781927296625311   0.405716116732475662455826075485
 714   0.056896277635993649563564142195   0.405716116784569903247192627723
 715  -0.481143223165046630764099217415   0.405716117434043146239878971011
 716  -0.008425512900387273209442442443   0.405716117743906462568071147981
 717  -0.148353201973000000000000000000   0.406871208268000000000000000000
 718  -0.343959909250000000000000000000   0.412284781674000000000000000000
 719  -0.110886855435308271342016184357   0.415391175975170665169612392524
 720  -0.223261767374448646732972227301   0.415718215860211146174191300204
 721  -0.298688944573779998978843656915   0.415821432074792468438238732865
 722  -0.260975390903873260507042091745   0.415821432074792468438238732865
 723  -0.185548283564059783563438961405   0.415821432074792468438238732865
 724  -0.043657785756998632727278487358   0.419169707590866360660447312946
 725  -0.382654826904315707213264598802   0.422563302357003926359816755080
 726   0.220028406805892843499569210853   0.424277478786450807740415243801
 727   0.350671988986401164378466891055   0.424277478786450814275136860556
 728   0.285350197896147002044860998162   0.424277478786450814290504928723
 729   0.415821432074792468438238732867   0.424572892660186523056352477954
 730   0.481143223165046630764099217415   0.424572892660186523056352477955
 731   0.154878963717501548131107537847   0.424572892660186531265099804063
 732   0.024235382644739807953487799832   0.424572894578859831803971930566
 733   0.089556472334510753027533289971   0.424574107469366926732361963331
 734  -0.447845891172073980274967266699   0.425720921499229171934279069136
 735  -0.078749474463000000000000000000   0.443074177161000000000000000000
 736   0.318011093441274083213856605262   0.443134255621404183515904102546
 737   0.252689301974517679524796435323   0.443134256273525179927237172831
 738   0.448482327619919549601153864757   0.443429669495139892292279432494
 739   0.383160536529665387275334120151   0.443429669495139892292297652245
 740   0.187539859262628629294037816723   0.443429669495139900501000523252
 741   0.122218068696171177210110406141   0.443429670402382386377793230384
 742  -0.481143223165046630764099217415   0.443429671103949884711680536181
 743   0.056897165214391016201598728720   0.443435066109502162446951224810
 744  -0.414563639385047275189065727725   0.443457996974004987338873128266
 745  -0.008085441342316122675957256695   0.444006794527421005699262772208
 746  -0.355259275078640106686546004671   0.448482327619919549601168975140
 747  -0.317545721408733368214744439501   0.448482327619919549601168975140
 748  -0.279832167738826629742942874330   0.448482327619919549601168975140
 749  -0.242118614068919891271141309160   0.448482327619919549601168975140
 750  -0.204405060399013152799339743990   0.448482327619919549601168975140
 751  -0.166691506729106414327538178820   0.448482327619919549601168975140
 752  -0.128977953059199675855736613649   0.448482327619919549601168975140
 753  -0.043532783553708791539532408761   0.456883054099259231029938281392
 754   0.285350197896147001903681962332   0.461991032456357552762307079861
 755   0.481143223165046630764099217415   0.462286446330093261528154043128
 756   0.415821432074792468438238383425   0.462286446330093261528243431779
 757   0.350499640984538306042459741343   0.462286446330093261648876577953
 758   0.220200754431245349734665324124   0.462286446982228329048566731763
 759   0.154875093343765021385513716147   0.462293150239872185525080165585
 760   0.089236519913967260999051821333   0.462838164646692785261385296793
 761  -0.447200554219000000000000000000   0.464676451931000000000000000000
 762   0.020819307675407321542998474788   0.468231319592638519848778921007
 763  -0.375388659700662128557217383355   0.481094671352236212165129438021
 764   0.056253692558786099165491697135   0.481143194478003303502974225470
 765   0.317838745439411224809638484131   0.481143223165046630764052345277
 766  -0.481132207363605096348568962864   0.481143223165046630764099217415
 767  -0.413102182118150644604295380197   0.481143223165046630764099217415
 768  -0.336402498243686737450645222086   0.481143223165046630764099217415
 769  -0.298688944573779998978843656916   0.481143223165046630764099217415
 770  -0.260975390903873260507042091745   0.481143223165046630764099217415
 771  -0.223261837233966522035240526575   0.481143223165046630764099217415
 772  -0.185548283564059783563438961405   0.481143223165046630764099217415
 773  -0.147834729894153045091637396234   0.481143223165046630764099217415
 774  -0.110121176224246306619835831064   0.481143223165046630764099217415
 775  -0.072407622554339568148034265894   0.481143223165046630764099217415
 776  -0.014657944553078014931030551628   0.481143223165046630764099217415
 777   0.122209796412558924918298145108   0.481143223165046630764099217415
 778   0.187539858475762241288974525656   0.481143223165046630764099217415
 779   0.252861650352882778997754820766   0.481143223165046630764099217415
 780   0.383160536529665387275075642826   0.481143223165046630764099217415
 781   0.448482327619919549601194604701   0.481143223165046630764099217415
