   1  -0.413992731609986361279361715434  -0.480129492430564410765953849797
   2  -0.345159223171855192697064353125  -0.480129492430564410765953849797
   3  -0.276325758347655124035236784081  -0.480129492430564410765953849797
   4  -0.069825660368418756918073584067  -0.480129492430564410765953849797
   5  -0.000991613727820438088480837096  -0.480129492430564410765953849797
   6   0.067841695218584304530290789493  -0.480129492430564410765953849797
   7   0.205343448339046466971222552388  -0.480129492430564410765953849797
   8  -0.138659055713292128806024692058  -0.480129492414371206086375515789
   9  -0.207492303289875548910141501538  -0.480129492178312027900214726933
  10   0.343009908631428937611261130292  -0.480129491843841422776603220994
  11   0.136509757219148262153609433846  -0.480129491119749504914923637963
  12   0.274177062859607716182275216086  -0.480129464296649711792945936496
  13   0.411295426269523256804646641460  -0.480129458345255765773656090995
  14   0.480129201409743637793129398901  -0.480129185716574493832224579942
  15  -0.480081892580000000000000000000  -0.480081892580000000000000000000
  16  -0.035408736382794476691098017260  -0.460259323139998507236567079244
  17   0.239760283363656298730401185650  -0.460259044739049870109177333736
  18  -0.379575977415185819778053243219  -0.460259029049891389263444787200
  19  -0.310742490759755158366150568603  -0.460258991321083272542685234765
  20   0.170926727775455321153237407357  -0.460258970798869118137390746248
  21  -0.241909039070031803681721607919  -0.460258968571509775705163766696
  22  -0.104242358036180850474197096431  -0.460258931142220101328507537683
  23   0.033425036849516813360865997432  -0.460258849579728919265633691547
  24  -0.173075679598136175320004417736  -0.460258802709200973689963891492
  25   0.445712410827697054885709353160  -0.460258538238742945998589792048
  26   0.308593570132528841916501480891  -0.460258308472005831459969677496
  27   0.102175716196251929030737279582  -0.460116414512036544036804581068
  28   0.377152626501381347123096910222  -0.459791668553361225574161224348
  29  -0.445712766227752688122995680675  -0.456188153952615981165211184307
  30  -0.000992203005440733925790940956  -0.440388477296062120618745991545
  31  -0.345159274245154257773055948656  -0.440388477291726050808766173728
  32  -0.069825596785200105091651109645  -0.440388476519520208524667525816
  33  -0.276325768399688546284722076207  -0.440388454479044617340102132877
  34   0.205343606388478036844330165056  -0.440388447610271311978467911020
  35  -0.207492407214680682587019173255  -0.440388293293572726177617593318
  36  -0.138658981741446842949374422441  -0.440388241748087064869568692445
  37   0.274176786610588210811630378731  -0.440387895887666671826329553143
  38   0.480129458345255765773656090995  -0.440387617333274561116970724093
  39   0.136592571133804490703724498409  -0.440246125624467444364284379770
  40   0.067758866184707132678842785627  -0.440245442886963869970479147647
  41   0.411569458183192703388443054499  -0.439921071190721801134205061664
  42   0.342736220407108966688211778999  -0.439920468948209260728174897743
  43  -0.411296012032952146621687208460  -0.436317690571942959662702121709
  44  -0.480129492430564410765953849797  -0.436317642088331227020756491810
  45  -0.310742541833054223442142164134  -0.420517976182244912585497558696
  46  -0.035408899728233598536720854626  -0.420517913608404797626805763727
  47  -0.104242224292517091963268013440  -0.420517783567972324888852491337
  48  -0.241909134337682470459961613104  -0.420517783023103543537904002248
  49  -0.173075709357991350172327428354  -0.420517732332458817433539309843
  50   0.239760105295339901358501252976  -0.420517306276066665542918753696
  51   0.102175861160139068668124779902  -0.420375396557649963102740780410
  52   0.171010043369527532088771281046  -0.420374584047936764719184565464
  53   0.033340959597087637103693944756  -0.420373926839548352468240750337
  54   0.445986231725484521693275070413  -0.420050488892430268694763298776
  55   0.377152997252803081310766438252  -0.420049909654051185560018353271
  56   0.308319320944086331832850700325  -0.420049861726177754477790746034
  57  -0.445712761268487866492445431326  -0.416447138813745112129420564167
  58  -0.376879308862822181424725662341  -0.416447138813647246180809954649
  59  -0.276325899907469951768300229401  -0.400647318346277248054246366447
  60  -0.069825526054519428692901454372  -0.400647223267296962276038282384
  61  -0.207492432531099224292582652123  -0.400647215220575501953980507823
  62  -0.138658939763397322753247688329  -0.400647211511687574568877201130
  63   0.136592717723362287804806443400  -0.400505110485866622584114283008
  64   0.067758259982201633788995915551  -0.400504409521082356881785310931
  65   0.205426538583701078732246040856  -0.400503449048499693704275242460
  66  -0.001075791366298454233245728385  -0.400503263124142303250834325933
  67   0.342736112022724674863234753028  -0.400179378075748867482548103739
  68   0.411569772005662086306238070414  -0.400179370450374220782755663646
  69   0.273825341777493619475676420920  -0.400050065434103341245922001361
  70   0.480129432994940219682916730309  -0.399713341080314462614883719489
  71  -0.342462576450722147093811877819  -0.396576637704166107957541339616
  72  -0.480129492430564410765953849797  -0.396576626949460048552664191404
  73  -0.411296035065683275432614662283  -0.396576626949448005724210607354
  74  -0.241909195989093100146779820616  -0.380776767884280185896976668293
  75  -0.173075698339319501477395350074  -0.380776717193589166494737403315
  76  -0.104242250261470556935710432851  -0.380776636044469388543741946463
  77   0.102175258161629108440139579491  -0.380634368741424301841794332924
  78   0.033341041359761091220966591901  -0.380632911700761282757146869866
  79   0.171009878542616548658846860103  -0.380632822589215537930831395740
  80  -0.035493287969578737884996823440  -0.380631086968121994150434940315
  81   0.377152884790827807625145332453  -0.380308844397056957681044591985
  82   0.308318248203067889900441386992  -0.380308789458769712246077868272
  83   0.445712833532533884996622794853  -0.379842071629667065815551833842
  84   0.239279592614942029647352093103  -0.379687132923261083301745450009
  85  -0.376879303903656102470377228096  -0.376706123674776377132697399507
  86  -0.445712763748127319564408998207  -0.376706119380011797623781202530
  87  -0.308045934525136518028746128499  -0.376705979868196645009854552580
  88  -0.207492403355503074825761718466  -0.360906168633043771913892225444
  89  -0.138659027870335273000075162689  -0.360906108795823960698290655868
  90   0.136592122046591872275645731520  -0.360764095351459733888096029485
  91   0.067758334633770572194228532322  -0.360763382064687611109439561161
  92  -0.001075596576660668439403061564  -0.360762246955432737174655355014
  93  -0.069912757597138239363287316211  -0.360755791464941796596748916081
  94   0.342735212539560151163442329705  -0.360438312828774782022118936549
  95   0.273976099745379428896252678590  -0.360309293074209411895197985972
  96   0.480129458345255765773468638819  -0.359971189555808754009336157387
  97   0.411295791455575626422577710428  -0.359971147156944287272511092193
  98   0.204862912835534107400874761019  -0.359816474364069611629341081352
  99  -0.411296035065680532126460143636  -0.356835611810576827256118307042
 100  -0.480129492430564410765953849797  -0.356835611810563546694898213655
 101  -0.342462662275042255737149209276  -0.356835465324446043501025601932
 102  -0.273629227735218868810260887580  -0.356835425601677031653485033683
 103  -0.173075509255107664174832924696  -0.341034903750185718913993576984
 104   0.102175334894562287380736847643  -0.340893344890167513209601128839
 105   0.033341261684906657810004722392  -0.340891896562500848247150282303
 106  -0.035493264995285364460716991457  -0.340890071767935996074564322615
 107  -0.104330348061611770788906334758  -0.340883870487929223125433211028
 108   0.308393077762535212149741455705  -0.340439005062444724889704670709
 109   0.445712602775206279621999276982  -0.340100644946831353392741439584
 110   0.376878054289203839702531054843  -0.340100536640744793611723761036
 111   0.239279687700164297246794861202  -0.339945935848777311381912861757
 112   0.170430513796056266045540914709  -0.339923953123591704369069729390
 113  -0.445712763748118637678409290509  -0.336965104241130333233672234241
 114  -0.376879391199701559975024502432  -0.336964957335437862110354879656
 115  -0.308045956472121462961189132263  -0.336964918126565799391228778846
 116  -0.239212481509286816054833472658  -0.336964887836356230558019669058
 117   0.067758547225241636393127958935  -0.321022346811282212662482898275
 118  -0.001075573566967282993178513424  -0.321021231816568219910206723419
 119  -0.069912803386602881444949956019  -0.321014776326096997362615316931
 120  -0.138747130699990453413110697347  -0.321011956259401890094544455586
 121   0.273976372751453903858904712631  -0.320568155542772770343221512985
 122   0.480129458345254934679018513917  -0.320230115272487844289925617459
 123   0.411294952254983065565378336034  -0.320230062818942001523133819665
 124   0.342533896075500105737878897670  -0.320097902219153734839182938370
 125   0.204859942757908471292348693878  -0.320075459336184036873139696371
 126   0.136011987514202374191802629932  -0.320050379079948948016781421199
 127  -0.480129492430564410765953849797  -0.317094596671692368226805913250
 128  -0.411296120129935795256555482814  -0.317094449336800118442002301596
 129  -0.342462685154552820933851011041  -0.317094410557107618218629071447
 130  -0.273629227735218891051328738915  -0.317094410462805853185392733277
 131  -0.204795928568378000215970823049  -0.317094074965488056473786639912
 132   0.033341245928372840183269272872  -0.301150881423632793357520666792
 133  -0.035493320260354609733766034584  -0.301149040357100059830658215195
 134  -0.104329415003747415081328816078  -0.301142792088876339283835538142
 135   0.445712554504708531644559288112  -0.300359546455449368805233377029
 136   0.376952760977096731444607328133  -0.300230841481408611197858042263
 137   0.308116901757494396994625288523  -0.300226622124679367957125803973
 138   0.239276568089642779715586631295  -0.300204772759142656315789500800
 139   0.170430490220531323074769364533  -0.300182937984727518744194876716
 140   0.101590812040583754249235501884  -0.300172259479747456670398485194
 141  -0.445712850998742609800690852325  -0.297223937980511665287053780775
 142  -0.308045956472108430619958949293  -0.297223902987672009723181598513
 143  -0.376879413836991825406989107724  -0.297223902987662681173354258882
 144  -0.239212675002422159944507327566  -0.297223598142756880102078300445
 145  -0.170467616730008476204627713813  -0.297071205775593035761504500480
 146  -0.001075619438454345817784140542  -0.281280216677723515266675807311
 147  -0.069911770021739250066556516000  -0.281273734143323862825213922734
 148   0.480129472407406058061743553157  -0.280489043984370341259787076726
 149   0.411369982781435367017510204327  -0.280360995848334715362189143828
 150   0.342534166660097777499896659874  -0.280356775457982586345920366326
 151   0.273702996466435321836238811346  -0.280351075030871446284662901666
 152   0.204859816926537433634909334364  -0.280334266824191793423569632678
 153   0.136011943556515149970793983834  -0.280309363941102080430775938055
 154   0.067171274504301696071688375347  -0.280297165907691150511023570717
 155  -0.411296142519444467483869125964  -0.277353395418241365150653949796
 156  -0.342462685154547435093097045976  -0.277353395418227072677906785948
 157  -0.480129492426359147492129733547  -0.277353275554847891351054111301
 158  -0.273629463756112858483348514774  -0.277352985738143293438207978113
 159  -0.136050022522255097739434974123  -0.277202197415371131664933482668
 160  -0.204884481970467047039522815376  -0.277200525265977536343535016045
 161  -0.035492333470640637765709467242  -0.261407917476458635619438061814
 162   0.445786946169339536447056628567  -0.260490564645788101966889511486
 163   0.376953060105492268906862289196  -0.260489787848690475895067266251
 164   0.308120121526525212101904200860  -0.260481254023471287527909748914
 165   0.239276430073685354152381789086  -0.260463559143096157559468865092
 166   0.170430461736990615049290531650  -0.260441922845866547766882955174
 167   0.101590650510172756991039915084  -0.260431244341204554588627403051
 168   0.032753707303297387253162230850  -0.260425362651195560113452181249
 169  -0.376879413836991027744461549088  -0.257482887848790082590434287712
 170  -0.445712782871104493562633252303  -0.257482734856184676722536756859
 171  -0.308046266636321534827677722758  -0.257482350405537360758656945854
 172  -0.101632417538754668038938382127  -0.257333207721179147581317210897
 173  -0.170467669477352014165509325961  -0.257330162861588702759848362578
 174  -0.239301253095455909031301108021  -0.257329942945230033234162100383
 175   0.411370347364641659542530526133  -0.240619832123194556091839093316
 176   0.342539043040008219517748401431  -0.240614545032883923649691105009
 177   0.273702851395349676687976510133  -0.240609849181194274958151793136
 178   0.204859651299857556203140155886  -0.240593013799972809329659321866
 179   0.136011772907879594693349279044  -0.240568348802597286121659594086
 180   0.067171184018555676227743035514  -0.240556150768922984890038563433
 181  -0.001691752742508015345804920141  -0.240506505365587198405441170473
 182   0.480129458345255765773656090995  -0.240491952369627666869256381148
 183  -0.411296054185883522469329896510  -0.237612227281939938456293152710
 184  -0.480129492430564410765953849797  -0.237612194164805175553497082962
 185  -0.342463057134406564041678644754  -0.237611736005258443869941795069
 186  -0.067212972630177187127411324579  -0.237467364574876287831213447991
 187  -0.136050072585741654151885277354  -0.237461159150415837896959704547
 188  -0.204884479706498680863340277889  -0.237459510127087235541378983770
 189  -0.273718003001780183795087841606  -0.237459398525307659704095636424
 190   0.376956221644769335784852519774  -0.220744816772136071776510342380
 191   0.308120056475516525606840079277  -0.220740166779659284838411371613
 192   0.239276297533072311242141129271  -0.220722363424966640304119233638
 193   0.170430272020318092972788346097  -0.220700907707448206445844923793
 194   0.101590560023680914620395194173  -0.220690229202436390665801982701
 195   0.032752827254860580803386831483  -0.220684308363575938712688496144
 196   0.445712752580223631892556529753  -0.220621144959364117903104961930
 197  -0.445712763748120009331486549400  -0.217741686595369586319450932759
 198  -0.376879710300051066325666370311  -0.217741053178528063967006284744
 199  -0.101632454251760415756618331154  -0.217592192582313038948419776127
 200  -0.170467672841199575941975341574  -0.217589137969159172008517816744
 201  -0.239301252628707797638424680264  -0.217588927718458455414220164809
 202  -0.308135205488035322592561676426  -0.217588077857639277118950353662
 203  -0.033412739520190106677726001145  -0.216565390305984337815373170592
 204   0.342539016936859140336261631816  -0.200873525200162423395965330666
 205   0.273702730343908741641719753610  -0.200868673385354581755894785507
 206   0.204859405891246658932988251638  -0.200851902060674170324078136060
 207   0.136011682391935647739640922856  -0.200827333663829189269373892487
 208   0.067170289072683030909238327266  -0.200815066908176291317432246571
 209   0.480129458345255765773656090995  -0.200750385061655758701305762789
 210   0.411298296813194788232530542780  -0.200745562851196817790597882935
 211  -0.480129492430564410765953849797  -0.197871179025933997085404782556
 212  -0.411296419880069392498957732350  -0.197870512522756692559444752469
 213  -0.136050072989851192341619746018  -0.197720139151661052307990192632
 214  -0.204884479128532927385199405494  -0.197718494988206817244901046766
 215  -0.273718007259402833872182629080  -0.197718383343580302758421643893
 216  -0.342557542672945465463611020143  -0.197707653725493327448406820812
 217   0.001032173213348864621193596445  -0.196743779022505715945605176037
 218  -0.067829721088727680999298094069  -0.196694261704429574207189695807
 219   0.308120013687848815858885713321  -0.180999126548771147159362123672
 220   0.239276082358482753682790888147  -0.180981304052119284431358667987
 221   0.170430181321999205233389355528  -0.180959892568680525397487966833
 222   0.101589678007319106217942776875  -0.180949156923755658184048637168
 223   0.445715229917798859658541957693  -0.180875409355534119566647376500
 224   0.376881523318413290789528867946  -0.180875011711624116013784552914
 225  -0.445713190534673693614669321182  -0.177999932258836135376249196408
 226  -0.170467672795423356329417150064  -0.177848121897766429527725051860
 227  -0.239301184508957024294101080068  -0.177847912539057702062300626064
 228  -0.308135090564791207248471304643  -0.177847062718934266424779664879
 229  -0.376975117677908121439072176293  -0.177835630456322957795285289696
 230   0.035449633317471514239400060718  -0.176874538356708350882435067676
 231  -0.033412658913785202337693655876  -0.176824331772139126073457410865
 232  -0.102247697961460498131688304027  -0.176821628664734924321657617740
 233   0.273702540668391321760559494233  -0.161127658228133306444101723112
 234   0.204859245139223893453217009939  -0.161110765410604834012528142044
 235   0.136010824465929174463311645241  -0.161086299405971696372298429466
 236   0.411298277251757867901626875115  -0.161004547712330453615913173842
 237   0.342464790147469928477305522000  -0.161004511882987521192409052074
 238   0.480129492430564410765953849797  -0.161000630866945928795288473386
 239  -0.480129458769367128980613313856  -0.158127758476473947892780233836
 240  -0.204884412503857429887966517113  -0.157977479848238609407434859998
 241  -0.273717891979423802622717875971  -0.157977368180350689279605602155
 242  -0.342557530625412359387573324693  -0.157966609701593642887660096109
 243  -0.411391962797004530387182034994  -0.157964922629513841381825764909
 244   0.069869016329141145288822750012  -0.157008628929648259315195246201
 245   0.001032268087210598560068309190  -0.157002745353185202849599381330
 246  -0.067829739206160113881743097972  -0.156953246565562525494676273667
 247  -0.136666378787396799287600995309  -0.156947863120541955772180170768
 248   0.239275991188547626152554422821  -0.141240287921516972895461758627
 249   0.170429396907204832987537540301  -0.141218877437550802042455220650
 250   0.308047920252612124203336142343  -0.141134079621892728153242842119
 251   0.376881513690782791903144669966  -0.141133995358983459199493922479
 252   0.445712753997976815611441222884  -0.141130140185263300645897686490
 253  -0.239301133216648615082198852742  -0.138106857346112243700284083146
 254  -0.308135061851583455625286731563  -0.138106047580073460720147319202
 255  -0.376975118542395279622791181711  -0.138094615238284122447310424622
 256  -0.445807970573191720672488825448  -0.138093166466119247192006261679
 257   0.104290161176807376930637670894  -0.137145772346463087064361550651
 258   0.035449712981489653706324599688  -0.137133478350669664884818428604
 259  -0.033412692862447363835301640524  -0.137083289211740222536923564305
 260  -0.102247769414660702091178538188  -0.137080612901536353516698315178
 261  -0.171084206790324865713783127157  -0.137075461227276638917483753258
 262   0.204858401470475452231092708182  -0.121369647501599153917872733234
 263   0.273631179985822347824147691063  -0.121263569297789059571875351259
 264   0.342464605447957372044756833469  -0.121263496730207107616132800692
 265   0.411296020813397211997506020825  -0.121259640413756664263085544666
 266   0.480129492430564410765953849797  -0.121259615728074750327196172980
 267  -0.273717863775306998865434804283  -0.118236352988150727610456203167
 268  -0.342557538958182457693964056072  -0.118225581546824314868765869331
 269  -0.411391110723546825500330474977  -0.118222712542286012565870721630
 270  -0.480129482536084035724750232324  -0.118058643740358398673440659223
 271   0.138708705263885977822073929710  -0.117278409481859761703473814178
 272   0.069869099884932844504672697293  -0.117267575666445332112791483946
 273   0.001032237440197106023271491253  -0.117261708527876383128549314009
 274  -0.067829809886277648042192628975  -0.117212231426754199963243866864
 275  -0.136666386124202501922251818781  -0.117206844955277458624701945188
 276  -0.205501722128140019226777138587  -0.117203553887438918843148817055
 277   0.239213856180217504786603621832  -0.101393386190862081668534231997
 278   0.308047781231862650726855080895  -0.101392841003661406686401816591
 279   0.376879199777462842442249708556  -0.101389292806116438039524003054
 280   0.445712753998001249359282178241  -0.101389125046349801637168512459
 281  -0.308135062674638236022048324866  -0.098365032441202290774977359440
 282  -0.377066045108418117414599321693  -0.098194132808547810409150063846
 283  -0.445712682643529710088323321798  -0.098188119946730897970147873161
 284   0.173137730166950399551695622094  -0.097429115939340145993915402970
 285   0.104290248967731768445011905056  -0.097404726422499513210475906123
 286   0.035449663058306203153532945094  -0.097392408067663713760626060007
 287  -0.033412783464573800967744012780  -0.097342239565766247448206554043
 288  -0.102247775910779742527696245426  -0.097339596491502567954009774928
 289  -0.171084189394912538890482111133  -0.097334438982937692688008225265
 290  -0.239919050613091846833967908620  -0.097332082737094012928064482610
 291   0.273630346955266998759434355889  -0.081522466559426192090466112998
 292   0.342462466106911505437182416259  -0.081518793876337999137248172476
 293   0.411296020844204570059806584136  -0.081518625221525548533115960083
 294   0.480129492430252432813063309510  -0.081518600589203571859105097131
 295  -0.342556897382450145413745340536  -0.078484566413131909752090154796
 296  -0.480129433629658617687670629329  -0.078317550357153277240784266515
 297  -0.411387630347579823371151952338  -0.078159522856597421673587820514
 298   0.138708810824899031622557805476  -0.077537394343120083158523668997
 299   0.069869051493072618124666941666  -0.077526507846380349476282451803
 300   0.001032144155888601957848963512  -0.077520654194021375760091596278
 301  -0.067829814094634022766488018775  -0.077471216287883244316125248130
 302  -0.136666369373413545863606814869  -0.077465821509853092785813123178
 303  -0.205501770502287939443611790121  -0.077462530284779517795186526423
 304  -0.274335885983905255073195493205  -0.077461350007319964616702974121
 305   0.207493125814896953930326703042  -0.077452725531099303480544594280
 306   0.308045346235896953351882326752  -0.061648963879163539629766152994
 307   0.376879199786184678440512253763  -0.061648277652138979283651137500
 308   0.445712753981113820502258179386  -0.061648109906274814541249355920
 309  -0.376967349555538787893841318382  -0.058295159283332096118302841799
 310  -0.445804414408725081888612144679  -0.058288907006920450793555056405
 311   0.104290224937956444420421842226  -0.057663700698016005159535814139
 312   0.035449563545530716584036145172  -0.057651342964941106040581116281
 313  -0.033412829183693883978001576392  -0.057601152525828622039255068089
 314  -0.102247756205710176332714247392  -0.057598574597118411058682420479
 315  -0.171084242378957895683121810080  -0.057593407416413209847398556602
 316  -0.239919027360953217203636482135  -0.057591067503145039121800499263
 317  -0.308752107097458369719017547465  -0.057589963328705686245986288173
 318   0.173076346441062102673193043850  -0.057581924417815116973693003133
 319   0.241909691212158922574713881767  -0.057581922175803052274891107326
 320   0.342462466106911731505447929020  -0.041777778737466820669155872071
 321   0.411296020841704542582058164580  -0.041777610050973145063549693488
 322   0.480129492382083457050114152928  -0.041777585450332393420204932582
 323  -0.411387811492580284025806887799  -0.038418111304681119456223294860
 324  -0.480129443827813654806918221449  -0.038260254987033205127616403685
 325   0.069868976273960655341660896686  -0.037785483182636841267460633632
 326   0.001032092936446383477816667976  -0.037779557595719508399015871724
 327  -0.067829797674485729778663793320  -0.037730193664150490595157417022
 328  -0.136666432781672580364972837259  -0.037724772124856112629047424081
 329  -0.205501747441631521421233495507  -0.037721514734573629772085289171
 330  -0.274335228641986269579847582752  -0.037719646271053412506439067658
 331   0.138659564225414896246744520452  -0.037711336840929025270758861912
 332   0.207493016368910891020396869351  -0.037711315082782205851605536544
 333   0.276324758162739359363055536641  -0.037708350792598806291220997191
 334  -0.343070540932449563724889521882  -0.037550168335210373519288546813
 335   0.376879199769362603713796720576  -0.021907262503674094536562970149
 336   0.445712753783501636088534962469  -0.021907094765256738165049076282
 337  -0.445712851230970264077143582666  -0.018389421734050910951814371898
 338   0.035449534377750306258346545256  -0.017910284534985776787339724320
 339  -0.033412875804993810077514277991  -0.017860016984224524720127332155
 340  -0.102247839716393116009624468466  -0.017857494079710995464102219429
 341  -0.171084219368259136867669565951  -0.017852391815163926058814710708
 342  -0.239917899087113249159843387367  -0.017849826253194709103423426810
 343   0.173076261115862692180526145678  -0.017840773357676726034361148962
 344   0.104242731095013904705571542863  -0.017840725738253022793284058123
 345   0.241908029336573359742652107162  -0.017837836104414771807199626622
 346   0.310741439584947954601625796257  -0.017837754496441941466160692687
 347  -0.308653661140177376832322077406  -0.017679848893678960872010901006
 348  -0.377487139181199251523562808965  -0.017679434849700883767684724644
 349   0.411296020625391710041083014827  -0.002036594898611673068522809323
 350   0.480129492418658707393240830473  -0.002036570311461214968943467184
 351  -0.480129473487004093677226651823   0.001481405758189580401289416644
 352   0.001032088156793896716144464917   0.001961508907356099608924353653
 353  -0.067829898276029056973224269590   0.002010912830321328264407365811
 354  -0.136666412416130189673404976637   0.002016248019358529314482976412
 355  -0.205500335829389525211085409794   0.002019500379227113084096094682
 356   0.138659440079501427265623311415   0.002029820443236752258367142191
 357   0.069825945719156175237952381083   0.002029892545568911598163386594
 358   0.207491296413443219853762942502   0.002032668870066300658021544439
 359   0.276324710902503614103426754534   0.002032753072993753312598105185
 360   0.345158167581044267160152934494   0.002032754261783361964456072118
 361  -0.274236310648100588723694932086   0.002190037408096397809519311290
 362  -0.343070232482938833717519176580   0.002190931242641201509123183186
 363  -0.411812115737039464178051057549   0.002349151438627305799206635539
 364   0.445712753870905480936546509256   0.017833920387270219467285086552
 365  -0.033412956886962329486762323612   0.021881052007785631147952597980
 366  -0.102247830481342190562040686361   0.021883545315827251260259606399
 367  -0.171082661161606251303362513563   0.021888623293159366735678600775
 368   0.104242652973889847490711671481   0.021900441726185463857541307519
 369   0.035409134477547623974700373066   0.021900594104659110088427603267
 370   0.173074549464727761138303286233   0.021903146739586033763607321553
 371   0.241907980551993774888457939438   0.021903257753254973903656276408
 372   0.310741438898475831964743607013   0.021903261831433995046585970394
 373   0.379574883792013526050801400349   0.021903283432431888303454800433
 374  -0.239818682158549506310013916127   0.022059458198256472337644062019
 375  -0.308653115348913505109854146693   0.022061166265991698486072854695
 376  -0.377395198810264026171053271349   0.022219535151282559621830196959
 377  -0.446228697719804055345753402495   0.022219913097195703888556841610
 378   0.480129492430564410765953849797   0.037704444827409963497365464424
 379  -0.067829882357870968132740586744   0.041751940601758924887727670908
 380  -0.136664819602927683994373262334   0.041757263126309865143556352588
 381   0.069825879443286485960678968792   0.041771077179039845478665005207
 382   0.000992426644110768678569984999   0.041771197060674394839738424559
 383   0.138657821814350456283880546181   0.041773656626966719584715146854
 384   0.207491242201390012850875985713   0.041773748576937926647178388036
 385   0.276324709945825103144150442265   0.041773768933537651701672352180
 386   0.345158155020150671270395646336   0.041773791156744767958899430078
 387   0.413991611951830273260760239637   0.041773791907085100602923473097
 388  -0.205400990596197259335362445329   0.041928645484680069506233111212
 389  -0.274236007239093243390283914288   0.041931092543523701463709671090
 390  -0.342978150317478008863168059714   0.042089744856993838605578691005
 391  -0.411811774275290656625675453696   0.042090308146329714160296593837
 392  -0.480129492430564410765953849797   0.042958389469554182970056202663
 393  -0.102246182575255769885267296797   0.061624560420532285993217674379
 394   0.035409118137222773656802858005   0.061641769074881792574313207715
 395  -0.033424429453455747594230487426   0.061641965607023610523181011690
 396   0.104241107622215684341149605221   0.061644189323205413582625244752
 397   0.173074512014963935050126134879   0.061644253541400611092014701062
 398   0.241907979705103885009368897374   0.061644273804337732733285809897
 399   0.310741426250982561213109391605   0.061644298575981491577282001005
 400   0.379574883232113453635208847931   0.061644299541078403169306752092
 401   0.448408339456701622263722489283   0.061644301516136906700818122972
 402  -0.170983854002398452510084393179   0.061798600631069331660334633903
 403  -0.239818572925436469233577805958   0.061800523076095722219487020630
 404  -0.308560987832382284143508836096   0.061959758378088090646245446626
 405  -0.377394764250299352729603261580   0.061960557381986665998214652761
 406  -0.445712625510249948753001483286   0.062828705140519931587826566079
 407   0.000992296582001918141143246340   0.081512477761174007729201340942
 408  -0.067840455809019354745581371154   0.081514232526838909450562132154
 409   0.069824414141071916465010006461   0.081514757932411053747931365714
 410   0.207491241427019572231408225193   0.081514764754247691925122588944
 411   0.138657792001350078162505900528   0.081514776125683581856621421105
 412   0.276324696691489056280277724382   0.081514806229701373005877464968
 413   0.345158154472519446813361200826   0.081514807016748848542010714180
 414   0.413991610774257220829255188881   0.081514809085572495934864273167
 415  -0.136567027376112137823950908586   0.081669038793059387831003373942
 416  -0.205401026876085486765416158223   0.081669715100788773902795245634
 417  -0.274143545570324583391836265933   0.081829242509934516916616004342
 418  -0.342977854050091557660775540333   0.081830807500268492998769381931
 419  -0.411295688676721424476985739790   0.082698971588071933591060705545
 420  -0.480129438768030926617506244946   0.082699404608389131016128885010
 421   0.480129492430564410765953849797   0.085584158204863849904270781521
 422  -0.033423819363732402248846373144   0.101384928235126977479763085044
 423   0.035407697005254760696768345506   0.101385285765458562229059243720
 424   0.173074521716255352865821146786   0.101385287863231706233127209430
 425   0.310741425387663474963303299636   0.101385313961367659867615956567
 426   0.379574882036113281191914148576   0.101385316558533654731143770832
 427   0.241907944094170126824017746436   0.101385322810262133071645390467
 428   0.104241097829835131771041124050   0.101385343469682527430392019436
 429  -0.170984070591338289610072440768   0.101539989834945389769026484090
 430  -0.102158847263276335752657854721   0.101554515405094668659543479377
 431  -0.239725963175051345610781390055   0.101698486011725374871221852119
 432  -0.308560826353100833308616955502   0.101700797152318177674010276879
 433  -0.376878729929204504277379229275   0.102569242121696381630062552699
 434  -0.445712393405245308816536124185   0.102569762373678207097564802228
 435   0.445712763748120009331486549390   0.105454665774299439138316931724
 436   0.276324688078126532276927543505   0.121255821739023195920167879737
 437   0.345158153001541940957227292458   0.121255823518067482769370323887
 438   0.138657825844927937429659599522   0.121255852263080610092160394873
 439   0.207491212655823917368615948611   0.121255868352690856650897444226
 440   0.069824380759715595161438538000   0.121255871152241204064653170047
 441   0.000991828601363799364845256904   0.121257307544373212513381234333
 442  -0.136575697752625140523232361861   0.121425063291320365349803500440
 443  -0.067742174878577600695420939171   0.121425220720649949091888706670
 444  -0.205309121006025254913741014110   0.121568797206442829360291801067
 445  -0.274143493164024673621260369184   0.121570257648771141407405046259
 446  -0.342461631619810582482849154756   0.122439323373237472280870879072
 447  -0.411295364902914019706645924027   0.122440056819437183029929461523
 448  -0.480129194447231198936196542407   0.122440419746509288744419402279
 449   0.480129492430564410765953849789   0.125325173343735028372363081927
 450   0.411296034937167113065572356182   0.125325173343735028580024721605
 451   0.310741424144008495770900163989   0.141126330784239949290949736189
 452   0.241907963343230015006751564591   0.141126337978931609740459147091
 453   0.104241108755156634215328559722   0.141126379911601474407576605458
 454   0.173074514614705463282927389303   0.141126429028203086509350578277
 455   0.035408519353042979811804375712   0.141127880811676523045863449725
 456  -0.102159045416359025139525846987   0.141295768979302060602764515692
 457  -0.033326376769839798907532000999   0.141297493780231418482679339429
 458  -0.239726034702718807247267398384   0.141439501150532183981930747782
 459  -0.170900828140475123050480949806   0.141453908881930111611644870242
 460  -0.308044231343409638203658120222   0.142308826431615795303046772390
 461  -0.376878140653841897254620164324   0.142310311655294535947070157393
 462  -0.445712051021745340424149068901   0.142310863039187698338838776300
 463   0.445712763748120009247974858448   0.145195680913170617606409232130
 464   0.376879306195120980054813260248   0.145195680913170618051460845706
 465   0.276324695864003123375630514499   0.160996839050720367468311900362
 466   0.207491265254451153448030224095   0.160996898593799883310401384334
 467   0.138657796942542502734917101268   0.160996957620370845072016407944
 468   0.069825298492277369768969301041   0.160998478272437697937362843794
 469  -0.067743203659658253469639019274   0.161167837222488179889576556993
 470   0.001090380924355127394768672433   0.161168181684103719524360599850
 471  -0.205317627777257735874747562410   0.161324415460628437800838631813
 472  -0.136484177644413675064933800416   0.161324551873538145600543030294
 473  -0.342460422338578790293132357659   0.162180397589270889255504039791
 474  -0.411294754723596742732819249947   0.162181144710735070421101274711
 475  -0.480128843169363385890883066654   0.162181489399773915753404574062
 476  -0.273619665262957206525060061342   0.162189684082594779287990747851
 477   0.411296035065675607813441714399   0.165066188482606206840341337819
 478   0.480129492430564410765953849797   0.165066188482606206840455382333
 479   0.342462577498721845765069804145   0.165066188482606207426482764905
 480   0.241907997757870732628832408227   0.180867399579787767192929195362
 481   0.173074216428431361580321072270   0.180868000724327865310356858550
 482   0.104242153694647372944603640754   0.180869426487640501081167329085
 483  -0.033326451873635891748338433353   0.181038508919031630215676303468
 484   0.035507210496301761978770025550   0.181038865533910238971761143961
 485  -0.170900969581996227733440452908   0.181195045116946001553211656841
 486  -0.102068208903288476229271107584   0.181196375641825780777381379935
 487  -0.308042358201732530418641585599   0.182049900342360510773540903355
 488  -0.376876921815761173043492894156   0.182051402417088896904547101720
 489  -0.445711453778124521327387027887   0.182051928291853252030036054820
 490  -0.239177500308880027500874875843   0.182129638756961462646841544819
 491   0.376879306383231206378954169974   0.184936696052041796074352424338
 492   0.445712763748120009331486549400   0.184936696052041796074501532535
 493   0.308045848834438375899994053745   0.184936696370560875444604887596
 494   0.207491280625365058915085648235   0.200737927154290630116732245531
 495   0.138658633770012430538708525125   0.200740807218223297843149987184
 496   0.001090379963661520956640141100   0.200909196822974886380618096515
 497   0.069924063457245124589612415389   0.200909827408549780981124278422
 498  -0.136484987571830226902812464434   0.201066845904592761502812313064
 499  -0.067651515825384355383442233975   0.201066945427565348952713369484
 500  -0.342458833718122790628406013569   0.201921467369457676732191704099
 501  -0.411293732700317812276792533961   0.201922268716874580586012641381
 502  -0.480128908587630740800911588907   0.201922563372557073873379102339
 503  -0.273632231243211250966946424072   0.201934253901946968201493398135
 504  -0.204760770759263764308597028612   0.202000384539889817987209023941
 505   0.411296035065675607897019249003   0.204807203621477385308547682738
 506   0.480129492430564410765953849797   0.204807203621477385308547682738
 507   0.342462577700786804986328802723   0.204807203621477385380870928635
 508   0.273629150526149448307929167008   0.204807256549490392859666974085
 509   0.173075189162801908645345344407   0.220611654399077298119696231637
 510   0.035507026158535493824547015506   0.220779880672355704121695944664
 511   0.104340420132960965187521187854   0.220780979327140974739778920940
 512  -0.102068280428390787598518802434   0.220937390780632594504880376841
 513  -0.033234312519325482192497759647   0.220938269947220144698708105721
 514  -0.376876212588111710900283144961   0.221792500569283984111899543889
 515  -0.445711478786972819378771554718   0.221793054125025717848986308703
 516  -0.308048820764642625033533126423   0.221805102738537254478424752827
 517  -0.239177516224745191238668668899   0.221870872563173355408547943588
 518  -0.170344333524919300712024343353   0.221872926167271235376063998365
 519   0.376879306383231206462551948607   0.224677711190912974542593832941
 520   0.445712763748120009331486549400   0.224677711190912974542593832941
 521   0.308045879480984631014440640972   0.224677763953663643621526801458
 522   0.239212336681774641758392266742   0.224677912261514676103479865814
 523   0.069923322421976525130289051888   0.240651137194659433497819331730
 524  -0.067651512874408041817355131363   0.240807960566436417858163991036
 525   0.001199129209839497603737279335   0.240837709414363151325716019590
 526   0.138868680860335457524487043272   0.240846762216272348763639224767
 527  -0.411293589692755573548934721040   0.241663368704290831895190941362
 528  -0.480128763630676806587622648751   0.241663666329763854390861564611
 529  -0.342465906972896093176179531318   0.241675202978715719292563259462
 530  -0.273631912592508509182446290091   0.241676140764476357622134541508
 531  -0.204761384173383745627523328604   0.241742876064767739233658474725
 532  -0.135927596462199576613087006175   0.241743519733194799790277412078
 533   0.411296035065675607897019249003   0.244548218760348563776639983144
 534   0.480129492430564410765953849797   0.244548218760348563776639983144
 535   0.342462608175295930140803263239   0.244548271543653229657053442614
 536   0.273629150893955941585952553027   0.244548271688364092973939853473
 537   0.204780377950517458281946133090   0.244572703306705673308951069409
 538   0.104339849203923883479055764688   0.260521994461911100878673923160
 539  -0.033234287124243680924582107721   0.260679285086084603799068560239
 540   0.035615425492237456481771584080   0.260708965903832991286203744146
 541  -0.445711541667038951557258388385   0.261534154656920759430719325066
 542  -0.376882909009968543399409720618   0.261545406123273262290353826627
 543  -0.308048966056296867106734805454   0.261546228475782416266701878437
 544  -0.239177967047595712075233322899   0.261613636179332801780840481069
 545  -0.170344374766711979387552472236   0.261613941354439593362538650540
 546  -0.101510867469516380250392146148   0.261614026765281024042157337840
 547   0.445712763748120009331486549400   0.264418726329784153010686133347
 548   0.376879336861991160715184272305   0.264418779120451444856783183160
 549   0.308045879576400364011531863979   0.264418779257799645850313494024
 550   0.239211404969769686521144785645   0.264418927389464049262075844601
 551   0.168998500869134485438199859309   0.266761007795163178106353894165
 552   0.001183782277730349651758132154   0.280589311184709081718616608582
 553   0.070142385440522533169234484174   0.280787821605722456375444200867
 554  -0.480129004227135266433681969738   0.281404767133041034991096724984
 555  -0.411300172742613161295052715491   0.281415201472685535751748744880
 556  -0.342465479452359895572099318433   0.281417250364727433866822173888
 557  -0.273632867714776997611953889319   0.281417881682941458573466098723
 558  -0.204761242893108224446565327916   0.281484207397908624194146736153
 559  -0.135927595876040026698292071926   0.281484534872066107216766733994
 560  -0.067094141183740582000911030282   0.281484538485867824752541279041
 561   0.480129492430564410765953849797   0.284289233899219742244732283550
 562   0.411296065544436576677515355446   0.284289286689888791298410511840
 563   0.273628287863625624216763430300   0.284289286817864331261807581360
 564   0.342462608258844772954227775710   0.284289286827235222079726214554
 565   0.204682166172687504908647721748   0.284313597090246622657574473284
 566   0.133956303355574176578426231117   0.287021313844702507019457253564
 567   0.035606204229903039298816416540   0.300449979972881470365181742942
 568  -0.445717180816028883897477153766   0.301285392195270863576130472560
 569  -0.376882516069563110763586072317   0.301287436245358813424618076514
 570  -0.308049312795226421605865132954   0.301288889913499882877661657483
 571  -0.170344374126583877554132924756   0.301354956586787743722133357906
 572  -0.101510870889281097390009544722   0.301355048842615387945790633977
 573  -0.239174644826976594577140530258   0.301360475951286869271241742622
 574  -0.032688525799349010450634943089   0.301374282433171575918976381307
 575   0.445712794226881625957702991220   0.304159794259325502630184922200
 576   0.308045016557496349679774024395   0.304159794387300132274288776447
 577   0.376879336941289174390487284740   0.304159794396670811310668168347
 578   0.239118449655835733436938082303   0.304159833815684370597795976220
 579   0.168596247358780176545920866027   0.306500085975479664240469318363
 580   0.098697383477410025887908154588   0.308427658939051443903404921754
 581  -0.411299729249528360139416995720   0.321157240963486499324246585142
 582  -0.273632594371788987174296520960   0.321159415252046180863221658584
 583  -0.342465636125472855172126768702   0.321160099557002604313742693110
 584  -0.480129426402583255181066352281   0.321163829188963154827885284115
 585  -0.135927593616503118000294167379   0.321225567594713467827307992994
 586  -0.204757915878468173237273689349   0.321230983059886050837979764041
 587   0.001733888565440502169418910721   0.321234938856530820134917571160
 588  -0.067105388543350610949333247700   0.321245022920322352711141173946
 589   0.273553548079958550803101948069   0.324030231676193072204139420550
 590   0.342461937723422590526833837660   0.324030301960449552693502013294
 591   0.411296065623733575826099033503   0.324030301966106400542732075833
 592   0.480129492430564410760234847281   0.324030354619431263025543128689
 593   0.204251106311733311169675294450   0.324052274366475411895816442448
 594   0.133956256951011887896680842960   0.326762328983548621059150890352
 595   0.063511258260205264500447272379   0.328745849703884646058323786163
 596  -0.376882934386139206508348019409   0.341029620892919963166406087176
 597  -0.308048846674736429050389055336   0.341030747912133503147483680281
 598  -0.445712700650038743278781401755   0.341034479619926300347238305312
 599  -0.239174253060720995048270598141   0.341102168715386570917886401632
 600  -0.170340560577267479862718841170   0.341102589734856812798677025034
 601  -0.032688525386849947469868984300   0.341115297572042752246264321716
 602  -0.101535668366811367901601186040   0.341138996345961118089391827648
 603   0.238681871093236973639591744570   0.343898450845302643326276337387
 604   0.307970276762417049093494711715   0.343900739245607410529756946586
 605   0.376878715914731365346345018186   0.343900809530689647882359554070
 606   0.445712719237038128270268056097   0.343900939558539082386801283557
 607   0.168596231529237086864853145212   0.346241110198563335920089748596
 608   0.098153849525932740081575557203   0.348219913344119783937050192108
 609   0.028449749853160818647124489589   0.350656207352693169420349956711
 610  -0.273632117925612070723072370157   0.360901255413326936195118323837
 611  -0.342465094814214840757731351825   0.360902087783159738429075645417
 612  -0.480129445882704471589845360384   0.360905101635830886245016351059
 613  -0.411296328552911888774261897074   0.360905908176894113345052712137
 614  -0.204757528371960626128900557022   0.360972683279553697510819789718
 615  -0.067105393429568776891840299135   0.360986038059194734375526941948
 616  -0.135002674763668356011156556611   0.362570580840246796631156711195
 617   0.273098780886767850524269538865   0.363768644717833092440699005311
 618   0.342436479689660894017431026016   0.363771308945131070458105835109
 619   0.411295586180103948034754965761   0.363771317102085526641304004309
 620   0.480129492430564410765953849797   0.363771370032319938214404567059
 621   0.204251095353745754997402938709   0.363793308516211422509920282999
 622   0.133441050543588129936630068165   0.366500004388958758073745238024
 623   0.063967482334407306595530287173   0.368484246046239815159800495294
 624  -0.005965203420366140733923241374   0.370529789703365234777522157448
 625  -0.308048288967842756415319731115   0.380772728840822391618300716483
 626  -0.445713074498107052513488340655   0.380776388003941005883051358132
 627  -0.376879523345606845851492035347   0.380776578798672566195422944205
 628  -0.170309749178000000000000000000   0.380845246094000000000000000000
 629  -0.239166270583955322409669418506   0.380857027580461771062294700484
 630   0.307515509569224533172762346190   0.383639152287247409988074334836
 631   0.238681871093261536067642771573   0.383639465984173821794368630203
 632   0.376853208389966104364058640770   0.383641816483636481109372906781
 633   0.445712668664345141532786074162   0.383641954697378082546576665500
 634   0.168080991472313504215968520178   0.385978786246577601148915624873
 635  -0.096414386431164956879600907982   0.387937933631045483396462931530
 636   0.098547315270500557011366456169   0.388069532318844273690827728209
 637   0.027867357305000000000000000000   0.391964750512000000000000000000
 638  -0.043757835768892603532163083123   0.393145637489996989702156088701
 639  -0.273631518228294816612168289687   0.400643263632607268428509976856
 640  -0.411296265171862051458004464833   0.400647063602342648950227290388
 641  -0.342462702489460403252585038082   0.400647245875922451677309542960
 642  -0.480129491891164526331590627270   0.400647439914438742206929022453
 643  -0.204742333319632138826475545822   0.400715060522777795324389441260
 644  -0.135374094255705197658796304169   0.402309919817537064702108822511
 645   0.341932544800512580146221944071   0.403509128889052091614867162097
 646   0.273098780886792412952320565868   0.403509659856704270908791298127
 647   0.411295864911200372847362129007   0.403512332239979238582136623916
 648   0.480129480205439593533272960070   0.403512385171189236337011546187
 649   0.203735842470399881170814657495   0.403530994404857959415329209193
 650   0.133891880166852991068620687407   0.406238462297120909803055476712
 651   0.064296278883777270332415586862   0.408224303235511761695631382982
 652  -0.007874052897442514121069973818   0.410224935224472138112172231397
 653  -0.376879470262407475731108402550   0.420517685766924470067054919896
 654  -0.445712768209273014435561919211   0.420517961995315981043569535485
 655  -0.308038599863461059021414314134   0.420530479218716979694893704118
 656  -0.239151916426000000000000000000   0.420601079737000000000000000000
 657  -0.170503758944711943910242780742   0.420891080555581184469141720002
 658   0.238166626015048375296709133197   0.423377140888191108878334304732
 659   0.376349273500814552202679456052   0.423379636427557461199779808463
 660   0.307482696027841663014081165551   0.423437112928484449868800653158
 661   0.445680410780832966197157769675   0.423438478119379006671026197062
 662  -0.104166502595546294196431763045   0.426915554389948473074474572362
 663  -0.064425784832737982025504206734   0.427089477622725285067353591156
 664   0.166959271399367653278037721083   0.428281509303916513906444364509
 665   0.090240932574427526487553656601   0.438329732641003502026419981606
 666  -0.342462662613388471815501077015   0.440388290214059507832749142484
 667  -0.411296037775695409065574974555   0.440388472515784608006571122208
 668  -0.480129492430564410765953849797   0.440388477291693232298926770754
 669  -0.273616087803794473890834915653   0.440391059892593810846077381246
 670  -0.204911919614000000000000000000   0.440777627572000000000000000000
 671   0.272583535808579252181386927491   0.443247334760721557992756972656
 672   0.410766190722593046906566893998   0.443249817433709243460360582144
 673   0.341932544836227721417999270770   0.443250144027923270066910912766
 674   0.480129492430564410765953849797   0.443253400310058534459618525315
 675   0.203764348946655421072740667992   0.443272658392833014413080024208
 676   0.050314878104075953244080624397   0.445424689208043761752347567849
 677   0.010573861248963985393909250792   0.445424690165591660807430842484
 678  -0.029167175116171347580934478217   0.445424702008447217270889699255
 679  -0.139296158821754975427480711654   0.445496801498297551217200833638
 680   0.129290212213018161754276625398   0.445712282605286793543417323031
 681  -0.445712761978450051766963481167   0.460258987865560956692819355735
 682  -0.376874659659103732310745841143   0.460266999776719858564994030759
 683  -0.307752487299000000000000000000   0.460742161642000000000000000000
 684  -0.084674713572320095238254858444   0.461548189769128875253341737158
 685  -0.236168193566000000000000000000   0.465322398657000000000000000000
 686   0.237556639855000000000000000000   0.468179629767000000000000000000
 687  -0.159545181968702564761679191980   0.480021582006197076054672836356
 688   0.367941610822000000000000000000   0.480081892580000000000000000000
 689  -0.199287050611000000000000000000   0.480128968499000000000000000000
 690  -0.273049245869000000000000000000   0.480128970209000000000000000000
 691   0.109418871256484307280702354347   0.480129438757035213620636852806
 692  -0.342445609410254924213193916960   0.480129458345255765773656090995
 693  -0.119804269049916996345185241166   0.480129470480639743661046782182
 694  -0.411296022165615972763504825753   0.480129491499354682522154113839
 695  -0.049545189298964161371494394981   0.480129492430562857769264960543
 696   0.029936840978778195615264169518   0.480129492430563467034159684974
 697  -0.009804174160092982852828130887   0.480129492430563505824113671314
 698   0.069677856117649374083356469919   0.480129492430564135150384673502
 699  -0.480129492421363000190570028861   0.480129492430564410765953849797
 700   0.149159886395319240477675997146   0.480129492430564410765953849797
 701   0.188900901534190418945768297551   0.480129492430564410765953849797
 702   0.287384033431458025547449956393   0.480129492430564410765953849797
 703   0.327125048570329204015542256799   0.480129492430564410765953849797
 704   0.425572873551448536637768889693   0.480129492430564410765953849797
 705   0.465313888690319715105861190099   0.480129492430564410765953849797
