   1  -0.482287493965676131103335597247  -0.482287493965676131103335597247
   2  -0.420929573204037592470886592193  -0.482287493965676131103335597247
   3  -0.359571652442399053838437587139  -0.482287493965676131103335597247
   4  -0.298213731680760515205988582086  -0.482287493965676131103335597247
   5  -0.236855810919121976573539577032  -0.482287493965676131103335597247
   6  -0.175497890157483437941090571978  -0.482287493965676131103335597247
   7  -0.114139969395844899308641566924  -0.482287493965676131103335597247
   8  -0.052782048634206360676192561871  -0.482287493965676131103335597247
   9   0.008575872127432177956256443183  -0.482287493965676131103335597247
  10   0.069933792889070716588705448237  -0.482287493965676131103335597247
  11   0.131291713650709255221154453290  -0.482287493965676131103335597247
  12   0.192649634412347793853603458344  -0.482287493965676131103335597247
  13   0.254007555173986332486052463398  -0.482287493965676131103335597247
  14   0.315365475935624871118501468452  -0.482287493965676131103335597247
  15   0.376723396697263409750950473505  -0.482287493965676131103335597247
  16   0.438081317458901948383399478559  -0.482287493965676131103335597247
  17   0.482253047209000000000000000000  -0.471266417610000000000000000000
  18  -0.451608533584856861787111094720  -0.464574987931352262206671194494
  19  -0.390250612823218323154662089666  -0.464574987931352262206671194494
  20  -0.328892692061579784522213084612  -0.464574987931352262206671194494
  21  -0.267534771299941245889764079559  -0.464574987931352262206671194494
  22  -0.206176850538302707257315074505  -0.464574987931352262206671194494
  23  -0.144818929776664168624866069451  -0.464574987931352262206671194494
  24  -0.083461009015025629992417064398  -0.464574987931352262206671194494
  25  -0.022103088253387091359968059344  -0.464574987931352262206671194494
  26   0.039254832508251447272480945710  -0.464574987931352262206671194494
  27   0.100612753269889985904929950764  -0.464574987931352262206671194494
  28   0.161970674031528524537378955817  -0.464574987931352262206671194494
  29   0.223328594793167063169827960871  -0.464574987931352262206671194494
  30   0.284686515554805601802276965925  -0.464574987931352262206671194494
  31   0.346044436316444140434725970979  -0.464574987931352262206671194494
  32   0.407402357078082679067174976032  -0.464574987931352262206671194494
  33   0.451608533584856861787111094720  -0.449546908999222901599664017679
  34  -0.482287493965676131103335597247  -0.446862481897028393310006791740
  35  -0.420929573204037592470886592193  -0.446862481897028393310006791740
  36  -0.359571652442399053838437587139  -0.446862481897028393310006791740
  37  -0.298213731680760515205988582086  -0.446862481897028393310006791740
  38  -0.236855810919121976573539577032  -0.446862481897028393310006791740
  39  -0.175497890157483437941090571978  -0.446862481897028393310006791740
  40  -0.114139969395844899308641566924  -0.446862481897028393310006791740
  41  -0.052782048634206360676192561871  -0.446862481897028393310006791740
  42   0.008575872127432177956256443183  -0.446862481897028393310006791740
  43   0.069933792889070716588705448237  -0.446862481897028393310006791740
  44   0.131291713650709255221154453290  -0.446862481897028393310006791740
  45   0.192649634412347793853603458344  -0.446862481897028393310006791740
  46   0.254007555173986332486052463398  -0.446862481897028393310006791740
  47   0.315365475935624871118501468452  -0.446862481897028393310006791740
  48   0.376723396697263409750950473505  -0.446862481897028393310006791740
  49   0.420929573204037592470886592193  -0.431834402964899032702999614925
  50   0.482287493965676131103335597247  -0.431834402964899032702999614925
  51  -0.451608533584856861787111094720  -0.429149975862704524413342388987
  52  -0.390250612823218323154662089666  -0.429149975862704524413342388987
  53  -0.328892692061579784522213084612  -0.429149975862704524413342388987
  54  -0.267534771299941245889764079559  -0.429149975862704524413342388987
  55  -0.206176850538302707257315074505  -0.429149975862704524413342388987
  56  -0.144818929776664168624866069451  -0.429149975862704524413342388987
  57  -0.083461009015025629992417064398  -0.429149975862704524413342388987
  58  -0.022103088253387091359968059344  -0.429149975862704524413342388987
  59   0.039254832508251447272480945710  -0.429149975862704524413342388987
  60   0.100612753269889985904929950764  -0.429149975862704524413342388987
  61   0.161970674031528524537378955817  -0.429149975862704524413342388987
  62   0.223328594793167063169827960871  -0.429149975862704524413342388987
  63   0.284686515554805601802276965925  -0.429149975862704524413342388987
  64   0.346044436316444140434725970979  -0.429149975862704524413342388987
  65   0.390250612823218323154662089666  -0.414121896930575163806335212172
  66   0.451608533584856861787111094720  -0.414121896930575163806335212172
  67  -0.482287493965676131103335597247  -0.411437469828380655516677986234
  68  -0.420929573204037592470886592193  -0.411437469828380655516677986234
  69  -0.359571652442399053838437587139  -0.411437469828380655516677986234
  70  -0.298213731680760515205988582086  -0.411437469828380655516677986234
  71  -0.236855810919121976573539577032  -0.411437469828380655516677986234
  72  -0.175497890157483437941090571978  -0.411437469828380655516677986234
  73  -0.114139969395844899308641566924  -0.411437469828380655516677986234
  74  -0.052782048634206360676192561871  -0.411437469828380655516677986234
  75   0.008575872127432177956256443183  -0.411437469828380655516677986234
  76   0.069933792889070716588705448237  -0.411437469828380655516677986234
  77   0.131291713650709255221154453290  -0.411437469828380655516677986234
  78   0.192649634412347793853603458344  -0.411437469828380655516677986234
  79   0.254007555173986332486052463398  -0.411437469828380655516677986234
  80   0.315365475935624871118501468452  -0.411437469828380655516677986234
  81   0.359571652442399053838437587139  -0.396409390896251294909670809419
  82   0.420929573204037592470886592193  -0.396409390896251294909670809419
  83   0.482287493965676131103335597247  -0.396409390896251294909670809419
  84  -0.451608533584856861787111094720  -0.393724963794056786620013583481
  85  -0.390250612823218323154662089666  -0.393724963794056786620013583481
  86  -0.328892692061579784522213084612  -0.393724963794056786620013583481
  87  -0.267534771299941245889764079559  -0.393724963794056786620013583481
  88  -0.206176850538302707257315074505  -0.393724963794056786620013583481
  89  -0.144818929776664168624866069451  -0.393724963794056786620013583481
  90  -0.083461009015025629992417064398  -0.393724963794056786620013583481
  91  -0.022103088253387091359968059344  -0.393724963794056786620013583481
  92   0.039254832508251447272480945710  -0.393724963794056786620013583481
  93   0.100612753269889985904929950764  -0.393724963794056786620013583481
  94   0.161970674031528524537378955817  -0.393724963794056786620013583481
  95   0.223328594793167063169827960871  -0.393724963794056786620013583481
  96   0.284686515554805601802276965925  -0.393724963794056786620013583481
  97   0.328892692061579784522213084612  -0.378696884861927426013006406666
  98   0.390250612823218323154662089666  -0.378696884861927426013006406666
  99   0.451608533584856861787111094720  -0.378696884861927426013006406666
 100  -0.482287493965676131103335597247  -0.376012457759732917723349180727
 101  -0.420929573204037592470886592193  -0.376012457759732917723349180727
 102  -0.359571652442399053838437587139  -0.376012457759732917723349180727
 103  -0.298213731680760515205988582086  -0.376012457759732917723349180727
 104  -0.236855810919121976573539577032  -0.376012457759732917723349180727
 105  -0.175497890157483437941090571978  -0.376012457759732917723349180727
 106  -0.114139969395844899308641566924  -0.376012457759732917723349180727
 107  -0.052782048634206360676192561871  -0.376012457759732917723349180727
 108   0.008575872127432177956256443183  -0.376012457759732917723349180727
 109   0.069933792889070716588705448237  -0.376012457759732917723349180727
 110   0.131291713650709255221154453290  -0.376012457759732917723349180727
 111   0.192649634412347793853603458344  -0.376012457759732917723349180727
 112   0.254007555173986332486052463398  -0.376012457759732917723349180727
 113   0.298213731680760515205988582086  -0.360984378827603557116342003912
 114   0.359571652442399053838437587139  -0.360984378827603557116342003912
 115   0.420929573204037592470886592193  -0.360984378827603557116342003912
 116   0.482287493965676131103335597247  -0.360984378827603557116342003912
 117  -0.451608533584856861787111094720  -0.358299951725409048826684777974
 118  -0.390250612823218323154662089666  -0.358299951725409048826684777974
 119  -0.328892692061579784522213084612  -0.358299951725409048826684777974
 120  -0.267534771299941245889764079559  -0.358299951725409048826684777974
 121  -0.206176850538302707257315074505  -0.358299951725409048826684777974
 122  -0.144818929776664168624866069451  -0.358299951725409048826684777974
 123  -0.083461009015025629992417064398  -0.358299951725409048826684777974
 124  -0.022103088253387091359968059344  -0.358299951725409048826684777974
 125   0.039254832508251447272480945710  -0.358299951725409048826684777974
 126   0.100612753269889985904929950764  -0.358299951725409048826684777974
 127   0.161970674031528524537378955817  -0.358299951725409048826684777974
 128   0.223328594793167063169827960871  -0.358299951725409048826684777974
 129   0.267534771299941245889764079559  -0.343271872793279688219677601159
 130   0.328892692061579784522213084612  -0.343271872793279688219677601159
 131   0.390250612823218323154662089666  -0.343271872793279688219677601159
 132   0.451608533584856861787111094720  -0.343271872793279688219677601159
 133  -0.482287493965676131103335597247  -0.340587445691085179930020375221
 134  -0.420929573204037592470886592193  -0.340587445691085179930020375221
 135  -0.359571652442399053838437587139  -0.340587445691085179930020375221
 136  -0.298213731680760515205988582086  -0.340587445691085179930020375221
 137  -0.236855810919121976573539577032  -0.340587445691085179930020375221
 138  -0.175497890157483437941090571978  -0.340587445691085179930020375221
 139  -0.114139969395844899308641566924  -0.340587445691085179930020375221
 140  -0.052782048634206360676192561871  -0.340587445691085179930020375221
 141   0.008575872127432177956256443183  -0.340587445691085179930020375221
 142   0.069933792889070716588705448237  -0.340587445691085179930020375221
 143   0.131291713650709255221154453291  -0.340587445691085179930020375221
 144   0.192649634412347793853603458344  -0.340587445691085179930020375221
 145   0.236855810919121976573539577032  -0.325559366758955819323013198406
 146   0.298213731680760515205988582086  -0.325559366758955819323013198406
 147   0.359571652442399053838437587139  -0.325559366758955819323013198406
 148   0.420929573204037592470886592193  -0.325559366758955819323013198406
 149   0.482287493965676131103335597247  -0.325559366758955819323013198406
 150  -0.451608533584856861787111094720  -0.322874939656761311033355972468
 151  -0.390250612823218323154662089666  -0.322874939656761311033355972468
 152  -0.328892692061579784522213084612  -0.322874939656761311033355972468
 153  -0.267534771299941245889764079559  -0.322874939656761311033355972468
 154  -0.206176850538302707257315074505  -0.322874939656761311033355972468
 155  -0.144818929776664168624866069451  -0.322874939656761311033355972468
 156  -0.083461009015025629992417064398  -0.322874939656761311033355972468
 157  -0.022103088253387091359968059344  -0.322874939656761311033355972468
 158   0.039254832508251447272480945710  -0.322874939656761311033355972468
 159   0.100612753269889985904929950764  -0.322874939656761311033355972468
 160   0.161970674031528524537378955817  -0.322874939656761311033355972468
 161   0.206176850538302707257315074505  -0.307846860724631950426348795653
 162   0.267534771299941245889764079559  -0.307846860724631950426348795653
 163   0.328892692061579784522213084612  -0.307846860724631950426348795653
 164   0.390250612823218323154662089666  -0.307846860724631950426348795653
 165   0.451608533584856861787111094720  -0.307846860724631950426348795653
 166  -0.482287493965676131103335597247  -0.305162433622437442136691569714
 167  -0.420929573204037592470886592193  -0.305162433622437442136691569714
 168  -0.359571652442399053838437587139  -0.305162433622437442136691569714
 169  -0.298213731680760515205988582086  -0.305162433622437442136691569714
 170  -0.236855810919121976573539577032  -0.305162433622437442136691569714
 171  -0.175497890157483437941090571978  -0.305162433622437442136691569714
 172  -0.114139969395844899308641566924  -0.305162433622437442136691569714
 173  -0.052782048634206360676192561871  -0.305162433622437442136691569714
 174   0.008575872127432177956256443183  -0.305162433622437442136691569714
 175   0.069933792889070716588705448237  -0.305162433622437442136691569714
 176   0.131291713650709255221154453290  -0.305162433622437442136691569714
 177   0.175497890157483437941090571978  -0.290134354690308081529684392899
 178   0.236855810919121976573539577032  -0.290134354690308081529684392899
 179   0.298213731680760515205988582086  -0.290134354690308081529684392899
 180   0.359571652442399053838437587139  -0.290134354690308081529684392899
 181   0.420929573204037592470886592193  -0.290134354690308081529684392899
 182   0.482287493965676131103335597247  -0.290134354690308081529684392899
 183  -0.451608533584856861787111094720  -0.287449927588113573240027166961
 184  -0.390250612823218323154662089666  -0.287449927588113573240027166961
 185  -0.328892692061579784522213084612  -0.287449927588113573240027166961
 186  -0.267534771299941245889764079559  -0.287449927588113573240027166961
 187  -0.206176850538302707257315074505  -0.287449927588113573240027166961
 188  -0.144818929776664168624866069451  -0.287449927588113573240027166961
 189  -0.083461009015025629992417064398  -0.287449927588113573240027166961
 190  -0.022103088253387091359968059344  -0.287449927588113573240027166961
 191   0.039254832508251447272480945710  -0.287449927588113573240027166961
 192   0.100612753269889985904929950764  -0.287449927588113573240027166961
 193   0.144818929776664168624866069451  -0.272421848655984212633019990146
 194   0.206176850538302707257315074505  -0.272421848655984212633019990146
 195   0.267534771299941245889764079559  -0.272421848655984212633019990146
 196   0.328892692061579784522213084612  -0.272421848655984212633019990146
 197   0.390250612823218323154662089666  -0.272421848655984212633019990146
 198   0.451608533584856861787111094720  -0.272421848655984212633019990146
 199  -0.482287493965676131103335597247  -0.269737421553789704343362764208
 200  -0.420929573204037592470886592193  -0.269737421553789704343362764208
 201  -0.359571652442399053838437587139  -0.269737421553789704343362764208
 202  -0.298213731680760515205988582086  -0.269737421553789704343362764208
 203  -0.236855810919121976573539577032  -0.269737421553789704343362764208
 204  -0.175497890157483437941090571978  -0.269737421553789704343362764208
 205  -0.114139969395844899308641566924  -0.269737421553789704343362764208
 206  -0.052782048634206360676192561871  -0.269737421553789704343362764208
 207   0.008575872127432177956256443183  -0.269737421553789704343362764208
 208   0.069933792889070716588705448237  -0.269737421553789704343362764208
 209   0.114139969395844899308641566924  -0.254709342621660343736355587393
 210   0.175497890157483437941090571978  -0.254709342621660343736355587393
 211   0.236855810919121976573539577032  -0.254709342621660343736355587393
 212   0.298213731680760515205988582086  -0.254709342621660343736355587393
 213   0.359571652442399053838437587139  -0.254709342621660343736355587393
 214   0.420929573204037592470886592193  -0.254709342621660343736355587393
 215   0.482287493965676131103335597247  -0.254709342621660343736355587393
 216  -0.451608533584856861787111094720  -0.252024915519465835446698361455
 217  -0.390250612823218323154662089666  -0.252024915519465835446698361455
 218  -0.328892692061579784522213084612  -0.252024915519465835446698361455
 219  -0.267534771299941245889764079559  -0.252024915519465835446698361455
 220  -0.206176850538302707257315074505  -0.252024915519465835446698361455
 221  -0.144818929776664168624866069451  -0.252024915519465835446698361455
 222  -0.083461009015025629992417064398  -0.252024915519465835446698361455
 223  -0.022103088253387091359968059344  -0.252024915519465835446698361455
 224   0.039254832508251447272480945710  -0.252024915519465835446698361455
 225   0.083461009015025629992417064398  -0.236996836587336474839691184640
 226   0.144818929776664168624866069451  -0.236996836587336474839691184640
 227   0.206176850538302707257315074505  -0.236996836587336474839691184640
 228   0.267534771299941245889764079559  -0.236996836587336474839691184640
 229   0.328892692061579784522213084612  -0.236996836587336474839691184640
 230   0.390250612823218323154662089666  -0.236996836587336474839691184640
 231   0.451608533584856861787111094720  -0.236996836587336474839691184640
 232  -0.482287493965676131103335597247  -0.234312409485141966550033958701
 233  -0.420929573204037592470886592193  -0.234312409485141966550033958701
 234  -0.359571652442399053838437587139  -0.234312409485141966550033958701
 235  -0.298213731680760515205988582086  -0.234312409485141966550033958701
 236  -0.236855810919121976573539577032  -0.234312409485141966550033958701
 237  -0.175497890157483437941090571978  -0.234312409485141966550033958701
 238  -0.114139969395844899308641566924  -0.234312409485141966550033958701
 239  -0.052782048634206360676192561871  -0.234312409485141966550033958701
 240   0.008575872127432177956256443183  -0.234312409485141966550033958701
 241   0.052782048634206360676192561871  -0.219284330553012605943026781886
 242   0.114139969395844899308641566924  -0.219284330553012605943026781886
 243   0.175497890157483437941090571978  -0.219284330553012605943026781886
 244   0.236855810919121976573539577032  -0.219284330553012605943026781886
 245   0.298213731680760515205988582086  -0.219284330553012605943026781886
 246   0.359571652442399053838437587139  -0.219284330553012605943026781886
 247   0.420929573204037592470886592193  -0.219284330553012605943026781886
 248   0.482287493965676131103335597247  -0.219284330553012605943026781886
 249  -0.451608533584856861787111094720  -0.216599903450818097653369555948
 250  -0.390250612823218323154662089666  -0.216599903450818097653369555948
 251  -0.328892692061579784522213084612  -0.216599903450818097653369555948
 252  -0.267534771299941245889764079559  -0.216599903450818097653369555948
 253  -0.206176850538302707257315074505  -0.216599903450818097653369555948
 254  -0.144818929776664168624866069451  -0.216599903450818097653369555948
 255  -0.083461009015025629992417064398  -0.216599903450818097653369555948
 256  -0.022103088253387091359968059344  -0.216599903450818097653369555948
 257   0.022103088253387091359968059344  -0.201571824518688737046362379133
 258   0.083461009015025629992417064398  -0.201571824518688737046362379133
 259   0.144818929776664168624866069451  -0.201571824518688737046362379133
 260   0.206176850538302707257315074505  -0.201571824518688737046362379133
 261   0.267534771299941245889764079559  -0.201571824518688737046362379133
 262   0.328892692061579784522213084612  -0.201571824518688737046362379133
 263   0.390250612823218323154662089666  -0.201571824518688737046362379133
 264   0.451608533584856861787111094720  -0.201571824518688737046362379133
 265  -0.482287493965676131103335597247  -0.198887397416494228756705153195
 266  -0.420929573204037592470886592193  -0.198887397416494228756705153195
 267  -0.359571652442399053838437587139  -0.198887397416494228756705153195
 268  -0.298213731680760515205988582086  -0.198887397416494228756705153195
 269  -0.236855810919121976573539577032  -0.198887397416494228756705153195
 270  -0.175497890157483437941090571978  -0.198887397416494228756705153195
 271  -0.114139969395844899308641566924  -0.198887397416494228756705153195
 272  -0.052782048634206360676192561871  -0.198887397416494228756705153195
 273  -0.008575872127432177956256443183  -0.183859318484364868149697976380
 274   0.052782048634206360676192561871  -0.183859318484364868149697976380
 275   0.114139969395844899308641566924  -0.183859318484364868149697976380
 276   0.175497890157483437941090571978  -0.183859318484364868149697976380
 277   0.236855810919121976573539577032  -0.183859318484364868149697976380
 278   0.298213731680760515205988582086  -0.183859318484364868149697976380
 279   0.359571652442399053838437587139  -0.183859318484364868149697976380
 280   0.420929573204037592470886592193  -0.183859318484364868149697976380
 281   0.482287493965676131103335597247  -0.183859318484364868149697976380
 282  -0.451608533584856861787111094720  -0.181174891382170359860040750442
 283  -0.390250612823218323154662089666  -0.181174891382170359860040750442
 284  -0.328892692061579784522213084612  -0.181174891382170359860040750442
 285  -0.267534771299941245889764079559  -0.181174891382170359860040750442
 286  -0.206176850538302707257315074505  -0.181174891382170359860040750442
 287  -0.144818929776664168624866069451  -0.181174891382170359860040750442
 288  -0.083461009015025629992417064398  -0.181174891382170359860040750442
 289  -0.039254832508251447272480945710  -0.166146812450040999253033573627
 290   0.022103088253387091359968059344  -0.166146812450040999253033573627
 291   0.083461009015025629992417064398  -0.166146812450040999253033573627
 292   0.144818929776664168624866069451  -0.166146812450040999253033573627
 293   0.206176850538302707257315074505  -0.166146812450040999253033573627
 294   0.267534771299941245889764079559  -0.166146812450040999253033573627
 295   0.328892692061579784522213084612  -0.166146812450040999253033573627
 296   0.390250612823218323154662089666  -0.166146812450040999253033573627
 297   0.451608533584856861787111094720  -0.166146812450040999253033573627
 298  -0.482287493965676131103335597247  -0.163462385347846490963376347688
 299  -0.420929573204037592470886592193  -0.163462385347846490963376347688
 300  -0.359571652442399053838437587139  -0.163462385347846490963376347688
 301  -0.298213731680760515205988582086  -0.163462385347846490963376347688
 302  -0.236855810919121976573539577032  -0.163462385347846490963376347688
 303  -0.175497890157483437941090571978  -0.163462385347846490963376347688
 304  -0.114139969395844899308641566924  -0.163462385347846490963376347688
 305  -0.069933792889070716588705448237  -0.148434306415717130356369170873
 306  -0.008575872127432177956256443183  -0.148434306415717130356369170873
 307   0.052782048634206360676192561871  -0.148434306415717130356369170874
 308   0.114139969395844899308641566924  -0.148434306415717130356369170873
 309   0.175497890157483437941090571978  -0.148434306415717130356369170873
 310   0.236855810919121976573539577032  -0.148434306415717130356369170873
 311   0.298213731680760515205988582086  -0.148434306415717130356369170873
 312   0.359571652442399053838437587139  -0.148434306415717130356369170873
 313   0.420929573204037592470886592193  -0.148434306415717130356369170873
 314   0.482287493965676131103335597247  -0.148434306415717130356369170874
 315  -0.451608533584856861787111094720  -0.145749879313522622066711944935
 316  -0.390250612823218323154662089666  -0.145749879313522622066711944935
 317  -0.328892692061579784522213084612  -0.145749879313522622066711944935
 318  -0.267534771299941245889764079559  -0.145749879313522622066711944935
 319  -0.206176850538302707257315074505  -0.145749879313522622066711944935
 320  -0.144818929776664168624866069451  -0.145749879313522622066711944935
 321  -0.100612753269889985904929950764  -0.130721800381393261459704768120
 322  -0.039254832508251447272480945710  -0.130721800381393261459704768120
 323   0.022103088253387091359968059344  -0.130721800381393261459704768120
 324   0.083461009015025629992417064398  -0.130721800381393261459704768120
 325   0.144818929776664168624866069451  -0.130721800381393261459704768120
 326   0.206176850538302707257315074505  -0.130721800381393261459704768120
 327   0.267534771299941245889764079559  -0.130721800381393261459704768120
 328   0.328892692061579784522213084612  -0.130721800381393261459704768120
 329   0.390250612823218323154662089666  -0.130721800381393261459704768120
 330   0.451608533584856861787111094720  -0.130721800381393261459704768120
 331  -0.482287493965676131103335597247  -0.128037373279198753170047542182
 332  -0.420929573204037592470886592193  -0.128037373279198753170047542182
 333  -0.359571652442399053838437587139  -0.128037373279198753170047542182
 334  -0.298213731680760515205988582086  -0.128037373279198753170047542182
 335  -0.236855810919121976573539577032  -0.128037373279198753170047542182
 336  -0.175497890157483437941090571978  -0.128037373279198753170047542182
 337  -0.131291713650709255221154453290  -0.113009294347069392563040365367
 338  -0.069933792889070716588705448237  -0.113009294347069392563040365367
 339  -0.008575872127432177956256443183  -0.113009294347069392563040365367
 340   0.052782048634206360676192561871  -0.113009294347069392563040365367
 341   0.114139969395844899308641566924  -0.113009294347069392563040365367
 342   0.175497890157483437941090571978  -0.113009294347069392563040365367
 343   0.236855810919121976573539577032  -0.113009294347069392563040365367
 344   0.298213731680760515205988582086  -0.113009294347069392563040365367
 345   0.359571652442399053838437587139  -0.113009294347069392563040365367
 346   0.420929573204037592470886592193  -0.113009294347069392563040365367
 347   0.482287493965676131103335597247  -0.113009294347069392563040365367
 348  -0.451608533584856861787111094720  -0.110324867244874884273383139429
 349  -0.390250612823218323154662089666  -0.110324867244874884273383139429
 350  -0.328892692061579784522213084612  -0.110324867244874884273383139429
 351  -0.267534771299941245889764079559  -0.110324867244874884273383139429
 352  -0.206176850538302707257315074505  -0.110324867244874884273383139429
 353  -0.161970674031528524537378955817  -0.095296788312745523666375962614
 354  -0.100612753269889985904929950764  -0.095296788312745523666375962614
 355  -0.039254832508251447272480945710  -0.095296788312745523666375962614
 356   0.022103088253387091359968059344  -0.095296788312745523666375962614
 357   0.083461009015025629992417064398  -0.095296788312745523666375962614
 358   0.144818929776664168624866069451  -0.095296788312745523666375962614
 359   0.206176850538302707257315074505  -0.095296788312745523666375962614
 360   0.267534771299941245889764079559  -0.095296788312745523666375962614
 361   0.328892692061579784522213084612  -0.095296788312745523666375962614
 362   0.390250612823218323154662089666  -0.095296788312745523666375962614
 363   0.451608533584856861787111094720  -0.095296788312745523666375962614
 364  -0.482287493965676131103335597247  -0.092612361210551015376718736675
 365  -0.420929573204037592470886592193  -0.092612361210551015376718736675
 366  -0.359571652442399053838437587139  -0.092612361210551015376718736675
 367  -0.298213731680760515205988582086  -0.092612361210551015376718736675
 368  -0.236855810919121976573539577032  -0.092612361210551015376718736675
 369  -0.008575872127432177956256443183  -0.077584282278421654769711559861
 370   0.175497890157483437941090571978  -0.077584282278421654769711559861
 371   0.298213731680760515205988582086  -0.077584282278421654769711559861
 372   0.420929573204037592470886592193  -0.077584282278421654769711559861
 373   0.482287493965676131103335597247  -0.077584282278421654769711559861
 374  -0.192649634412347793853603458344  -0.077584282278421654769711559860
 375  -0.131291713650709255221154453290  -0.077584282278421654769711559860
 376  -0.069933792889070716588705448237  -0.077584282278421654769711559860
 377   0.052782048634206360676192561871  -0.077584282278421654769711559860
 378   0.114139969395844899308641566924  -0.077584282278421654769711559860
 379   0.236855810919121976573539577032  -0.077584282278421654769711559860
 380   0.359571652442399053838437587139  -0.077584282278421654769711559860
 381  -0.451608533584856861787111094720  -0.074899855176227146480054333922
 382  -0.390250612823218323154662089666  -0.074899855176227146480054333922
 383  -0.328892692061579784522213084612  -0.074899855176227146480054333922
 384  -0.267534771299941245889764079559  -0.074899855176227146480054333922
 385  -0.223328594793167063169827960871  -0.059871776244097785873047157107
 386  -0.161970674031528524537378955817  -0.059871776244097785873047157107
 387  -0.100612753269889985904929950764  -0.059871776244097785873047157107
 388  -0.039254832508251447272480945710  -0.059871776244097785873047157107
 389   0.022103088253387091359968059344  -0.059871776244097785873047157107
 390   0.083461009015025629992417064398  -0.059871776244097785873047157107
 391   0.144818929776664168624866069451  -0.059871776244097785873047157107
 392   0.206176850538302707257315074505  -0.059871776244097785873047157107
 393   0.267534771299941245889764079559  -0.059871776244097785873047157107
 394   0.328892692061579784522213084612  -0.059871776244097785873047157107
 395   0.390250612823218323154662089666  -0.059871776244097785873047157107
 396   0.451608533584856861787111094720  -0.059871776244097785873047157107
 397  -0.482287493965676131103335597247  -0.057187349141903277583389931169
 398  -0.420929573204037592470886592193  -0.057187349141903277583389931169
 399  -0.359571652442399053838437587139  -0.057187349141903277583389931169
 400  -0.298213731680760515205988582086  -0.057187349141903277583389931169
 401  -0.254007555173986332486052463398  -0.042159270209773916976382754354
 402  -0.192649634412347793853603458344  -0.042159270209773916976382754354
 403  -0.131291713650709255221154453290  -0.042159270209773916976382754354
 404  -0.069933792889070716588705448237  -0.042159270209773916976382754354
 405  -0.008575872127432177956256443183  -0.042159270209773916976382754354
 406   0.052782048634206360676192561871  -0.042159270209773916976382754354
 407   0.114139969395844899308641566924  -0.042159270209773916976382754354
 408   0.175497890157483437941090571978  -0.042159270209773916976382754354
 409   0.236855810919121976573539577032  -0.042159270209773916976382754354
 410   0.298213731680760515205988582086  -0.042159270209773916976382754354
 411   0.359571652442399053838437587139  -0.042159270209773916976382754354
 412   0.420929573204037592470886592193  -0.042159270209773916976382754354
 413   0.482287493965676131103335597247  -0.042159270209773916976382754354
 414  -0.451608533584856861787111094720  -0.039474843107579408686725528416
 415  -0.390250612823218323154662089666  -0.039474843107579408686725528416
 416  -0.328892692061579784522213084612  -0.039474843107579408686725528416
 417  -0.284686515554805601802276965925  -0.024446764175450048079718351601
 418  -0.223328594793167063169827960871  -0.024446764175450048079718351601
 419  -0.161970674031528524537378955817  -0.024446764175450048079718351601
 420  -0.100612753269889985904929950764  -0.024446764175450048079718351601
 421  -0.039254832508251447272480945710  -0.024446764175450048079718351601
 422   0.022103088253387091359968059344  -0.024446764175450048079718351601
 423   0.083461009015025629992417064398  -0.024446764175450048079718351601
 424   0.144818929776664168624866069451  -0.024446764175450048079718351601
 425   0.206176850538302707257315074505  -0.024446764175450048079718351601
 426   0.267534771299941245889764079559  -0.024446764175450048079718351601
 427   0.328892692061579784522213084612  -0.024446764175450048079718351601
 428   0.390250612823218323154662089666  -0.024446764175450048079718351601
 429   0.451608533584856861787111094720  -0.024446764175450048079718351601
 430  -0.482287493965676131103335597247  -0.021762337073255539790061125662
 431  -0.420929573204037592470886592193  -0.021762337073255539790061125662
 432  -0.359571652442399053838437587139  -0.021762337073255539790061125662
 433  -0.131291713650709255221154453291  -0.006734258141126179183053948848
 434  -0.069933792889070716588705448237  -0.006734258141126179183053948848
 435  -0.008575872127432177956256443183  -0.006734258141126179183053948848
 436   0.114139969395844899308641566924  -0.006734258141126179183053948848
 437   0.175497890157483437941090571978  -0.006734258141126179183053948848
 438   0.236855810919121976573539577032  -0.006734258141126179183053948848
 439   0.298213731680760515205988582086  -0.006734258141126179183053948848
 440   0.359571652442399053838437587139  -0.006734258141126179183053948848
 441   0.420929573204037592470886592193  -0.006734258141126179183053948848
 442   0.482287493965676131103335597247  -0.006734258141126179183053948848
 443  -0.315365475935624871118501468452  -0.006734258141126179183053948847
 444  -0.254007555173986332486052463398  -0.006734258141126179183053948847
 445  -0.192649634412347793853603458344  -0.006734258141126179183053948847
 446   0.052782048634206360676192561871  -0.006734258141126179183053948847
 447  -0.451608533584856861787111094720  -0.004049831038931670893396722909
 448  -0.390250612823218323154662089666  -0.004049831038931670893396722909
 449  -0.346044436316444140434725970979   0.010978247893197689713610453906
 450  -0.284686515554805601802276965925   0.010978247893197689713610453906
 451  -0.223328594793167063169827960871   0.010978247893197689713610453906
 452  -0.161970674031528524537378955817   0.010978247893197689713610453906
 453  -0.100612753269889985904929950764   0.010978247893197689713610453906
 454  -0.039254832508251447272480945710   0.010978247893197689713610453906
 455   0.022103088253387091359968059344   0.010978247893197689713610453906
 456   0.083461009015025629992417064398   0.010978247893197689713610453906
 457   0.144818929776664168624866069451   0.010978247893197689713610453906
 458   0.206176850538302707257315074505   0.010978247893197689713610453906
 459   0.267534771299941245889764079559   0.010978247893197689713610453906
 460   0.328892692061579784522213084612   0.010978247893197689713610453906
 461   0.390250612823218323154662089666   0.010978247893197689713610453906
 462   0.451608533584856861787111094720   0.010978247893197689713610453906
 463  -0.482287493965676131103335597247   0.013662674995392198003267679844
 464  -0.420929573204037592470886592193   0.013662674995392198003267679844
 465  -0.376723396697263409750950473505   0.028690753927521558610274856659
 466  -0.315365475935624871118501468452   0.028690753927521558610274856659
 467  -0.254007555173986332486052463398   0.028690753927521558610274856659
 468  -0.192649634412347793853603458344   0.028690753927521558610274856659
 469  -0.131291713650709255221154453290   0.028690753927521558610274856659
 470  -0.069933792889070716588705448237   0.028690753927521558610274856659
 471  -0.008575872127432177956256443183   0.028690753927521558610274856659
 472   0.052782048634206360676192561871   0.028690753927521558610274856659
 473   0.114139969395844899308641566924   0.028690753927521558610274856659
 474   0.175497890157483437941090571978   0.028690753927521558610274856659
 475   0.236855810919121976573539577032   0.028690753927521558610274856659
 476   0.298213731680760515205988582086   0.028690753927521558610274856659
 477   0.359571652442399053838437587139   0.028690753927521558610274856659
 478   0.420929573204037592470886592193   0.028690753927521558610274856659
 479   0.482287493965676131103335597247   0.028690753927521558610274856659
 480  -0.451608533584856861787111094720   0.031375181029716066899932082597
 481  -0.407402357078082679067174976032   0.046403259961845427506939259412
 482  -0.346044436316444140434725970979   0.046403259961845427506939259412
 483  -0.284686515554805601802276965925   0.046403259961845427506939259412
 484  -0.223328594793167063169827960871   0.046403259961845427506939259412
 485  -0.161970674031528524537378955817   0.046403259961845427506939259412
 486  -0.100612753269889985904929950764   0.046403259961845427506939259412
 487  -0.039254832508251447272480945710   0.046403259961845427506939259412
 488   0.022103088253387091359968059344   0.046403259961845427506939259412
 489   0.083461009015025629992417064398   0.046403259961845427506939259412
 490   0.144818929776664168624866069451   0.046403259961845427506939259412
 491   0.206176850538302707257315074505   0.046403259961845427506939259412
 492   0.267534771299941245889764079559   0.046403259961845427506939259412
 493   0.328892692061579784522213084612   0.046403259961845427506939259412
 494   0.390250612823218323154662089666   0.046403259961845427506939259412
 495   0.451608533584856861787111094720   0.046403259961845427506939259412
 496  -0.482287493965676131103335597247   0.049087687064039935796596485351
 497  -0.315365475935624871118501468452   0.064115765996169296403603662165
 498  -0.254007555173986332486052463398   0.064115765996169296403603662165
 499  -0.192649634412347793853603458344   0.064115765996169296403603662165
 500  -0.131291713650709255221154453290   0.064115765996169296403603662165
 501  -0.069933792889070716588705448237   0.064115765996169296403603662165
 502  -0.008575872127432177956256443183   0.064115765996169296403603662165
 503   0.052782048634206360676192561871   0.064115765996169296403603662165
 504   0.114139969395844899308641566924   0.064115765996169296403603662165
 505   0.175497890157483437941090571978   0.064115765996169296403603662165
 506   0.236855810919121976573539577032   0.064115765996169296403603662165
 507   0.298213731680760515205988582086   0.064115765996169296403603662165
 508   0.359571652442399053838437587139   0.064115765996169296403603662165
 509   0.420929573204037592470886592193   0.064115765996169296403603662165
 510   0.482287493965676131103335597247   0.064115765996169296403603662165
 511  -0.438081317458901948383399478559   0.064115765996169296403603662166
 512  -0.376723396697263409750950473505   0.064115765996169296403603662166
 513  -0.407402357078082679067174976032   0.081828272030493165300268064919
 514  -0.346044436316444140434725970979   0.081828272030493165300268064919
 515  -0.284686515554805601802276965925   0.081828272030493165300268064919
 516  -0.223328594793167063169827960871   0.081828272030493165300268064919
 517  -0.161970674031528524537378955817   0.081828272030493165300268064919
 518  -0.100612753269889985904929950764   0.081828272030493165300268064919
 519  -0.039254832508251447272480945710   0.081828272030493165300268064919
 520   0.022103088253387091359968059344   0.081828272030493165300268064919
 521   0.144818929776664168624866069451   0.081828272030493165300268064919
 522   0.206176850538302707257315074505   0.081828272030493165300268064919
 523   0.267534771299941245889764079559   0.081828272030493165300268064919
 524   0.328892692061579784522213084612   0.081828272030493165300268064919
 525   0.390250612823218323154662089666   0.081828272030493165300268064919
 526   0.451608533584856861787111094720   0.081828272030493165300268064919
 527   0.083461009015025629992417400775   0.081828272030493165300268647542
 528  -0.482287493965676131103335597247   0.084512699132687673589925290857
 529  -0.449401822104292268522027701761   0.097683274909365909376446371102
 530  -0.376723396697263409750950473505   0.099540778064817034196932467672
 531  -0.315365475935624871118501468452   0.099540778064817034196932467672
 532  -0.254007555173986332486052463398   0.099540778064817034196932467672
 533  -0.192649634412347793853603458344   0.099540778064817034196932467672
 534  -0.131291713650709255221154453290   0.099540778064817034196932467672
 535  -0.069933792889070716588705448237   0.099540778064817034196932467672
 536  -0.008575872127432177956256443183   0.099540778064817034196932467672
 537   0.052782048634206360676192561871   0.099540778064817034196932467672
 538   0.175497890157483437941090571978   0.099540778064817034196932467672
 539   0.236855810919121976573539577032   0.099540778064817034196932467672
 540   0.298213731680760515205988582086   0.099540778064817034196932467672
 541   0.359571652442399053838437587139   0.099540778064817034196932467672
 542   0.420929573204037592470886592193   0.099540778064817034196932467672
 543   0.482287493965676131103335597247   0.099540778064817034196932467672
 544   0.114139969395844899308641913309   0.099540778064817034196933067627
 545  -0.418722861723472999205803199234   0.115395780943689778273110773855
 546  -0.346044436316444140434725970979   0.117253284099140903093596870425
 547  -0.284686515554805601802276965925   0.117253284099140903093596870425
 548  -0.223328594793167063169827960871   0.117253284099140903093596870425
 549  -0.161970674031528524537378955817   0.117253284099140903093596870425
 550  -0.100612753269889985904929950764   0.117253284099140903093596870425
 551  -0.039254832508251447272480945710   0.117253284099140903093596870425
 552   0.022103088253387091359968059344   0.117253284099140903093596870425
 553   0.206176850538302707257315074505   0.117253284099140903093596870425
 554   0.267534771299941245889764079559   0.117253284099140903093596870425
 555   0.390250612823218323154662089666   0.117253284099140903093596870425
 556   0.451608533584856861787111094720   0.117253284099140903093596870425
 557   0.328892692061579784522213084613   0.117253284099140903093596870427
 558   0.144818929776664168624866424654   0.117253284099140903093597485655
 559   0.083461009015025629992826615099   0.117253284099140903094306233048
 560  -0.482287493965676131103335597247   0.119937711201335411383254096364
 561  -0.449401822104292268522027701761   0.133108286978013647169775176608
 562  -0.388043901342653729889578696707   0.133108286978013647169775176608
 563  -0.315365475935624871118501468452   0.134965790133464771990261273178
 564  -0.254007555173986332486052463398   0.134965790133464771990261273178
 565  -0.192649634412347793853603458344   0.134965790133464771990261273178
 566  -0.131291713650709255221154453290   0.134965790133464771990261273178
 567  -0.069933792889070716588705448237   0.134965790133464771990261273178
 568  -0.008575872127432177956256443183   0.134965790133464771990261273178
 569   0.052782048634206360676192561871   0.134965790133464771990261273178
 570   0.298213731680760515205988582086   0.134965790133464771990261273178
 571   0.420929573204037592470886592193   0.134965790133464771990261273178
 572   0.482287493965676131103335597247   0.134965790133464771990261273178
 573   0.359571652442399053838437587140   0.134965790133464771990261273180
 574   0.236855810919121976573539222456   0.134965790133464771990261887322
 575   0.175497890157483437941090929773   0.134965790133464771990261892897
 576   0.114139969395844899309060315065   0.134965790133464771990986566233
 577  -0.418722861723472999205803199234   0.150820793012337516066439579362
 578  -0.357364940961834460573354194180   0.150820793012337516066439579362
 579  -0.284686515554805601802276965925   0.152678296167788640886925675932
 580  -0.223328594793167063169827960871   0.152678296167788640886925675932
 581  -0.161970674031528524537378955817   0.152678296167788640886925675932
 582  -0.100612753269889985904929950764   0.152678296167788640886925675932
 583  -0.039254832508251447272480945710   0.152678296167788640886925675932
 584   0.022103088253387091359968059344   0.152678296167788640886925675932
 585   0.267534771299941245889764079559   0.152678296167788640886925675932
 586   0.390250612823218323154662089667   0.152678296167788640886925675933
 587   0.451608533584856861786908822253   0.152678296167788640887276022122
 588   0.144818929776664168625292053491   0.152678296167788640887663501931
 589   0.206176850538302707256885034672   0.152678296167788640887671773327
 590   0.328892692061579784524623797288   0.152678296167788640891101152767
 591   0.083461009015025646118081413023   0.152678296167788668817395633552
 592  -0.482287493965676131103335597247   0.155362723269983149176582901870
 593  -0.449401822104292268522027701761   0.168533299046661384963103982115
 594  -0.388043901342653729889578696707   0.168533299046661384963103982115
 595  -0.326685980581015191257129691653   0.168533299046661384963103982115
 596  -0.254007555173986332486052463398   0.170390802202112509783590078685
 597  -0.192649634412347793853603458344   0.170390802202112509783590078685
 598  -0.131291713650709255221154453290   0.170390802202112509783590078685
 599  -0.069933792889070716588705448237   0.170390802202112509783590078685
 600  -0.008575872127432177956256443183   0.170390802202112509783590078685
 601   0.052782048634206360676192561871   0.170390802202112509783590078685
 602   0.298213731680760515205988582086   0.170390802202112509783590078685
 603   0.482287493965676131103335597247   0.170390802202112509783590078685
 604   0.236855810919121976573539967499   0.170390802202112509783590754994
 605   0.420929573204037592470675149425   0.170390802202112509783956308306
 606   0.175497890157483437939851488246   0.170390802202112509787348595363
 607   0.359571652442399053840935481084   0.170390802202112509787916557909
 608   0.114139969395845088532257938027   0.170390802202112837528507625352
 609  -0.418722861723472999205803199234   0.186245805080985253859768384868
 610  -0.357364940961834460573354194180   0.186245805080985253859768384868
 611  -0.296007020200195921940905189126   0.186245805080985253859768384868
 612  -0.161970674031528524537378955817   0.188103308236436378680254481438
 613  -0.100612753269889985904929950764   0.188103308236436378680254481438
 614  -0.039254832508251447272480945710   0.188103308236436378680254481438
 615   0.022103088253387091359968059344   0.188103308236436378680254481438
 616   0.267534771299941245889764473464   0.188103308236436378680255163701
 617   0.206176850538302707257800321048   0.188103308236436378681094953104
 618   0.390250612823218323157062031834   0.188103308236436378685148149534
 619  -0.223328594793167063318764727850   0.188103308236436378938220528961
 620   0.083461009015025646118081413027   0.188103308236436406610724439059
 621   0.451608533584856738999889339301   0.188103308236436591353961082051
 622   0.144818929776664363236430589324   0.188103308236436715763276642979
 623   0.328892692061658113126015228262   0.188103308236572047801725034206
 624  -0.482287493965676131103335597247   0.190787735338630886969911707377
 625  -0.449401822104292268522027701761   0.203958311115309122756432787621
 626  -0.388043901342653729889578696707   0.203958311115309122756432787621
 627  -0.326685980581015191257129691653   0.203958311115309122756432787622
 628  -0.265328059819376652624680686600   0.203958311115309122756432787622
 629  -0.192649634412347793853603458344   0.205815814270760247576918884191
 630  -0.069933792889070716588705448237   0.205815814270760247576918884191
 631  -0.008575872127432177956256443183   0.205815814270760247576918884191
 632   0.052782048634206360676192561875   0.205815814270760247576918884191
 633   0.298213731680760515205989382030   0.205815814270760247576918884191
 634   0.482287493965676131103335597247   0.205815814270760247576918884191
 635  -0.131291713650709255221154453290   0.205815814270760247576918884192
 636   0.236855810919121976574037796562   0.205815814270760247577781825730
 637   0.420929573204037467554038503300   0.205815814270760463948439681497
 638   0.175497890157483636350185662805   0.205815814270760591231552265263
 639   0.359571652442485756073858382490   0.205815814270910420254550885943
 640   0.114139969402457752596251315026   0.205815814282214045455025082066
 641  -0.418722861723472999205803199234   0.221670817149632991653097190375
 642  -0.357364940961834460573354194180   0.221670817149632991653097190375
 643  -0.296007020200195921940905189126   0.221670817149632991653097190376
 644  -0.234649099438557383457393008313   0.221670817149632991911063337077
 645  -0.100612753269889985904929950764   0.223528320305084116473583286945
 646   0.022103088253387091359968059348   0.223528320305084116473583286945
 647  -0.161970674031528524537378955818   0.223528320305084116473583286946
 648  -0.039254832508251447272480945708   0.223528320305084116473583286947
 649   0.267534771299941245890262816561   0.223528320305084116474445739228
 650   0.083461009015025646120373771997   0.223528320305084144404053244565
 651   0.206176850538302922061580849614   0.223528320305084488525485291957
 652   0.390250612823309993414671583338   0.223528320305243326755310236616
 653   0.328892692064970762804420767588   0.223528320310957463145264845550
 654   0.451608533578475220633712237612   0.223528320316137443191541043605
 655   0.144818929783390109205610479741   0.223528320316733787283014167129
 656  -0.482287493965676131103335597247   0.226212747407278624763240512883
 657  -0.449401822104292268522027701761   0.239383323183956860549761593128
 658  -0.388043901342653729889578696707   0.239383323183956860549761593128
 659  -0.203970139057738113992231681546   0.239383323183956860549761593128
 660  -0.265328059819376652773617616865   0.239383323183956860807727923473
 661  -0.326685980581015128798773223227   0.239383323183956968730808353690
 662  -0.131291713650709255221154453290   0.241240826339407985370247689698
 663  -0.069933792889070716588705448237   0.241240826339407985370247689698
 664  -0.008575872127432177956256443179   0.241240826339407985370247689698
 665   0.052782048634206360678084523041   0.241240826339407985370247689698
 666   0.298213731680760515206995750227   0.241240826339407985370247689698
 667   0.482287493965676131103335597240   0.241240826339407985370247689698
 668   0.236855810919122195032264618071   0.241240826339408363751857431947
 669   0.359571652445860525352075346228   0.241240826345403862633385883353
 670   0.420929573197749781543818028632   0.241240826350623830807494207723
 671   0.175497890164480929090569605744   0.241240826351527995561130412390
 672   0.114139971693484905158190242342   0.241240830319036620391445584132
 673  -0.418722861723472999205803199234   0.257095829218280729446425995881
 674  -0.357364940961834460573354194180   0.257095829218280729446425995881
 675  -0.173291178676918844676007179020   0.257095829218280729446425995882
 676  -0.296007020200195859631485645457   0.257095829218280837885439096330
 677  -0.234649099438557528996442596796   0.257095829218280981785420515121
 678   0.022103088253387091361847958258   0.258953332373731854266912092451
 679  -0.100612753269889985904929950765   0.258953332373731854266912092454
 680  -0.039254832508251447272101307970   0.258953332373731854267569644297
 681   0.083461009015026332417665127841   0.258953332373731882197382050065
 682   0.206176850545478346640546942326   0.258953332386160426249646909461
 683   0.390250612820380724051399118321   0.258953332390923641878520644745
 684   0.328892692261888874259419014910   0.258953332720677803266866716764
 685   0.267534768999897648838567360194   0.258953336357524397497114055450
 686   0.144818951042725987461801164384   0.258953369207580370000398810592
 687   0.451608495621685264127167263982   0.258953398128036422611920642032
 688  -0.482287493965676131103335597247   0.261637759475926362556569318390
 689  -0.449401822104292268522027701761   0.274808335252604598343090398634
 690  -0.388043901342653729889578696707   0.274808335252604598343090398634
 691  -0.203970139057738113992231681548   0.274808335252604598343090398634
 692  -0.142612218296099575359782676492   0.274808335252604598343090398634
 693  -0.265328059819376735854310635273   0.274808335252604958863131880838
 694  -0.326685980533217512760360274197   0.274808335335392606241304096850
 695   0.052782048634207046975776276690   0.276665838408055723163576495198
 696   0.298213731680760270509543479884   0.276665838408055723163576495203
 697  -0.069933792889070716588705448232   0.276665838408055723163576495204
 698  -0.008575872127432177954528874584   0.276665838408055723163576495204
 699   0.482287493965676097850259898345   0.276665838408055723163576495204
 700   0.359571652638701192335800809574   0.276665838770167649627592158848
 701   0.114139971693537481795928707942   0.276665842387684358184774350623
 702   0.236855808626618645488614261759   0.276665842404908390143523137699
 703   0.420929535244316238374627946888   0.276665904168336322521109690325
 704   0.175497930573196383541174525857   0.276665908409939597242184342790
 705  -0.418722861723472999205803199234   0.292520841286928467239754801388
 706  -0.357364940961834460573354194180   0.292520841286928467239754801388
 707  -0.111933257915280306043558173967   0.292520841286928467239754801390
 708  -0.173291178676918929824510225751   0.292520841286928614721288266756
 709  -0.296007020152397838554223738927   0.292520841369717680589918258765
 710  -0.234649100983084598470874856285   0.292520843962128024571125710536
 711   0.022103088253387777659551774163   0.294378344442379592060240897951
 712  -0.039254832508251447270390420851   0.294378344442379592060937874229
 713   0.083461009015078909055403593441   0.294378344442379619990710816555
 714   0.144818951042826877616023887628   0.294378381276228107793727472431
 715   0.390250575066331136440998793848   0.294378410553979273042730921078
 716   0.206176896454052349915912761232   0.294378431938113337448152764190
 717   0.328892797583186309843998982673   0.294378527232017443343610213479
 718   0.451608283257380363449417751381   0.294378778029309942568365767638
 719   0.267534320215938905876412158145   0.294379125746168991848428805794
 720  -0.482287493965676131103335597247   0.297062771544574100349898123896
 721  -0.203970139057738300111338827400   0.310233347321252336136419204140
 722  -0.449401822104292268522027701761   0.310233347321252336136419204141
 723  -0.388043901342653729889578696707   0.310233347321252336136419204141
 724  -0.081254297534461036727333671438   0.310233347321252336136419204140
 725  -0.142612218296099575359782676495   0.310233347321252336136419204141
 726  -0.326685979062771988978117656363   0.310233349950926961004910761088
 727  -0.265328061316105750356258540053   0.310233350079240831489629029130
 728   0.298213731669446477403096804793   0.312090850476703460955098640571
 729   0.052782048634259623613514742289   0.312090850476703460956905261688
 730   0.482287493965663730731665279770   0.312090850476703460956905298552
 731  -0.008575872127431491656672728364   0.312090850476703460956905300704
 732   0.114139971693638371950151431185   0.312090854456332095978103012462
 733   0.359571723176486095067314618613   0.312091104498853644080483504705
 734   0.175498112507161165931816015333   0.312091243561449979882877598906
 735   0.420929318770164657648250775174   0.312091291879659862393258135375
 736   0.236855408043372610303710657618   0.312091715279373939153058432284
 737  -0.050575337153641767411105413475   0.327945853355576205033077102287
 738  -0.418722861723472999205803199234   0.327945853355576205033083606894
 739  -0.357364940961834460573354194180   0.327945853355576205033083606894
 740  -0.111933257915280399629117448076   0.327945853355576367128039998090
 741  -0.173291178766745036465774955339   0.327945853511159409784562882208
 742  -0.296006386757774933844135207441   0.327946955814915332825746599699
 743  -0.234650608702199507474735286160   0.327948467385808037906479142063
 744   0.022103088253440354297290239762   0.329803356511027329853569664441
 745   0.083461009015179799209626316684   0.329803356511027357784039478395
 746   0.144818946447547754536022783424   0.329803393344875547540718592934
 747   0.328892920144309415748811441480   0.329803883066225417721987681660
 748   0.390250461776039228453222654863   0.329803994664044828227742349349
 749   0.206176624096481426319613911719   0.329804526902710581587783267000
 750   0.451606621967567606221795940628   0.329806667938671572723603641137
 751   0.267498177216411234207482232168   0.329866758949410637103710975732
 752  -0.482287493965676131103335597247   0.332487783613221838143226929402
 753  -0.019896376772822386244458349531   0.345658359389899880199126780616
 754  -0.203970139258802216735085469642   0.345658359389900073359152599690
 755  -0.081254297534461036727326238812   0.345658359389900073929748009646
 756  -0.449401822104292268522027701761   0.345658359389900073929748009647
 757  -0.388043901342653729889578696707   0.345658359389900073929748009647
 758  -0.142612218296099762530908657341   0.345658359389900073929748009647
 759  -0.326685982099260327255364820733   0.345658362019577527547254942187
 760  -0.265328934079618841215428380439   0.345662073232755936191118885949
 761   0.298213655762682760874321687883   0.347515862545269874333254939308
 762   0.052782048634360513767737465533   0.347515862545351198750233923527
 763   0.482287493965676131103328056743   0.347515862545351198750234101888
 764   0.114139967098359248870150326981   0.347515866524979535725094132965
 765   0.175497458036868014923820679810   0.347516676686136149245624261029
 766   0.359571663577751926160114332679   0.347516788034859390900239011611
 767   0.420927763316653646416426097507   0.347519377919425127097790837987
 768   0.236819393269520050223385486269   0.347579570572747279538435810448
 769  -0.418722861723472999205803199234   0.363370865424223942826412412401
 770  -0.050575337153631278488863555707   0.363370865424241722711415983692
 771  -0.111933258040424556253678251079   0.363370865640980531695065850914
 772  -0.173291793345479392205376622400   0.363371929670516757274860110511
 773  -0.296008529485348860633114833965   0.363373479326133936543709548298
 774  -0.357360115844069847459250882836   0.363379225403435994486101579097
 775   0.011123125404593769143612657383   0.363483794392708539622002835288
 776  -0.234788669466921060100101710840   0.363612664238353426672994386852
 777   0.390248897066915858083508731486   0.365232297987398223260868169900
 778   0.144820519463296206137875008420   0.365232684131865559769892407589
 779   0.267497463304110748220751916415   0.365293618642473921349305622041
 780   0.451565720909367685263447984340   0.365302717423954109885049659358
 781   0.328970917036663978490876551106   0.365364078972621572814474101359
 782   0.083315885286684638377344926207   0.365477414492557003407012376145
 783   0.205962862290452258695832309047   0.365594027812048621865617339901
 784  -0.482287493965676131103335597247   0.367912795681869575936555734909
 785  -0.019621369063859791060219609156   0.381082303987076646609437405782
 786  -0.203971369919209917232842181988   0.381083371437171318229859190619
 787  -0.142612218546388299991358478589   0.381083371458547810838894307852
 788  -0.081254297534460813026481023841   0.381083371458547811723076815152
 789  -0.449401822104292268522027701761   0.381083371458547811723076815154
 790  -0.388043901342653729889578696707   0.381083371458547811723076815154
 791  -0.326683433110901441881060917913   0.381095675853578801707999521501
 792   0.041802085785429019864838452102   0.381196300427004727913228635766
 793  -0.265469071790585932903558734047   0.381325443112127469987724338380
 794   0.298214003421869582923819510833   0.382940874612211657729864568327
 795   0.482287491921329323972411396285   0.382940874613998877554819872848
 796   0.114139070192272648445525410783   0.382940878582273141489463657467
 797   0.236814184368010269049642990477   0.383004582258436007569401585048
 798   0.359647909921747146392190809345   0.383080122156956567291076407386
 799   0.420849105918923213394134960474   0.383080552904363692440811969852
 800   0.175286140883593470973121567783   0.383310411297111527746570112778
 801  -0.050300329444668683304624815332   0.398794810021418489121726608858
 802  -0.418722861723472999205803199234   0.398795877492871680619741217907
 803  -0.173291332766054840196684805462   0.398798648756285943976935510202
 804   0.011123125404625731953615266743   0.398908806461356277415331626375
 805  -0.111827231079647828493803796640   0.398978264990095195170388192929
 806  -0.234795734551177732935725604269   0.399047685144708224166126358862
 807  -0.357174563689506055125758098457   0.399129679823512322043421089366
 808   0.073230914309892919397280676463   0.399436578800017612006457279917
 809  -0.296490902592517196316608820424   0.399625181539383640110344554860
 810   0.267492254402600967047009420624   0.400718630328162649380271396641
 811   0.451565728212336277434994257902   0.400727729492601094914340517700
 812   0.328966616168762948564789405209   0.400789467820898725622434606694
 813   0.390248362205522787706542701401   0.400927917655517220936991944265
 814   0.205993151826675457822290704845   0.401019739556069574188074749080
 815   0.144243613097000000000000000000   0.401708259090000000000000000000
 816  -0.482287493965676131103335597247   0.403337807750517313729884540415
 817  -0.019621369063827828250216999796   0.416507316055724384402766196869
 818  -0.080979289825498217842242283466   0.416507316055724578133387440318
 819  -0.203972764321744980666073653297   0.416508383478375756543478250718
 820  -0.142610772545400963349273517428   0.416508383497683648224149213382
 821  -0.449401822104292268522027701761   0.416508383527195549516405620660
 822  -0.388043901342653729889578696707   0.416508383527195549516405620660
 823   0.041802085785460982674841061462   0.416621312495652465706557426853
 824  -0.265480314983113131244693534414   0.416750453396592592091381306472
 825   0.104052574238776048881415889122   0.416899589974844188188011593937
 826  -0.326981973414546122952628538401   0.417659212567542657200433020611
 827   0.298208794520302927973730023348   0.418365886297900377398097714167
 828   0.482287493965676131103335597247   0.418365886682646556359405643807
 829   0.236828820715775444664319394456   0.418458002205359756796545327778
 830   0.420964986057628709884679707005   0.418575027877649212074976980604
 831   0.359567324213041858577555947668   0.418636824691109000017452300174
 832   0.175315269159985953572761854026   0.418735453042146136625680206012
 833  -0.417672310373000000000000000000   0.436175704283000000000000000000
 834  -0.235979551650000000000000000000   0.436731195767000000000000000000
 835  -0.482287493965676131103335597247   0.438762819819165051523213345922
 836   0.266085476018000000000000000000   0.438836129401000000000000000000
 837   0.449854425073000000000000000000   0.439150615161000000000000000000
 838   0.009571062481786364263671773153   0.439418715893603883837138508481
 839  -0.166396948111285775975228236179   0.442760037388681491195912753540
 840   0.082099492278381271650881163317   0.444702353731421110185135202947
 841  -0.060603587394000000000000000000   0.446189949164000000000000000000
 842   0.337302756851000000000000000000   0.447313179148000000000000000000
 843  -0.096437005035357761473613974696   0.448381922258071844150769794348
 844  -0.343575220787691920960554467896   0.448957795547993998974650582052
 845   0.153469197466474289793813901451   0.449185585846803150377415592370
 846   0.117153932967191545416707753731   0.449812898522196412082047640302
 847  -0.131804712849605274248154589175   0.450396053343640332500625769754
 848  -0.379373403945222238784157217524   0.450855930090887280165012077906
 849  -0.308040070956000000000000000000   0.451070121877000000000000000000
 850   0.188817729077648449411223796948   0.451512126840995826560225772556
 851   0.408040713269552695777799948815   0.451558275943345163600877350155
 852   0.372615703548477328548696161085   0.451571172669813823284213382156
 853   0.224289020831042125762372778766   0.451589330263780235949734483302
 854  -0.271794304893469420130284036149   0.451608236049477397436993108114
 855   0.047354188136730187012617696144   0.451608533584856861787111094720
 856  -0.023656369585541776732373492860   0.451701779410826221194278023340
 857  -0.200654990289894867185701448667   0.451777688199867204128420234908
 858  -0.449401822104292268522027701761   0.451933395595843287309734426167
 859   0.298500068410887726515429957338   0.453789700880529694645897273162
 860   0.482287493965676131103335597247   0.453790898751294294152734449313
 861  -0.076666031750223992257921487468   0.477776481200542212309742093348
 862  -0.482256688946000000000000000000   0.478484974286000000000000000000
 863   0.135836895294722521517555152106   0.479910712375230592328659439244
 864  -0.360322759037577786786578856740   0.480722372943471489175167550927
 865   0.425817982187632978892253643118   0.482199754202040427717018923028
 866   0.242032089301254524286195673952   0.482250625104755111694941860321
 867  -0.289507326284138802711504456638   0.482287437450323529103374475336
 868  -0.431138191791061851793080196206   0.482287493965676131103335597247
 869  -0.395713179722414113999751390699   0.482287493965676131103335597247
 870  -0.324932338352741459573406322781   0.482287493965676131103335597247
 871  -0.254082314215536145849602590495   0.482287493965676131103335597247
 872  -0.218657302146888408056273784989   0.482287493965676131103335597247
 873  -0.182652678432901326315129112346   0.482287493965676131103335597247
 874  -0.147227666364253588521800306840   0.482287493965676131103335597247
 875  -0.111802654295605850728471501333   0.482287493965676131103335597247
 876  -0.041529409204842133787371473604   0.482287493965676131103335597247
 877  -0.005783329966241419677375512115   0.482287493965676131103335597247
 878   0.029641682102406318115953293391   0.482287493965676131103335597247
 879   0.065066694171054055909282098897   0.482287493965676131103335597247
 880   0.100491706239701793702610904404   0.482287493965676131103335597247
 881   0.171182084349743249332499399808   0.482287493965676131103335597247
 882   0.206607096418390987125828205314   0.482287493965676131103335597247
 883   0.277457082184118061446563142589   0.482287493965676131103335597247
 884   0.319543054637657391584296772087   0.482287493965676131103335597247
 885   0.354968066706305129377625577594   0.482287493965676131103335597247
 886   0.390393078774952867170954383100   0.482287493965676131103335597247
 887   0.461242885600313090613552903135   0.482287493965676131103335597247
