   1  -0.482265212285800253741115966952  -0.482265212285800253741115966952
   2  -0.420830105520915705935049809811  -0.482265212285800253741115966952
   3  -0.359394998756031158128983652670  -0.482265212285800253741115966952
   4  -0.297959891991146610322917495529  -0.482265212285800253741115966952
   5  -0.236524785226262062516851338388  -0.482265212285800253741115966952
   6  -0.175089678461377514710785181247  -0.482265212285800253741115966952
   7  -0.113654571696492966904719024106  -0.482265212285800253741115966952
   8  -0.052219464931608419098652866965  -0.482265212285800253741115966952
   9   0.009215641833276128707413290187  -0.482265212285800253741115966952
  10   0.070650748598160676513479447328  -0.482265212285800253741115966952
  11   0.132085855363045224319545604469  -0.482265212285800253741115966952
  12   0.193520962127929772125611761610  -0.482265212285800253741115966952
  13   0.254956068892814319931677918751  -0.482265212285800253741115966952
  14   0.316391175657698867737744075892  -0.482265212285800253741115966952
  15   0.377826282422583415543810233033  -0.482265212285800253741115966952
  16   0.439261389187467963349876390174  -0.482265212285800253741115966952
  17   0.482213445621000000000000000000  -0.471266417610000000000000000000
  18  -0.021501911549166145195619788389  -0.464530424571600507482231933913
  19  -0.451547658903357979838082888381  -0.464530424571600507482231933904
  20  -0.390112552138473432032016731240  -0.464530424571600507482231933904
  21  -0.328677445373588884225950574099  -0.464530424571600507482231933904
  22  -0.267242338608704336419884416958  -0.464530424571600507482231933904
  23  -0.205807231843819788613818259817  -0.464530424571600507482231933904
  24  -0.144372125078935240807752102676  -0.464530424571600507482231933904
  25  -0.082937018314050693001685945535  -0.464530424571600507482231933904
  26   0.039933195215718402610446368757  -0.464530424571600507482231933904
  27   0.101368301980602950416512525898  -0.464530424571600507482231933904
  28   0.162803408745487498222578683039  -0.464530424571600507482231933904
  29   0.224238515510372046028644840180  -0.464530424571600507482231933904
  30   0.285673622275256593834710997321  -0.464530424571600507482231933904
  31   0.347108729040141141640777154462  -0.464530424571600507482231933904
  32   0.408543835805025689446843311603  -0.464530424571600507482231933904
  33   0.451547658903357979838082888381  -0.448991523618336213518341288828
  34  -0.482265212285800253741115966952  -0.446795636857400761223347900856
  35  -0.420830105520915705935049809811  -0.446795636857400761223347900856
  36  -0.359394998756031158128983652670  -0.446795636857400761223347900856
  37  -0.297959891991146610322917495529  -0.446795636857400761223347900856
  38  -0.236524785226262062516851338388  -0.446795636857400761223347900856
  39  -0.175089678461377514710785181247  -0.446795636857400761223347900856
  40  -0.113654571696492966904719024106  -0.446795636857400761223347900856
  41  -0.052219464931608419098652866965  -0.446795636857400761223347900856
  42   0.009215641833276128707413290187  -0.446795636857400761223347900856
  43   0.070650748598160676513479447328  -0.446795636857400761223347900856
  44   0.132085855363045224319545604469  -0.446795636857400761223347900856
  45   0.193520962127929772125611761610  -0.446795636857400761223347900856
  46   0.254956068892814319931677918751  -0.446795636857400761223347900856
  47   0.316391175657698867737744075892  -0.446795636857400761223347900856
  48   0.377826282422583415543810233033  -0.446795636857400761223347900856
  49   0.420830105520915705935049809811  -0.431256735904136467259457255780
  50   0.482265212285800253741115966952  -0.431256735904136467259457255780
  51  -0.021501911549166145195619788389  -0.429060849143201014964463867817
  52  -0.451547658903357979838082888381  -0.429060849143201014964463867808
  53  -0.390112552138473432032016731240  -0.429060849143201014964463867808
  54  -0.328677445373588884225950574099  -0.429060849143201014964463867808
  55  -0.267242338608704336419884416958  -0.429060849143201014964463867808
  56  -0.205807231843819788613818259817  -0.429060849143201014964463867808
  57  -0.144372125078935240807752102676  -0.429060849143201014964463867808
  58  -0.082937018314050693001685945535  -0.429060849143201014964463867808
  59   0.039933195215718402610446368757  -0.429060849143201014964463867808
  60   0.101368301980602950416512525898  -0.429060849143201014964463867808
  61   0.162803408745487498222578683039  -0.429060849143201014964463867808
  62   0.224238515510372046028644840180  -0.429060849143201014964463867808
  63   0.285673622275256593834710997321  -0.429060849143201014964463867808
  64   0.347108729040141141640777154462  -0.429060849143201014964463867808
  65   0.390112552138473432032016731240  -0.413521948189936721000573222732
  66   0.451547658903357979838082888382  -0.413521948189936721000573222732
  67  -0.482265212285800253741115966952  -0.411326061429001268705579834760
  68  -0.420830105520915705935049809811  -0.411326061429001268705579834760
  69  -0.359394998756031158128983652670  -0.411326061429001268705579834760
  70  -0.297959891991146610322917495529  -0.411326061429001268705579834760
  71  -0.236524785226262062516851338388  -0.411326061429001268705579834760
  72  -0.175089678461377514710785181247  -0.411326061429001268705579834760
  73  -0.113654571696492966904719024106  -0.411326061429001268705579834760
  74  -0.052219464931608419098652866965  -0.411326061429001268705579834760
  75   0.009215641833276128707413290187  -0.411326061429001268705579834760
  76   0.070650748598160676513479447328  -0.411326061429001268705579834760
  77   0.132085855363045224319545604469  -0.411326061429001268705579834760
  78   0.193520962127929772125611761610  -0.411326061429001268705579834760
  79   0.254956068892814319931677918751  -0.411326061429001268705579834760
  80   0.316391175657698867737744075892  -0.411326061429001268705579834760
  81   0.359394998756031158128983652670  -0.395787160475736974741689189684
  82   0.420830105520915705935049809811  -0.395787160475736974741689189684
  83   0.482265212285800253741115966952  -0.395787160475736974741689189684
  84  -0.021501911549166145195619788389  -0.393591273714801522446695801721
  85  -0.451547658903357979838082888381  -0.393591273714801522446695801712
  86  -0.390112552138473432032016731240  -0.393591273714801522446695801712
  87  -0.328677445373588884225950574099  -0.393591273714801522446695801712
  88  -0.267242338608704336419884416958  -0.393591273714801522446695801712
  89  -0.205807231843819788613818259817  -0.393591273714801522446695801712
  90  -0.144372125078935240807752102676  -0.393591273714801522446695801712
  91  -0.082937018314050693001685945535  -0.393591273714801522446695801712
  92   0.039933195215718402610446368757  -0.393591273714801522446695801712
  93   0.101368301980602950416512525898  -0.393591273714801522446695801712
  94   0.162803408745487498222578683039  -0.393591273714801522446695801712
  95   0.224238515510372046028644840180  -0.393591273714801522446695801712
  96   0.285673622275256593834710997321  -0.393591273714801522446695801712
  97   0.328677445373588884225950574099  -0.378052372761537228482805156636
  98   0.390112552138473432032016731240  -0.378052372761537228482805156636
  99   0.451547658903357979838082888382  -0.378052372761537228482805156636
 100  -0.482265212285800253741115966952  -0.375856486000601776187811768664
 101  -0.420830105520915705935049809811  -0.375856486000601776187811768664
 102  -0.359394998756031158128983652670  -0.375856486000601776187811768664
 103  -0.297959891991146610322917495529  -0.375856486000601776187811768664
 104  -0.236524785226262062516851338388  -0.375856486000601776187811768664
 105  -0.175089678461377514710785181247  -0.375856486000601776187811768664
 106  -0.113654571696492966904719024106  -0.375856486000601776187811768664
 107  -0.052219464931608419098652866965  -0.375856486000601776187811768664
 108   0.009215641833276128707413290187  -0.375856486000601776187811768664
 109   0.070650748598160676513479447328  -0.375856486000601776187811768664
 110   0.132085855363045224319545604469  -0.375856486000601776187811768664
 111   0.193520962127929772125611761610  -0.375856486000601776187811768664
 112   0.254956068892814319931677918751  -0.375856486000601776187811768664
 113   0.297959891991146610322917495529  -0.360317585047337482223921123588
 114   0.359394998756031158128983652670  -0.360317585047337482223921123588
 115   0.420830105520915705935049809811  -0.360317585047337482223921123588
 116   0.482265212285800253741115966952  -0.360317585047337482223921123588
 117  -0.021501911549166145195619788389  -0.358121698286402029928927735625
 118  -0.451547658903357979838082888381  -0.358121698286402029928927735616
 119  -0.390112552138473432032016731240  -0.358121698286402029928927735616
 120  -0.328677445373588884225950574099  -0.358121698286402029928927735616
 121  -0.267242338608704336419884416958  -0.358121698286402029928927735616
 122  -0.205807231843819788613818259817  -0.358121698286402029928927735616
 123  -0.144372125078935240807752102676  -0.358121698286402029928927735616
 124  -0.082937018314050693001685945535  -0.358121698286402029928927735616
 125   0.039933195215718402610446368757  -0.358121698286402029928927735616
 126   0.101368301980602950416512525898  -0.358121698286402029928927735616
 127   0.162803408745487498222578683039  -0.358121698286402029928927735616
 128   0.224238515510372046028644840180  -0.358121698286402029928927735616
 129   0.267242338608704336419884416958  -0.342582797333137735965037090540
 130   0.328677445373588884225950574099  -0.342582797333137735965037090540
 131   0.390112552138473432032016731240  -0.342582797333137735965037090540
 132   0.451547658903357979838082888381  -0.342582797333137735965037090540
 133  -0.482265212285800253741115966952  -0.340386910572202283670043702568
 134  -0.420830105520915705935049809811  -0.340386910572202283670043702568
 135  -0.359394998756031158128983652670  -0.340386910572202283670043702568
 136  -0.297959891991146610322917495529  -0.340386910572202283670043702568
 137  -0.236524785226262062516851338388  -0.340386910572202283670043702568
 138  -0.175089678461377514710785181247  -0.340386910572202283670043702568
 139  -0.113654571696492966904719024106  -0.340386910572202283670043702568
 140  -0.052219464931608419098652866965  -0.340386910572202283670043702568
 141   0.009215641833276128707413290187  -0.340386910572202283670043702568
 142   0.070650748598160676513479447328  -0.340386910572202283670043702568
 143   0.132085855363045224319545604469  -0.340386910572202283670043702568
 144   0.193520962127929772125611761610  -0.340386910572202283670043702568
 145   0.236524785226262062516851338388  -0.324848009618937989706153057492
 146   0.297959891991146610322917495529  -0.324848009618937989706153057492
 147   0.359394998756031158128983652670  -0.324848009618937989706153057491
 148   0.420830105520915705935049809811  -0.324848009618937989706153057491
 149   0.482265212285800253741115966952  -0.324848009618937989706153057491
 150  -0.021501911549166145195619788389  -0.322652122858002537411159669529
 151  -0.451547658903357979838082888381  -0.322652122858002537411159669520
 152  -0.390112552138473432032016731240  -0.322652122858002537411159669520
 153  -0.328677445373588884225950574099  -0.322652122858002537411159669520
 154  -0.267242338608704336419884416958  -0.322652122858002537411159669520
 155  -0.205807231843819788613818259817  -0.322652122858002537411159669520
 156  -0.144372125078935240807752102676  -0.322652122858002537411159669520
 157  -0.082937018314050693001685945535  -0.322652122858002537411159669520
 158   0.039933195215718402610446368757  -0.322652122858002537411159669520
 159   0.101368301980602950416512525898  -0.322652122858002537411159669520
 160   0.162803408745487498222578683039  -0.322652122858002537411159669520
 161   0.205807231843819788613818259817  -0.307113221904738243447269024444
 162   0.267242338608704336419884416958  -0.307113221904738243447269024443
 163   0.328677445373588884225950574099  -0.307113221904738243447269024443
 164   0.390112552138473432032016731240  -0.307113221904738243447269024443
 165   0.451547658903357979838082888382  -0.307113221904738243447269024443
 166  -0.482265212285800253741115966952  -0.304917335143802791152275636472
 167  -0.420830105520915705935049809811  -0.304917335143802791152275636472
 168  -0.359394998756031158128983652670  -0.304917335143802791152275636472
 169  -0.297959891991146610322917495529  -0.304917335143802791152275636472
 170  -0.236524785226262062516851338388  -0.304917335143802791152275636472
 171  -0.175089678461377514710785181247  -0.304917335143802791152275636472
 172  -0.113654571696492966904719024106  -0.304917335143802791152275636472
 173  -0.052219464931608419098652866965  -0.304917335143802791152275636472
 174   0.009215641833276128707413290187  -0.304917335143802791152275636472
 175   0.070650748598160676513479447328  -0.304917335143802791152275636472
 176   0.132085855363045224319545604469  -0.304917335143802791152275636472
 177   0.175089678461377514710785181247  -0.289378434190538497188384991396
 178   0.236524785226262062516851338388  -0.289378434190538497188384991395
 179   0.297959891991146610322917495529  -0.289378434190538497188384991395
 180   0.359394998756031158128983652670  -0.289378434190538497188384991395
 181   0.420830105520915705935049809811  -0.289378434190538497188384991395
 182   0.482265212285800253741115966952  -0.289378434190538497188384991395
 183  -0.021501911549166145195619788389  -0.287182547429603044893391603433
 184  -0.451547658903357979838082888381  -0.287182547429603044893391603424
 185  -0.390112552138473432032016731240  -0.287182547429603044893391603424
 186  -0.328677445373588884225950574099  -0.287182547429603044893391603424
 187  -0.267242338608704336419884416958  -0.287182547429603044893391603424
 188  -0.205807231843819788613818259817  -0.287182547429603044893391603424
 189  -0.144372125078935240807752102676  -0.287182547429603044893391603424
 190  -0.082937018314050693001685945535  -0.287182547429603044893391603424
 191   0.039933195215718402610446368757  -0.287182547429603044893391603424
 192   0.101368301980602950416512525898  -0.287182547429603044893391603424
 193   0.144372125078935240807752102676  -0.271643646476338750929500958348
 194   0.205807231843819788613818259817  -0.271643646476338750929500958347
 195   0.267242338608704336419884416958  -0.271643646476338750929500958347
 196   0.328677445373588884225950574099  -0.271643646476338750929500958347
 197   0.390112552138473432032016731240  -0.271643646476338750929500958347
 198   0.451547658903357979838082888382  -0.271643646476338750929500958347
 199  -0.482265212285800253741115966952  -0.269447759715403298634507570376
 200  -0.420830105520915705935049809811  -0.269447759715403298634507570376
 201  -0.359394998756031158128983652670  -0.269447759715403298634507570376
 202  -0.297959891991146610322917495529  -0.269447759715403298634507570376
 203  -0.236524785226262062516851338388  -0.269447759715403298634507570376
 204  -0.175089678461377514710785181247  -0.269447759715403298634507570376
 205  -0.113654571696492966904719024106  -0.269447759715403298634507570376
 206  -0.052219464931608419098652866965  -0.269447759715403298634507570376
 207   0.009215641833276128707413290187  -0.269447759715403298634507570376
 208   0.070650748598160676513479447328  -0.269447759715403298634507570376
 209   0.113654571696492966904719024106  -0.253908858762139004670616925299
 210   0.175089678461377514710785181247  -0.253908858762139004670616925300
 211   0.236524785226262062516851338388  -0.253908858762139004670616925299
 212   0.297959891991146610322917495529  -0.253908858762139004670616925299
 213   0.359394998756031158128983652670  -0.253908858762139004670616925299
 214   0.420830105520915705935049809811  -0.253908858762139004670616925299
 215   0.482265212285800253741115966952  -0.253908858762139004670616925299
 216  -0.021501911549166145195619788389  -0.251712972001203552375623537337
 217  -0.451547658903357979838082888381  -0.251712972001203552375623537328
 218  -0.390112552138473432032016731240  -0.251712972001203552375623537328
 219  -0.328677445373588884225950574099  -0.251712972001203552375623537328
 220  -0.267242338608704336419884416958  -0.251712972001203552375623537328
 221  -0.205807231843819788613818259817  -0.251712972001203552375623537328
 222  -0.144372125078935240807752102676  -0.251712972001203552375623537328
 223  -0.082937018314050693001685945535  -0.251712972001203552375623537328
 224   0.039933195215718402610446368757  -0.251712972001203552375623537328
 225   0.082937018314050693001685945535  -0.236174071047939258411732892252
 226   0.144372125078935240807752102676  -0.236174071047939258411732892251
 227   0.205807231843819788613818259817  -0.236174071047939258411732892251
 228   0.267242338608704336419884416958  -0.236174071047939258411732892251
 229   0.328677445373588884225950574099  -0.236174071047939258411732892251
 230   0.390112552138473432032016731240  -0.236174071047939258411732892251
 231   0.451547658903357979838082888381  -0.236174071047939258411732892251
 232  -0.482265212285800253741115966952  -0.233978184287003806116739504280
 233  -0.420830105520915705935049809811  -0.233978184287003806116739504280
 234  -0.359394998756031158128983652670  -0.233978184287003806116739504280
 235  -0.297959891991146610322917495529  -0.233978184287003806116739504280
 236  -0.236524785226262062516851338388  -0.233978184287003806116739504280
 237  -0.175089678461377514710785181247  -0.233978184287003806116739504280
 238  -0.113654571696492966904719024106  -0.233978184287003806116739504280
 239  -0.052219464931608419098652866965  -0.233978184287003806116739504280
 240   0.009215641833276128707413290186  -0.233978184287003806116739504280
 241   0.052219464931608419098652866965  -0.218439283333739512152848859204
 242   0.113654571696492966904719024106  -0.218439283333739512152848859203
 243   0.175089678461377514710785181247  -0.218439283333739512152848859203
 244   0.236524785226262062516851338388  -0.218439283333739512152848859203
 245   0.297959891991146610322917495529  -0.218439283333739512152848859203
 246   0.359394998756031158128983652670  -0.218439283333739512152848859203
 247   0.420830105520915705935049809811  -0.218439283333739512152848859203
 248   0.482265212285800253741115966952  -0.218439283333739512152848859203
 249  -0.021501911549166145195619788389  -0.216243396572804059857855471241
 250  -0.451547658903357979838082888381  -0.216243396572804059857855471232
 251  -0.390112552138473432032016731240  -0.216243396572804059857855471232
 252  -0.328677445373588884225950574099  -0.216243396572804059857855471232
 253  -0.267242338608704336419884416958  -0.216243396572804059857855471232
 254  -0.205807231843819788613818259817  -0.216243396572804059857855471232
 255  -0.144372125078935240807752102676  -0.216243396572804059857855471232
 256  -0.082937018314050693001685945535  -0.216243396572804059857855471232
 257   0.021501911549166145195619788394  -0.200704495619539765893964826156
 258   0.082937018314050693001685945535  -0.200704495619539765893964826155
 259   0.144372125078935240807752102676  -0.200704495619539765893964826155
 260   0.205807231843819788613818259817  -0.200704495619539765893964826155
 261   0.267242338608704336419884416958  -0.200704495619539765893964826155
 262   0.328677445373588884225950574099  -0.200704495619539765893964826155
 263   0.390112552138473432032016731240  -0.200704495619539765893964826155
 264   0.451547658903357979838082888381  -0.200704495619539765893964826155
 265  -0.482265212285800253741115966952  -0.198508608858604313598971438184
 266  -0.359394998756031158128983652670  -0.198508608858604313598971438184
 267  -0.297959891991146610322917495529  -0.198508608858604313598971438184
 268  -0.236524785226262062516851338388  -0.198508608858604313598971438184
 269  -0.175089678461377514710785181247  -0.198508608858604313598971438184
 270  -0.113654571696492966904719024106  -0.198508608858604313598971438184
 271  -0.052219464931608419098652866965  -0.198508608858604313598971438184
 272  -0.420830105520915705935049809809  -0.198508608858604313598971438180
 273  -0.009215641833276128707413290181  -0.182969707905340019635080793117
 274   0.052219464931608419098652866965  -0.182969707905340019635080793107
 275   0.113654571696492966904719024106  -0.182969707905340019635080793107
 276   0.175089678461377514710785181247  -0.182969707905340019635080793107
 277   0.236524785226262062516851338388  -0.182969707905340019635080793107
 278   0.297959891991146610322917495529  -0.182969707905340019635080793107
 279   0.359394998756031158128983652670  -0.182969707905340019635080793107
 280   0.420830105520915705935049809811  -0.182969707905340019635080793107
 281   0.482265212285800253741115966952  -0.182969707905340019635080793107
 282  -0.451547658903357979838082888381  -0.180773821144404567340087405136
 283  -0.328677445373588884225950574099  -0.180773821144404567340087405136
 284  -0.267242338608704336419884416958  -0.180773821144404567340087405136
 285  -0.205807231843819788613818259817  -0.180773821144404567340087405136
 286  -0.144372125078935240807752102676  -0.180773821144404567340087405136
 287  -0.082937018314050693001685945535  -0.180773821144404567340087405136
 288  -0.390112552138473432032016731238  -0.180773821144404567340087405132
 289  -0.039933195215718402610446368757  -0.165234920191140273376196760059
 290   0.021501911549166145195619788394  -0.165234920191140273376196760059
 291   0.082937018314050693001685945535  -0.165234920191140273376196760059
 292   0.144372125078935240807752102676  -0.165234920191140273376196760059
 293   0.205807231843819788613818259817  -0.165234920191140273376196760059
 294   0.267242338608704336419884416958  -0.165234920191140273376196760059
 295   0.328677445373588884225950574099  -0.165234920191140273376196760059
 296   0.390112552138473432032016731240  -0.165234920191140273376196760059
 297   0.451547658903357979838082888381  -0.165234920191140273376196760059
 298  -0.482265212285800253741115966952  -0.163039033430204821081203372088
 299  -0.297959891991146610322917495529  -0.163039033430204821081203372088
 300  -0.236524785226262062516851338388  -0.163039033430204821081203372088
 301  -0.175089678461377514710785181247  -0.163039033430204821081203372088
 302  -0.113654571696492966904719024106  -0.163039033430204821081203372088
 303  -0.420830105520915705935049809809  -0.163039033430204821081203372084
 304  -0.359394998756031158128983652668  -0.163039033430204821081203372084
 305  -0.009215641833276128707413290181  -0.147500132476940527117312727021
 306  -0.070650748598160676513479447328  -0.147500132476940527117312727011
 307   0.052219464931608419098652866965  -0.147500132476940527117312727011
 308   0.113654571696492966904719024106  -0.147500132476940527117312727011
 309   0.175089678461377514710785181247  -0.147500132476940527117312727011
 310   0.236524785226262062516851338388  -0.147500132476940527117312727011
 311   0.297959891991146610322917495529  -0.147500132476940527117312727011
 312   0.359394998756031158128983652670  -0.147500132476940527117312727011
 313   0.420830105520915705935049809811  -0.147500132476940527117312727011
 314   0.482265212285800253741115966952  -0.147500132476940527117312727011
 315  -0.451547658903357979838082888381  -0.145304245716005074822319339040
 316  -0.267242338608704336419884416958  -0.145304245716005074822319339040
 317  -0.205807231843819788613818259817  -0.145304245716005074822319339040
 318  -0.144372125078935240807752102676  -0.145304245716005074822319339040
 319  -0.390112552138473432032016731238  -0.145304245716005074822319339036
 320  -0.328677445373588884225950574097  -0.145304245716005074822319339036
 321  -0.101368301980602950416512525898  -0.129765344762740780858428693963
 322   0.021501911549166145195619788394  -0.129765344762740780858428693963
 323   0.082937018314050693001685945535  -0.129765344762740780858428693963
 324   0.144372125078935240807752102676  -0.129765344762740780858428693963
 325   0.205807231843819788613818259817  -0.129765344762740780858428693963
 326   0.267242338608704336419884416958  -0.129765344762740780858428693963
 327   0.328677445373588884225950574099  -0.129765344762740780858428693963
 328   0.390112552138473432032016731240  -0.129765344762740780858428693963
 329   0.451547658903357979838082888381  -0.129765344762740780858428693963
 330  -0.039933195215718402610446368762  -0.129765344762740780858428693956
 331  -0.482265212285800253741115966952  -0.127569458001805328563435305992
 332  -0.236524785226262062516851338388  -0.127569458001805328563435305992
 333  -0.175089678461377514710785181246  -0.127569458001805328563435305991
 334  -0.420830105520915705935049809809  -0.127569458001805328563435305988
 335  -0.359394998756031158128983652668  -0.127569458001805328563435305988
 336  -0.297959891991146610322917495527  -0.127569458001805328563435305988
 337  -0.009215641833276128707413290181  -0.112030557048541034599544660925
 338  -0.132085855363045224319545604469  -0.112030557048541034599544660915
 339   0.052219464931608419098652866965  -0.112030557048541034599544660915
 340   0.113654571696492966904719024106  -0.112030557048541034599544660915
 341   0.175089678461377514710785181247  -0.112030557048541034599544660915
 342   0.236524785226262062516851338388  -0.112030557048541034599544660915
 343   0.297959891991146610322917495529  -0.112030557048541034599544660915
 344   0.359394998756031158128983652670  -0.112030557048541034599544660915
 345   0.420830105520915705935049809811  -0.112030557048541034599544660915
 346   0.482265212285800253741115966952  -0.112030557048541034599544660915
 347  -0.070650748598160676513479447332  -0.112030557048541034599544660908
 348  -0.451547658903357979838082888381  -0.109834670287605582304551272944
 349  -0.205807231843819788613818259817  -0.109834670287605582304551272944
 350  -0.390112552138473432032016731238  -0.109834670287605582304551272940
 351  -0.328677445373588884225950574097  -0.109834670287605582304551272940
 352  -0.267242338608704336419884416956  -0.109834670287605582304551272940
 353   0.021501911549166145195619788394  -0.094295769334341288340660627867
 354   0.082937018314050693001685945535  -0.094295769334341288340660627867
 355   0.144372125078935240807752102676  -0.094295769334341288340660627867
 356   0.205807231843819788613818259817  -0.094295769334341288340660627867
 357   0.267242338608704336419884416958  -0.094295769334341288340660627867
 358   0.328677445373588884225950574099  -0.094295769334341288340660627867
 359   0.390112552138473432032016731240  -0.094295769334341288340660627867
 360   0.451547658903357979838082888381  -0.094295769334341288340660627867
 361  -0.101368301980602950416512525903  -0.094295769334341288340660627860
 362  -0.162803408745487498222578683060  -0.094295769334341288340660627859
 363  -0.039933195215718402610446368766  -0.094295769334341288340660627853
 364  -0.482265212285800253741115966952  -0.092099882573405836045667239896
 365  -0.420830105520915705935049809809  -0.092099882573405836045667239892
 366  -0.359394998756031158128983652668  -0.092099882573405836045667239892
 367  -0.297959891991146610322917495527  -0.092099882573405836045667239892
 368  -0.236524785226262062516851338385  -0.092099882573405836045667239892
 369  -0.009215641833276128707413290181  -0.076560981620141542081776594829
 370  -0.132085855363045224319545604484  -0.076560981620141542081776594819
 371   0.052219464931608419098652866965  -0.076560981620141542081776594819
 372   0.113654571696492966904719024106  -0.076560981620141542081776594819
 373   0.175089678461377514710785181247  -0.076560981620141542081776594819
 374   0.236524785226262062516851338388  -0.076560981620141542081776594819
 375   0.297959891991146610322917495529  -0.076560981620141542081776594819
 376   0.359394998756031158128983652670  -0.076560981620141542081776594819
 377   0.420830105520915705935049809811  -0.076560981620141542081776594819
 378   0.482265212285800253741115966952  -0.076560981620141542081776594819
 379  -0.193520962127929772125611761631  -0.076560981620141542081776594812
 380  -0.070650748598160676513479447336  -0.076560981620141542081776594805
 381  -0.451547658903357979838082888381  -0.074365094859206089786783206848
 382  -0.390112552138473432032016731238  -0.074365094859206089786783206844
 383  -0.328677445373588884225950574097  -0.074365094859206089786783206844
 384  -0.267242338608704336419884416956  -0.074365094859206089786783206844
 385   0.021501911549166145195619788394  -0.058826193905941795822892561771
 386   0.082937018314050693001685945535  -0.058826193905941795822892561771
 387   0.144372125078935240807752102676  -0.058826193905941795822892561771
 388   0.205807231843819788613818259817  -0.058826193905941795822892561771
 389   0.267242338608704336419884416958  -0.058826193905941795822892561771
 390   0.328677445373588884225950574099  -0.058826193905941795822892561771
 391   0.390112552138473432032016731240  -0.058826193905941795822892561771
 392   0.451547658903357979838082888381  -0.058826193905941795822892561771
 393  -0.101368301980602950416512525910  -0.058826193905941795822892561764
 394  -0.162803408745487498222578683061  -0.058826193905941795822892561762
 395  -0.039933195215718402610447436013  -0.058826193905941795822890713230
 396  -0.224238660578331974150582924440  -0.058826140340130574265081482144
 397  -0.482265212285800253741115966952  -0.056630307145006343527899173800
 398  -0.420830105520915705935049809808  -0.056630307145006343527899173795
 399  -0.359394998756031158128983652668  -0.056630307145006343527899173796
 400  -0.297959891991146610322917495527  -0.056630307145006343527899173796
 401  -0.193521076269610411944677443457  -0.041091406191925704472503497100
 402  -0.009215641833276128707413290181  -0.041091406191742049564008528733
 403  -0.132085855363045224319545604485  -0.041091406191742049564008528723
 404   0.052219464931608419098652866965  -0.041091406191742049564008528723
 405   0.113654571696492966904719024106  -0.041091406191742049564008528723
 406   0.175089678461377514710785181247  -0.041091406191742049564008528723
 407   0.236524785226262062516851338388  -0.041091406191742049564008528723
 408   0.297959891991146610322917495529  -0.041091406191742049564008528723
 409   0.359394998756031158128983652670  -0.041091406191742049564008528723
 410   0.420830105520915705935049809811  -0.041091406191742049564008528723
 411   0.482265212285800253741115966952  -0.041091406191742049564008528723
 412  -0.070650748598160676513522109652  -0.041091406191742049563934635423
 413  -0.254956213960774248053616003011  -0.041091352625930828006197449096
 414  -0.451547658903357979838082888381  -0.038895519430806597269015140752
 415  -0.328677445373588884225950574097  -0.038895519430806597269015140748
 416  -0.390112552138473432032016731237  -0.038895519430806597269015140747
 417  -0.162803522887168138041644364885  -0.023356618477725958213619464050
 418   0.021501911549166145195619788387  -0.023356618477542303305124495675
 419   0.082937018314050693001685945535  -0.023356618477542303305124495675
 420   0.144372125078935240807752102676  -0.023356618477542303305124495675
 421   0.205807231843819788613818259817  -0.023356618477542303305124495675
 422   0.267242338608704336419884416958  -0.023356618477542303305124495675
 423   0.328677445373588884225950574099  -0.023356618477542303305124495675
 424   0.390112552138473432032016731240  -0.023356618477542303305124495675
 425   0.451547658903357979838082888381  -0.023356618477542303305124495675
 426  -0.039933195215718402610447436021  -0.023356618477542303305122647134
 427  -0.101368301980602950416555188228  -0.023356618477542303305050602382
 428  -0.285673767343216521956649081581  -0.023356564911731081747313416048
 429  -0.224238660578331974150582924444  -0.023356564911731081747313416041
 430  -0.482265212285800253741115966952  -0.021160731716606851010131107704
 431  -0.420830105520915705935049809808  -0.021160731716606851010131107699
 432  -0.359394998756031158128983652667  -0.021160731716606851010131107698
 433  -0.132085969504725864138611286309  -0.005621830763526211954735431011
 434  -0.193521076269610411944677443457  -0.005621830763526211954735431004
 435  -0.009215641833276128707413290189  -0.005621830763342557046240462637
 436   0.052219464931608419098652866958  -0.005621830763342557046240462627
 437   0.113654571696492966904719024106  -0.005621830763342557046240462627
 438   0.175089678461377514710785181247  -0.005621830763342557046240462627
 439   0.236524785226262062516851338388  -0.005621830763342557046240462627
 440   0.297959891991146610322917495529  -0.005621830763342557046240462627
 441   0.359394998756031158128983652670  -0.005621830763342557046240462627
 442   0.420830105520915705935049809811  -0.005621830763342557046240462627
 443   0.482265212285800253741115966952  -0.005621830763342557046240462627
 444  -0.070650748598160676513530990614  -0.005621830763342557046151187065
 445  -0.316391320725658795859682160152  -0.005621777197531335488429383000
 446  -0.254956213960774248053616003015  -0.005621777197531335488429382993
 447  -0.451547658903357979838082888381  -0.003425944002407104751247074656
 448  -0.390112552138473432032016731237  -0.003425944002407104751247074650
 449  -0.162803522887168138041644364885   0.012112956950673534304148602046
 450  -0.101368416122283590235535545268   0.012112956950673534304222495605
 451   0.021501911549166145195619788382   0.012112956950857189212643570421
 452   0.082937018314050693001685945528   0.012112956950857189212643570421
 453   0.144372125078935240807752102676   0.012112956950857189212643570421
 454   0.205807231843819788613818259817   0.012112956950857189212643570421
 455   0.267242338608704336419884416958   0.012112956950857189212643570421
 456   0.328677445373588884225950574099   0.012112956950857189212643570421
 457   0.390112552138473432032016731240   0.012112956950857189212643570421
 458   0.451547658903357979838082888381   0.012112956950857189212643570421
 459  -0.039933195215718402610447436029   0.012112956950857189212645418962
 460  -0.347108874108101069762715238722   0.012113010516668410770454650049
 461  -0.285673767343216521956649081585   0.012113010516668410770454650055
 462  -0.224238660578331974150582924444   0.012113010516668410770454650055
 463  -0.482265212285800253741115966952   0.014308843711792641507636958392
 464  -0.420830105520915705935049809808   0.014308843711792641507636958397
 465  -0.132085969504725864138611286309   0.029847744664873280563032635085
 466  -0.193521076269610411944677443457   0.029847744664873280563032635092
 467  -0.070650862739841316332493585707   0.029847744664873280563121910979
 468  -0.009215641833276128707413290196   0.029847744665056935471527603459
 469   0.052219464931608419098652866953   0.029847744665056935471527603469
 470   0.113654571696492966904719024099   0.029847744665056935471527603469
 471   0.175089678461377514710785181247   0.029847744665056935471527603469
 472   0.236524785226262062516851338388   0.029847744665056935471527603469
 473   0.297959891991146610322917495529   0.029847744665056935471527603469
 474   0.359394998756031158128983652670   0.029847744665056935471527603469
 475   0.420830105520915705935049809811   0.029847744665056935471527603469
 476   0.482265212285800253741115966952   0.029847744665056935471527603469
 477  -0.377826427490543343665748317292   0.029847798230868157029338683097
 478  -0.254956213960774248053616003015   0.029847798230868157029338683103
 479  -0.316391320725658919742133920101   0.029847798230868371600039297528
 480  -0.451547658903357979838082888381   0.032043631425992387766520991440
 481  -0.162803522887168138041644364885   0.047582532379073026821916668142
 482  -0.101368416122283590235535545267   0.047582532379073026821990561701
 483  -0.039933309357398939372417314172   0.047582532379073026822250156113
 484   0.021501911549166145195619788369   0.047582532379256681730411636517
 485   0.082937018314050693001685945523   0.047582532379256681730411636517
 486   0.144372125078935240807752102669   0.047582532379256681730411636517
 487   0.205807231843819788613818259817   0.047582532379256681730411636517
 488   0.267242338608704336419884416958   0.047582532379256681730411636517
 489   0.328677445373588884225950574099   0.047582532379256681730411636517
 490   0.390112552138473432032016731240   0.047582532379256681730411636517
 491   0.451547658903357979838082888381   0.047582532379256681730411636517
 492  -0.408543980872985617568781395863   0.047582585945067903288222716144
 493  -0.285673767343216521956649081586   0.047582585945067903288222716151
 494  -0.224238660578331974150582924444   0.047582585945067903288222716151
 495  -0.347108874108101193645166998671   0.047582585945068117858923330576
 496  -0.482265212285800253741115966952   0.049778419140192134025405024488
 497  -0.132085969504725864138611286309   0.065317320093272773080800701180
 498  -0.193521076269610411944677443457   0.065317320093272773080800701188
 499  -0.070650862739841213275591388656   0.065317320093272773080889977075
 500  -0.009215755974956663948266626427   0.065317320093272773081137235589
 501   0.052219464931608419098652866941   0.065317320093456427989295669565
 502   0.113654571696492966904719024096   0.065317320093456427989295669565
 503   0.175089678461377514710785181247   0.065317320093456427989295669565
 504   0.236524785226262062516851338388   0.065317320093456427989295669565
 505   0.297959891991146610322917495529   0.065317320093456427989295669565
 506   0.359394998756031158128983652670   0.065317320093456427989295669565
 507   0.420830105520915705935049809811   0.065317320093456427989295669565
 508   0.482265212285800253741115966952   0.065317320093456427989295669565
 509  -0.439261534255427891471814474436   0.065317373659267649547106749188
 510  -0.254956213960774248053616003016   0.065317373659267649547106749199
 511  -0.377826427490543467548200077242   0.065317373659267864117807363623
 512  -0.316391320725658919742133920103   0.065317373659267864117807363629
 513  -0.162803522887168138041644364886   0.083052107807472519339684734238
 514  -0.101368416122283487178633348216   0.083052107807472519339758627797
 515  -0.039933309357398937851308952714   0.083052107807472519340018222209
 516   0.021501911549166145195619788370   0.083052107807656174248179702613
 517   0.082937018314050693001685945524   0.083052107807656174248179702613
 518   0.144372125078935240807752102676   0.083052107807656174248179702613
 519   0.205807231843819788613818259817   0.083052107807656174248179702613
 520   0.267242338608704336419884416958   0.083052107807656174248179702613
 521   0.328677445373588884225950574099   0.083052107807656174248179702613
 522   0.390112552138473432032016731240   0.083052107807656174248179702613
 523   0.451547658903357979838082888381   0.083052107807656174248179702613
 524  -0.285673767343216521956649081586   0.083052161373467395805990782247
 525  -0.224238660578331974150582924445   0.083052161373467395805990782247
 526  -0.408543980872985741451233155818   0.083052161373467610376691396671
 527  -0.347108874108101193645166998674   0.083052161373467610376691396676
 528  -0.482265212285800253741115966952   0.085247994568591626543173090584
 529  -0.449666273730670306747792984270   0.099226549077187402199646069772
 530  -0.009215641833488194734734973957   0.100786895521488611373178218100
 531  -0.132085969504725761081709089259   0.100786895521672265598568767276
 532  -0.193521076269610411944677443457   0.100786895521672265598568767284
 533  -0.070650862739841212853733399446   0.100786895521672265598662325861
 534   0.052219464931608419098652866953   0.100786895521855920507063735661
 535   0.113654571696492966904719024106   0.100786895521855920507063735661
 536   0.175089678461377514710785181247   0.100786895521855920507063735661
 537   0.236524785226262062516851338388   0.100786895521855920507063735661
 538   0.297959891991146610322917495529   0.100786895521855920507063735661
 539   0.359394998756031158128983652670   0.100786895521855920507063735661
 540   0.420830105520915705935049809811   0.100786895521855920507063735661
 541   0.482265212285800253741115966952   0.100786895521855920507063735661
 542  -0.254956213960774248053615977689   0.100786949087667142064874859164
 543  -0.377826427490543467548200077247   0.100786949087667356635575429719
 544  -0.316391320725658919742140682224   0.100786949087667356635587142060
 545  -0.418948720348228156727211665652   0.116961336791387363029230717255
 546  -0.039933195215930468637769811397   0.118521683235688357632059204696
 547  -0.162803522887168034984742167824   0.118521683235872011857452800334
 548  -0.101368416122283487178633348200   0.118521683235872011857526693898
 549   0.021501911549166145195619788381   0.118521683236055666765947768709
 550   0.082937018314050693001685945535   0.118521683236055666765947768709
 551   0.144372125078935240807752102676   0.118521683236055666765947768709
 552   0.205807231843819788613818259817   0.118521683236055666765947768709
 553   0.267242338608704336419884416958   0.118521683236055666765947768709
 554   0.328677445373588884225950574099   0.118521683236055666765947768709
 555   0.390112552138473432032016731240   0.118521683236055666765947768709
 556   0.451547658903357979838082888381   0.118521683236055666765947768709
 557  -0.285673767343216521956649081587   0.118521736801866888323758848343
 558  -0.224238660578331871093680727383   0.118521736801866888323758848343
 559  -0.347108874108101193645173760797   0.118521736801867102894471175103
 560  -0.482265212285800253741115966952   0.120717569996991119060941156680
 561  -0.388231166965785882824178587081   0.134696124505587109288114750303
 562  -0.449666273730670412340525348210   0.134696124505587140966838000375
 563  -0.070650748598372742540943455589   0.136256470949888103890699770947
 564  -0.009215641833488194734734973946   0.136256470949888103890946284195
 565  -0.132085969504725761081709089246   0.136256470950071758116336833372
 566  -0.193521076269610308887775246395   0.136256470950071758116336833380
 567   0.052219464931608419098652866965   0.136256470950255413024831801757
 568   0.113654571696492966904719024106   0.136256470950255413024831801757
 569   0.175089678461377514710785181247   0.136256470950255413024831801757
 570   0.236524785226262062516851338388   0.136256470950255413024831801757
 571   0.297959891991146610322917495529   0.136256470950255413024831801757
 572   0.359394998756031158128983652670   0.136256470950255413024831801757
 573   0.420830105520915705935049809811   0.136256470950255413024831801757
 574   0.482265212285800253741115966952   0.136256470950255413024831801757
 575  -0.254956213960774144996713780626   0.136256524516066634582642925260
 576  -0.316391320725658919742152081865   0.136256524516066849153374952905
 577  -0.357513613583343608921152270631   0.152430912219786855547010495687
 578  -0.418948720348228138437492269637   0.152430912219786887225722033426
 579  -0.101368301980815016443988613908   0.153991258664087850149562881256
 580  -0.039933195215930468637769811385   0.153991258664087850149827270794
 581  -0.162803522887168034984742167825   0.153991258664271504375220866430
 582   0.021501911549166145195619788394   0.153991258664455159283715834805
 583   0.082937018314050693001685945535   0.153991258664455159283715834805
 584   0.144372125078935240807752102676   0.153991258664455159283715834805
 585   0.205807231843819788613818259817   0.153991258664455159283715834805
 586   0.267242338608704336419884416958   0.153991258664455159283715834805
 587   0.328677445373588884225950574099   0.153991258664455159283715834805
 588   0.390112552138473432032016731240   0.153991258664455159283715834805
 589   0.451547658903357979838082888381   0.153991258664455159283715834805
 590  -0.285673767343216418899746884524   0.153991312230266380841526914439
 591  -0.224238660578371011074509404394   0.153991312230334173276929369807
 592  -0.482265212285800253741115966952   0.156187145425390611578709222776
 593  -0.326796060200901335018130591700   0.170165699933986601805914273489
 594  -0.449666273730670412340525348210   0.170165699933986633484606066471
 595  -0.388231166965785864534465953187   0.170165699933986633484617778810
 596  -0.132085855363257290347064412576   0.171726046378287596408372920925
 597  -0.070650748598372742540942606184   0.171726046378287596408469308236
 598  -0.009215641833488194734734973933   0.171726046378287596408714350291
 599  -0.193521076269610309045399223234   0.171726046378471250634104899476
 600   0.052219464931608419098652866965   0.171726046378654905542599867853
 601   0.113654571696492966904719024106   0.171726046378654905542599867853
 602   0.175089678461377514710785181247   0.171726046378654905542599867853
 603   0.236524785226262062516851338388   0.171726046378654905542599867853
 604   0.297959891991146610322917495529   0.171726046378654905542599867853
 605   0.359394998756031158128983652670   0.171726046378654905542599867853
 606   0.420830105520915705935049809811   0.171726046378654905542599867853
 607   0.482265212285800253741115966952   0.171726046378654905542599867853
 608  -0.254956213960813284977542508289   0.171726099944533919535813358991
 609  -0.296078506818458921723163370697   0.187900487648186106630886206547
 610  -0.357513613583343590631444274255   0.187900487648186379743521556612
 611  -0.418948720347905868528499785037   0.187900487648744567599627393400
 612  -0.162803408745699564250097491141   0.189460834092487342667256953983
 613  -0.101368301980815016443985806228   0.189460834092487342667335810378
 614  -0.039933195215930468637769676977   0.189460834092487342667595569669
 615   0.021501911549166145195617997591   0.189460834092854651801483900901
 616   0.082937018314050693001685945535   0.189460834092854651801483900901
 617   0.144372125078935240807752102676   0.189460834092854651801483900901
 618   0.205807231843819788613818259817   0.189460834092854651801483900901
 619   0.267242338608704336419884416958   0.189460834092854651801483900901
 620   0.328677445373588884225950574099   0.189460834092854651801483900901
 621   0.390112552138473432032016731240   0.189460834092854651801483900901
 622   0.451547658903357979838082888381   0.189460834092854651801483900901
 623  -0.224238660578736375909823268725   0.189460887659366496252744942558
 624  -0.482265212285800253741115966952   0.191656720853790104096477288872
 625  -0.449666273730670412340525348210   0.205635275362386126002374132567
 626  -0.265360953436055787800958994467   0.205635275362453645325172651098
 627  -0.388231166965176344719088113174   0.205635275363441845290837858516
 628  -0.326796084724870198754150638905   0.205635317839078408741266129949
 629  -0.193520962128141838153130862564   0.207195621806687088926140479795
 630  -0.132085855363257290347064412565   0.207195621806687088926140987021
 631  -0.070650748598372742540932525080   0.207195621806687088926254835293
 632  -0.009215641833488194734737904894   0.207195621806687088926482416387
 633   0.052219464931608419098651119362   0.207195621807054398060367933949
 634   0.113654571696492966904719024106   0.207195621807054398060367933949
 635   0.175089678461377514710785181247   0.207195621807054398060367933949
 636   0.236524785226262062516851338388   0.207195621807054398060367933949
 637   0.297959891991146610322917495529   0.207195621807054398060367933949
 638   0.359394998756031158128983652670   0.207195621807054398060367933949
 639   0.420830105520915705935049809811   0.207195621807054398060367933949
 640   0.482265212285800253741115966952   0.207195621807054398060367933949
 641  -0.296078506818537201684820625765   0.223370063076585599148654186262
 642  -0.418948720347905868528499785037   0.223370063077144060117395459496
 643  -0.234643400053978878733239754906   0.223370063077286222042104234667
 644  -0.357513779707841815769162983119   0.223370350811656418604327665949
 645  -0.101368301980815016443978122182   0.224930409520886835185117185609
 646  -0.039933195215955588061355135672   0.224930409520930343302822420436
 647  -0.162803408745738706007573557132   0.224930409520954630697669918070
 648   0.021501911549166145195452845434   0.224930409521254144319251966997
 649   0.082937018314050693001684248000   0.224930409521254144319251966997
 650   0.144372125078935240807752102676   0.224930409521254144319251966997
 651   0.205807231843819788613818259817   0.224930409521254144319251966997
 652   0.267242338608704336419884416958   0.224930409521254144319251966997
 653   0.328677445373588884225950574099   0.224930409521254144319251966997
 654   0.390112552138473432032016731240   0.224930409521254144319251966997
 655   0.451547658903357979838082888381   0.224930409521254144319251966997
 656  -0.482265212285800253741115966952   0.227126296282189596614245354968
 657  -0.203925798567136471904053894030   0.241104767471959909425549998320
 658  -0.449666273730670412340525348210   0.241104850790785618520142198663
 659  -0.265360953436460292617101386207   0.241104850791418175865585769835
 660  -0.326796084726714303145642105465   0.241104893267477901258986257481
 661  -0.388231333090571339578574654982   0.241105138525358633430885266930
 662  -0.132085855363257290347064412551   0.242665197235086581443909053117
 663  -0.009215641833488194734987005189   0.242665197235086581444250482483
 664  -0.070650748598397861964412286622   0.242665197235130089561704548860
 665   0.052219464931608419098487400096   0.242665197235453890578136000045
 666   0.113654571696492966904719024106   0.242665197235453890578136000045
 667   0.175089678461377514710785181247   0.242665197235453890578136000045
 668   0.236524785226262062516851338388   0.242665197235453890578136000045
 669   0.297959891991146610322917495529   0.242665197235453890578136000045
 670   0.359394998756031158128983652670   0.242665197235453890578136000045
 671   0.420830105520915705935049809811   0.242665197235453890578136000045
 672   0.482265212285800253741115966952   0.242665197235453890578136000045
 673  -0.173208245184733339758496588597   0.258839555186227451197079436595
 674  -0.296078506820381306076312092325   0.258839638504985091666374313794
 675  -0.234643400054624399118149621199   0.258839638506668203793011317968
 676  -0.418948886473335883390600218155   0.258839926239000191833632006096
 677  -0.357513780268291808681494015785   0.258839927209788675697149730906
 678  -0.101368301980840135867535559966   0.260399984949329835820559174890
 679   0.021501911549166145195418336718   0.260399984949653636837020033093
 680   0.082937018314050693001685945535   0.260399984949653636837020033093
 681   0.144372125078935240807752102676   0.260399984949653636837020033093
 682   0.205807231843819788613818259817   0.260399984949653636837020033093
 683   0.267242338608704336419884416958   0.260399984949653636837020033093
 684   0.328677445373588884225950574099   0.260399984949653636837020033093
 685   0.390112552138473432032016731240   0.260399984949653636837020033093
 686   0.451547658903357979838082888382   0.260399984949653636837020033093
 687  -0.039933195216497907352633346851   0.260399984950269160386933598997
 688  -0.482265212285800253741115966952   0.262595871710589089132013421064
 689  -0.203925798567214755419005290677   0.276574342900359401943317978028
 690  -0.142490691802251924097988111068   0.276574342900359401943318366961
 691  -0.265360953438158531443986063775   0.276574426219817668383313181157
 692  -0.326796084727299167251652600673   0.276574468695877393776749501614
 693  -0.388231333651378622426029755316   0.276574714923988421956027907785
 694  -0.449666415329804174843575061168   0.276574756433365145549411952988
 695  -0.009215641833488194735037364305   0.278134772663486073962018548579
 696   0.052219464931608419098652866965   0.278134772663853383095904066141
 697   0.113654571696492966904719024106   0.278134772663853383095904066141
 698   0.175089678461377514710785181247   0.278134772663853383095904066141
 699   0.236524785226262062516851338388   0.278134772663853383095904066141
 700   0.297959891991146610322917495529   0.278134772663853383095904066141
 701   0.359394998756031158128983652670   0.278134772663853383095904066141
 702   0.420830105520915705935049809811   0.278134772663853383095904066141
 703   0.482265212285800253741115966952   0.278134772663853383095904066141
 704  -0.070650748598940181255769943561   0.278134772664468906645810066824
 705  -0.111773138419834769618471699705   0.294309130614602656319990036934
 706  -0.173208245185173381264010409922   0.294309130615253526934527606133
 707  -0.296078506820966170182322587533   0.294309213933384584184137557927
 708  -0.234643400055754416978405753145   0.294309213935067696310761383561
 709  -0.357513780268936348522996676745   0.294309502638188168214911940833
 710  -0.418948862507846913879004598329   0.294309545118353375671807854678
 711   0.021501911549166145195619788394   0.295869560378053129354788099189
 712   0.082937018314050693001685945535   0.295869560378053129354788099189
 713   0.144372125078935240807752102676   0.295869560378053129354788099189
 714   0.205807231843819788613818259817   0.295869560378053129354788099189
 715   0.267242338608704336419884416958   0.295869560378053129354788099189
 716   0.328677445373588884225950574099   0.295869560378053129354788099189
 717   0.390112552138473432032016731241   0.295869560378053129354788099189
 718   0.451547658903357979838082888382   0.295869560378053129354788099189
 719  -0.039933195217358716024894774113   0.295869560380159617260384158738
 720  -0.482265212285800253741115966952   0.298065447138988581649781487160
 721  -0.203925798568344773279261422624   0.312043918328758894461068043621
 722  -0.142490691802330207612960237040   0.312043918328758894461086346669
 723  -0.081055585037934815006709155640   0.312043918329741727145246212854
 724  -0.265360953438803071285488724736   0.312044001648217160901075391085
 725  -0.326796084727943707093155261634   0.312044044124276886294511711541
 726  -0.388231309125404639975971519758   0.312044332832553121930691887726
 727  -0.449666415807548144005395645440   0.312044332975864812851065549913
 728  -0.009215641833488194734734973933   0.313604348091885566479786614675
 729   0.052219464931608419098652866965   0.313604348092252875613672132237
 730   0.113654571696492966904719024106   0.313604348092252875613672132237
 731   0.175089678461377514710785181247   0.313604348092252875613672132237
 732   0.236524785226262062516851338388   0.313604348092252875613672132237
 733   0.297959891991146610322917495529   0.313604348092252875613672132237
 734   0.359394998756031158128983652670   0.313604348092252875613672132237
 735   0.420830105520915705935049809811   0.313604348092252875613672132237
 736   0.482265212285800253741115966952   0.313604348092252875613672132237
 737  -0.173208245186232329298825390857   0.329778706043653019452279864725
 738  -0.111773138420417407727348338638   0.329778706043875716619399857623
 739  -0.050338031656353349775842346219   0.329778706045432437759834561705
 740  -0.296078506821610710023825248494   0.329778789361784076701899767854
 741  -0.234643400056485146649025680834   0.329778789363467188828521922560
 742  -0.418948862425105870102362566870   0.329779120690064559109949582961
 743  -0.357513858287175791571545863718   0.329779298157354714609426383541
 744   0.082937018314050693001685945535   0.331339135806452621872556165285
 745   0.144372125078935240807752102676   0.331339135806452621872556165285
 746   0.205807231843819788613818259817   0.331339135806452621872556165285
 747   0.267242338608704336419884416958   0.331339135806452621872556165285
 748   0.390112552138473432032016731240   0.331339135806452621872556165285
 749   0.451547658903357979838082888382   0.331339135806452621872556165285
 750   0.021501911549166145195619788374   0.331339135806452621872556165290
 751  -0.482265212285800253741115966952   0.333535022567388074167549553256
 752   0.331779022148389828757022093414   0.335863023189327452771299933926
 753  -0.203925798569075502949881350313   0.347513493757158386978828582620
 754  -0.142490691803389155647775217976   0.347513493757158386978838605260
 755  -0.019620478272482828486163703323   0.347513493757158386979040962549
 756  -0.081055585038843121413172960852   0.347513493759578861482439670721
 757  -0.265360953439533800956108652425   0.347513577076616653418835930084
 758  -0.326796035680103523401255755433   0.347513619552642466782073180310
 759  -0.449666415807548144005395645440   0.347513908404264305368833616009
 760  -0.388231499545672154209076295560   0.347514238361061519753877511976
 761   0.298856954519510195790584085210   0.349062577882967569082380833500
 762   0.052219464931608419098652866965   0.349073923520652368131440198333
 763   0.113654571696492966904719024106   0.349073923520652368131440198333
 764   0.175089678461377514710785181247   0.349073923520652368131440198333
 765   0.236524785226262062516851338388   0.349073923520652368131440198333
 766   0.420830105520915705935049809811   0.349073923520652368131440198333
 767   0.482265212285800253741115966952   0.349073923520652368131440198333
 768   0.362496575530832102660055171984   0.353597810903527199030183966974
 769   0.011097075110076348678364021172   0.365248281471696242196044018688
 770  -0.173208245187026798866809440502   0.365248281472777461574375349806
 771  -0.050338032052682259135164633362   0.365248282160158129061275044461
 772  -0.234643400098945856765325431496   0.365248364863310225058522860279
 773  -0.111773036223485927752131007018   0.365248458484381876907131489823
 774  -0.357513858123876593270118077871   0.365248873585754206751285972529
 775  -0.418949458852611490311777876160   0.365249729121092996369091227081
 776  -0.296077372068975917659166639612   0.365250330095469408477874216776
 777   0.268139401137067921887551006640   0.366797365597167315341264866548
 778   0.205807231843819788613818259817   0.366808711234852114390324231381
 779   0.451547658903357979838082888382   0.366808711234852114390324231381
 780   0.144372125078935240807752102673   0.366808711234852114390324231386
 781  -0.482265212285800253741115966952   0.369004597995787566685317619359
 782   0.081199887701000000000000000000   0.369536216304000000000000000000
 783   0.331779022148389828757022093414   0.371332598617726945289068000022
 784   0.393214128913274376563088250555   0.371332598617726945289068000022
 785  -0.203925798570288522367051467003   0.382983069185557879496575906769
 786  -0.142490691803765075366584025823   0.382983069185557879496604679288
 787  -0.019620478272561132522652068147   0.382983069185557879496808942212
 788   0.041814628492518622581397099748   0.382983069185895988454928051726
 789  -0.326796035516804325099827969587   0.382983194981041958923932769298
 790  -0.081055479878279344771524573542   0.382983252703116365940374279856
 791  -0.388231499577196147006629775347   0.382983813789461012257636922628
 792  -0.449666924192616723257832944953   0.382984669328392772937735072843
 793  -0.265359818728387973468383418682   0.382985117882162980117561146971
 794   0.237421847754625647984517928069   0.384532153311367061600148899596
 795   0.298856954519510195790584085210   0.384532153311367061600148899596
 796   0.113654571696492966904719024100   0.384543498949051860649208264429
 797   0.175089678461377514710785181247   0.384543498949051860649208264429
 798   0.482265212285800253741115966952   0.384543498949051860649208264429
 799   0.362496575530832102660055171984   0.389067386331926691547952033070
 800   0.423931682295716650466121329125   0.389067386331926691547952033070
 801   0.011097075109685934082394278111   0.400717856900095734713809936132
 802  -0.173208258579349568079506888232   0.400717880094501541287585357553
 803  -0.357513858155400586067671557658   0.400718449014153699255045383180
 804  -0.418949370810174449354799866383   0.400719457042592519196619105891
 805  -0.296077085266532341935084616057   0.400720402415981921032704740351
 806  -0.111770620105056607186671402485   0.400722219469107259594837739271
 807  -0.050411644549561915943672382952   0.400845118528149638923430440883
 808  -0.234779378267993650902817997088   0.400955299915720651235334558274
 809   0.206704294372183374081484849499   0.402266941025566807859032932644
 810   0.268139401137067921887551006640   0.402266941025566807859032932644
 811   0.074401653594000000000000000000   0.404360910434000000000000000000
 812  -0.482265212285800253741115966952   0.404474173424187059203085685455
 813   0.142541188029414281882377074388   0.405933541192843252850055727201
 814   0.331779022148389828757022093414   0.406802174046126437806836066118
 815   0.393214128913274376563088250555   0.406802174046126437806836066118
 816   0.454649235678158924369154407696   0.406802174046126437806836066118
 817  -0.203925825353277647300156120375   0.418452644613947260129752706481
 818  -0.142490691805427326947961956629   0.418452644613957372014333795378
 819  -0.019620478272951547118621811197   0.418452644613957372014574859656
 820   0.041814628492128207985427356687   0.418452644614295480972693969170
 821  -0.326796035548328317897381449373   0.418452770409441451427692179950
 822  -0.388231323497732579601740377508   0.418453389217423454470800100995
 823  -0.449666924192616723257832944953   0.418454244756792265455503138939
 824  -0.081126787103034356582579984777   0.418584086502737101555439015296
 825  -0.265496914503453957458554802016   0.418691043394307847725422043522
 826   0.109900277632771113944216567990   0.419813827231533495337076917067
 827   0.175986740989741100178451770928   0.420001728739766554117916965692
 828   0.237421847754625647984517928069   0.420001728739766554117916965692
 829   0.298856954519510195790584085210   0.420001728739766554117916965692
 830   0.362496575530832102660055171984   0.424536961760326184065720099166
 831   0.423931682295716650466121329125   0.424536961760326184065720099167
 832   0.482265212285800253741115966952   0.429060849143201014964463867808
 833  -0.482265212285800253741115966952   0.439943748852587116467798923991
 834   0.013460801893000000000000000000   0.440821976545000000000000000000
 835   0.393214128913274376563088250555   0.442271749474525930324604132215
 836  -0.423597137892907186587899044778   0.442505378271834711102133708972
 837  -0.168928707300000000000000000000   0.444223881213000000000000000000
 838  -0.241002042910000000000000000000   0.445179525706000000000000000000
 839   0.326209064071000000000000000000   0.446080907910000000000000000000
 840   0.451547658903357979838082888382   0.446795636857400761223347900856
 841   0.277285011425937455983770017548   0.448157404051123950424981485847
 842  -0.058604541768000000000000000000   0.448561373095000000000000000000
 843  -0.350493853303000000000000000000   0.448937054098000000000000000000
 844   0.090089289198771779101838609500   0.449235171836069597770194293564
 845   0.199076409401000000000000000000   0.450055154059000000000000000000
 846   0.128433000437776471566256056502   0.450056660539670406610341098022
 847   0.054692221869592162833301962013   0.451501976980859522280958625487
 848  -0.094260578239655880215102567603   0.451532444753953852423728570845
 849  -0.278888453648710251964569848310   0.451535550573840921998030183443
 850  -0.129806975769834353947878805293   0.451576867300676568740831877053
 851  -0.314953544760976759725135643675   0.451886977339207476834458757201
 852   0.163754411670954728485851132262   0.453295285181031286973552463156
 853  -0.390000476010771165998996192373   0.453878816250227593944962164837
 854  -0.204383147480056488497493238509   0.453919271709616782234495320563
 855  -0.019757662087375984485601885941   0.453921954752046906116442632546
 856   0.242502625049537512860638437955   0.455105524590791399035286371371
 857   0.362496575530832102660055171984   0.460006537188725676583488165263
 858  -0.453799193697161591325446041359   0.461104480569193685104457445472
 859   0.420830105520915705935049809811   0.464530424571600507482231933904
 860   0.482265212285800253741115966952   0.464530424571600507482231933904
 861   0.300098212546790830164962033135   0.475317091746132805130811081428
 862   0.107897672115394990083760576612   0.479910117295937063042364010572
 863  -0.425129275836000000000000000000   0.482213445621000000000000000000
 864  -0.261174036984291048340233018648   0.482265154692179035549418455908
 865  -0.076552118135505845636339463612   0.482265183353217140168070571898
 866  -0.482265212285800253741115966952   0.482265212285800253741115966952
 867  -0.368733052537709229848548159045   0.482265212285800253741115966952
 868  -0.333263477109309737330780092949   0.482265212285800253741115966952
 869  -0.296643612412643782119491194400   0.482265212285800253741115966952
 870  -0.225704461555938314560974842896   0.482265212285800253741115966952
 871  -0.183061833404174662434011634122   0.482265212285800253741115966952
 872  -0.147592257975775169916243568026   0.482265212285800253741115966952
 873  -0.112021693563893537979514042560   0.482265212285800253741115966952
 874  -0.041082542707118153293164884663   0.482265212285800253741115966952
 875   0.001567218532366184321961112781   0.482265212285800253741115966952
 876   0.037036793960765676839729178877   0.482265212285800253741115966952
 877   0.072506369389165169357497244973   0.482265212285800253741115966952
 878   0.143288974841624810810023908252   0.482265212285800253741115966952
 879   0.184219848500284646161678356273   0.482265212285800253741115966952
 880   0.219689423928684138679446422369   0.482265212285800253741115966952
 881   0.265315826170390887041830453542   0.482265212285800253741115966952
 882   0.334880598923190773288093612728   0.482265212285800253741115966952
 883   0.390112552138473432032016731240   0.482265212285800253741115966952
 884   0.451547658903357979838082888382   0.482265212285800253741115966952
