   1  -0.419794310200466517002873319407  -0.481957797200053907457379208943
   2  -0.357294288647672620078397671589  -0.481957797200053907457379208943
   3  -0.294794265080770142593130156831  -0.481957797200053907457379208943
   4  -0.232294247342034793568222387432  -0.481957797200053907457379208943
   5   0.017705820504003578967076174846  -0.481957797200053907457379208944
   6   0.455205987523419002799514913983  -0.481957797200053907457379208944
   7   0.392705963663302470601706779427  -0.481957797200053907455239425654
   8   0.330205939803279223218886447044  -0.481957797200053907401407378108
   9   0.267705915943290747871884147353  -0.481957797200053906301787335540
  10  -0.481957797200053887018083485898  -0.481957797200053749118675493446
  11   0.080205844363671618743179924347  -0.481957797200052481105279177866
  12   0.142705868223465171866123629570  -0.481957797200048672717981162832
  13   0.205205892083372937539458120490  -0.481957797200048312185055456951
  14  -0.044794180670597805640290369242  -0.481957797200037820226476428996
  15  -0.107294203368189689429273509677  -0.481957797174021073237739339880
  16  -0.169794226058232803776185330233  -0.481957797147224704860688055424
  17   0.423955975593382397041964706477  -0.463915594400226490038261882512
  18   0.361455951733290846509660039331  -0.463915594400183217973497522425
  19   0.298955927873284984963500471324  -0.463915594400153099943639211754
  20   0.236455904013338042229179035170  -0.463915594400081074912057213998
  21   0.173955880153414364510978738289  -0.463915594400050804056779510268
  22   0.111455856293542930981790652949  -0.463915594399932095331380483939
  23   0.048955832433823714000168237253  -0.463915594399851551745151038538
  24  -0.326044276864221381335763914210  -0.463915594146333189101958697715
  25  -0.076044192055299061848318269518  -0.463915593305261415112650389479
  26  -0.138544214797688675525715762731  -0.463915593139349366497961597110
  27  -0.388544299424072895861170414405  -0.463915592402058374401675838477
  28  -0.201044238000733584399069072777  -0.463915589916405998630710484403
  29  -0.263544256211402468080676272131  -0.463915589098993434347665182682
  30  -0.013544180083292469346318562584  -0.463915574754037809153686685096
  31  -0.450876053700260155320085680370  -0.463627233965102112950163405868
  32   0.481957797200053907457379208944  -0.457741583488521017129365759512
  33   0.392705963663482825514651317977  -0.445873391600161722369998294259
  34   0.330205939803315504596863646599  -0.445873391600161722312707068937
  35   0.267705915943327023568337286982  -0.445873391600161720850274237641
  36   0.205205892083387670204186749023  -0.445873391600090301366015033199
  37   0.142705868223489331408484098146  -0.445873391599942732287705122914
  38   0.080205844363686618973028333383  -0.445873391599723275741636563034
  39  -0.357294287640622055214791360220  -0.445873389348336966523328809871
  40  -0.107294203536998240412071148305  -0.445873389180082351749535873809
  41  -0.294794267994853706823310029510  -0.445873386045272715992244671455
  42  -0.169794226761135263209303594650  -0.445873385920704445682328275995
  43  -0.232294246773267446998969225299  -0.445873381647624510143141537138
  44   0.017705831928661574081058218660  -0.445873371811575558367770494277
  45  -0.044794191424576811385060392719  -0.445873370934461596317726263111
  46  -0.419626042923866530788120198324  -0.445585029167106574145849342650
  47  -0.481957797200053907457379208943  -0.445296670730150511439012297181
  48   0.450707785270017301699829001440  -0.439699380688693599710248433077
  49   0.361455951733471202894105621064  -0.427831188800291032888256391037
  50   0.298955927873321264082600470809  -0.427831188800260914853344525319
  51   0.236455904013364219087165243985  -0.427831188800154710471666595550
  52   0.173955880153465244095571302244  -0.427831188800009346074715697251
  53   0.111455856293631575458620286346  -0.427831188799737117127010381077
  54  -0.138544215407182560135584086967  -0.427831182123070476171984525626
  55  -0.326044278771250655285067510019  -0.427831181247282946023077907049
  56  -0.263544258467122875301874554134  -0.427831178438719299761002525521
  57  -0.201044235512599165691554209617  -0.427831177615428730555945043447
  58   0.048955844129654848306191032208  -0.427831168541836402240151293141
  59  -0.013544179420004352480827062332  -0.427831168004784624008908864753
  60  -0.076044202747848513225100188995  -0.427831167083686577865999101809
  61  -0.388376031140415690141741144139  -0.427542826113385166267502314044
  62  -0.450707786423660286315676303939  -0.427254465932154978383308926714
  63   0.481957797200053907343188852773  -0.421657177888628832044124177392
  64   0.419457773340117730172515612940  -0.421657177888628832041984844824
  65   0.330205939803546648261628896357  -0.409788986000269537227466227134
  66   0.267705915943370543672219063180  -0.409788986000269535765032681771
  67   0.205205892083439860263516970123  -0.409788986000074559536862448999
  68   0.142705868223626995505215746281  -0.409788985999838363963973148165
  69  -0.232294247261027303766302509008  -0.409788974301975723856331380598
  70  -0.169794224133023927476690857913  -0.409788973773415246490929234578
  71  -0.294794269324287902897158249697  -0.409788973759346514294300315011
  72   0.080205856316921331322005569933  -0.409788965296156960371979127765
  73   0.017705832692732653337181829362  -0.409788964887909798338180590711
  74  -0.044794190780952814210868580758  -0.409788964219267663040843426356
  75  -0.107294213419014819896675223325  -0.409788962103432017943345507699
  76  -0.357126022271044290212017293938  -0.409500618012331145767251411222
  77  -0.419457774640209420121743824545  -0.409212262878433527185916409339
  78  -0.481957797200053907457379208943  -0.409212261134159331883393683516
  79   0.388207761410106107551969916027  -0.403614975088758142560242941602
  80   0.450707785270085819174354292628  -0.403614975088682738671569230617
  81   0.298955927873552414263569845733  -0.391746783200368729768103683558
  82   0.236455904013451610777908205957  -0.391746783200204091573758995791
  83   0.173955880153595156708208548050  -0.391746783199892397098860454644
  84  -0.201044235978254084377227563043  -0.391746770357621522711355378341
  85  -0.263544258158725745000465963942  -0.391746769635410576864189753992
  86   0.111455868568801564320426004758  -0.391746761938738221491398867472
  87   0.048955844965064904183110079485  -0.391746761494892134704026165214
  88  -0.013544178726838801784024264236  -0.391746761203930833400876556266
  89  -0.076044201489200176210787802429  -0.391746759303220150938757080330
  90  -0.138544222087358596583891479906  -0.391746753654188081147546854512
  91  -0.325876012937045262832366247503  -0.391458410715938721999890552349
  92  -0.450707785416603053514362472332  -0.391170058080437947035498258790
  93  -0.388207764922613027797428437061  -0.391170053339108903008890154641
  94   0.419457773340117724724761719800  -0.385572772288736646948776201835
  95   0.356957749480181552919493191320  -0.385572772288736646899452777699
  96   0.481957797200053906312407751093  -0.385572772288736636764603044545
  97   0.267705915943610471819865583272  -0.373704580400377350679791897307
  98   0.205205892083570686380572696561  -0.373704580399959192797072954924
  99  -0.232294246876315797414070657856  -0.373704565713860929639995930652
 100   0.142705880662786711088474696896  -0.373704558854706951665141452447
 101   0.080205857019957703049847755783  -0.373704558478665619245991381340
 102   0.017705833327600221445197376148  -0.373704558188315291231000160978
 103  -0.044794189559373040505290152916  -0.373704556503029920746822308025
 104  -0.107294210078724248447542796841  -0.373704550717456539081153964123
 105  -0.169794233854668975473464334363  -0.373704550572510574001961706996
 106  -0.294626001771483104935673961748  -0.373416206592002784569779991330
 107  -0.481957797200053907457379208943  -0.373127855026716562187602834063
 108  -0.419457776538312135445366225148  -0.373127849994832979088056199112
 109  -0.356957755588642232177732850470  -0.373127846042764349687049169689
 110   0.325707737550187318921434140696  -0.367530569488835839440090234124
 111   0.450707785270085810975940660262  -0.367530569488790549941915012326
 112   0.388207761410149639694134222213  -0.367530569488790547827857900015
 113   0.236455904013711290883294112159  -0.355662377600311906488518348068
 114   0.173955892739053046272295110061  -0.355662355801391045348510991485
 115   0.111455869011001100927121412961  -0.355662355572934681195061677408
 116   0.048955845335250939508836194172  -0.355662355253914457163018202547
 117  -0.013544177629431389900433671568  -0.355662353703038036178798544227
 118  -0.076044198112047110298193088587  -0.355662347853440259838485531185
 119  -0.138544221884378973400854001214  -0.355662347702193386281191887683
 120  -0.201044244736426770201661128066  -0.355662345957011117179289621407
 121  -0.263375990489073157349278655662  -0.355374002670453137345586167990
 122  -0.450707788321762989388382961760  -0.355085646941111594240160774386
 123  -0.388207766992175550380828843227  -0.355085642331006518592159642349
 124  -0.325707744423080074281040564715  -0.355085641918828412256938608668
 125   0.356957749480181541545788253489  -0.349488366688844461809504273028
 126   0.294457725620245376477729878235  -0.349488366688844460351778447873
 127   0.481957797200053906312407751093  -0.349488366688844449389418546731
 128   0.419457773340117726211158879228  -0.349488366688844443460486617395
 129   0.205205904849670911228007936201  -0.337620152689148481506387336919
 130   0.142705881013120919471551841182  -0.337620152648044304938641203608
 131   0.080205857356786976896956553988  -0.337620152295368719983527475715
 132   0.017705834300609260023230517000  -0.337620150903217623460864944627
 133  -0.044794186136943148889466118863  -0.337620144975224992412492798806
 134  -0.107294209900751961546030264614  -0.337620144808819065097762269344
 135  -0.169794232806494338742382508448  -0.337620143156595283032681021994
 136  -0.232125988349184130136869125872  -0.337331782913603324884879858745
 137  -0.419457778754049286169649673381  -0.337043439239912469572783710825
 138  -0.481957797200053907457379208943  -0.337043438855506626292718714709
 139  -0.356957755816460742760694506378  -0.337043438189485677205958031117
 140  -0.294457733140670126694645258628  -0.337043437997278765032744785328
 141   0.388207761410149627294862542484  -0.331446163888898360687401612387
 142   0.325707737550213460547237430533  -0.331446163888898355055554037823
 143   0.450707785270085816913847394018  -0.331446163888898349786941700309
 144   0.263207713690346195541158407120  -0.331446163888779016160504898636
 145   0.173955892946819820184133430757  -0.319577949842234371454784286723
 146   0.111455869315480433980239100685  -0.319577949445693691316449806675
 147   0.048955846230577501650288356399  -0.319577948103271795894319047508
 148  -0.013544174183880543160233136990  -0.319577942135529400076749202009
 149  -0.076044197945333341493268541029  -0.319577941964699808491080995425
 150  -0.138544220876473260271366029090  -0.319577940356069150397810161595
 151  -0.200875976419341873726647700879  -0.319289580113340393720489651375
 152  -0.388207767578273451910521956819  -0.319001235098285926949505089862
 153  -0.325707744533987248054461947851  -0.319001234267825963149091604313
 154  -0.450707787866083149816001883058  -0.319001231559162007190522774187
 155  -0.263207730310395022339178097290  -0.319001217069793904547607766246
 156   0.419457773340117720439794206146  -0.313403961088952255743862838207
 157   0.481957797200053906312407751093  -0.313403961088952250084297100050
 158   0.356957749480181546431840404842  -0.313403961088952249959665619533
 159   0.294457725620314266931664281872  -0.313403961088832893735601693408
 160   0.231957715150045261026061996136  -0.313403937897268989964588160016
 161   0.142705881247158312914404394551  -0.301535746643385584535748463911
 162   0.080205858160548338724348683841  -0.301535745303330463773849812862
 163   0.017705837777114517236324639748  -0.301535739281843569811381318477
 164  -0.044794185981436982177959493214  -0.301535739106239604812596978172
 165  -0.107294208946531239878996544210  -0.301535737556076648903453677205
 166  -0.169625964489506788186947986229  -0.301247377313129635173769558496
 167  -0.356957756295857208166212330137  -0.300959031176725374465337393715
 168  -0.419457776700520993411968011826  -0.300959027435226067175052253831
 169  -0.481957797089313660472694611277  -0.300959020273387346295000674369
 170  -0.294457742386838416302588328716  -0.300959014523550485252329754174
 171  -0.231957718352868459811144629037  -0.300959014222588807768913221635
 172   0.450707785270085810808312882834  -0.295361758289006161350422708054
 173   0.388207761410149634123697018511  -0.295361758289006151064008755928
 174   0.325707737550282334373612060014  -0.295361758288886764471595248212
 175   0.200707703291271198887856357673  -0.295361734974011226882031470651
 176   0.263207727225930025676104794697  -0.295361734844588176657943072664
 177   0.111455870090693937315631935015  -0.283493542503691827480421997581
 178   0.048955849720214447537906998449  -0.283493536459161991301881378986
 179  -0.013544174032742370443268072281  -0.283493536273858776241154379819
 180  -0.076044197016490585459623287123  -0.283493534756256243972316600400
 181  -0.138375952559560011560960677671  -0.283205174513129068895285792000
 182  -0.388207765418111045825137674870  -0.282916823513676419951611925999
 183  -0.450707785862740838850908833483  -0.282916816006957826916800032421
 184  -0.263207730310121547223879607816  -0.282916811469901719462367220435
 185  -0.325707754148708376414338711002  -0.282916811432449896568575543578
 186  -0.200707706398893365238820362312  -0.282916811381445646171811399470
 187   0.481957797200053906312407751093  -0.277319555489060062709112602236
 188   0.419457773340117726521389543059  -0.277319555489060056551037320229
 189   0.356957749480246830062043537861  -0.277319555488934448749026459545
 190   0.231957715339738795506776270019  -0.277319531968818341255521857044
 191   0.294457739229251310090999246454  -0.277319531917590769417785672334
 192   0.169457691539650837913049733508  -0.277319531865157812129501558459
 193   0.080205861650815490542018234459  -0.265451333658734502497794216390
 194   0.017705837910178249209672958573  -0.265451333451487772880668062460
 195  -0.044794185086522338120741571995  -0.265451331956310426298939859930
 196  -0.107125940629491249783266647492  -0.265162971713261004451294832385
 197  -0.419457774786267257583653733781  -0.264874611696717750011641737879
 198  -0.481957797167093778517458953491  -0.264874611553075200521236565217
 199  -0.231957718352640991167278359534  -0.264874608622686920450678962435
 200  -0.294457742194582332894075224868  -0.264874608591134666284896385076
 201  -0.169457694464325951964034750220  -0.264874608573610235432907909989
 202  -0.356957763270962214073264055734  -0.264874603769400942054850075861
 203   0.450707785270085817139380110219  -0.259277352689113962589695179432
 204   0.388207761410215828040354509400  -0.259277352688989931221279355771
 205   0.200707703479046589722969442784  -0.259277329048882900393493905215
 206   0.263207727341797301214164817891  -0.259277329044008130883401787978
 207   0.325707751241757123122984067892  -0.259277328974672948125498996423
 208   0.138207679767329456411750029106  -0.259277328792159615926366338686
 209   0.048955849840595481062219892708  -0.247409130651378654325204369929
 210  -0.013544173156551498842175963256  -0.247409129156369097996785778043
 211  -0.075875928699523002444384932364  -0.247120768913315186777918091914
 212  -0.450707786243317035303029630661  -0.246832406943998328651854293385
 213  -0.200707706398846741047327904652  -0.246832405781549651366727650353
 214  -0.138207682534232737225617119305  -0.246832405773700723162480046732
 215  -0.263207730224695649472325312184  -0.246832405722431824493827765710
 216  -0.325707751340857393695074223648  -0.246832400969691675824501167808
 217  -0.388207771298495684645015664260  -0.246832394210241505949080111629
 218   0.481957797200053902108695102884  -0.241235149889167856215977395309
 219   0.419457773340183396005687619395  -0.241235149889042936838399112873
 220   0.231957715441646611015284683565  -0.241235126192416789384509454384
 221   0.294457739322489737156699767836  -0.241235126156192694882725320332
 222   0.356957763226381115191382215197  -0.241235126080063370178767420527
 223   0.169457691697297642076760290123  -0.241235125992213691430710740223
 224   0.106957671546295061671739791772  -0.241235119568153448529227083001
 225   0.017705838773594099834416832198  -0.229366926356730461851118427831
 226  -0.044625916769552163165819323624  -0.229078566113373858475764010027
 227  -0.106957670604262652186218099328  -0.228790202973751789440566375878
 228  -0.169457694463881230299509413941  -0.228790202973201074856216110196
 229  -0.231957718261681590055772406852  -0.228790202865325377399866209961
 230  -0.481957797192054353207470309876  -0.228790202316146324065210002020
 231  -0.294457739410778378547547029432  -0.228790198169937713623542828243
 232  -0.356957759190033908793283300228  -0.228790191101609088792202159806
 233  -0.419457782434499160728339313465  -0.228790190035108434919633618105
 234   0.450707785270148798520688172820  -0.223192947089092191785521615844
 235   0.263207727447555912042577541027  -0.223192923260924462086610173160
 236   0.325707751342419807084457762940  -0.223192923200431196489537152728
 237   0.388207775205994632347938490592  -0.223192923194127220978185275920
 238   0.200707703627265754546011033259  -0.223192923192267640156280758193
 239   0.138207683485642164041970732222  -0.223192916751962771502011171458
 240   0.075707659718727768129588451783  -0.223192916590843977298777421261
 241  -0.013375904839383873571357199712  -0.211036363313696747063957650796
 242  -0.075707658674291482355008895223  -0.210748000173809900645518182885
 243  -0.138207682532485458400484005952  -0.210748000170782779058072548869
 244  -0.200707706310913973982536541310  -0.210748000029606751862049557667
 245  -0.263207727480788083325697682918  -0.210747995370030084003665412471
 246  -0.325707746789398181234301256244  -0.210747987486808343663154188835
 247  -0.388207770263406119733410436266  -0.210747986817995495851851603246
 248  -0.450707793334339017872948356658  -0.210747985450928024741959675476
 249   0.481957797200053907457379208944  -0.205150744289037015191642340915
 250   0.356957763276018570416044434814  -0.205150720394194938576946389218
 251   0.294457739416089412884093073935  -0.205150720394184432351241896518
 252   0.419457787135997094988761887216  -0.205150720394112286017798177339
 253   0.231957715557225063827650100872  -0.205150720392306341313638801783
 254   0.169457695443310095255735104298  -0.205150713904039249721268520286
 255   0.106957671658209623608740505578  -0.205150713774419901043493524290
 256   0.044457648450229668340718485667  -0.205150712645198304880815721143
 257  -0.044457646744083588789856633810  -0.192705797374065635802691245070
 258  -0.106957670602298936531749690822  -0.192705797370467889592605851933
 259  -0.169457694368900339978330398034  -0.192705797208797779637700251254
 260  -0.231957715550746875326922301901  -0.192705792570210637900178846853
 261  -0.294457734623368164557887136763  -0.192705784278034529054295059685
 262  -0.356957757947196851702108473284  -0.192705783349425652884656678602
 263  -0.419457781256253425330332458473  -0.192705782394908691593615947141
 264  -0.481957797200053907457379208944  -0.192705768683292875220137947316
 265   0.325707751346066458469993584428  -0.187108517594221173583386536687
 266   0.388207775205999879665752900815  -0.187108517594215596789753530497
 267   0.263207727487193142658508734313  -0.187108517592360231775804600839
 268   0.450707799066941406829696786041  -0.187108517592257160372979321043
 269   0.200707707418385595811632354118  -0.187108511025934453042227262127
 270   0.138207683616064693717808766576  -0.187108510926172245192270219087
 271   0.075707660380197946433976921544  -0.187108509845252226634509609992
 272   0.013375904837251694934944453759  -0.186820149602164590093654944107
 273  -0.075707658672082190581542813637  -0.174663594570708291969100012830
 274  -0.138207682429938183826017095667  -0.174663594393283045914983474736
 275  -0.200707703620778610672643265529  -0.174663589770264850217950020019
 276  -0.263207722424948579371459515480  -0.174663581013423129475427191012
 277  -0.325707745678363439168753819502  -0.174663579962591152231594963045
 278  -0.388207768817535309114349053160  -0.174663578714147326310184399138
 279  -0.450707785269949119736371273726  -0.174663565883583552425890760884
 280   0.356957763276040788710554256092  -0.169066314794251775308397223688
 281   0.419457787135905291351553541536  -0.169066314794160944572714032752
 282   0.294457739417161277437938361145  -0.169066314792414219143737971321
 283   0.231957719370771391922720473590  -0.169066308187159737083164019561
 284   0.169457695587870681704209489397  -0.169066308053730410326307535877
 285   0.106957672310166237242137085307  -0.169066307045305885447361703163
 286   0.481957797200053907457379208944  -0.169066290895477305554316301170
 287   0.044625916767219889090026383259  -0.168777946802218654174939937884
 288  -0.017705837067448020283554980333  -0.168489583662533478832388538373
 289  -0.106957670499737569952271305389  -0.156621391593551389867173871756
 290  -0.169457691690807769401587280268  -0.156621386970323525366890503862
 291  -0.231957710375316156523731985390  -0.156621378006213075673060544405
 292  -0.294457733545316650719513852991  -0.156621376811208745826894784330
 293  -0.356957756523907873308681198500  -0.156621375284368323518247974199
 294  -0.419457773339875734139577485792  -0.156621363083819839557038240074
 295  -0.481957797200053907457379208944  -0.156621363083400690134896365203
 296   0.388207775205946819456205087519  -0.151024111994198195334471173663
 297   0.325707751347129315886174710619  -0.151024111992468039661150231684
 298   0.263207731312675490296193627663  -0.151024105366540039176237032777
 299   0.200707707539482973792020507992  -0.151024105216295442618430497569
 300   0.138207684242968396297703906689  -0.151024104240420658744055588357
 301   0.450707785265470700266231512665  -0.151024088091237357539224779878
 302   0.075875928697188008995165526834  -0.150735744002272602775065316790
 303   0.013544174862520165521458913500  -0.150447380862587554579226345191
 304  -0.048955848994983579698108368568  -0.150447380858374122075771792053
 305  -0.138207679760661515668474728803  -0.138579184170686023812397226134
 306  -0.200707698345126034131685445189  -0.138579175032686980127859858610
 307  -0.263207721435516400355546859950  -0.138579173699784968986199577061
 308  -0.325707744301702498507452874895  -0.138579171978558737937516738553
 309  -0.388207761409895240222505632126  -0.138579160283895233579305701514
 310  -0.450707785269949119736371273726  -0.138579160283691367340649178771
 311   0.356957763277037520593091559480  -0.132981909192418225098590581228
 312   0.294457743243379107876930237756  -0.132981902565319799887089440014
 313   0.231957719487785092082362302830  -0.132981902384594049292159893836
 314   0.169457696172936479530349688342  -0.132981901440474556830340372220
 315   0.481957797199786631816525524898  -0.132981885295585120469075708907
 316   0.419457773113922984353682032001  -0.132981884907471462664643179504
 317   0.107125940627118781767420677985  -0.132693541202256167721975876067
 318   0.044794186792488281240018220329  -0.132405178062641508932763884946
 319  -0.017705837065015098033122456069  -0.132405178058427682161252872846
 320  -0.080205860720274159431093183909  -0.132405177703916189578163705486
 321  -0.169457686404965714769020870393  -0.120536972215704619836455438965
 322  -0.231957709406130646769553999494  -0.120536970727652080926072978841
 323  -0.294457732160133096195663912327  -0.120536968812109184187585730163
 324  -0.356957749479838849413411229370  -0.120536957484102084874693634263
 325  -0.419457773339875734139577485792  -0.120536957483927654471796657961
 326  -0.481957797200053907457379208944  -0.120536957483508505049654783090
 327   0.325707755173298921876683183223  -0.114939699765249877449345685709
 328   0.263207731430367105525886126034  -0.114939699562799825148608437312
 329   0.200707708102904592612832940651  -0.114939698640528506618060252933
 330   0.450707785265489536050623117365  -0.114939682491345172453983202681
 331   0.388207760989728120851440202509  -0.114939681767447583801339943336
 332   0.138375952557086874076896284208  -0.114651338402310050417369672860
 333   0.076044198722417389417851792500  -0.114362975262627900243886308555
 334   0.013544174864956027131107089113  -0.114362975258476418328272165245
 335  -0.048955848781216374891492529142  -0.114362974888226615686988820278
 336  -0.111455870084025966970301981541  -0.114362970459153844959924958942
 337  -0.200707697447994533225296072769  -0.102494767879534735304626883000
 338  -0.263207720130411687206837846870  -0.102494765839394924005626460612
 339  -0.325707737549870629933071777299  -0.102494754684156218948906269372
 340  -0.388207761409895240222505632126  -0.102494754684003048494064119401
 341  -0.450707785269949119736371273726  -0.102494754683799182255407596659
 342   0.294457743375213038708162667607  -0.096897496736877106338627823730
 343   0.231957720032872655151998761762  -0.096897495840582368862186359728
 344   0.481957797199602716315585657512  -0.096897479695692935383834595486
 345   0.419457773116040208504922849107  -0.096897479307579277579463710623
 346   0.356957752885989522135031826253  -0.096897472340279236152095047815
 347   0.169625964487055005977190497139  -0.096609135602363968297156640014
 348   0.107294210652385472650496616223  -0.096320772462681798330169433234
 349   0.044794186794904551560789907911  -0.096320772458429188595279491576
 350  -0.017705836839553342751694488363  -0.096320772068024375147770675106
 351  -0.080205858154057783466473071178  -0.096320767659207916720993456772
 352  -0.142705875363345808876195522867  -0.096320756139951988869921180456
 353  -0.231957708155496520650891770076  -0.084452562962215410581356323750
 354  -0.294457725619899796598731738152  -0.084452551884214880351051489299
 355  -0.356957749479838849413411229370  -0.084452551884209899789452052151
 356  -0.419457773339875734139577485792  -0.084452551884035469386555075848
 357  -0.481957797200053907457379208944  -0.084452551883616319964413200978
 358   0.263207731962780859478700480695  -0.078855293040532553641074786436
 359   0.450707785267606760201863934471  -0.078855276891452987368803733801
 360   0.388207765050493567116353566083  -0.078855269814260551957210426202
 361   0.325707741109328856171211472192  -0.078855269274796900956966225157
 362   0.200875976417023156975836289357  -0.078566932802417680547260679463
 363   0.138544222582353585732977882581  -0.078278569662735748117885874177
 364   0.076044198724879006703229651602  -0.078278569658472050210060042041
 365   0.013544175119722957887287059581  -0.078278569217179948879045882709
 366  -0.048955846224089671233906368451  -0.078278564859261865036614691412
 367  -0.111455863396490639791447710741  -0.078278553276115975858752008041
 368  -0.173955886350801540375817823660  -0.078278551707526705465776207943
 369  -0.263207713689753555556638188733  -0.066410349084577356815068499704
 370  -0.325707737549870629933071777299  -0.066410349084264033863664687259
 371  -0.388207761409895240222505632126  -0.066410349084110863408822537289
 372  -0.450707785269949119736371273726  -0.066410349083906997170166014546
 373   0.481957797200053907457379208944  -0.060813074095800750298595834169
 374   0.419457777351996682346088376254  -0.060813067138436646745829546322
 375   0.356957753278688939820193262269  -0.060813066740367311233839393695
 376   0.294457738740057901827623795125  -0.060813049806904168870049592259
 377   0.232125988346931361316526500353  -0.060524730002367865302429882545
 378   0.169794234512321648272134368054  -0.060236366862789610361995811173
 379   0.107294210654851607290400809988  -0.060236366858518227411656837652
 380   0.044794187066553235989151695205  -0.060236366388027669708342597828
 381  -0.017705834294160564685243701951  -0.060236362059248253525930332198
 382  -0.080205851348695435489026424129  -0.060236350272087584598680746044
 383  -0.142705874338942922075540889407  -0.060236348765742441525769491284
 384  -0.205205896990520799583605640082  -0.060236346672804270473657270856
 385  -0.294457725619899796598731738153  -0.048368146284322695265809907186
 386  -0.356957749479838849413411229370  -0.048368146284317714704210470038
 387  -0.419457773339875734139577485792  -0.048368146284143284301313493736
 388  -0.481957797200053907457379208944  -0.048368146283724134879171618865
 389   0.450707789314979179571371176323  -0.042770864289895659380674272648
 390   0.388207765493748940327123369406  -0.042770864214267270484040458051
 391   0.325707750897643699393471914188  -0.042770847401203518627320987225
 392   0.263375985931684692499155027543  -0.042482502355803778856882024001
 393   0.201044246442229852598836085515  -0.042194164062739795140884235316
 394   0.138544222584825805104656753539  -0.042194164058561463047579459650
 395   0.076044198998130804326411012887  -0.042194163585293961319219924154
 396   0.013544177635807516125141482965  -0.042194159259302147416736693339
 397  -0.048955839299765110093083883848  -0.042194147265958008980666131160
 398  -0.111455862310918199211144255093  -0.042194145795957524321340265143
 399  -0.173955885056963325734088850544  -0.042194143866641545294654244656
 400  -0.236455904013118016938897047300  -0.042194135373045166826677505092
 401  -0.325707737549870629933071777299  -0.030325943484371848778423105146
 402  -0.388207761409895240222505632126  -0.030325943484218678323580955176
 403  -0.450707785269949119736371273726  -0.030325943484014812084924432434
 404   0.419457777430383184088071731834  -0.024728661411362796467819042621
 405   0.481957797200053907457379208944  -0.024728654483990568462752711127
 406   0.356957763049212638952881588723  -0.024728644985081364315895407415
 407   0.294625998089270368572747160290  -0.024440299950102918183387193594
 408   0.169794234514736774943437003245  -0.024151961258506857819040437168
 409   0.107294210928414579887474830417  -0.024151960784800992587543328826
 410   0.044794189565775628978258717376  -0.024151956459356096807182977520
 411  -0.017705827349365777418478457820  -0.024151944430623967569134039456
 412  -0.080205850368869543152415851199  -0.024151942974952408727869689041
 413  -0.142705873124622167928884700271  -0.024151941062585399527570807707
 414   0.232294244026983011284807080599  -0.024151936416175409922909997227
 415  -0.205205892083149824082526196839  -0.024151932573099254786823823094
 416  -0.267705915943046707469079517235  -0.024151932573030834750848561456
 417  -0.356957749479838849413411229370  -0.012283740684425529618968887925
 418  -0.419457773339875734139577485792  -0.012283740684251099216071911623
 419  -0.481957797200053907457379208944  -0.012283740683831949793930036753
 420   0.450707785315244494306195876241  -0.006686451605088055497279655156
 421   0.388207774981659791443327343405  -0.006686442189429136312853076468
 422   0.325876010240842043011666777310  -0.006398097533985500822359777179
 423   0.138544222858521998670438597344  -0.006109757984406127818503748016
 424   0.076044201495743691472370447692  -0.006109753659409958973273109970
 425   0.013544184581099790765506232068  -0.006109741629816293343787508258
 426  -0.048955838438893470470602699321  -0.006109740174992487428387555066
 427  -0.111455861194663306804102114532  -0.006109738262520420037022268683
 428   0.263544256184568718034343252378  -0.006109734010474602381710360578
 429   0.201044231817889943856278224058  -0.006109733124197553627971010814
 430  -0.173955880153181671770730720291  -0.006109729773153272521705622171
 431  -0.236455904013078514612708666774  -0.006109729773084922710994879457
 432  -0.298955927873014189128121011291  -0.006109729773083690881086226906
 433  -0.388207761409895240222505632126   0.005758462115673506761660626937
 434  -0.450707785269949119736371273726   0.005758462115877373000317149679
 435   0.481957797200011351689352895401   0.011355751273148865925659991259
 436   0.419457783889507826872813352497   0.011355769566753537212557838956
 437   0.357126022173289195502112531993   0.011644105261666727180682553770
 438   0.107294213425651895770674629696   0.011932449140639856297024440091
 439   0.044794196511361290204635636257   0.011932461170638084839175973359
 440  -0.017705826508919060322177243242   0.011932462624964476216314241100
 441  -0.080205849264692875539559758410   0.011932464537429730042501155079
 442   0.294794268336140534293813827334   0.011932468405642569338910271619
 443   0.232294244031938894200466551852   0.011932469183718449279969323892
 444   0.169794219044979399957682438893   0.011932472084169726915952218055
 445  -0.142705868223252516601827677162   0.011932473026860254776252128929
 446  -0.205205892083110362300913190227   0.011932473026861059554123321467
 447  -0.267705915943045996271750160831   0.011932473026862221158767455095
 448  -0.330205939802982248836717160939   0.011932473026862451777478151636
 449  -0.419457773339875734139577485792   0.023800664915641085869169670489
 450  -0.481957797200053907457379208944   0.023800664916060235291311545360
 451   0.450707795827414376234079533940   0.029397972413446306192313065511
 452   0.388376029878099553653525298998   0.029686315379798700016913571162
 453   0.076044208441283280768781680418   0.029974663970711778601129455321
 454   0.013544185421055437351092011954   0.029974665424921752812381938540
 455  -0.048955837334723677684027641940   0.029974667337377665732363706617
 456   0.326044280268596041344349913078   0.029974671201308963531982419147
 457   0.263544256189521802925877903848   0.029974671589424219661221488195
 458   0.201044232386044495865140626212   0.029974672475694662205971442720
 459  -0.111455856293284427958778006587   0.029974675826806347318872919987
 460  -0.236455904013077843959954684283   0.029974675826808203423885656019
 461  -0.298955927873014131259213969437   0.029974675826808494204155355207
 462  -0.361455951732930809599576845083   0.029974675826842367600752074699
 463  -0.173955880153181207132010147098   0.029974675826874586852081072567
 464   0.138544200097245391508177426447   0.029974695689303339067594752690
 465  -0.450707785269949119736371273726   0.041842867715769558085558731792
 466   0.481957797200053891301810627298   0.047440195945444636562762525720
 467   0.419626041810538524515314734685   0.047728518175465099016481797408
 468   0.044794197350965026112402085466   0.048016868224973966024026709666
 469  -0.017705825404753605675285875967   0.048016870137327276853695918770
 470   0.294794268341098837695656608139   0.048016874005534754423811197260
 471   0.232294244543627278507083419765   0.048016874881400604881935759657
 472  -0.080205844363316316780606083676   0.048016878626752400829517015221
 473  -0.267705915943045938402843118978   0.048016878626754406244009037209
 474  -0.330205939802962692022073653581   0.048016878626788410027429278270
 475  -0.392705963662896154836482884281   0.048016878626793211862199431068
 476  -0.142705868223213118488960476523   0.048016878626820679394701863625
 477  -0.205205892083148688791051641154   0.048016878626821730721843407119
 478   0.169794222942832932488252509624   0.048016879582828736056968126254
 479   0.357294287973406399495762680083   0.048016881319440936368213436539
 480   0.107318782102906232201173085802   0.048059433574232557713758037271
 481  -0.481957797200053907457379208944   0.059885070515952420376553127473
 482   0.450876042574561619655846620664   0.065770740315381414096219738294
 483   0.076044228800943565666091436630   0.066059069570663222506677820764
 484   0.013544186525154598628382260395   0.066059072937377092114702835417
 485   0.263544256695370534079070097789   0.066059077297798587208802607744
 486  -0.048955832433348252181523166896   0.066059081426698535017509839347
 487  -0.298955927872994499165702803123   0.066059081426734322067282960274
 488  -0.361455951732928037258979692779   0.066059081426739254288876634639
 489  -0.111455856293245007310788553612   0.066059081426766732905345958859
 490  -0.173955880153180600148001970580   0.066059081426767823264464198177
 491  -0.236455904013116748499647790716   0.066059081426767873380407785811
 492  -0.423955975592840957229725256143   0.066059081426779637372604144364
 493   0.201044235100415648676974442634   0.066059081988534723401592061815
 494   0.388544299905845370357552115770   0.066059084115107335367781662785
 495   0.326044276020969891633257682647   0.066059084166862845833512168668
 496   0.138568816794482358788887683420   0.066101633890479163066492613934
 497   0.044794217033684330134437042416   0.084101273824865134502468820049
 498  -0.330205939802959844402608842321   0.084101284226685166328730316644
 499  -0.142705868223212488969830047668   0.084101284226713876775108293411
 500  -0.205205892083148659856598120142   0.084101284226713965923028576869
 501  -0.392705963662872839652222064641   0.084101284226725679799281347935
 502  -0.267705915943065309262507474862   0.084101284226747789203681708877
 503  -0.017705820503440047877855032860   0.084101284226748350278516751961
 504  -0.455205987522778815094347721076   0.084101284226778091159413111439
 505  -0.080205844336055896180357663563   0.084101284273861102638453135014
 506   0.232294247251992173130687698513   0.084101284404643740290341150950
 507   0.481957797200053907457379208943   0.084101284685318147042868930045
 508   0.357294287978348155908723903981   0.084101286919333121453116632085
 509   0.294794264375370856702991163189   0.084101287459350876417550111825
 510   0.419794300669868465498084001750   0.084101306255023650447519603671
 511   0.169818829917781384865330997811   0.084143837963794096553582468451
 512   0.107318806298474285858111255185   0.084143839174116630908229816056
 513   0.076044257037235785377857731309   0.102143475170544360046794820592
 514   0.013544205357418654502101899044   0.102143478537264363468287620310
 515  -0.111455856293244424323256505300   0.102143487026660010880844941136
 516  -0.173955880153180548678426197230   0.102143487026660019433672672102
 517  -0.361455951732904646795851214184   0.102143487026671591839135029940
 518  -0.236455904013097220619457804287   0.102143487026693881746302499935
 519  -0.298955927873030654499413514060   0.102143487026698633465129065246
 520  -0.423955975592810697516844529575   0.102143487026724133586090315011
 521  -0.048955832333506533440330056680   0.102143487199729094007940626731
 522   0.326044276332749288510471197851   0.102143490211821265151292019879
 523   0.263544254931863093865993034130   0.102143494565972062413060516239
 524   0.388544288742371255061810862572   0.102143509059249429582915252172
 525   0.138568818457518809254168697379   0.102186041577293977806282519609
 526   0.201068844597873082270145925353   0.102186044745484945972304006457
 527   0.450876055295360753299616590027   0.102431850624960383394168795421
 528  -0.481957797200053907457379208944   0.108317497937603761942273095406
 529   0.044794245946882421205153353350   0.120185679424745736010123965111
 530  -0.142705868223212484031852654863   0.120185689826606153539409319827
 531  -0.017705805111837999289821354678   0.120185689826637252762733269413
 532  -0.267705915943062565856363843485   0.120185689826644726007749856304
 533  -0.392705963662842504660473679117   0.120185689826670045625943997016
 534  -0.330205939802975456892655885922   0.120185689826685058975533778542
 535  -0.080205844336175663929672024097   0.120185689873753287723694518368
 536  -0.205205891968300216258573640814   0.120185690025529410964158570395
 537   0.294794266889241392632507367832   0.120185697318442278292417033134
 538   0.357294277096875649661997502743   0.120185712351916307487518572290
 539   0.169818831110967512883928905917   0.120228244848735948950075464437
 540   0.107318807089547942451916748776   0.120228245350647777278381155781
 541   0.232322116105313972352498425205   0.120233890173364450692063422468
 542   0.419626043367863542863343450849   0.120474053429186162529564443921
 543   0.481957797200053907457379208943   0.120762416564602619745468660796
 544  -0.450707785270085789879876017442   0.126359700737549804368950298978
 545   0.076044258105489837193059779255   0.138227881828679232844301788758
 546   0.013544235121069344499797728339   0.138227884137144273515494503608
 547  -0.236455904013094456184221455646   0.138227892626590782126913623981
 548  -0.298955927873007368249606215348   0.138227892626631151518154569600
 549  -0.111455856293304279263564481618   0.138227892626655967995670718322
 550  -0.361455951732913314757278350855   0.138227892626683512762342745618
 551  -0.048955816941904484852296378498   0.138227892799617996492157144183
 552  -0.173955880038275554674212696272   0.138227892825573573840254377506
 553   0.326044267653264590464080758162   0.138227919458358415506307819331
 554   0.138568819556451559785164684564   0.138270448298984200439572203060
 555   0.201068846968111209265530713089   0.138270450345395790778880948333
 556   0.263572129381915955675378019695   0.138276094211788231977067317572
 557   0.388376031722371306749543289789   0.138516256721858876208515359310
 558   0.450707785037584442198919637049   0.138804619767252915407957632950
 559  -0.419457773340117597655412433999   0.144401903537495717503299473123
 560  -0.481957797200053907457379208944   0.144401903537495947027514677519
 561   0.044794247279676207436817571872   0.156270086541076812437572978965
 562  -0.017705771907526093483979070567   0.156270095426514160800857002268
 563  -0.267705915943039258577463827508   0.156270095426577207637318337277
 564  -0.330205939802945226114228680281   0.156270095426629605304963536675
 565  -0.080205828949908034061926502307   0.156270095473642192482883305058
 566  -0.205205891968300264250693478557   0.156270095625421596049400152508
 567  -0.142705868002129307581940292167   0.156270095809633071340800328803
 568   0.169818835002904233118423926114   0.156312653084306339624618066484
 569   0.107318810160819485050711252941   0.156312655488528320541948551732
 570   0.232322116815223811108330045867   0.156318295940894083251231642539
 571   0.294830226191941684621638622777   0.156332300966445382030101954070
 572   0.357126022278756878265133500116   0.156558463828295148453770651166
 573   0.481957797200053907457379208944   0.156846822164494804830710242913
 574   0.419457773392092206085119475990   0.156846823059925629086908548340
 575  -0.450707785270085789879876017442   0.162444106337441989454191881090
 576  -0.388207761410188407120309838721   0.162444106337509183545202729588
 577   0.076044259438017024014530556833   0.174312288945473674342541131899
 578   0.013544240251080646525977676316   0.174312297830446486807150147123
 579  -0.236455904013071191580609641755   0.174312298226523337672249498614
 580  -0.111455840982177742892686151683   0.174312298226544904716530021799
 581  -0.298955927872977116442086292441   0.174312298226575661424127304353
 582  -0.048955783737592579046454094387   0.174312298399494904530280877038
 583  -0.173955880038392057978417364197   0.174312298425471407900678023041
 584   0.201068847675325552008533082016   0.174354855945292129898065938470
 585   0.138568823275900919396130978092   0.174354856235797729910288741907
 586   0.263572132939841254803747133943   0.174360500045148288491173175695
 587   0.325911987441342126960921334493   0.174662837793339859324869634432
 588   0.450707785554561671344097948163   0.174889025457167518510559919910
 589   0.388207763948477726191133687944   0.174889030166361988503456372110
 590  -0.481957797200053907457379208944   0.180486309137388132112756259632
 591  -0.356957749480220318477260168147   0.180486309137455276087823520646
 592  -0.419457773340156495763359509039   0.180486309137455276087823521092
 593   0.044794252409420324860286955341   0.192354500234841377217948568032
 594  -0.017705771460346476987958178621   0.192354501026406343115239454445
 595  -0.267705915943009049445232106688   0.192354501026521791459058465689
 596  -0.080205795740261711056577202119   0.192354501073519095611964541945
 597  -0.142705852720410782952797918663   0.192354501409522020527913846674
 598  -0.205205886755055295845332567243   0.192354510255123364559500131342
 599   0.169818836186478190042333940677   0.192397059509687585418709215459
 600   0.107318812460404711677334647106   0.192397061091596103699278392991
 601   0.232322121045614334372535064870   0.192402703389279616779706677892
 602   0.294653894024489951081022280924   0.192691035802039263173173502980
 603   0.481957797200053907455764216900   0.192931228749840232193206845080
 604   0.419457776110947242318565020448   0.192931232563603789818562741812
 605   0.356993729111193741199283545900   0.192993404131632155622723637050
 606  -0.388207761410188407120309838465   0.198528511937401368630444312150
 607  -0.450707785270124584406409179543   0.198528511937401368630444312273
 608  -0.325707737550252229834210822467   0.198528511937401368630444874437
 609   0.076044265489407392931718292815   0.210396701068412052544758397137
 610   0.013544240707823830915239057503   0.210396703430338669001747792916
 611  -0.111455807697390347909079489933   0.210396703826421738612615078005
 612  -0.236455904013099065453341696048   0.210396703826568524209642786567
 613  -0.048955783290412962550433202441   0.210396703999387086844663329215
 614  -0.173955864756673699548845414706   0.210396704025360357087861926303
 615   0.138568824778159617842114434420   0.210439263220944811722404762578
 616   0.201068851603303361591429655678   0.210439263407110817775545770756
 617   0.263403882055650568671174682638   0.210733238534658299788271195638
 618   0.450707787756439458970108692431   0.210973435856276537207129498748
 619   0.325735635705376065097031153829   0.211021602159463667097512255424
 620   0.388243741357865200048394065315   0.211035606674047844996076993268
 621  -0.419457773340156495763359508968   0.216570714737347461173065103331
 622  -0.356957749480220318477260492788   0.216570714737347461173065665946
 623  -0.294457725620284141808263594554   0.216570714737347462241918449659
 624  -0.481957797200053907457379208944   0.216570714737414605148132364913
 625   0.044794254253154448094953595272   0.228438905834738227227943950522
 626  -0.017705770993505601343989702901   0.228438906626298525180611378892
 627  -0.080205795293082094560556310173   0.228438906673411277926346994122
 628  -0.142705819406215384698399162795   0.228438907009398827285639946210
 629  -0.205205875532840671286305524410   0.228438915990067016964668429061
 630   0.169818839521186744441189179634   0.228481467025446584591984944895
 631   0.107318814028445948016180703395   0.228481468065624293765909121418
 632   0.232150612879126309124076264465   0.228769798441615311232024474440
 633   0.481957797200053907457379208943   0.229015642962712774806424741180
 634   0.294485623725445850649874394598   0.229063804872872819016563177042
 635   0.356993729588243758953430506151   0.229077809751722475065221819530
 636   0.419493753003357416699937737297   0.229077809966720592384643750206
 637  -0.388207761410188407120310163291   0.234612917537293553715686457126
 638  -0.325707737550239159649396235062   0.234612917537316194077555186534
 639  -0.450707785270085818361500473774   0.234612917537360698475076102991
 640  -0.263207713690374157816373183913   0.234612917537394194992502770536
 641   0.076044266791988917555206774753   0.246481107580133758359841996329
 642   0.013544242515628009962523600129   0.246481109030230808802109446308
 643  -0.111455807250210731413058597990   0.246481109426313920926997530182
 644  -0.048955782823572086906464726720   0.246481109599279268910035253662
 645  -0.173955831442478135094924186619   0.246481109625237163845434585503
 646   0.138568827637948008403640840816   0.246523670250318939546281297942
 647   0.200900600951370115352559755295   0.246812001245392518072599398600
 648   0.263232354557215933783032506473   0.247100364794202045873230367848
 649   0.325735636199554645726904782710   0.247106007809252252382367520686
 650   0.388243741233735975604974178133   0.247120013044395222453788576469
 651   0.450792745467278516196275639681   0.247204207446777042719487687138
 652  -0.231957698616087539611119535644   0.252655114891219743195816033597
 653  -0.356957749480220319094362924441   0.252655120337239647327160013404
 654  -0.481957797200053907457379208944   0.252655120337306790233373947026
 655  -0.419457773340063273515122637938   0.252655120337401111928648906398
 656  -0.294457725523329107784308792902   0.252655120505371971678864767226
 657   0.044794254673964575745958600158   0.264523311434631090309320850396
 658  -0.017705769185701422296705160276   0.264523312226190664980973032283
 659  -0.080205794826241218916587834453   0.264523312273303459991718918569
 660  -0.142705818959035768202378270851   0.264523312609291009600022398387
 661   0.107318815398758546544653788562   0.264565873846643124023511651046
 662   0.169650589194194806113260601479   0.264854204344624480413834435699
 663   0.231982342621083743196977404906   0.265142567583471600663319797033
 664   0.294485624190816729697690087567   0.265148210472765001100923194594
 665   0.419494275142649944088810072444   0.265162216324040555473814084780
 666   0.356993991602008830039149191960   0.265162670150594952476304400406
 667   0.481957797200053907457379208943   0.265392771930841310632550633097
 668  -0.200707670931307337711102104104   0.270697290403003277000469984963
 669  -0.450707785270085818361500473774   0.270697323137252883560317685104
 670  -0.325707737550310334500133617581   0.270697323137286379034462762664
 671  -0.263207713493861930241556941063   0.270697323137286379542650938410
 672  -0.388207761311946717099718914117   0.270697323307345338405857303099
 673   0.076044267212777298315403744821   0.282565513180027301884115461904
 674   0.013544242972635126195621548082   0.282565514630590976437263392165
 675  -0.111455806783369855769090122267   0.282565515026206102992369454629
 676  -0.048955781015764677493387749172   0.282565515199177003868004888162
 677   0.138400577245675476994989511158   0.282896407112438881871794243645
 678   0.263232355054590033149710125538   0.283184770449548553016720126941
 679   0.200732330872386617892479941083   0.283184770697388208002790487368
 680   0.325735635976506659697619097495   0.283190413522608192528412241139
 681   0.388244264378593739484613062688   0.283204421143405117634448466184
 682   0.450685449971617279808720613791   0.283396233758822517572500090530
 683  -0.169457658850702463589623652072   0.288739492942038801090224748256
 684  -0.231957698419575312036303292794   0.288739520491111927745964201473
 685  -0.481957797200053907457379208944   0.288739525937198975318615529139
 686  -0.419457773340062843000909617161   0.288739525937294042686380826245
 687  -0.356957749382036732505489607258   0.288739526107392070113160052359
 688  -0.294457725271541882758198864783   0.288739526201003258675350045017
 689   0.044794255131234002469665602951   0.300607717034536922834093227508
 690  -0.017705768728964781491857457573   0.300607717826082847175653503777
 691  -0.080205793018437039869231921603   0.300607717873195599792080571956
 692   0.107126029155228953229055563272   0.300896045143129337389513697579
 693   0.231982343086441273154001939419   0.301226973183363782747851971751
 694   0.169482318915389104948983662754   0.301226973450517964276714134610
 695   0.294485999334976533369436600779   0.301233266325584450601721663786
 696   0.357043219506472419058649531853   0.301331172821116222122703279354
 697   0.419443016370137793576652562819   0.301451556334741919215276510019
 698   0.481957797200053907457379208943   0.301477177530733495717792215211
 699  -0.138207646690029049314398736031   0.306781695342391542161145694438
 700  -0.200707670734795110136285861255   0.306781696002895461550618152837
 701  -0.450707785270085818361500473774   0.306781728737145068645559267216
 702  -0.263207713189284364200938908839   0.306781728737178563342468911723
 703  -0.325707737353799864392703737334   0.306781728737178563584620501495
 704  -0.388207761159695309075407317680   0.306781729171145973470923622703
 705   0.013544243427827388043831268798   0.318649920234129227403504185237
 706  -0.048955780559028036688540046469   0.318649920799069186062685359656
 707   0.075876017457939632607433029104   0.318938248346086871986359983647
 708   0.138207770824942581183049714868   0.319226611481208419794433588544
 709   0.263232354959407625676021324036   0.319269176082039778011553795625
 710   0.200732331366966628146037514525   0.319269176347895209415037386092
 711   0.325736512792244933892954413600   0.319274819111847495486074822872
 712   0.450693711798106540681805325459   0.319494982376975782715950749800
 713   0.388208143729796440517552133023   0.319519955783480749815404944876
 714  -0.106957634062060728217572727875   0.324823896933365714391746907992
 715  -0.169457658650886243103886399314   0.324823898541930985622228424610
 716  -0.231957698114997745995685260570   0.324823926091004111545782174785
 717  -0.481957797200053907457379208944   0.324823931537091160403857111251
 718  -0.419457773340175831324980012600   0.324823931537191796122689650358
 719  -0.294457724957476927946305810276   0.324823931817328081527877680070
 720  -0.356957764236245585648563163949   0.324823957963147719821072902554
 721  -0.017705768529146699910017990750   0.336692123425975031707646874324
 722   0.044626005756642385431578672703   0.336980451542102474363242309340
 723   0.106957759127653260561427180697   0.337268814684165954391279874615
 724   0.169482319380746635794456763362   0.337311379050410146361246297869
 725   0.231982434473559611264756296807   0.337311537266920959873538608940
 726   0.294543403235224087134027767287   0.337415222736387529381760558316
 727   0.356950750264532510745492596501   0.337549375278074898041070084036
 728   0.419458143632102837843037357018   0.337562179415931951737442987365
 729   0.481957757881782712662651063781   0.337562261795023281225555308110
 730  -0.075707621970305658247295286063   0.342866099453088532370878487291
 731  -0.138207646490212828828661483273   0.342866100942283726693149370793
 732  -0.200707670430217544095667829030   0.342866101602787645350436126150
 733  -0.263207712865710401477483337535   0.342866134337070746976943776026
 734  -0.325707737049220538739452523454   0.342866134337070747384423622406
 735  -0.450707785270143920420858747769   0.342866134337137887880987494393
 736  -0.388207779768803855295152497170   0.342866166135121750338158389783
 737   0.013375993927648629763737294985   0.355022654516941240749082826066
 738   0.138207771290300112028522815477   0.355311017081100601878965751804
 739   0.075707747426356013385572824296   0.355311017880181556768162200309
 740   0.263233666623530645606969139838   0.355353581658092540726053830911
 741   0.200732331254247251270663761338   0.355353581948160771050413397671
 742   0.325708121072909718585831723217   0.355604359318286338844873232345
 743   0.388208119674467654123001478083   0.355604361383364916771576620188
 744   0.450707886758224787467254651479   0.355604847789787423258232857546
 745  -0.044457609940429459840495069828   0.360908302079988701608039299794
 746  -0.106957633862244507731835475118   0.360908302533257898923750584347
 747  -0.169457658327312280380623548646   0.360908304141823169256703288915
 748  -0.231957697791423902667195989690   0.360908331690896501978488070024
 749  -0.481957797200053907457379208944   0.360908337137184615358117877534
 750  -0.294457737206271963500391023145   0.360908359432747389351444312071
 751  -0.419457791698771944391031232342   0.360908368935067842096456233822
 752  -0.356988527751748639741276329675   0.360961542091236183632439885444
 753   0.106957759594475204346738350959   0.373353220286594574015092767553
 754   0.169482502891812833634552939700   0.373396102692672891388922593351
 755   0.232076902883889706876147557384   0.373556339712017392925050314275
 756   0.356958119777550886246343937379   0.373646585025151216357979135395
 757   0.419457825965034889183156550949   0.373647093555927381234144128095
 758   0.481957797200050875807646708425   0.373647226371210087164594273413
 759   0.294458609164389706954161298757   0.373647428153071525297314156285
 760   0.042831130331000000000000000000   0.376298981318000000000000000000
 761  -0.075707621770489437761558033300   0.378950505052980716902882163646
 762  -0.138207646166638863661404237667   0.378950506542175910327624213181
 763  -0.200707670106643581372404978362   0.378950507202679828984910990454
 764  -0.325707858257454037427793712098   0.378950539936759362040505109232
 765  -0.263207712403866582118155809817   0.378950539936962929106618958549
 766  -0.450690857720749270000274529285   0.378979891127853262317538718523
 767  -0.388246944493768196837858447906   0.379018237632643764751335954981
 768  -0.013375847483634130166739784092   0.379238833170954910649475251536
 769   0.138207771758586468688044552793   0.391395422680992783925607858772
 770   0.075707747891713544232071686360   0.391395423480073738852694363556
 771   0.200734742762938452675883272669   0.391437987467472798619488887990
 772   0.388207791404020745414722961574   0.391689377235209367788395215744
 773   0.450707773562784027854510219135   0.391689408950303535769682806565
 774   0.325710527702585883957913378116   0.391692978487970997893453607351
 775   0.263241262239531384212652918441   0.391746090492332101336276051119
 776  -0.106957633538670542564578229505   0.396992708133150082558225426736
 777  -0.169457657609741521697729250914   0.396992710185397638854049714975
 778  -0.481957797200053833587576043559   0.396992742737076800443359459647
 779  -0.294457859755271194502061124019   0.396992765994291746241539096310
 780  -0.231957749541900500440083721908   0.396992827724914631860863957320
 781  -0.356988569655245053410406710094   0.397045947691104149609194552488
 782  -0.044625859313694108087802747564   0.397281036143946925944318115388
 783  -0.419827743799511449362025409762   0.397676215006689220584760302805
 784   0.015695017998007448649099225335   0.400615668943487538250866306559
 785   0.169579136526464102631237451771   0.409642726617905332945525269128
 786   0.481957788784923258109010262699   0.409731631971135128386999477713
 787   0.419457773328010649872066656203   0.409731632006934400577751411538
 788   0.356961373447447127758757638015   0.409737855576753992685386228828
 789   0.231952921199000000000000000000   0.409774631614000000000000000000
 790   0.294491257238354792708021096537   0.409788322617849233232426880064
 791   0.104623915379000000000000000000   0.413406572812000000000000000000
 792  -0.138207644770638351982251131375   0.415034912142068068409269695955
 793  -0.200707669645232911530041608414   0.415034912802572011120127448071
 794  -0.325707900160950387039528086983   0.415034945536627216629274168567
 795  -0.263207834397539409085364013645   0.415034945536648896908210728933
 796  -0.388230211605188051096235931228   0.415102639962090338597134291600
 797   0.048663357217770920901710762853   0.415284443145449204938395445455
 798  -0.075875871081875212890822943769   0.415323239224116291599661378477
 799  -0.015554993832052529271963738137   0.418657871916479553545709170411
 800  -0.448480538529451931517483954468   0.419610245225995329210995401705
 801   0.138211603327006537008848390866   0.427479828077460299060205874786
 802   0.450707776360584073367280671772   0.427773850217613938660451322500
 803   0.388212564278240638446571895524   0.427782151148961160369521074277
 804   0.263241228377269457453098379825   0.427830496092208397940555650195
 805   0.325740911782694859541880199980   0.427831144413703026336425250845
 806   0.200669227641215443280710803332   0.427959128065078034239647435981
 807  -0.481957797200052914959439721935   0.433077148336968985528601041748
 808   0.074459330992269053432766937621   0.440516408279440157234981168900
 809  -0.175979347920476877831797488593   0.442443938757235374862901373764
 810   0.481957797200031998710253765528   0.445816037585908820477976514881
 811   0.419467264917593953751857071843   0.445832531891523015601526984627
 812   0.356990906825208856255430151881   0.445873376463546003414416491928
 813   0.294490840361825658873594891588   0.445873391600197461067956724650
 814   0.231992189394173416483666419490   0.445874383980645147909337611402
 815   0.169405159298097629600621837716   0.445977394013828270472238524720
 816  -0.285588189460000000000000000000   0.446183373078000000000000000000
 817  -0.357583680640000000000000000000   0.446437487993000000000000000000
 818  -0.104514542218000000000000000000   0.446872495531000000000000000000
 819  -0.247391881093783338920221856303   0.447468569271762707578067458668
 820   0.003753621655685555908177032360   0.449141665896957302351215822188
 821   0.109461758111910424895591162183   0.449286495122324025157725508685
 822  -0.211365241883789405971181851734   0.449509548137517620921745375192
 823   0.039809022671042143091713850910   0.450588173802000917295608198511
 824  -0.068384831678900554407226697221   0.450621520431005268929124564847
 825  -0.032300426079008369321985115109   0.450621520431005268929124564847
 826  -0.430176268311235397103038631601   0.450707480139667183407424385274
 827  -0.394091862712517038323477294032   0.450707771246688621112054405743
 828  -0.321616716622062168609744518441   0.450886675547167301570506118299
 829  -0.140928051719446220913323886640   0.451016625741206288810208919714
 830   0.450723297868161267834943386628   0.463885082358266303207418660399
 831   0.325740878007811921908560389572   0.463915550013579404832941224402
 832   0.388240894519859171391249362006   0.463915621240228708872691939601
 833   0.263119883320904170555415591702   0.464126808430599729604224677583
 834   0.199180758192808223137057762195   0.466369834172996358184125385896
 835  -0.481957797200053907457379208944   0.469161553936861170613842623847
 836  -0.267465938053504438778940483403   0.477453841734680288324441404760
 837   0.130650779882000000000000000000   0.478924108376000000000000000000
 838   0.058059200836415658056364800204   0.481717186209255977602098251731
 839  -0.014108392265506520291943216002   0.481784551105593757131521061871
 840   0.166611009356000000000000000000   0.481955492076000000000000000000
 841   0.481956566383097537008137056006   0.481956374719738182220163683335
 842  -0.412134089801714283297949468113   0.481957794586486911523174618376
 843   0.419490921945963788304012489214   0.481957797200052394660259297115
 844  -0.376049684201822192862037747472   0.481957797200053366955027064113
 845   0.356990864311163858644305298049   0.481957797200053900134089251364
 846  -0.448218495401606373733822040570   0.481957797200053907457379208944
 847  -0.339965278601930007776796165363   0.481957797200053907457379208944
 848  -0.303268154642194329442692871518   0.481957797200053907457379208944
 849  -0.231663721464814548115188095287   0.481957797200053907457379208944
 850  -0.195579315864922363029946513175   0.481957797200053907457379208944
 851  -0.159494910265030177944704931062   0.481957797200053907457379208944
 852  -0.122361193173862263881942842218   0.481957797200053907457379208944
 853  -0.086276787573970078796701260106   0.481957797200053907457379208944
 854  -0.050192381974077893711459677993   0.481957797200053907457379208944
 855   0.021975597443064853127573245990   0.481957797200053907457379208944
 856   0.094142804229766462985156354419   0.481957797200053907457379208944
 857   0.231724574120080803352963132600   0.481957797200053907457379208943
 858   0.294490891704459989400932778502   0.481957797200053907457379208943
