   1  -0.447724574530074280931445692717  -0.447724574530074280931445692717
   2  -0.266637188727691283927301984434  -0.447724574530074280931445692717
   3  -0.085549802925308286923158276151  -0.447724574530074280931445692717
   4   0.085549802925308286923158276151  -0.447724574530074280931445692717
   5   0.266637188727691283927301984434  -0.447724574530074280931445692717
   6   0.447724574530074280931445692717  -0.447724574530074280931445692717
   7  -0.357180881628882782429373838576  -0.395449149060148561862891385435
   8  -0.176093495826499785425230130292  -0.395449149060148561862891385435
   9   0.176093495826499785425230130293  -0.395449149060148561862891385435
  10   0.357180881628882782429373838576  -0.395449149060148561862891385435
  11   0.000000000000000000000000000000  -0.387623728848104480394648115354
  12  -0.447724574530074280931445692718  -0.343173723590222842794337078152
  13  -0.266637188727691283927301984434  -0.343173723590222842794337078152
  14   0.266637188727691283927301984434  -0.343173723590222842794337078152
  15   0.447724574530074280931445692717  -0.343173723590222842794337078152
  16  -0.090543692901191498502071854142  -0.335348303378178761326093808071
  17   0.090543692901191498502071854142  -0.335348303378178761326093808071
  18  -0.357180881628882782429373838576  -0.290898298120297123725782770870
  19   0.357180881628882782429373838576  -0.290898298120297123725782770870
  20  -0.181087385802382997004143708283  -0.283072877908253042257539500789
  21   0.000000000000000000000000000000  -0.283072877908253042257539500789
  22   0.181087385802382997004143708283  -0.283072877908253042257539500789
  23  -0.447724574530074280931445692717  -0.238622872650371404657228463587
  24   0.447724574530074280931445692717  -0.238622872650371404657228463587
  25  -0.271631078703574495506215562425  -0.230797452438327323188985193506
  26  -0.090543692901191498502071854142  -0.230797452438327323188985193506
  27   0.090543692901191498502071854142  -0.230797452438327323188985193506
  28   0.271631078703574495506215562425  -0.230797452438327323188985193506
  29  -0.362174771604765994008287416567  -0.178522026968401604120430886224
  30  -0.181087385802382997004143708283  -0.178522026968401604120430886224
  31   0.000000000000000000000000000000  -0.178522026968401604120430886224
  32   0.181087385802382997004143708283  -0.178522026968401604120430886224
  33   0.362174771604765994008287416567  -0.178522026968401604120430886224
  34  -0.271631078703574495506215562425  -0.126246601498475885051876578941
  35  -0.090543692901191498502071854142  -0.126246601498475885051876578941
  36   0.090543692901191498502071854142  -0.126246601498475885051876578941
  37   0.271631078703574495506215562425  -0.126246601498475885051876578941
  38  -0.447724574530074280931445692718  -0.118421181286431803583633308860
  39   0.447724574530074280931445692717  -0.118421181286431803583633308860
  40   0.000000000000000000000000000000  -0.073971176028550165983322271659
  41  -0.181087385802382997004143708283  -0.073971176028550165983322271658
  42   0.181087385802382997004143708283  -0.073971176028550165983322271658
  43  -0.357180881628882782429373838576  -0.066145755816506084515079001578
  44   0.357180881628882782429373838576  -0.066145755816506084515079001578
  45  -0.090543692901191498502071854142  -0.021695750558624446914767964376
  46   0.090543692901191498502071854142  -0.021695750558624446914767964376
  47  -0.447724574530074280931445692717  -0.013870330346580365446524694295
  48  -0.266637188727691283927301984434  -0.013870330346580365446524694295
  49   0.266637188727691283927301984434  -0.013870330346580365446524694295
  50   0.447724574530074280931445692717  -0.013870330346580365446524694295
  51   0.000000000000000000000000000000   0.030579674911301272153786342907
  52  -0.357180881628882782429373838576   0.038405095123345353622029612988
  53  -0.176093495826499785425230130292   0.038405095123345353622029612988
  54   0.176093495826499785425230130293   0.038405095123345353622029612988
  55   0.357180881628882782429373838576   0.038405095123345353622029612988
  56  -0.447724574530074280931445692717   0.090680520593271072690583920270
  57  -0.266637188727691283927301984434   0.090680520593271072690583920270
  58  -0.085549802925308286923158276151   0.090680520593271072690583920270
  59   0.085549802925308286923158276151   0.090680520593271072690583920270
  60   0.266637188727691283927301984434   0.090680520593271072690583920270
  61   0.447724574530074280931445692717   0.090680520593271072690583920270
  62  -0.357180881628882782429373838576   0.142955946063196791759138227553
  63  -0.176093495826499785425230130293   0.142955946063196791759138227553
  64   0.176093495826499785425230130293   0.142955946063196791759138227553
  65   0.357180881628882782429373838576   0.142955946063196791759138227553
  66   0.000000000000000000000000000000   0.150781366275240873227381497634
  67  -0.447724574530074280931445692717   0.195231371533122510827692534835
  68   0.447724574530074280931445692717   0.195231371533122510827692534835
  69  -0.266637188727691283927301984434   0.195231371533122510827692534836
  70   0.266637188727691283927301984434   0.195231371533122510827692534836
  71  -0.090543692901191498502071854142   0.203056791745166592295935804916
  72   0.090543692901191498502071854142   0.203056791745166592295935804916
  73  -0.356475798896361873821616397320   0.248747335146359755386692355240
  74   0.356475798889494064130534888378   0.248747335154497041034356435072
  75  -0.181087385802382997004143708283   0.255332217215092311364490112199
  76   0.000000000000000000000000000000   0.255332217215092311364490112199
  77   0.181087385802382997004143708283   0.255332217215092311364490112199
  78  -0.447724574530074280931445692718   0.299782222472973948964801149400
  79   0.447724574530074280931445692718   0.299782222472973948964801149400
  80  -0.256526979972578996695700658743   0.327718321293728592685655456078
  81   0.256526979972578996695700658743   0.327718321293728592685655456078
  82  -0.052275425469925719068554307283   0.345875910116283809866561966341
  83   0.052275425469925719068554307283   0.345875910116283809866561966341
  84  -0.357902751193264067203145795201   0.353288488318180250630868765403
  85   0.357902751193264067203145795201   0.353288488318180250630868765403
  86  -0.156213282150474794375752542142   0.357180881628882782429373838576
  87   0.156213282150474794375752542142   0.357180881628882782429373838576
  88  -0.000000000000000000000000000000   0.436419603017475308368633820482
  89  -0.438770083044162497439627416104   0.438770083033756178638154336878
  90   0.438770083048116219371893388337   0.438770083039432612858892159803
  91  -0.313039558560251951581415463990   0.447724574530074280931445692717
  92  -0.208488707620400513444306849424   0.447724574530074280931445692717
  93  -0.103937856680549075307198234859   0.447724574530074280931445692717
  94   0.103937856680549075307198234859   0.447724574530074280931445692717
  95   0.208488707620400513444306849424   0.447724574530074280931445692717
  96   0.313039558560251951581415463990   0.447724574530074280931445692717
