   1  -0.313992744287417371425798676962  -0.482958646479505372381361283628
   2  -0.254956598370578967610345393917  -0.482958646479505372381361283628
   3  -0.195921150726482856001968337036  -0.482958646479505372381361283628
   4  -0.136887906339294823716085651268  -0.482958646479505372381361283628
   5  -0.077854674726449753926725906246  -0.482958646479505372381361283628
   6  -0.018821685683566583845160939678  -0.482958646479505372381361283628
   7   0.040211294570913624259195079371  -0.482958646479505372381361283628
   8   0.099244274825392524008817239936  -0.482958646479505372381361283628
   9   0.158277255079871423758439400508  -0.482958646479505372381361283628
  10   0.217310235334350323508061561075  -0.482958646479505372381361283628
  11   0.276343215588829223257683721642  -0.482958646479505372381361283628
  12   0.335376195843308123007305882212  -0.482958646479505372381361283628
  13   0.394409176097787022756928042778  -0.482958646479505372381361283628
  14   0.453442156352265922506550203345  -0.482958646479505372381361283628
  15  -0.373024013415427031473469193978  -0.482958628650272175077862289479
  16  -0.482958625105216024414109194665  -0.482958625105216024414109194665
  17  -0.417507140995006981218121465203  -0.482958587506510992163421709010
  18  -0.450232902391518214025877951643  -0.473436964272299338468836890987
  19  -0.225438874548530911806156865477  -0.465919429959747333022736464655
  20  -0.284474170059690350450769538303  -0.465919166416426313166334325500
  21  -0.166404524701978229417960867933  -0.465917515071244964836156536586
  22  -0.107371290532872288821405778757  -0.465917510643595081611502885418
  23  -0.048338180205008098564302372423  -0.465917300569994245934118958938
  24   0.010694804443673782714669306803  -0.465917292959011423154568200318
  25   0.128760764952631973883628320223  -0.465917292959010744762722567260
  26   0.305859705716068673132494801927  -0.465917292959010744762722567260
  27   0.187793745207110873633250480792  -0.465917292959010744762722567258
  28   0.246826725461589773382872641359  -0.465917292959010744762722567258
  29   0.364892685970547572882116962495  -0.465917292959010744762722567257
  30   0.423925666225026472631739123062  -0.465917292959010744762722567257
  31   0.482958646479505372381361283628  -0.465917292959010744762722567257
  32   0.069727784698153074134006159654  -0.465917292959010744762722567256
  33  -0.343508402659321127312734471075  -0.465915690297495701606250486071
  34  -0.395263979730497601340709577940  -0.457131932167749452758013722890
  35  -0.313989578551405754128880838707  -0.448875939585539129500667336021
  36  -0.254956102791928300969125270538  -0.448875939442119090914831928630
  37  -0.195920886592136116221192712177  -0.448875939439539612036153217533
  38  -0.136887654979323233238997771539  -0.448875939439443007065750570586
  39  -0.077854665938043521062640436529  -0.448875939438517250212593065225
  40  -0.018821685683565275490427081188  -0.448875939438516117144083850910
  41   0.040211294570913624259195079371  -0.448875939438516117144083850884
  42   0.099244274825392524008817239943  -0.448875939438516117144083850884
  43   0.158277255079871423758439400510  -0.448875939438516117144083850884
  44   0.217310235334350323508061561077  -0.448875939438516117144083850884
  45   0.276343215588829223257683721646  -0.448875939438516117144083850884
  46   0.335376195843308123007305882213  -0.448875939438516117144083850884
  47   0.394409176097787022756928042779  -0.448875939438516117144083850884
  48   0.453442156352265922506550203345  -0.448875939438516117144083850884
  49  -0.482958472728754054377764432373  -0.448875110165331242460780603045
  50  -0.427990316056315524210789969226  -0.447612530355059065769634688749
  51  -0.365748347209847302078585955527  -0.440089003838943357846900814303
  52  -0.225438494692776727190258182123  -0.431836522452480039010442686539
  53  -0.284472840713067436428767513271  -0.431835015120454919448062021836
  54  -0.166404266295242453172908768004  -0.431834795825622718324698696765
  55  -0.107371160458950587506107955439  -0.431834593528080431646657973618
  56   0.010694804443674174384383999084  -0.431834585918021489525445134519
  57  -0.048338175810804725365238161460  -0.431834585918021489525445134518
  58   0.128760764952631973883628320226  -0.431834585918021489525445134514
  59   0.187793745207110873633250480793  -0.431834585918021489525445134514
  60   0.246826725461589773382872641363  -0.431834585918021489525445134514
  61   0.069727784698153074134006159660  -0.431834585918021489525445134513
  62   0.305859705716068673132494801929  -0.431834585918021489525445134514
  63   0.364892685970547572882116962496  -0.431834585918021489525445134513
  64   0.423925666225026472631739123062  -0.431834585918021489525445134513
  65   0.482958646479505372381361283628  -0.431834585918021489525445134513
  66  -0.455936514897906238769662954464  -0.428102442808129657679157017653
  67  -0.395520877886751147015043866053  -0.423050128023928283968693206781
  68  -0.336110435794870302261968891650  -0.422947218173634519591503400716
  69  -0.254955868463253176010983426392  -0.414793232401935375095541895607
  70  -0.195920635232402720176700391646  -0.414793232399477244963859346326
  71  -0.136887646193054944884955198762  -0.414793232398454884345769109889
  72  -0.077854665938044829417458046912  -0.414793232397527994975315632506
  73   0.040211294570913624259195079377  -0.414793232397526861906806418141
  74   0.099244274825392524008817239944  -0.414793232397526861906806418141
  75   0.158277255079871423758439400511  -0.414793232397526861906806418141
  76   0.217310235334350323508061561081  -0.414793232397526861906806418141
  77   0.276343215588829223257683721647  -0.414793232397526861906806418141
  78   0.335376195843308123007305882213  -0.414793232397526861906806418141
  79   0.394409176097787022756928042780  -0.414793232397526861906806418141
  80   0.453442156352265922506550203345  -0.414793232397526861906806418141
  81  -0.018821685683565275490427081187  -0.414793232397526861906806418128
  82  -0.427039316011552161400286912889  -0.410019139655564804477227065182
  83  -0.482958646479505372381361283628  -0.407331409328427172018815244478
  84  -0.365684469108332017411301044748  -0.406005923275777530805715070216
  85  -0.306593099316987655480917599123  -0.405905782996506627020853946457
  86  -0.225438243333043331145765861592  -0.397753815412417671938148815332
  87  -0.166404140713023952230722332274  -0.397751886486393298794801272566
  88  -0.107371156065817457064967150753  -0.397751878877956858348489666509
  89  -0.048338175810806033720055771843  -0.397751878877032234288167701799
  90   0.128760764952631973883628320228  -0.397751878877032234288167701770
  91   0.187793745207110873633250480797  -0.397751878877032234288167701770
  92   0.069727784698153074134006159662  -0.397751878877032234288167701769
  93   0.246826725461589773382872641364  -0.397751878877032234288167701770
  94   0.305859705716068673132494801930  -0.397751878877032234288167701770
  95   0.364892685970547572882116962497  -0.397751878877032234288167701770
  96   0.423925666225026472631739123063  -0.397751878877032234288167701769
  97   0.482958646479505372381361283628  -0.397751878877032234288167701769
  98   0.010694804443674174384383999099  -0.397751878877032234288167701761
  99  -0.454128839665619505983803402651  -0.389152488614701656039332892549
 100  -0.395202886366566265162573928803  -0.388967908080025501245045909302
 101  -0.336109636593965541962172645074  -0.388864511142015442689669346409
 102  -0.277075998143520350521696677143  -0.388863890293619904330796774430
 103  -0.195920626448122143771234871266  -0.380710525358489121731518496460
 104  -0.136887646193200943012264443121  -0.380710525357465629108491989843
 105  -0.077854665938046852196947861652  -0.380710525356538739738038199820
 106   0.099244274825392524008817239946  -0.380710525356537606669528985397
 107   0.158277255079871423758439400515  -0.380710525356537606669528985397
 108   0.217310235334350323508061561082  -0.380710525356537606669528985397
 109   0.276343215588829223257683721648  -0.380710525356537606669528985397
 110   0.335376195843308123007305882214  -0.380710525356537606669528985397
 111   0.394409176097787022756928042780  -0.380710525356537606669528985397
 112   0.453442156352265922506550203345  -0.380710525356537606669528985397
 113   0.040211294570913624259195079382  -0.380710525356537606669528985391
 114  -0.018821685683565275490427081196  -0.380710525356537606669528985384
 115  -0.424719531854431388422359314983  -0.371926823654860827641454457405
 116  -0.365683478686094782151790319750  -0.371922620336601196238044423690
 117  -0.306592799562053876793183602472  -0.371823075956835533222724262554
 118  -0.247553820051017143344395191355  -0.371820589896232585949608296281
 119  -0.482958633919679700923899225058  -0.370973547982463034789608298389
 120  -0.166404136320957137369968459745  -0.363669171837842901956435751165
 121  -0.107371156065819479844456965496  -0.363669171836967603111212233825
 122  -0.048338175810804725365238161518  -0.363669171836042979050890269080
 123   0.128760764952631973883628320232  -0.363669171836042979050890269026
 124   0.187793745207110873633250480798  -0.363669171836042979050890269026
 125   0.246826725461589773382872641365  -0.363669171836042979050890269026
 126   0.305859705716068673132494801931  -0.363669171836042979050890269026
 127   0.364892685970547572882116962497  -0.363669171836042979050890269025
 128   0.423925666225026472631739123063  -0.363669171836042979050890269025
 129   0.482958646479505372381361283628  -0.363669171836042979050890269025
 130   0.069727784698153074134006159666  -0.363669171836042979050890269020
 131   0.010694804443674174384383999090  -0.363669171836042979050890269018
 132  -0.395202290560068038977739935069  -0.354885201044243951236827146513
 133  -0.336109336839031763274438648426  -0.354781804102344348891539662507
 134  -0.277071433894066434157217267372  -0.354781182856827622211102882976
 135  -0.218036785866518317672652500882  -0.354777796774285245761730990817
 136  -0.453442415431081701778803044779  -0.353579429336209193640587232302
 137  -0.136887646193060891774091424163  -0.346627818316476373871214844845
 138  -0.077854665938044829417458047010  -0.346627818315549484500760767137
 139   0.158277255079871423758439400516  -0.346627818315548351432251552653
 140   0.217310235334350323508061561082  -0.346627818315548351432251552653
 141   0.276343215588829223257683721649  -0.346627818315548351432251552653
 142   0.335376195843308123007305882214  -0.346627818315548351432251552653
 143   0.394409176097787022756928042780  -0.346627818315548351432251552653
 144   0.453442156352265922506550203345  -0.346627818315548351432251552653
 145   0.099244274825392524008817239950  -0.346627818315548351432251552652
 146   0.040211294570913624259195079374  -0.346627818315548351432251552647
 147  -0.018821685683565275490427081275  -0.346627818315548351432251552639
 148  -0.365683068680854619273056403066  -0.337839828395507873127435002713
 149  -0.306588235717515449418053924522  -0.337740369221407057521698941059
 150  -0.247554107101934240698983357685  -0.337737882856452128900056944902
 151  -0.188520295739378335545007481524  -0.337736443253618334951287402870
 152  -0.423925633688885340239428755109  -0.336538520314439161526069337527
 153  -0.482958646479505372381361283628  -0.336537627085919787780070586747
 154  -0.107371156065817457064967150852  -0.329586464795978347873934801141
 155  -0.048338175810805332064168523121  -0.329586464795053723813612836342
 156   0.187793745207110873633250480799  -0.329586464795053723813612836282
 157   0.246826725461589773382872641366  -0.329586464795053723813612836282
 158   0.128760764952631973883628320234  -0.329586464795053723813612836281
 159   0.305859705716068673132494801932  -0.329586464795053723813612836281
 160   0.364892685970547572882116962497  -0.329586464795053723813612836281
 161   0.423925666225026472631739123063  -0.329586464795053723813612836281
 162   0.482958646479505372381361283628  -0.329586464795053723813612836282
 163   0.069727784698153074134006159657  -0.329586464795053723813612836277
 164   0.010694804443674174384383999031  -0.329586464795053723813612836274
 165  -0.336104965761073844222062652753  -0.320699097341648595132771496033
 166  -0.277071719529809650379076195734  -0.320698473365521003418122146874
 167  -0.218036785866745314390809540316  -0.320695089733295990524454313974
 168  -0.159003805612243236472359530265  -0.320695089732942966441492856686
 169  -0.394409061479543541501259930291  -0.319497300540997657641004180660
 170  -0.453441897280272099207465680557  -0.319496722299158596520818303728
 171  -0.077854665938045436116388408613  -0.312545111274560229263483334398
 172   0.158277255079871423758439400517  -0.312545111274559096194974119910
 173   0.217310235334350323508061561083  -0.312545111274559096194974119910
 174   0.276343215588829223257683721649  -0.312545111274559096194974119910
 175   0.335376195843308123007305882214  -0.312545111274559096194974119910
 176   0.394409176097787022756928042780  -0.312545111274559096194974119910
 177   0.453442156352265922506550203345  -0.312545111274559096194974119910
 178   0.099244274825392524008817239944  -0.312545111274559096194974119908
 179   0.040211294570913624259195079367  -0.312545111274559096194974119904
 180  -0.018821685683565275490427081252  -0.312545111274559096194974119896
 181  -0.306588522768588033308272303636  -0.303657662181626601781684554713
 182  -0.247554107621590139114708669219  -0.303655175815462877624352347809
 183  -0.188520295739559456120387027860  -0.303653736212580215196625946406
 184  -0.129487315485003786597548449982  -0.303653736212448338822854140314
 185  -0.423925312454233283864768906578  -0.302455532802848378226471295040
 186  -0.482958646479505372381361283628  -0.302454920044930532542793154002
 187  -0.364893004850001842526289187697  -0.302454105572501310044029776911
 188  -0.048338175810804725365238161582  -0.295503757754064468576335403604
 189   0.187793745207110873633250480800  -0.295503757754064468576335403539
 190   0.128760764952631973883628320230  -0.295503757754064468576335403537
 191   0.246826725461589773382872641366  -0.295503757754064468576335403538
 192   0.305859705716068673132494801932  -0.295503757754064468576335403538
 193   0.364892685970547572882116962497  -0.295503757754064468576335403538
 194   0.423925666225026472631739123063  -0.295503757754064468576335403538
 195   0.482958646479505372381361283628  -0.295503757754064468576335403538
 196   0.069727784698153074134006159663  -0.295503757754064468576335403533
 197   0.010694804443674174384383999085  -0.295503757754064468576335403530
 198  -0.277071719846139694878332701722  -0.286615765972307476238622543724
 199  -0.218036785866926585684628596039  -0.286612382692306735287177363282
 200  -0.159003805612243236472359530265  -0.286612382691953711204215423942
 201  -0.099970825357945892392408042973  -0.286612382691639247559947494504
 202  -0.453441897280272099207465680557  -0.285414015258169341283540870983
 203  -0.394409570676807888557773663689  -0.285412883168174674688010986006
 204  -0.335376239589875920475908471101  -0.285412161929256512821874209415
 205   0.158277255079871423758439400514  -0.278462404233569840957696687166
 206   0.217310235334350323508061561082  -0.278462404233569840957696687166
 207   0.276343215588829223257683721649  -0.278462404233569840957696687166
 208   0.335376195843308123007305882214  -0.278462404233569840957696687166
 209   0.394409176097787022756928042780  -0.278462404233569840957696687166
 210   0.453442156352265922506550203345  -0.278462404233569840957696687166
 211   0.099244274825392524008817239948  -0.278462404233569840957696687164
 212   0.040211294570913624259195079381  -0.278462404233569840957696687160
 213  -0.018821685683565275490427081198  -0.278462404233569840957696687152
 214  -0.247554107263208408400545039429  -0.269572468774473624271277727289
 215  -0.188520295739558062939699303950  -0.269571029171589639673538487985
 216  -0.129487315485185342267219123255  -0.269571029171144619941308778132
 217  -0.070454335230706464862066379247  -0.269571029171144581239552480486
 218  -0.482958646479505372381361283628  -0.268372213003941277305515721258
 219  -0.423926060799245689893934555281  -0.268371529639363347843047159043
 220  -0.364893070416814993105186855944  -0.268371398531575122082798767681
 221  -0.305859764312521879487006868701  -0.268370782688031750865392436505
 222   0.187793745207110873633250480798  -0.261421050713075213339057970795
 223   0.128760764952631973883628320232  -0.261421050713075213339057970793
 224   0.246826725461589773382872641365  -0.261421050713075213339057970794
 225   0.305859705716068673132494801932  -0.261421050713075213339057970794
 226   0.364892685970547572882116962497  -0.261421050713075213339057970794
 227   0.423925666225026472631739123063  -0.261421050713075213339057970794
 228   0.482958646479505372381361283628  -0.261421050713075213339057970794
 229   0.069727784698153074134006159664  -0.261421050713075213339057970789
 230   0.010694804443674174384383999099  -0.261421050713075213339057970787
 231  -0.218036785866925954771308684472  -0.252529675651317480049899930544
 232  -0.159003805612500168734558896940  -0.252529675650780548410631842174
 233  -0.040937845103467014987255298962  -0.252529675650649953620913764118
 234  -0.099970825357945916422231087851  -0.252529675650649950701795651142
 235  -0.453442550915011162458003365729  -0.251330176098995208572761222869
 236  -0.394409603455562371450717001712  -0.251330119336208566215345946199
 237  -0.335376276233124094061545759653  -0.251329454888286955662497345955
 238  -0.276343326291458983783423899742  -0.251329338917310584537062860289
 239   0.158277255079871423758439400515  -0.244379697192580585720419254422
 240   0.217310235334350323508061561082  -0.244379697192580585720419254422
 241   0.276343215588829223257683721648  -0.244379697192580585720419254422
 242   0.335376195843308123007305882214  -0.244379697192580585720419254422
 243   0.394409176097787022756928042780  -0.244379697192580585720419254422
 244   0.453442156352265922506550203345  -0.244379697192580585720419254422
 245   0.099244274825392524008817239949  -0.244379697192580585720419254421
 246   0.040211294570913624259195079382  -0.244379697192580585720419254416
 247  -0.188520295739777772997469371412  -0.235488322130352006130713148719
 248  -0.011421354976227565112444218671  -0.235488322130155326002275047760
 249  -0.070454335230706464862066379247  -0.235488322130155326002275047742
 250  -0.129487315485185370915807221971  -0.235488322130155319246707753643
 251  -0.423926093571328189586999842172  -0.234288765795841025493691463389
 252  -0.364893107060063166690824144495  -0.234288691490605564923421904219
 253  -0.482958646479505372381361283628  -0.234288139194049139840006724479
 254  -0.305859834767895776279933362907  -0.234288017082994558580985246046
 255  -0.246826874747769534125108343238  -0.234287918568321734518223683704
 256   0.187793745207110873633250480799  -0.227338343672085958101780538051
 257   0.128760764952631973883628320233  -0.227338343672085958101780538050
 258   0.246826725461589773382872641365  -0.227338343672085958101780538050
 259   0.305859705716068673132494801932  -0.227338343672085958101780538050
 260   0.364892685970547572882116962497  -0.227338343672085958101780538050
 261   0.423925666225026472631739123063  -0.227338343672085958101780538050
 262   0.482958646479505372381361283628  -0.227338343672085958101780538050
 263   0.069727784698153074134006159666  -0.227338343672085958101780538045
 264  -0.159003805612500225409459880108  -0.218446968609791293173354409430
 265   0.018095135151011884762366861612  -0.218446968609660698383636331390
 266  -0.040937845103467014987255298962  -0.218446968609660698383636331374
 267  -0.099970825357945917695515044494  -0.218446968609660695464518218398
 268  -0.394409612333229514728317517140  -0.217247364203652775326748485506
 269  -0.335376373715540854460553558526  -0.217246747847437108682404987665
 270  -0.453442189135822462954730756966  -0.217246728890895066643939029281
 271  -0.276343383196608083134392914862  -0.217246596781807018630368457263
 272  -0.217310384620715834739878997754  -0.217246565047505377614102658600
 273   0.158277255079871423758439400516  -0.210296990151591330483141821678
 274   0.217310235334350323508061561083  -0.210296990151591330483141821678
 275   0.276343215588829223257683721649  -0.210296990151591330483141821678
 276   0.335376195843308123007305882214  -0.210296990151591330483141821679
 277   0.394409176097787022756928042780  -0.210296990151591330483141821678
 278   0.453442156352265922506550203345  -0.210296990151591330483141821678
 279   0.099244274825392524008817239951  -0.210296990151591330483141821677
 280   0.047611625278251334637177941895  -0.201405615089166070764997615019
 281  -0.011421354976227565112444218671  -0.201405615089166070764997615017
 282  -0.070454335230706464862066379252  -0.201405615089166070764997614998
 283  -0.129487315485185368512017135586  -0.201405615089166064009430320899
 284  -0.364893159905347910327709296345  -0.200205907132639202332827225704
 285  -0.423925717330516557412427055172  -0.200205343635920044754149930057
 286  -0.482958646479505372381361283628  -0.200205318587740993447871334084
 287  -0.305859911848845700550099368275  -0.200205309988740764537078896160
 288  -0.246826874748331068582380262207  -0.200205211527332479280950876780
 289  -0.187793894493478184563943521377  -0.200205211527007632825573072063
 290   0.187793745207110873633250480799  -0.193255636631096702864503105307
 291   0.128760764952631973883628320234  -0.193255636631096702864503105306
 292   0.246826725461589773382872641366  -0.193255636631096702864503105307
 293   0.305859705716068673132494801932  -0.193255636631096702864503105307
 294   0.364892685970547572882116962497  -0.193255636631096702864503105307
 295   0.423925666225026472631739123063  -0.193255636631096702864503105307
 296   0.482958646479505372381361283628  -0.193255636631096702864503105307
 297   0.077128115405490784511989022180  -0.184364261568671443146358898651
 298   0.018095135151011884762366861613  -0.184364261568671443146358898646
 299  -0.040937845103467014987255298962  -0.184364261568671443146358898630
 300  -0.099970825357945916422231087848  -0.184364261568671440227240785654
 301  -0.335376450524863512363312551882  -0.183164040557473525889353225345
 302  -0.453442174686041560000205762638  -0.183163933312254915479215411923
 303  -0.394409275945780548424374797908  -0.183163905691211799368426013230
 304  -0.276343383197169545800751326741  -0.183163889740817639047277196358
 305  -0.217310384620774143096432862602  -0.183163858006516122376825275733
 306  -0.158277404366242235959192557233  -0.183163858006506940829299216240
 307   0.158277255079871423758439400517  -0.176214283110602075245864388935
 308   0.217310235334350323508061561083  -0.176214283110602075245864388935
 309   0.276343215588829223257683721649  -0.176214283110602075245864388935
 310   0.335376195843308123007305882214  -0.176214283110602075245864388935
 311   0.394409176097787022756928042780  -0.176214283110602075245864388935
 312   0.453442156352265922506550203345  -0.176214283110602075245864388935
 313   0.106644605532730234386800102464  -0.167322908048176815527720182280
 314   0.047611625278251334637177941896  -0.167322908048176815527720182275
 315  -0.011421354976227565112444218671  -0.167322908048176815527720182273
 316  -0.070454335230706464862066379244  -0.167322908048176815527720182255
 317  -0.305859911823844144842115772613  -0.166122602903474707251221683919
 318  -0.482958646450007172271197609004  -0.166122547818451222914279620709
 319  -0.246826874748199343460823790778  -0.166122504486343224043673698586
 320  -0.187793894493485674330078767533  -0.166122504486018377588295640142
 321  -0.128760914239002783869406509495  -0.166122504486012317047109680995
 322  -0.423925733726426413892093492070  -0.166122494631220621206947831841
 323  -0.364892824302377321198810779124  -0.166122485514931376429848988849
 324   0.187793745207110873633250480800  -0.159172929590107447627225672564
 325   0.246826725461589773382872641366  -0.159172929590107447627225672563
 326   0.305859705716068673132494801932  -0.159172929590107447627225672563
 327   0.364892685970547572882116962497  -0.159172929590107447627225672563
 328   0.423925666225026472631739123063  -0.159172929590107447627225672563
 329   0.482958646479505372381361283628  -0.159172929590107447627225672563
 330   0.136161095659969684261611182747  -0.150281554527682187909081465909
 331   0.077128115405490784511989022181  -0.150281554527682187909081465907
 332   0.018095135151011884762366861614  -0.150281554527682187909081465902
 333  -0.040937845103467016493025432647  -0.150281554527682185301011089820
 334  -0.276343383197037678348493747633  -0.149081182699828137285382127415
 335  -0.217310384620726923903765498490  -0.149081150965526867139547875698
 336  -0.099244424111763332309241800891  -0.149081150965517692347589077595
 337  -0.158277404366242257088003035628  -0.149081150965517685592021783496
 338  -0.335376334175801563684148301627  -0.149081131993287199922889287181
 339  -0.453442205147305759465384905594  -0.149081108365528408423855864723
 340  -0.394409281646060522548966189977  -0.149081075211777808857911960067
 341   0.217310235334350323508061561083  -0.142131576069612820008586956191
 342   0.276343215588829223257683721649  -0.142131576069612820008586956191
 343   0.335376195843308123007305882214  -0.142131576069612820008586956191
 344   0.394409176097787022756928042780  -0.142131576069612820008586956191
 345   0.453442156352265922506550203345  -0.142131576069612820008586956191
 346   0.165677585787209134136422263031  -0.133240201007187560290442749537
 347   0.106644605532730234386800102465  -0.133240201007187560290442749535
 348  -0.011421354976227565112444218668  -0.133240201007187560290442749529
 349   0.047611625278251332951824313577  -0.133240201007187557371324636560
 350  -0.246826874748152124268156426667  -0.132039797445353968806396298552
 351  -0.187793894493485208232874230865  -0.132039797445029122351018207402
 352  -0.069727933984523883940200854294  -0.132039797445023062120879985160
 353  -0.128760914239002780498699252853  -0.132039797445023061809832248251
 354  -0.305859844048673054488305795921  -0.132039778472600417411652256118
 355  -0.364892791519496101587475857509  -0.132039721690113996864877178217
 356  -0.423925752836646371615123836844  -0.132039688892079104714735529015
 357  -0.482958646430033937967679441976  -0.132039670126146371782163766066
 358   0.246826725461589773382872641366  -0.125090222549118192389948239819
 359   0.305859705716068673132494801932  -0.125090222549118192389948239819
 360   0.364892685970547572882116962497  -0.125090222549118192389948239819
 361   0.423925666225026472631739123063  -0.125090222549118192389948239819
 362   0.482958646479505372381361283628  -0.125090222549118192389948239819
 363   0.136161095659969684261611182748  -0.116198847486692932671804033165
 364   0.195194075914448584011233343314  -0.116198847486692932671804033165
 365   0.077128115405490784511989022182  -0.116198847486692932671804033163
 366   0.018095135151011879259778062519  -0.116198847486692923141040659965
 367  -0.217310384620726457806560961822  -0.114998443924537611902270442958
 368  -0.040211443857284432559619640315  -0.114998443924528437110311644869
 369  -0.099244424111763332129658306256  -0.114998443924528431583123155816
 370  -0.158277404366242228158535365680  -0.114998443924528430354744350752
 371  -0.276343353921446339151143289057  -0.114998424952083732926795330916
 372  -0.335376301392356536769730241416  -0.114998368169446363252485332123
 373  -0.394409262439881190084412768703  -0.114998334902361738140935639100
 374  -0.453442194125641695152190651877  -0.114998250781544224212601298063
 375   0.276343215588829223257683721649  -0.108048869028623564771309523447
 376   0.335376195843308123007305882214  -0.108048869028623564771309523447
 377   0.394409176097787022756928042780  -0.108048869028623564771309523447
 378   0.453442156352265922506550203345  -0.108048869028623564771309523447
 379   0.165677585787209134136422263031  -0.099157493966198305053165316793
 380   0.224710566041688033886044423596  -0.099157493966198305053165316793
 381   0.106644605532730234386800102466  -0.099157493966198305053165316792
 382   0.047611625278251332951824313578  -0.099157493966198302134047203816
 383  -0.187793894493485179303406560918  -0.097957090404039867113740774658
 384  -0.069727933984523880749077092277  -0.097957090404033806572554815526
 385  -0.128760914239002779789494419083  -0.097957090404033800128035258317
 386  -0.010694953730044988187397359127  -0.097957090404033799960909555304
 387  -0.246826863794206656365771526663  -0.097957071431589508721081335319
 388  -0.305859811265129540501299134877  -0.097957014648930165354859055508
 389  -0.364892771992908460305640595629  -0.097956980827780641907383517614
 390  -0.423925703925206340445518301964  -0.097956897131857267986068897956
 391  -0.482958646479505372381361283628  -0.097956831835811039101672498162
 392   0.305859705716068673132494801932  -0.091007515508128937152670807075
 393   0.364892685970547572882116962497  -0.091007515508128937152670807075
 394   0.423925666225026472631739123063  -0.091007515508128937152670807075
 395   0.482958646479505372381361283628  -0.091007515508128937152670807075
 396   0.195194075914448584011233343314  -0.082116140445703677434526600421
 397   0.254227056168927483760855503879  -0.082116140445703677434526600421
 398   0.077128115405490784511989022184  -0.082116140445703677434526600420
 399   0.136161095659969684261611182749  -0.082116140445703677434526600419
 400   0.018821536397194465504648891932  -0.080915736883539178953916099156
 401  -0.099244424111763328408913205103  -0.080915736883539175117466918025
 402  -0.158277404366243239877970950164  -0.080915736883539174586380736021
 403  -0.040211443857284437766127038212  -0.080915736883539167016862643041
 404  -0.217310373666967192027573105712  -0.080915717911094906153764342531
 405  -0.276343321137889857715927372483  -0.080915661128435941149145059913
 406  -0.335376281362444092180172426577  -0.080915626435635027390450307333
 407  -0.394409213744879036083470054546  -0.080915543519135295433875799728
 408  -0.453442156353000310368859541481  -0.080915478314044414393115407301
 409   0.335376195843308123007305882214  -0.073966161987634309534032090704
 410   0.394409176097787022756928042780  -0.073966161987634309534032090704
 411   0.453442156352265922506550203345  -0.073966161987634309534032090704
 412   0.224710566041688033886044423596  -0.065074786925209049815887884049
 413   0.283743546296166933635666584162  -0.065074786925209049815887884049
 414   0.165677585787209134136422263032  -0.065074786925209049815887884048
 415   0.106644605532730234386800102462  -0.065074786925209049815887884040
 416   0.048338026524433917064813600540  -0.063874383363044554254395495755
 417  -0.128760914239002776777954151691  -0.063874383363044544890757825574
 418  -0.010694953730044984816690102486  -0.063874383363044544723632122560
 419  -0.069727933984523897434358472359  -0.063874383363044514762623931640
 420  -0.187793883539728248168014536288  -0.063874364390599402090998872585
 421  -0.246826831010650393377728951531  -0.063874307607941338581828067128
 422  -0.305859790924148364172822881897  -0.063874272376377402635621194542
 423  -0.364892723546907938189367553255  -0.063874189876086953398764188808
 424  -0.423925666225806578477498777512  -0.063874124793470600904321395292
 425  -0.482958646479504183893584870709  -0.063874124792275731163345599739
 426   0.423925666225026472631739123063  -0.056924808467139681915393374332
 427   0.482958646479505372381361283628  -0.056924808467139681915393374332
 428   0.364892685970547572882116962496  -0.056924808467139681915393374330
 429   0.254227056168927483760855503879  -0.048033433404714422197249167677
 430   0.313260036423406383510477664445  -0.048033433404714422197249167677
 431   0.136161095659969684261611182749  -0.048033433404714422197249167676
 432   0.195194075914448584011233343314  -0.048033433404714422197249167676
 433   0.077854516651673366939624680818  -0.046833029842549926635756779375
 434   0.018821536397194468875356148577  -0.046833029842549923716638666412
 435  -0.040211443857284433336177103299  -0.046833029842549911779585210297
 436  -0.099244424111763374939023865343  -0.046833029842549834071532987785
 437  -0.158277393412488292280550747568  -0.046833010870105650911983919954
 438  -0.217310340883411537010828299301  -0.046832954087445682977333795372
 439  -0.276343300292837674403593128690  -0.046832917982808263488261340690
 440  -0.335376233400863961369483111753  -0.046832836323020931559035825564
 441  -0.394409176098576388101640564841  -0.046832771272959935363043691460
 442  -0.453442156352303094192953288282  -0.046832771271689173575063405577
 443   0.394409176097787022756928042780  -0.039883454946645054296754657960
 444   0.453442156352265922506550203345  -0.039883454946645054296754657960
 445   0.283743546296166933635666584162  -0.030992079884219794578610451305
 446   0.165677585787209134136422263032  -0.030992079884219794578610451304
 447   0.224710566041688033886044423597  -0.030992079884219794578610451304
 448   0.342776526550645833385288744727  -0.030992079884219794578610451304
 449   0.107371006778912816814435761105  -0.029791676322055299017118063011
 450   0.048338026524433918750167228855  -0.029791676322055296097999950032
 451  -0.010694953730044977182219760929  -0.029791676322055289486354689817
 452  -0.069727933984523910657320777232  -0.029791676322055231406363208129
 453  -0.128760903285249056831068917840  -0.029791657349610651897780511943
 454  -0.187793850756171493630706593397  -0.029791600566952083340047644567
 455  -0.246826809858168593858854257383  -0.029791563929829354941795388843
 456  -0.305859743257339009543623111511  -0.029791482774316045973056209871
 457  -0.364892685971337274231307919386  -0.029791417752464725767576755300
 458  -0.423925666225065136679465479332  -0.029791417751165054956783222436
 459  -0.482958646479505372381361283628  -0.029791417751130162706971691047
 460   0.423925666225026472631739123063  -0.022842101426150426678115941588
 461   0.482958646479505372381361283628  -0.022842101426150426678115941588
 462   0.372293016677885283260099825010  -0.013950726363725166959971734933
 463   0.195194075914448584011233343314  -0.013950726363725166959971734931
 464   0.254227056168927483760855503884  -0.013950726363725166959971734925
 465   0.313260036423406383510477664439  -0.013950726363725166959971734924
 466   0.136887496906152266689246841388  -0.012750322801560671398479346639
 467   0.077854516651673368624978309142  -0.012750322801560668479361233668
 468   0.018821536397194472692591319350  -0.012750322801560661867715973435
 469  -0.040211443857284423982404985767  -0.012750322801560656542307777549
 470  -0.099244413158009454940584821387  -0.012750303829116287578011006357
 471  -0.158277360628932586173214920312  -0.012750247046456516227052809646
 472  -0.217310319210043180018986999015  -0.012750209507138446937590933692
 473  -0.276343253113897137993209137859  -0.012750129225754243527655440578
 474  -0.335376195844098714833019217332  -0.012750064231968555798358332684
 475  -0.394409176097822385924725370134  -0.012750064230663546092741946441
 476  -0.453442156352272196748739830356  -0.012750064230614326549307738384
 477   0.453442156352265922506550203345  -0.005800747905655799059477225216
 478   0.401809506805124733134910905293   0.003090627156769460658666981439
 479   0.224710566041688033886044423597   0.003090627156769460658666981440
 480   0.342776526550645833385288744727   0.003090627156769460658666981440
 481   0.283743546296166927211308460906   0.003090627156769471785981656952
 482   0.166403987033391716564057921670   0.004291030718933956220159369734
 483   0.107371006778912818499789389427   0.004291030718933959139277482706
 484   0.048338026524433922567402399637   0.004291030718933965750922742929
 485  -0.010694953670242928293644220394   0.004291030822514152402935063751
 486  -0.069727923030769942656119860358   0.004291049691378231943936305776
 487  -0.128760870501692772795263611985   0.004291106474037481785678320903
 488  -0.187793828759430288226717448685   0.004291144573455644307931241077
 489  -0.246826762969453346395835986225   0.004291224324540013058184731479
 490  -0.305859705716860453589655390317   0.004291289288528130590338500307
 491  -0.364892685970580521569130929294   0.004291289289838348230446275243
 492  -0.423925666225033082878407006989   0.004291289289880883046158889629
 493  -0.482958646479505372381361283628   0.004291289289891168375582399554
 494   0.482958646479505372381361283628   0.011240605614838828559161491156
 495   0.372293016677885283260099825010   0.020131980677264088277305697810
 496   0.431325996932364183009721985576   0.020131980677264088277305697810
 497   0.313260036423406383510477664449   0.020131980677264088277305697820
 498   0.254227056168927433231880713079   0.020131980677264175796057289863
 499   0.195920477160631166438869001953   0.021332384239428583838798086105
 500   0.136887496906152268374600469710   0.021332384239428586757916199080
 501   0.077854516651673386499161425887   0.021332384239428617716909501067
 502   0.018821536541410341070699289528   0.021332384489217802217198959650
 503  -0.040211432903530536924768906424   0.021332403211872936021290782880
 504  -0.099244380374453144006275706200   0.021332459994531799515872581139
 505  -0.158277338099517431991869479609   0.021332499016563637231114690384
 506  -0.217310272827178337133612649525   0.021332577871080629455453075706
 507  -0.276343215589621225700027522361   0.021332642809023142698593067909
 508  -0.335376195843338929974303702007   0.021332642810340802957084185307
 509  -0.394409176097794523480118141706   0.021332642810377053015377029531
 510  -0.453442156352266258511028460262   0.021332642810386377971049027565
 511   0.401809506805124733134910905293   0.037173334197758715895944414182
 512   0.460842487059603632884533065858   0.037173334197758715895944414182
 513   0.342776526550645833385288744733   0.037173334197758715895944414192
 514   0.283743546296166927211308460908   0.037173334197758727023259089695
 515   0.166403987033391718249411549993   0.038373737759923214376554915451
 516   0.107371006778912839263632426621   0.038373737759923250340586016257
 517   0.225436967287870565784705291430   0.038373737759923298976188394519
 518   0.048338026754185512081218489711   0.038373738157864640950815923382
 519  -0.010694942776291148535955471316   0.038373756732367670136801374754
 520  -0.069727890247213738274924752267   0.038373813515026503593227058240
 521  -0.128760847623095025346607535594   0.038373853141858391307789276345
 522  -0.187793782685216276855893485884   0.038373931417077064544354407500
 523  -0.246826725462383161400475312888   0.038373996329520170203977858699
 524  -0.305859705716097877544708005046   0.038373996330838975261263146544
 525  -0.364892685970556262237975358015   0.038373996330873739406188771598
 526  -0.482958646479505372381361283628   0.038373996330881587566515655576
 527  -0.423925666225027699112739594979   0.038373996330882547940267167466
 528   0.431325996932364183009721985576   0.054214687718253343514583130554
 529   0.313260036423406383510477664450   0.054214687718253343514583130564
 530   0.372293016677885283260099825016   0.054214687718253343514583130564
 531   0.254953457415110059764133039259   0.055415091280417850203390194352
 532   0.136887496906152289138443506906   0.055415091280417877959224732632
 533   0.195920477160630969309100043564   0.055415091280418186353087265038
 534   0.077854516997913527764937929181   0.055415091880123375176770676601
 535   0.018821547350948252564920865570   0.055415110252862425688900361418
 536  -0.040211400119974349886111317159   0.055415167035521237708737650114
 537  -0.099244356968634210184347406909   0.055415207575524499494748992183
 538  -0.158277292542678021758872177017   0.055415284964071032925288057730
 539  -0.217310235335143998292766261623   0.055415349850015294517807228607
 540  -0.276343215588859813245155795573   0.055415349851336002766647937333
 541  -0.335376195843317034347126189185   0.055415349851368751512327984041
 542  -0.453442156352266812983072418347   0.055415349851377757535733795473
 543  -0.394409176097789439188614685373   0.055415349851379236613952832731
 544   0.482958646479505372381361283628   0.063106062780678603232727337209
 545   0.401809506805124733134910905299   0.071256041238747971133221846936
 546   0.342776526550645833385288744731   0.071256041238747971133221846940
 547   0.284469947542349516063302242801   0.072456444800912466694714235220
 548   0.225436967287870569155412548072   0.072456444800912554213465827263
 549   0.166403987033391422727383646498   0.072456444800913088802061133199
 550   0.107371008382235453704236057018   0.072456447577948433018458395353
 551   0.048338037478187636441084991042   0.072456463773357222748821071626
 552  -0.010694909992734961329504336635   0.072456520556015971533621296144
 553  -0.069727866455255106460166175987   0.072456561764830700491846584789
 554  -0.128760802406926812320167603766   0.072456638499311222184712529123
 555  -0.187793745207904770795372972269   0.072456703370510307305432014833
 556  -0.246826725461620650137446744346   0.072456703371831127080477307307
 557  -0.305859705716078970047685528219   0.072456703371865779017905982511
 558  -0.482958646479505372381361283628   0.072456703371873927504951935371
 559  -0.364892685970550209979747642460   0.072456703371874246437218121972
 560  -0.423925666225028553058947508742   0.072456703371874446209419460741
 561   0.453442156352265922506550203345   0.080147416301173230851366053581
 562   0.372293016677885283260099825016   0.088297394759242598751860563308
 563   0.313986437669588965938113323082   0.089497798321407094313352951596
 564   0.254953457415110072612849285778   0.089497798321407105440667627096
 565   0.195920477160631031443207689417   0.089497798321407451210638251262
 566   0.136887503227632919602909902704   0.089497809270530592081587613149
 567   0.077854530474182054211427867521   0.089497822262676603976521690757
 568   0.018821580134504406632463029575   0.089497874076510741029467117739
 569  -0.040211375778588782070203791428   0.089497916236957698522951726162
 570  -0.099244312277663797751758602892   0.089497992023312852613211732584
 571  -0.158277255080666139735513025837   0.089498056891006353153168091984
 572  -0.217310235334381422640053454954   0.089498056892326139868102093468
 573  -0.276343215588839806940475668414   0.089498056892360903332599977392
 574  -0.394409176097789323850080465828   0.089498056892369456032684749980
 575  -0.453442156352267112457236374023   0.089498056892370616178637600639
 576  -0.335376195843312421082847804838   0.089498056892371750953989359938
 577   0.482958646479505372381361283628   0.097188769821667858470004769952
 578   0.423925666225026472631739123045   0.097188769821667858470004769982
 579   0.343502927796828415812924403367   0.106539151841901721931991667964
 580   0.284469947542349522487660366058   0.106539151841901733059306343472
 581   0.225436967287870666842654873042   0.106539151841901809450743260007
 582   0.166403993934956819940628751709   0.106539163795758561675695433660
 583   0.107371024222302596298261616091   0.106539182054722640520961789110
 584   0.048338070261739092194573236119   0.106539227597013620679766890465
 585  -0.010694885259055900143504080129   0.106539270436922506268953830524
 586  -0.069727822148403217099535243097   0.106539345547310947604100011639
 587  -0.128760764953427297158842924144   0.106539410411502032643042325356
 588  -0.187793745207142791580193508521   0.106539410412822185715838170621
 589  -0.246826725461600579442471639093   0.106539410412855916119166930964
 590  -0.423925666225027883248369331109   0.106539410412865626001902889877
 591  -0.305859705716073053452855160322   0.106539410412866521024832266336
 592  -0.364892685970551534953180628207   0.106539410412866960549455987949
 593  -0.482958646479505372381361283628   0.106539410412867304852323265907
 594   0.453442156352265922506550203345   0.114230123342162486088643486324
 595   0.394409176097787022756928042762   0.114230123342162486088643486354
 596   0.313986437669588972362471446344   0.123580505362396360677945059840
 597   0.254953457415110116717465953322   0.123580505362396437069381976383
 598   0.195920484196756115471464638713   0.123580517549316439456695153533
 599   0.136887514981622784306662145274   0.123580536670010541779382897022
 600   0.077854560388971018183724319182   0.123580581117521280050639054273
 601   0.018821605384846492603488481947   0.123580624852317074527094752781
 602  -0.040211332019400103487597024253   0.123580699070862347919544833852
 603  -0.099244274826188650941382005050   0.123580763931998052237043397003
 604  -0.158277255079903949003523406827   0.123580763933317865205712403993
 605  -0.217310235334361948382611692660   0.123580763933351961966903008117
 606  -0.276343215588833755075093092392   0.123580763933361411044057068853
 607  -0.335376195843312167323187983692   0.123580763933361730620298894345
 608  -0.453442156352266143172494240714   0.123580763933362314675588555145
 609  -0.394409176097790094351469493490   0.123580763933363130518674127849
 610   0.482958646479505372381361283628   0.131271476862657113707282202696
 611   0.423925666225026472631739123045   0.131271476862657113707282202726
 612   0.363371211939407198083760328720   0.134231789933489367874236882613
 613   0.284469947542349566592277033607   0.140621858882891064688020692750
 614   0.225436974389906483014840579734   0.140621871183972015886443016697
 615   0.166404005248835546000975867294   0.140621890432944694449374073176
 616   0.107371050516210319398317379568   0.140621934638016165156328445369
 617   0.048338096503099219061674138656   0.140621980089317129396711897506
 618  -0.010694841890395001056262586291   0.140622052594433858771977687557
 619  -0.069727784698949787944387205729   0.140622117452493696357877747034
 620  -0.128760764952665302786062487730   0.140622117453813884799713475645
 621  -0.187793745207123105805941590966   0.140622117453847641456777241489
 622  -0.305859705716072868945425915760   0.140622117453856620639523696860
 623  -0.482958646479505372381361283628   0.140622117453857324498853844384
 624  -0.246826725461595124015233145961   0.140622117453857456891793146003
 625  -0.364892685970550726721476848975   0.140622117453857900589517034246
 626  -0.423925666225028354275594403095   0.140622117453859819192359793117
 627   0.453442156352265922506550203345   0.148312830383151741325920919068
 628   0.394409176097787022756928042763   0.148312830383151741325920919098
 629   0.333854721812167732698780662613   0.151273143453984022357275623589
 630   0.254953464517145932889651660019   0.157663224704466643505081733066
 631   0.195920495438234627393170641590   0.157663244061102862513421363536
 632   0.136887540643449957056737368966   0.157663288158510467524215702506
 633   0.077854586843283115482991378555   0.157663333978641549281058801755
 634   0.018821648238643894682715679345   0.157663406118075188268170062057
 635  -0.040211294571715735966708242210   0.157663470972997673408603316553
 636  -0.099244274825426439789067688409   0.157663470974309528920547825676
 637  -0.158277255079884459588480671869   0.157663470974343661050778313142
 638  -0.276343215588834237885565969329   0.157663470974352666487259774011
 639  -0.335376195843311428343714781042   0.157663470974352790608741836757
 640  -0.217310235334356281438563044267   0.157663470974353136381667379375
 641  -0.394409176097788986645601758580   0.157663470974354589263202699514
 642  -0.453442156352267583484461446010   0.157663470974354829015625082356
 643   0.482958646479505372381361283628   0.165354183903646368944559635440
 644   0.423925666225026472631739123046   0.165354183903646368944559635470
 645   0.363371211939407198083760328719   0.168314496974478623111514315357
 646   0.304338231684928172939589566236   0.168314496974478836847874304630
 647   0.225436985565474077267981721876   0.174704597581597490132060079904
 648   0.166404030770689328297970656990   0.174704641679005231340206335989
 649   0.107371077098012748011679461969   0.174704687719954206461275634873
 650   0.048338138365883037189020593160   0.174704759638570510018725907486
 651  -0.010694804444485610341780889002   0.174704824493508451101783106211
 652  -0.069727784698192387811388724890   0.174704824494813505971273395196
 653  -0.128760764952645596591485872548   0.174704824494839305171612663174
 654  -0.246826725461595395308895867635   0.174704824494848345977134007383
 655  -0.305859705716072797283854834610   0.174704824494848836456477913908
 656  -0.187793745207117635221102125173   0.174704824494849155975668451023
 657  -0.364892685970549688267839690646   0.174704824494849479282427502025
 658  -0.423925666225028215854468801494   0.174704824494849599086467988753
 659  -0.482958646479505372381361283628   0.174704824494852333532396320328
 660   0.453442156352265922506550203345   0.182395537424140996563198351812
 661   0.394409176097787022756928042760   0.182395537424140996563198351843
 662   0.333854721812167730704977036112   0.185355850494973277594553056333
 663   0.274821718295177839836803296900   0.185355884607367150353353934444
 664   0.195920520897928778172781737276   0.191745995199499858958845052356
 665   0.136887567255473364980544212541   0.191746041292793514677768822951
 666   0.077854628493122556935676028397   0.191746113159065057066799595211
 667   0.018821685682754031969546880239   0.191746178014002745410597685726
 668  -0.040211294570962274727129568234   0.191746178015324305385527662118
 669  -0.099244274825411544613806909029   0.191746178015343282222338232694
 670  -0.217310235334356749091434948541   0.191746178015344365571135079030
 671  -0.394409176097788917476706733561   0.191746178015344489105692791264
 672  -0.276343215588833954707184732916   0.191746178015344515946352147280
 673  -0.158277255079878772224107325853   0.191746178015344800096502801053
 674  -0.335376195843311057207979744215   0.191746178015345525130163579176
 675  -0.453442156352266004751368639112   0.191746178015347103603239226725
 676   0.482958646479505372381361283628   0.199436890944635624181837068184
 677   0.423925666225026472631739123044   0.199436890944635624181837068213
 678   0.363371211939407196089956702218   0.202397204015467878348791748101
 679   0.304338231107363555162319804616   0.202397204015468087191454659454
 680   0.245305207088047198260005253852   0.202397280601782551726296050883
 681   0.166404057382712814855355292826   0.208787394813288142296407539319
 682   0.107371118620361897644470985327   0.208787466679559873766524697113
 683   0.048338175809993661545852225239   0.208787531534497061777118139557
 684  -0.010694804443722619952986213218   0.208787531535818578108112441710
 685  -0.187793745207117886094440149221   0.208787531535840009691969429061
 686  -0.364892685970550286416846787129   0.208787531535840534953428868415
 687  -0.246826725461595308489723813823   0.208787531535840535540353218927
 688  -0.305859705716072214631309642521   0.208787531535841204620037812548
 689  -0.482958646479505372381361283628   0.208787531535841873674082133122
 690  -0.423925666225026441978155642476   0.208787531535842451568818327722
 691  -0.128760764952644720246428362334   0.208787531535848777147228370573
 692  -0.069727784698181436908267897026   0.208787531535854090952809069837
 693   0.453442156352265922506550203344   0.216478244465130251800475784555
 694   0.394409176097787020763124416260   0.216478244465130251800475784587
 695   0.333854721812167312276977581011   0.219438557535962532831830489074
 696   0.274821721755369936658823096657   0.219438591648516191407036534162
 697   0.215788655710582902553606329926   0.219438740428315651037521810988
 698   0.136887608747601347519282065612   0.225828820200054501385163413481
 699   0.077854665937233002254647182169   0.225828885054991878476843241458
 700   0.018821685683517009701171742551   0.225828885056312894339788218185
 701  -0.217310235334356445492729014502   0.225828885056336179661187568958
 702  -0.335376195843311443840176685436   0.225828885056336214443303101786
 703  -0.453442156352266074003599215662   0.225828885056336763693306935576
 704  -0.276343215588833568413848723427   0.225828885056337224214038884195
 705  -0.394409176097787626685694502051   0.225828885056338816516780083357
 706  -0.158277255079883834116761185702   0.225828885056343986742694998580
 707  -0.040211294570941776814045858034   0.225828885056348354460747268518
 708  -0.099244274825414779153912349752   0.225828885056359874459920244988
 709   0.482958646479505372381361283628   0.233519597985624879419114500927
 710   0.423925666225026470637935496544   0.233519597985624879419114500957
 711   0.363371211939406888791291144650   0.236479911056457133586069180843
 712   0.304338231684927948715533374327   0.236479911056457337535038813971
 713   0.245305207213387034647488727148   0.236479987642771806733103606824
 714   0.186272192195366939840893192609   0.236480140042103935422474692617
 715   0.107371156064472452129458262454   0.242870238575486506095481957826
 716   0.048338175810756350409966699481   0.242870238576807711039513320087
 717  -0.482958646479505372381361283628   0.242870238576831653712531738029
 718  -0.305859705716072797622715766342   0.242870238576832234037304173434
 719  -0.246826725461594705416853924107   0.242870238576832868334873234226
 720  -0.423925666225027375635260283159   0.242870238576832926122748396691
 721  -0.364892685970548019967161607008   0.242870238576835819539184864690
 722  -0.187793745207122393515050050983   0.242870238576840156711913138478
 723  -0.010694804443702147101246441591   0.242870238576842670590853055677
 724  -0.069727784698174993274393229791   0.242870238576853920101333054277
 725  -0.128760764952653903198709183615   0.242870238576855101678075478930
 726   0.453442156352265920704443919343   0.250560951506119507037753217299
 727   0.394409176097786713464458858692   0.250560951506119507037753217329
 728   0.333854721812167477628408518805   0.253521264576951828255734839272
 729   0.274821721862823078357202782280   0.253521298689505446474929275030
 730   0.215788723901502111111043825430   0.253521447469236689840920908018
 731   0.156755743560255471900105796016   0.253521565428870293463840790730
 732   0.077854665937995800284777779766   0.259911592097302338658152036455
 733  -0.453442156352266741321501337170   0.259911592097327699560267815134
 734  -0.276343215588833934625720967021   0.259911592097327878158138523465
 735  -0.394409176097788533058590181301   0.259911592097328605612622629778
 736  -0.335376195843308147768083778729   0.259911592097333962595635567484
 737  -0.217310235334360653439174960588   0.259911592097336845385598803746
 738   0.018821685683537193607548515339   0.259911592097337487290578157579
 739  -0.040211294570935322733867895005   0.259911592097348165515743193367
 740  -0.099244274825414107144955835948   0.259911592097349129697197677725
 741  -0.158277255079892462596998048896   0.259911592097351271647293618828
 742   0.482958646479505372381361283594   0.267602305026614134656391933671
 743   0.423925666225026363865468738103   0.267602305026614134656391933700
 744   0.363371211939407089317489943778   0.270562618097446388823346613586
 745   0.304338231684928143687903576121   0.270562618097446656678482126208
 746   0.245305265831120003286929083138   0.270562711265064962647418448395
 747   0.186272267782891698313254984878   0.270562859894268967060214542829
 748   0.127239290877126576510281992858   0.270562983804302298174159335075
 749  -0.423925666225027898744831235312   0.276952945617823379050142048221
 750  -0.482958646479505372381361283628   0.276952945617823745408003892239
 751  -0.364892685970549409028233112128   0.276952945617825452802836343739
 752  -0.246826725461599882648042003502   0.276952945617831855208864092984
 753   0.048338175810776643482359595624   0.276952945617832114909216873947
 754  -0.010694804443695982025072938075   0.276952945617842982215468295269
 755  -0.069727784698174436604200718380   0.276952945617843375111209821363
 756  -0.128760764952652666543244701229   0.276952945617845299666415817623
 757  -0.187793745207130722521122958501   0.276952945617847960320979284096
 758  -0.305859705707165692229090869077   0.276952945633251081359789693201
 759   0.453442156352265922506550203311   0.284643658547108762275030650043
 760   0.394409176097786913990657657820   0.284643658547108762275030650072
 761   0.333854721812167693825814055967   0.287603971617941110636338558205
 762   0.274821775653225071241393989947   0.287604030673006168306466419557
 763   0.215788803222834790467461011987   0.287604154510133642054696264009
 764   0.156755815099762742993692600207   0.287604278269701075572364813581
 765   0.097722800750649924665601510170   0.287604337326118130736829413704
 766  -0.394409176097789252527370315851   0.293994299138319398644143119232
 767  -0.453442156352266529804691181770   0.293994299138319424897878125326
 768  -0.335376195843309303519451849341   0.293994299138323248998596662385
 769  -0.099244274825412996002489583661   0.293994299138339545080427961260
 770  -0.158277255079890926467369610834   0.293994299138341988340101482891
 771  -0.217310235334369951729990001415   0.293994299138342970144244573334
 772  -0.276343215579931640251411905558   0.293994299153755058410515262720
 773   0.018821714505136099798559789579   0.293994358784223635029172511391
 774  -0.040218369840873087409623365224   0.294006547994513852273508215732
 775   0.482958646479505372381361283628   0.301685012067603389893669366415
 776   0.423925666225026472631739123046   0.301685012067603389893669366444
 777   0.363371211939407198083760328721   0.304645325138435644060624046330
 778   0.304338265780464621379304469793   0.304645384193500622264322851555
 779   0.245305325186748324042926866000   0.304645452887772257693355165466
 780   0.186272342670970304966025730736   0.304645566935175948546309912865
 781   0.127239359068038164030459563299   0.304645690845223336992806208828
 782   0.068206310623430767863183326029   0.304645690846647906987894251196
 783  -0.364892685970550389525001196824   0.311035652658815042755668874476
 784  -0.482958646479505372381361283628   0.311035652658815104387752358413
 785  -0.423925666225027883587230262309   0.311035652658815444491879196337
 786  -0.010694811221126528768350899724   0.311035652658831563598336794359
 787  -0.128760764952651255926614493266   0.311035652658836233754113626528
 788  -0.187793745207131292317377299103   0.311035652658838966883572342866
 789  -0.305859705707173512812183368736   0.311035652674245489813979811428
 790  -0.069147125780778757517758986014   0.312029124709828524102673024075
 791  -0.246200587501932535720401041554   0.312076845166933923502280055857
 792   0.453442156352265922506550203345   0.318726365588098017512308082786
 793   0.394409176097787022756928042763   0.318726365588098017512308082816
 794   0.333854755907704125637250742547   0.321686737713995155688608339679
 795   0.274821815313987874180837345847   0.321686806408266711651211597463
 796   0.215788866806722087951730170227   0.321686861551063586998354699154
 797   0.156755890023067025753839599102   0.321686985371620200462446812311
 798   0.097722868941561511728053276857   0.321687044367039169555477203250
 799   0.038689853288212531218077902992   0.321687101164463158366766255720
 800  -0.276294222927703552908712259491   0.328076970982147946484550913686
 801  -0.394409176097789020584861143282   0.328077006179311088603404951581
 802  -0.453442156352266726163900364167   0.328077006179311123981753429424
 803  -0.335376195843316337547322707732   0.328077006179319019806395265727
 804  -0.099244274825410616101117242449   0.328077006179328800317705393921
 805  -0.158277255079890485135481536258   0.328077006179331243577378915632
 806  -0.039631144883734605028819368337   0.329078041021205249125637072118
 807  -0.216684097374693876307788339241   0.329118198687429920241607825389
 808   0.482958646479505372381361283628   0.335767719108592645130946799158
 809   0.423925666225026472631739123036   0.335767719108592645130946799205
 810   0.363371280130361852676645607519   0.338728032179356682793104528685
 811   0.304338305441227378438783618601   0.338728159928761245075497085587
 812   0.245305356978743533737799385933   0.338728214993993522198992520698
 813   0.009173328383983767120563569653   0.338728394449303417312138893307
 814   0.127239433853870128637091715452   0.338728397886130542986519759800
 815   0.068206378814342354712936829874   0.338728397887568945806542466298
 816   0.186272492175245426205336038883   0.338728415114521923145201407100
 817  -0.305810713054945425469483722669   0.345118324502638377888015462394
 818  -0.423925666225027863161531245140   0.345118359699806768093279184668
 819  -0.482958646479505372381361283628   0.345118359699807143575754500435
 820  -0.364892685970554968607182654190   0.345118359699815065654131342832
 821  -0.245710909022672131988593655306   0.347111747424540522719186779994
 822  -0.184055058530066680727014010669   0.350373547806363512577237343218
 823   0.453442156352265922506550203345   0.352809072629087272749585515530
 824   0.394409214283249490017686725575   0.352809138768077248851620440067
 825   0.333854832126844599074739835604   0.355769458660070111859900426148
 826   0.274821847105983037995745658689   0.355769568514488055623278008819
 827   0.156755958041175884827313890918   0.355769692412723668668271226225
 828   0.097722943727393476792411181629   0.355769751407946375549189749860
 829   0.215789014992026152256250295542   0.355769825098823499091061761436
 830   0.038534314711308069938552929516   0.356042232029422366964339841231
 831  -0.118161052202885371897391619712   0.356428134073875744690044046991
 832  -0.084149866531528714596957617886   0.358634979893230182261786733459
 833  -0.151856785339431417535220756213   0.361549509634462113540469313077
 834  -0.050194791989874299286452947696   0.361581814145880092075078357517
 835  -0.016112084948885044049175514952   0.361581814145880092075078357517
 836  -0.335327203191088250204623061665   0.362159678007711907880430916692
 837  -0.276294222927708398280633025878   0.362159678023137201721828346085
 838  -0.453440236627899206319573895878   0.362163038564245660689684659951
 839  -0.394858126649442879423028550617   0.362914681293431089252869123341
 840  -0.215638301990190208029062790011   0.363184857332733679751649740150
 841   0.482958646479505372381361283628   0.369850426149581900368224231902
 842   0.423901946147052412551990721476   0.369891576722061520405005711854
 843   0.304338373632184712609894494140   0.372810866969682283802616403390
 844   0.127239433855395298024642710954   0.372811104927120537242472784548
 845   0.068206453600174319989992973726   0.372811104928476151800254546195
 846   0.363367274269803949556690888708   0.372817821589162231691924228839
 847   0.245261025957458167481528155218   0.372888056130372589038244110082
 848   0.186320902912424804577237285930   0.372894698520427283039780314127
 849  -0.364918439189077467224348884796   0.379201057011114156656346062755
 850  -0.482958646479505372381361283628   0.379201066740796398813031933179
 851  -0.424372619190728677358718522560   0.379959494266071286448604073370
 852  -0.303015296378000000000000000000   0.384853904842000000000000000000
 853   0.007310408033780254148002002036   0.386341009240206026511765892471
 854   0.453442156352265922506550203345   0.386891779670076527986862948274
 855   0.394387863103464667202771137266   0.386937098753906273634838216855
 856  -0.128218024270221710118073731103   0.389087384673290334876343393762
 857   0.274821915296940372166856534227   0.389852275555409094350397326622
 858   0.156755958042701480885546480116   0.389852399453712923905514514918
 859   0.097722943728918219507311152809   0.389852458448935630786433076751
 860   0.333850815770387474458157217506   0.389859229890535785764749046225
 861   0.215794565933584635396198638194   0.390015772058171064684256696556
 862  -0.093880711969137375377004809110   0.391299051383344045064611102145
 863   0.040738493580933046582189924645   0.392988867233133759632707005198
 864  -0.196058984935627458367609294411   0.393415206945785331653861685503
 865  -0.230136140548259329614162472229   0.394030336683621757787835511373
 866  -0.264218847567648786589486294697   0.394031550091711456680644212758
 867  -0.161930044684240083021385424877   0.394109613525790891820866666970
 868  -0.059925637427482960066500138919   0.394245885635993954877902726203
 869  -0.025842930386493704829222706176   0.394245885635993954877902726203
 870  -0.335401887107348722661373523092   0.396242303222835090248875124149
 871  -0.393992698026351728526725863963   0.396986399074315473497168122359
 872  -0.453891106625648575137907633514   0.396997387879906732276878912189
 873   0.482958646479505372381361283628   0.403933133190571155605501664646
 874   0.423726445914415985850464581864   0.404282947764169518069471010199
 875   0.362361650769862032170453001047   0.409034748799892154138903425463
 876  -0.424377219837005485213651564898   0.414043249719926949661745246964
 877  -0.482958646479505372381361283628   0.414793709019017065740725891199
 878   0.126388278021254394814385240161   0.414818774627647211480370017367
 879   0.194457142042428143051124023799   0.416592929473813091492099850275
 880   0.297444989627473013736900554156   0.417972055128133039726824922864
 881  -0.361246464889460281531488745481   0.419243038871368633998817710421
 882  -0.110922065489632002995643525482   0.420815541510583494939422182427
 883   0.453442156352265922506550203345   0.420974486711065783224140381018
 884   0.394174968271318830439015383576   0.421263556950869138567074213027
 885   0.059317530198664875946980929018   0.421615813370503945144724004352
 886   0.263605495063404674000843707913   0.422036477213779145470266634247
 887   0.228053409044623556300614944027   0.422653190301549509835870316567
 888   0.025278798045945285548377316244   0.423363671482830218205564337461
 889  -0.213053949935938887278109765539   0.423523211808408250970270559294
 890  -0.247136624330806357545470173608   0.423570385268572562705959965540
 891  -0.281219331350195814520793996077   0.423571598676662261598768666924
 892  -0.178971398204734710640024141249   0.423626103653030341695677747253
 893  -0.144888691163745455402746708505   0.423626103653030341695677747253
 894   0.093474789537117145218873483617   0.423669378846934345001162383703
 895   0.160893878878092098951274022505   0.423682985177314263350152401878
 896  -0.076966990947977587685138855291   0.423762375763233404752713806486
 897  -0.042884283906988332447861422547   0.423762375763233404752713806486
 898  -0.008801576865999077210583989804   0.423762375763233404752713806486
 899  -0.315301478715264571364271590859   0.423766919509231011193189881126
 900   0.331678294722115934874736018276   0.423872625362565856012715282972
 901  -0.394845635113652759949061000722   0.431058431851462847378842513441
 902  -0.453366581804242402723307997245   0.431966637010682463281059430735
 903   0.482958646479505372381361283628   0.438015840231560410842779097390
 904   0.420135851230002713556312822675   0.447538986385363767035508951518
 905  -0.482958646479505372381361283628   0.448876416060006320978003323943
 906  -0.423834983353472068546745387415   0.448981841345399819265803985067
 907   0.246493609771911991971055247948   0.451512133288117761674702873801
 908   0.280620375477637564475507875346   0.451568235775220293347691434042
 909  -0.334326746176523861492109989221   0.452045358597508975052908101869
 910  -0.368405485627657033515410728339   0.452565393849850682856220830823
 911   0.212441261737551846027278311887   0.452950365741063828138070190279
 912   0.178358554702251833555231893159   0.452950988484661846218895492988
 913   0.076116822118359188730456615610   0.453000793513316118406821546212
 914   0.042034141773508355985477834446   0.453043452071862735959400734320
 915  -0.094295962364307337141436801872   0.453111075675055326297516954668
 916  -0.196577735224806141149923520420   0.453364920132632964697334757363
 917   0.348736589880750603946308227529   0.453398890268609128364696839454
 918   0.314653882839761348709030794785   0.453398890268609128364696839456
 919   0.382819296921739859183585660273   0.453398890268609128364696839456
 920  -0.230673316329833539309929439077   0.453413146684148751673476090311
 921  -0.264756023349086440578850174432   0.453414363923699072312996560618
 922   0.110196675366972734793104481462   0.453441839763570312750960581658
 923   0.144279382407961990030381914206   0.453441839763570312750960581658
 924  -0.162459768343382282959870635321   0.453442156352265922506550203345
 925  -0.128377061302393027722593202577   0.453442156352265922506550203345
 926  -0.060211647220414517248038337090   0.453442156352265922506550203345
 927  -0.026128940179425262010760904346   0.453442156352265922506550203345
 928   0.007953766861563993226516528398   0.453442156352265922506550203345
 929  -0.300324265816074639709559742849   0.454382503988614011805132294550
 930   0.453442156352265922506550203345   0.455057193752055038461417813761
 931  -0.451964116111626394213507796043   0.468394620886131679576779308518
 932   0.263508490186144882445719415380   0.481043891849558909552127673596
 933   0.195400447531677767573848431950   0.482467167235175258290307036719
 934   0.059075495294002983604116550818   0.482559942199102185834211814603
 935   0.482854805914000000000000000000   0.482854805914000000000000000000
 936  -0.213583781442384164880563829569   0.482901766803994123165474526883
 937  -0.387066976310415373607286491656   0.482931900635706494758082831119
 938  -0.421149791580142912568050841849   0.482958610604777445956237848178
 939  -0.482778399776145590848818075228   0.482958646479505372381361283628
 940  -0.352982090611257860236501178253   0.482958646479505372381361283628
 941  -0.318899383570268604999223745509   0.482958646479505372381361283628
 942  -0.281749148061880674419895740188   0.482958646479505372381361283628
 943  -0.247666441020891419182618307445   0.482958646479505372381361283628
 944  -0.179501121863876910578509351692   0.482958646479505372381361283628
 945  -0.145418414822887655341231918949   0.482958646479505372381361283628
 946  -0.111335707781898400103954486205   0.482958646479505372381361283628
 947  -0.077253000740909144866677053461   0.482958646479505372381361283628
 948  -0.043170293699919889629399620718   0.482958646479505372381361283628
 949  -0.009087586658930634392122187974   0.482958646479505372381361283628
 950   0.024995120382058620845155244770   0.482958646479505372381361283628
 951   0.093155870205947346363077856866   0.482958646479505372381361283628
 952   0.127238577246936601600355289610   0.482958646479505372381361283628
 953   0.161321284287925856837632722353   0.482958646479505372381361283628
 954   0.229479610775429678310064141546   0.482958646479505372381361283628
 955   0.297537369596860086581374689214   0.482958646479505372381361283628
 956   0.331620076637849341818652121957   0.482958646479505372381361283628
 957   0.365702783678838597055929554701   0.482958646479505372381361283628
 958   0.399785490719827852293206987445   0.482958646479505372381361283628
 959   0.433868197760817107530484420189   0.482958646479505372381361283628
